53631.1  53633.0 
53631.1  53634.0 
53631.1  53635.0 
53631.1  53636.0 
53631.1  53637.0 
53631.1  53638.0 
53631.1  53639.0 
53631.1  53640.0 
53631.1  53641.0 
53631.1  53642.0 
53631.1  53643.0 
53631.1  53644.0 
53632.1  53646.0 
53632.1  53634.0 
53632.1  53637.0 
53633.0  53605.0 
53634.0  53606.0 
53635.0  53607.0 
53636.0  53608.0 
53637.0  53609.0 
53638.0  53610.0 
53639.0  53611.0 
53640.0  53612.0 
53643.0  53615.0 
53644.0  52565.0 
53645.1  53634.0 
53645.1  53647.0 
53645.1  53638.0 
53645.1  53637.0 
53645.1  53643.0 
53645.1  53648.0 
53645.1  53649.0 
53646.0  53618.0 
53647.0  53619.0 
53648.0  53620.0 
53649.0  53621.0 
53630.1  53631.1 
53651.1  53633.0 
53651.1  53634.0 
53651.1  53635.0 
53651.1  53636.0 
53651.1  53637.0 
53651.1  53638.0 
53651.1  53639.0 
53651.1  53640.0 
53651.1  53653.0 
53651.1  53654.0 
53651.1  53643.0 
53651.1  53655.0 
53652.1  53646.0 
53652.1  53634.0 
53652.1  53637.0 
53655.0  53406.0 
53650.1  53651.1 
53657.5  53629.5 
53631.0  53632.0 
53632.0  53645.0 
53651.0  53652.0 
53652.0  53645.0 
53656.1  53657.5 
