53771.1  53773.0 
53771.1  53774.0 
53771.1  53775.0 
53771.1  53776.0 
53771.1  53777.0 
53771.1  53778.0 
53771.1  53779.0 
53771.1  53780.0 
53771.1  53781.0 
53771.1  53782.0 
53771.1  53783.0 
53771.1  53784.0 
53772.1  53786.0 
53772.1  53774.0 
53772.1  53777.0 
53773.0  53745.0 
53774.0  53746.0 
53775.0  53747.0 
53776.0  53748.0 
53777.0  53749.0 
53778.0  53750.0 
53779.0  53751.0 
53780.0  53752.0 
53783.0  53755.0 
53784.0  53296.0 
53785.1  53774.0 
53785.1  53787.0 
53785.1  53778.0 
53785.1  53777.0 
53785.1  53783.0 
53785.1  53788.0 
53785.1  53789.0 
53786.0  53758.0 
53787.0  53759.0 
53788.0  53760.0 
53789.0  53761.0 
53770.1  53771.1 
53791.1  53773.0 
53791.1  53774.0 
53791.1  53775.0 
53791.1  53776.0 
53791.1  53777.0 
53791.1  53778.0 
53791.1  53779.0 
53791.1  53780.0 
53791.1  53793.0 
53791.1  53794.0 
53791.1  53783.0 
53791.1  53795.0 
53792.1  53786.0 
53792.1  53774.0 
53792.1  53777.0 
53795.0  53516.0 
53790.1  53791.1 
53797.5  53769.5 
53771.0  53772.0 
53772.0  53785.0 
53791.0  53792.0 
53792.0  53785.0 
53796.1  53797.5 
