81181.1  81183.0 
81181.1  81184.0 
81181.1  81185.0 
81181.1  81186.0 
81181.1  81187.0 
81181.1  81188.0 
81181.1  81189.0 
81181.1  81190.0 
81181.1  81191.0 
81181.1  81192.0 
81181.1  81193.0 
81181.1  81194.0 
81182.1  81196.0 
81182.1  81184.0 
81182.1  81187.0 
81183.0  79572.0 
81184.0  80738.0 
81185.0  80941.0 
81186.0  79575.0 
81187.0  80759.0 
81188.0  80743.0 
81189.0  79578.0 
81190.0  80953.0 
81193.0  80779.0 
81194.0  67772.0 
81195.1  81184.0 
81195.1  81197.0 
81195.1  81188.0 
81195.1  81187.0 
81195.1  81193.0 
81195.1  81198.0 
81195.1  81199.0 
81196.0  81166.0 
81197.0  81149.0 
81198.0  80899.0 
81199.0  80784.0 
81180.1  81181.1 
81181.0  81182.0 
81182.0  81195.0 
