52871.1  52873.0 
52871.1  52874.0 
52871.1  52875.0 
52871.1  52876.0 
52871.1  52877.0 
52871.1  52878.0 
52871.1  52879.0 
52871.1  52880.0 
52871.1  52881.0 
52871.1  52882.0 
52871.1  52883.0 
52871.1  52884.0 
52872.1  52886.0 
52872.1  52874.0 
52872.1  52877.0 
52873.0  52853.0 
52874.0  52854.0 
52875.0  52855.0 
52876.0  52856.0 
52877.0  52857.0 
52878.0  52858.0 
52879.0  52859.0 
52880.0  52860.0 
52883.0  52863.0 
52884.0  38170.0 
52885.1  52874.0 
52885.1  52887.0 
52885.1  52878.0 
52885.1  52877.0 
52885.1  52883.0 
52885.1  52888.0 
52885.1  52889.0 
52886.0  52866.0 
52887.0  52867.0 
52888.0  52868.0 
52889.0  52869.0 
52870.1  52871.1 
52871.0  52872.0 
52872.0  52885.0 
