41949.1  41951.0 
41949.1  41952.0 
41949.1  41953.0 
41949.1  41954.0 
41949.1  41955.0 
41949.1  41956.0 
41949.1  41957.0 
41949.1  41958.0 
41949.1  41959.0 
41949.1  41960.0 
41949.1  41961.0 
41949.1  41962.0 
41949.1  41963.0 
41949.1  41964.0 
41949.1  41965.0 
41949.1  41966.0 
41949.1  41967.0 
41949.1  41968.0 
41949.1  41969.0 
41949.1  41970.0 
41949.1  41971.0 
41949.1  41972.0 
41949.1  41973.0 
41949.1  41974.0 
41949.1  41975.0 
41949.1  41976.0 
41949.1  41977.0 
41949.1  41978.0 
41949.1  41979.0 
41949.1  41980.0 
41949.1  41981.0 
41949.1  41982.0 
41949.1  41983.0 
41949.1  41984.0 
41949.1  41985.0 
41949.1  41986.0 
41949.1  41987.0 
41949.1  41988.0 
41949.1  41989.0 
41949.1  41990.0 
41949.1  41991.0 
41949.1  41992.0 
41949.1  41993.0 
41949.1  41994.0 
41949.1  41995.0 
41949.1  41996.0 
41949.1  41997.0 
41949.1  41998.0 
41949.1  41999.0 
41949.1  42000.0 
41949.1  42001.0 
41949.1  42002.0 
41949.1  42003.0 
41949.1  42004.0 
41949.1  42005.0 
41949.1  42006.0 
41949.1  42007.0 
41949.1  42008.0 
41949.1  42009.0 
41949.1  42010.0 
41949.1  42011.0 
41949.1  42012.0 
41949.1  42013.0 
41949.1  42014.0 
41949.1  42015.0 
41949.1  42016.0 
41949.1  42017.0 
41949.1  42018.0 
41949.1  42019.0 
41949.1  42020.0 
41949.1  42021.0 
41949.1  42022.0 
41949.1  42023.0 
41949.1  42024.0 
41949.1  42025.0 
41949.1  42026.0 
41949.1  42027.0 
41949.1  42028.0 
41949.1  42029.0 
41949.1  42030.0 
41949.1  42031.0 
41949.1  42032.0 
41949.1  42033.0 
41949.1  42034.0 
41949.1  42035.0 
41949.1  42036.0 
41949.1  42037.0 
41949.1  42038.0 
41949.1  42039.0 
41949.1  42040.0 
41949.1  42041.0 
41949.1  42042.0 
41949.1  42043.0 
41949.1  42044.0 
41949.1  42045.0 
41949.1  42046.0 
41949.1  42047.0 
41949.1  42048.0 
41949.1  42049.0 
41949.1  42050.0 
41949.1  42051.0 
41949.1  42052.0 
41949.1  42053.0 
41949.1  42054.0 
41949.1  42055.0 
41949.1  42056.0 
41949.1  42057.0 
41949.1  42058.0 
41949.1  42059.0 
41949.1  42060.0 
41949.1  42061.0 
41949.1  42062.0 
41949.1  42063.0 
41949.1  42064.0 
41949.1  42065.0 
41949.1  42066.0 
41949.1  42067.0 
41949.1  42068.0 
41949.1  42069.0 
41949.1  42070.0 
41949.1  42071.0 
41949.1  42072.0 
41949.1  42073.0 
41949.1  42074.0 
41949.1  42075.0 
41949.1  42076.0 
41949.1  42077.0 
41949.1  42078.0 
41949.1  42079.0 
41949.1  42080.0 
41949.1  42081.0 
41949.1  42082.0 
41949.1  42083.0 
41949.1  42084.0 
41949.1  42085.0 
41949.1  42086.0 
41949.1  42087.0 
41949.1  42088.0 
41949.1  42089.0 
41949.1  42090.0 
41949.1  42091.0 
41949.1  42092.0 
41949.1  42093.0 
41949.1  42094.0 
41949.1  42095.0 
41949.1  42096.0 
41949.1  42097.0 
41949.1  42098.0 
41949.1  42099.0 
41949.1  42100.0 
41949.1  42101.0 
41949.1  42102.0 
41949.1  42103.0 
41949.1  42104.0 
41949.1  42105.0 
41949.1  42106.0 
41949.1  42107.0 
41949.1  42108.0 
41949.1  42109.0 
41949.1  42110.0 
41949.1  42111.0 
41949.1  42112.0 
41949.1  42113.0 
41949.1  42114.0 
41949.1  42115.0 
41949.1  42116.0 
41949.1  42117.0 
41949.1  42118.0 
41949.1  42119.0 
41949.1  42120.1 
41949.1  42121.0 
41949.1  42122.0 
41949.1  42123.0 
41949.1  42124.0 
41949.1  42125.0 
41949.1  42126.0 
41949.2  42127.0 
41949.2  42128.0 
41949.2  42129.0 
41949.2  42130.0 
41949.2  42131.0 
41949.2  42132.0 
41949.2  42133.0 
41949.2  42134.0 
41949.2  42135.0 
41949.2  42136.0 
41949.2  42137.0 
41949.2  42138.0 
41949.2  42139.0 
41949.2  42140.0 
41949.2  42141.0 
41949.2  42142.0 
41949.2  42143.0 
41949.2  42144.0 
41949.2  42145.0 
41949.2  42146.0 
41949.2  42147.0 
41949.2  42148.0 
41949.2  42149.0 
41949.2  42150.0 
41949.2  42151.0 
41949.2  42152.0 
41949.2  42153.0 
41949.2  42154.0 
41949.2  42155.0 
41949.2  42156.0 
41949.2  42157.0 
41949.2  42158.0 
41949.2  42159.0 
41949.2  42160.0 
41949.2  42161.0 
41949.2  42162.0 
41949.2  42163.0 
41949.2  42164.0 
41949.2  42165.0 
41949.2  42166.0 
41949.2  42167.0 
41949.2  42168.0 
41949.2  42169.0 
41949.2  42170.0 
41949.2  42171.0 
41949.2  42172.0 
41949.2  42173.0 
41949.2  42174.0 
41949.2  42175.0 
41949.2  42176.0 
41949.2  42177.0 
41949.2  42178.0 
41949.2  42179.0 
41949.2  42180.0 
41949.2  42181.0 
41949.2  42182.0 
41949.2  42183.0 
41949.2  42184.0 
41949.2  42185.0 
41949.2  42186.0 
41949.2  42187.0 
41949.2  42188.0 
41949.2  42189.0 
41949.2  42190.0 
41949.2  42191.0 
41949.2  42192.0 
41949.2  42193.0 
41949.2  42194.0 
41949.2  42195.0 
41949.2  42196.0 
41949.2  42197.0 
41949.2  42198.0 
41949.2  42199.0 
41949.2  42200.0 
41949.2  42201.0 
41949.2  42202.0 
41949.2  42203.0 
41949.2  42204.0 
41949.2  42205.0 
41949.2  42206.0 
41949.2  42207.0 
41949.2  42208.0 
41949.2  42209.0 
41949.2  42210.0 
41949.2  42211.0 
41949.2  42212.0 
41949.2  42213.0 
41949.2  42214.0 
41949.2  42215.0 
41949.2  42216.0 
41949.2  42217.0 
41949.2  42218.0 
41949.2  42219.0 
41949.2  42220.0 
41949.2  42221.0 
41949.2  42222.0 
41949.2  42223.0 
41949.2  42224.0 
41949.2  42225.0 
41949.2  42226.0 
41949.2  42227.0 
41949.2  42228.0 
41949.2  42229.0 
41949.2  42230.0 
41949.2  42231.0 
41949.2  42232.0 
41949.2  42233.0 
41949.2  42234.0 
41949.2  42235.0 
41949.2  42236.0 
41949.2  42237.0 
41949.2  42238.0 
41949.2  42239.0 
41949.2  42240.0 
41949.2  42241.0 
41949.2  42242.0 
41949.2  42243.0 
41949.2  42244.0 
41949.2  42245.0 
41949.2  42246.0 
41949.2  42247.0 
41949.2  42248.0 
41949.2  42249.0 
41949.2  42250.0 
41949.2  42251.0 
41949.2  42252.0 
41949.2  42253.0 
41949.2  42254.0 
41949.2  42255.0 
41949.2  42256.0 
41949.2  42257.0 
41949.2  42258.0 
41949.2  42259.0 
41949.2  42260.0 
41949.2  42261.0 
41949.2  42262.0 
41949.2  42263.0 
41949.2  42264.0 
41949.2  42265.0 
41949.2  42266.0 
41949.2  42267.0 
41949.2  42268.0 
41949.2  42269.0 
41949.2  42270.0 
41949.2  42271.0 
41949.2  42272.0 
41949.2  42273.0 
41949.2  42274.0 
41949.2  42275.0 
41949.2  42276.0 
41949.2  42277.0 
41949.2  42278.0 
41949.2  42279.0 
41949.2  42280.0 
41949.2  42281.0 
41949.2  42282.0 
41949.2  42283.0 
41949.2  42284.0 
41949.2  42285.0 
41949.2  42286.0 
41949.2  42287.1 
41949.2  42288.0 
41949.2  42289.0 
41949.2  42290.0 
41949.2  42291.0 
41949.2  42292.0 
41949.2  42293.0 
41949.2  42294.0 
41949.2  42295.0 
41949.2  42296.0 
41949.2  42297.0 
41949.2  42298.0 
41949.2  42299.0 
41949.2  42300.0 
41949.2  42301.0 
41949.2  42302.47 
41949.2  42303.47 
41949.2  42304.0 
41949.2  42305.0 
41949.2  42306.0 
41949.2  42307.0 
41949.2  42308.0 
41949.2  42309.0 
41949.2  42310.0 
41949.2  42311.0 
41949.2  42312.0 
41949.2  42313.0 
41949.2  42314.0 
41949.2  42315.0 
41949.2  42316.0 
41949.3  42317.0 
41949.3  42318.0 
41949.3  42319.0 
41949.3  42320.0 
41949.3  42321.0 
41949.3  42322.0 
41949.3  42323.0 
41949.3  42324.0 
41949.3  42325.2 
41949.3  42326.0 
41949.3  42327.0 
41949.3  42328.0 
41949.3  42329.0 
41949.3  42330.0 
41949.3  42331.0 
41949.4  42332.0 
41949.4  42333.0 
41949.4  42334.0 
41949.4  42335.0 
41949.4  25338.1 
41949.5  42336.0 
41949.5  42337.0 
41949.5  42338.0 
41949.5  42339.0 
41949.5  42340.0 
41949.5  42341.1 
41949.5  42342.0 
41949.5  42343.94 
41949.5  42344.94 
41949.5  42345.0 
41949.5  42346.0 
41949.6  42347.0 
41949.6  42348.0 
41949.6  42349.0 
41949.6  42350.0 
41949.6  42351.0 
41949.6  42352.0 
41949.6  42353.0 
41949.6  42354.0 
41949.6  42355.0 
41949.6  42356.3 
41949.6  42357.0 
41949.6  42358.0 
41949.6  42359.0 
41949.6  42360.0 
41949.6  42361.0 
41949.6  42362.0 
41949.6  42363.0 
41949.6  42364.0 
41949.6  42365.46 
41949.6  42366.0 
41949.6  42367.0 
41949.7  42368.0 
41949.7  42369.0 
41949.7  42370.111 
41949.7  42371.0 
41949.7  42372.0 
41949.7  42373.1 
41949.7  42374.0 
41949.7  42375.0 
41949.7  42376.0 
41949.7  42377.0 
41949.7  42378.0 
41949.8  42379.0 
41949.8  42380.0 
41949.8  42381.0 
41949.8  42382.0 
41949.8  42383.0 
41949.9  42384.0 
41949.9  42385.0 
41949.9  42386.0 
41949.9  42325.5 
41949.10  42387.0 
41950.1  42389.0 
41950.1  41955.0 
41950.1  42390.0 
41950.1  41960.0 
41950.1  41976.0 
41950.1  41996.0 
41950.1  42116.0 
41950.1  42001.0 
41950.1  42391.1 
41950.1  42392.1 
41950.1  42393.1 
41951.0  41019.0 
41952.0  41020.0 
41953.0  41021.0 
41954.0  41022.0 
41955.0  41023.0 
41956.0  41024.0 
41957.0  41025.0 
41958.0  41026.0 
41959.0  41027.0 
41960.0  41028.0 
41961.0  41029.0 
41962.0  41030.0 
41963.0  41031.0 
41964.0  41032.0 
41965.0  41033.0 
41966.0  41034.0 
41967.0  41035.0 
41968.0  41036.0 
41969.0  41037.0 
41970.0  41038.0 
41971.0  41039.0 
41972.0  41040.0 
41973.0  41041.0 
41974.0  41042.0 
41975.0  41043.0 
41976.0  41044.0 
41977.0  41045.0 
41978.0  41046.0 
41979.0  41047.0 
41980.0  41048.0 
41981.0  41049.0 
41982.0  41050.0 
41983.0  41051.0 
41984.0  41052.0 
41985.0  41053.0 
41986.0  41054.0 
41987.0  41055.0 
41988.0  41056.0 
41989.0  41057.0 
41990.0  41058.0 
41991.0  41059.0 
41992.0  41060.0 
41993.0  41061.0 
41994.0  41062.0 
41995.0  41063.0 
41996.0  41064.0 
41997.0  41065.0 
41998.0  41066.0 
41999.0  41067.0 
42000.0  41068.0 
42001.0  41069.0 
42002.0  41070.0 
42003.0  41071.0 
42004.0  41072.0 
42005.0  41073.0 
42006.0  41074.0 
42007.0  41075.0 
42008.0  41076.0 
42009.0  41077.0 
42010.0  41078.0 
42011.0  41079.0 
42012.0  41080.0 
42013.0  41081.0 
42014.0  41082.0 
42015.0  41083.0 
42016.0  41084.0 
42017.0  41085.0 
42018.0  41086.0 
42019.0  41087.0 
42020.0  41088.0 
42021.0  41089.0 
42022.0  41090.0 
42023.0  41091.0 
42024.0  41092.0 
42025.0  41093.0 
42026.0  41094.0 
42027.0  41095.0 
42028.0  41096.0 
42029.0  41097.0 
42030.0  41098.0 
42031.0  41099.0 
42032.0  41100.0 
42033.0  41101.0 
42034.0  41102.0 
42035.0  41103.0 
42036.0  41104.0 
42037.0  41105.0 
42038.0  41106.0 
42039.0  41107.0 
42040.0  41108.0 
42041.0  41109.0 
42042.0  41110.0 
42043.0  41111.0 
42044.0  41112.0 
42045.0  41113.0 
42046.0  41114.0 
42047.0  41115.0 
42048.0  41116.0 
42049.0  41117.0 
42050.0  41118.0 
42051.0  41119.0 
42052.0  41120.0 
42053.0  41121.0 
42054.0  41122.0 
42055.0  41123.0 
42056.0  41124.0 
42057.0  41125.0 
42058.0  41126.0 
42059.0  41127.0 
42060.0  41128.0 
42061.0  41129.0 
42062.0  41130.0 
42063.0  41131.0 
42064.0  41132.0 
42065.0  41133.0 
42066.0  41134.0 
42067.0  41135.0 
42068.0  41136.0 
42069.0  41137.0 
42070.0  41138.0 
42071.0  41139.0 
42072.0  41140.0 
42073.0  41141.0 
42074.0  41142.0 
42075.0  41143.0 
42076.0  41144.0 
42077.0  41145.0 
42078.0  41146.0 
42079.0  41147.0 
42080.0  41148.0 
42081.0  41149.0 
42082.0  41150.0 
42083.0  41151.0 
42084.0  41152.0 
42085.0  41153.0 
42086.0  41154.0 
42087.0  41155.0 
42088.0  41156.0 
42089.0  41157.0 
42090.0  41158.0 
42091.0  41159.0 
42092.0  41160.0 
42093.0  41161.0 
42094.0  41162.0 
42095.0  41163.0 
42096.0  41164.0 
42097.0  41165.0 
42098.0  41166.0 
42099.0  41167.0 
42100.0  41168.0 
42101.0  41169.0 
42102.0  41170.0 
42103.0  41171.0 
42104.0  41172.0 
42105.0  41173.0 
42106.0  41174.0 
42107.0  41175.0 
42108.0  41176.0 
42109.0  41177.0 
42110.0  41178.0 
42111.0  41179.0 
42112.0  41180.0 
42113.0  41181.0 
42114.0  41182.0 
42115.0  41183.0 
42116.0  41184.0 
42117.0  41185.0 
42118.0  41186.0 
42119.0  41187.0 
42120.1  42394.13 
42121.0  41189.0 
42122.0  41190.0 
42123.0  41191.0 
42124.0  41192.0 
42125.0  41193.0 
42126.0  41194.0 
42127.0  41195.0 
42128.0  41196.0 
42129.0  41197.0 
42130.0  41198.0 
42131.0  41199.0 
42132.0  41200.0 
42133.0  41201.0 
42134.0  41202.0 
42135.0  41203.0 
42136.0  41204.0 
42137.0  41205.0 
42138.0  41206.0 
42139.0  41207.0 
42140.0  41208.0 
42141.0  41209.0 
42142.0  41210.0 
42143.0  41211.0 
42144.0  41212.0 
42145.0  41213.0 
42146.0  41214.0 
42147.0  41215.0 
42148.0  41216.0 
42149.0  41217.0 
42150.0  41218.0 
42151.0  41219.0 
42152.0  41220.0 
42153.0  41221.0 
42154.0  41222.0 
42155.0  41223.0 
42156.0  41224.0 
42157.0  41225.0 
42158.0  41226.0 
42159.0  41227.0 
42160.0  41228.0 
42161.0  41229.0 
42162.0  41230.0 
42163.0  41231.0 
42164.0  41232.0 
42165.0  41233.0 
42166.0  41234.0 
42167.0  41235.0 
42168.0  41236.0 
42169.0  41237.0 
42170.0  41238.0 
42172.0  41240.0 
42173.0  41241.0 
42174.0  41242.0 
42175.0  41243.0 
42176.0  41244.0 
42177.0  41245.0 
42178.0  41246.0 
42179.0  41247.0 
42180.0  41248.0 
42181.0  41249.0 
42182.0  41250.0 
42183.0  41251.0 
42184.0  41252.0 
42185.0  41253.0 
42186.0  41254.0 
42187.0  41255.0 
42188.0  41256.0 
42189.0  41257.0 
42190.0  41258.0 
42191.0  41259.0 
42192.0  41260.0 
42193.0  41261.0 
42194.0  41262.0 
42195.0  41263.0 
42196.0  41264.0 
42197.0  41265.0 
42198.0  41266.0 
42199.0  41267.0 
42200.0  41268.0 
42201.0  41269.0 
42202.0  41270.0 
42203.0  41271.0 
42204.0  41272.0 
42205.0  41273.0 
42206.0  41274.0 
42207.0  41275.0 
42208.0  41276.0 
42209.0  41277.0 
42210.0  41278.0 
42211.0  41279.0 
42212.0  41280.0 
42213.0  41281.0 
42214.0  41282.0 
42215.0  41283.0 
42216.0  41284.0 
42217.0  41285.0 
42218.0  41286.0 
42219.0  41287.0 
42220.0  41288.0 
42221.0  41289.0 
42222.0  41290.0 
42223.0  41291.0 
42224.0  41292.0 
42225.0  41293.0 
42226.0  41294.0 
42227.0  41295.0 
42228.0  41296.0 
42229.0  41297.0 
42230.0  41298.0 
42231.0  41299.0 
42232.0  41300.0 
42233.0  41301.0 
42234.0  41302.0 
42235.0  41303.0 
42236.0  41304.0 
42237.0  41305.0 
42238.0  41306.0 
42239.0  41307.0 
42240.0  41308.0 
42241.0  41309.0 
42242.0  41310.0 
42243.0  41311.0 
42244.0  41312.0 
42245.0  41313.0 
42246.0  41314.0 
42247.0  41315.0 
42248.0  41316.0 
42249.0  41317.0 
42250.0  41318.0 
42251.0  41319.0 
42252.0  41320.0 
42253.0  41321.0 
42254.0  41322.0 
42255.0  41323.0 
42256.0  41324.0 
42257.0  41325.0 
42258.0  41326.0 
42259.0  41327.0 
42260.0  41328.0 
42261.0  41329.0 
42262.0  41330.0 
42263.0  41331.0 
42264.0  41332.0 
42265.0  41333.0 
42266.0  41334.0 
42267.0  41335.0 
42268.0  41336.0 
42269.0  41337.0 
42270.0  41338.0 
42271.0  41339.0 
42272.0  41340.0 
42273.0  41341.0 
42274.0  41342.0 
42275.0  41343.0 
42276.0  41344.0 
42277.0  41345.0 
42278.0  41346.0 
42279.0  41347.0 
42280.0  41348.0 
42281.0  41349.0 
42282.0  41350.0 
42283.0  41351.0 
42284.0  41352.0 
42285.0  41353.0 
42286.0  41354.0 
42287.1  42394.11 
42288.0  41356.0 
42289.0  41357.0 
42290.0  41358.0 
42291.0  41359.0 
42292.0  41360.0 
42293.0  41361.0 
42294.0  41362.0 
42295.0  41363.0 
42296.0  41364.0 
42297.0  41365.0 
42298.0  41366.0 
42299.0  41367.0 
42300.0  41368.0 
42301.0  41369.0 
42302.46  42395.13 
42302.46  41370.46 
42302.47  42394.12 
42303.46  42395.13 
42303.46  41371.46 
42303.47  42394.12 
42304.0  41372.0 
42305.0  41373.0 
42306.0  41374.0 
42307.0  41375.0 
42308.0  41376.0 
42309.0  41377.0 
42310.0  41378.0 
42311.0  41379.0 
42312.0  41380.0 
42313.0  41381.0 
42314.0  41382.0 
42315.0  41383.0 
42316.0  41384.0 
42317.0  41385.0 
42318.0  41386.0 
42319.0  41387.0 
42320.0  41388.0 
42321.0  41389.0 
42322.0  41390.0 
42323.0  41391.0 
42324.0  41392.0 
42325.1  41949.1 
42325.2  41949.2 
42325.3  41949.3 
42325.4  41949.4 
42325.5  41949.8 
42325.6  41949.9 
42326.0  41394.0 
42327.0  41395.0 
42328.0  41396.0 
42329.0  41397.0 
42330.0  41398.0 
42331.0  41399.0 
42332.0  41400.0 
42333.0  41401.0 
42334.0  41402.0 
42335.0  41403.0 
42336.0  41404.0 
42337.0  41405.0 
42338.0  41406.0 
42339.0  41407.0 
42340.0  41408.0 
42341.1  42394.13 
42342.0  41410.0 
42343.92  42395.14 
42343.92  41411.92 
42343.93  42394.5 
42343.94  42394.13 
42343.95  41949.5 
42344.92  42395.14 
42344.92  41412.92 
42344.93  42394.7 
42344.94  42394.13 
42344.95  41949.7 
42345.0  41413.0 
42346.0  41414.0 
42347.0  41415.0 
42348.0  41416.0 
42349.0  41417.0 
42350.0  41418.0 
42351.0  41419.0 
42352.0  41420.0 
42353.0  41421.0 
42354.0  41422.0 
42355.0  41423.0 
42356.1  42396.1 
42356.2  42397.1 
42356.3  42398.1 
42357.0  41425.0 
42358.0  41426.0 
42359.0  41427.0 
42360.0  41428.0 
42361.0  41429.0 
42362.0  41430.0 
42363.0  41431.0 
42364.0  41432.0 
42365.45  41433.45 
42365.46  42394.6 
42365.47  41949.6 
42366.0  41434.0 
42367.0  41435.0 
42368.0  41436.0 
42369.0  41437.0 
42370.108  42395.11 
42370.109  42395.13 
42370.109  41438.109 
42370.110  42394.10 
42370.111  42394.12 
42371.0  41439.0 
42373.1  42399.1 
42374.0  41442.0 
42375.0  41443.0 
42377.0  41445.0 
42378.0  41446.0 
42379.0  41447.0 
42380.0  41448.0 
42381.0  41449.0 
42382.0  41450.0 
42383.0  41451.0 
42384.0  41452.0 
42385.0  41453.0 
42386.0  41454.0 
42387.0  41456.0 
42388.1  42401.0 
42388.1  41955.0 
42388.1  42390.0 
42388.1  41960.0 
42388.1  41976.0 
42388.1  41996.0 
42388.1  42116.0 
42388.1  42001.0 
42388.1  42402.1 
42388.1  42403.1 
42388.1  42404.1 
42388.1  42405.1 
42388.1  42406.1 
42389.0  41458.0 
42390.0  41459.0 
42391.1  42407.1 
42392.1  42408.1 
42393.1  42409.1 
42394.1  41951.0 
42394.1  41952.0 
42394.1  41953.0 
42394.1  41954.0 
42394.1  41955.0 
42394.1  41956.0 
42394.1  41957.0 
42394.1  41958.0 
42394.1  41959.0 
42394.1  41960.0 
42394.1  41961.0 
42394.1  41962.0 
42394.1  41963.0 
42394.1  41964.0 
42394.1  41965.0 
42394.1  41966.0 
42394.1  41967.0 
42394.1  41968.0 
42394.1  41969.0 
42394.1  41970.0 
42394.1  41971.0 
42394.1  41972.0 
42394.1  41973.0 
42394.1  41974.0 
42394.1  41975.0 
42394.1  41976.0 
42394.1  41977.0 
42394.1  41978.0 
42394.1  41979.0 
42394.1  41980.0 
42394.1  41981.0 
42394.1  41982.0 
42394.1  41983.0 
42394.1  41984.0 
42394.1  41985.0 
42394.1  41986.0 
42394.1  41987.0 
42394.1  41988.0 
42394.1  41989.0 
42394.1  41990.0 
42394.1  41991.0 
42394.1  41992.0 
42394.1  41993.0 
42394.1  41994.0 
42394.1  41995.0 
42394.1  41996.0 
42394.1  41997.0 
42394.1  41998.0 
42394.1  41999.0 
42394.1  42000.0 
42394.1  42001.0 
42394.1  42002.0 
42394.1  42003.0 
42394.1  42004.0 
42394.1  42005.0 
42394.1  42006.0 
42394.1  42007.0 
42394.1  42008.0 
42394.1  42009.0 
42394.1  42010.0 
42394.1  42011.0 
42394.1  42012.0 
42394.1  42013.0 
42394.1  42014.0 
42394.1  42015.0 
42394.1  42016.0 
42394.1  42017.0 
42394.1  42018.0 
42394.1  42019.0 
42394.1  42020.0 
42394.1  42021.0 
42394.1  42022.0 
42394.1  42023.0 
42394.1  42024.0 
42394.1  42025.0 
42394.1  42026.0 
42394.1  42027.0 
42394.1  42028.0 
42394.1  42029.0 
42394.1  42030.0 
42394.1  42031.0 
42394.1  42032.0 
42394.1  42033.0 
42394.1  42034.0 
42394.1  42035.0 
42394.1  42036.0 
42394.1  42037.0 
42394.1  42038.0 
42394.1  42039.0 
42394.1  42040.0 
42394.1  42041.0 
42394.1  42042.0 
42394.1  42043.0 
42394.1  42044.0 
42394.1  42045.0 
42394.1  42046.0 
42394.1  42047.0 
42394.1  42048.0 
42394.1  42049.0 
42394.1  42050.0 
42394.1  42051.0 
42394.1  42052.0 
42394.1  42053.0 
42394.1  42054.0 
42394.1  42055.0 
42394.1  42056.0 
42394.1  42057.0 
42394.1  42058.0 
42394.1  42059.0 
42394.1  42060.0 
42394.1  42061.0 
42394.1  42062.0 
42394.1  42063.0 
42394.1  42064.0 
42394.1  42065.0 
42394.1  42066.0 
42394.1  42067.0 
42394.1  42068.0 
42394.1  42069.0 
42394.1  42070.0 
42394.1  42071.0 
42394.1  42072.0 
42394.1  42073.0 
42394.1  42074.0 
42394.1  42075.0 
42394.1  42076.0 
42394.1  42077.0 
42394.1  42078.0 
42394.1  42079.0 
42394.1  42080.0 
42394.1  42081.0 
42394.1  42082.0 
42394.1  42083.0 
42394.1  42084.0 
42394.1  42085.0 
42394.1  42086.0 
42394.1  42087.0 
42394.1  42088.0 
42394.1  42089.0 
42394.1  42090.0 
42394.1  42091.0 
42394.1  42092.0 
42394.1  42093.0 
42394.1  42094.0 
42394.1  42095.0 
42394.1  42096.0 
42394.1  42097.0 
42394.1  42098.0 
42394.1  42099.0 
42394.1  42100.0 
42394.1  42101.0 
42394.1  42102.0 
42394.1  42103.0 
42394.1  42104.0 
42394.1  42105.0 
42394.1  42106.0 
42394.1  42107.0 
42394.1  42108.0 
42394.1  42109.0 
42394.1  42110.0 
42394.1  42111.0 
42394.1  42112.0 
42394.1  42113.0 
42394.1  42114.0 
42394.1  42115.0 
42394.1  42116.0 
42394.1  42117.0 
42394.1  42118.0 
42394.1  42119.0 
42394.1  42411.1 
42394.1  42121.0 
42394.1  42122.0 
42394.1  42123.0 
42394.1  42124.0 
42394.1  42125.0 
42394.1  42126.0 
42394.2  42127.0 
42394.2  42128.0 
42394.2  42129.0 
42394.2  42130.0 
42394.2  42131.0 
42394.2  42132.0 
42394.2  42133.0 
42394.2  42134.0 
42394.2  42135.0 
42394.2  42136.0 
42394.2  42137.0 
42394.2  42138.0 
42394.2  42139.0 
42394.2  42140.0 
42394.2  42141.0 
42394.2  42142.0 
42394.2  42143.0 
42394.2  42144.0 
42394.2  42145.0 
42394.2  42146.0 
42394.2  42147.0 
42394.2  42148.0 
42394.2  42149.0 
42394.2  42150.0 
42394.2  42151.0 
42394.2  42152.0 
42394.2  42153.0 
42394.2  42154.0 
42394.2  42155.0 
42394.2  42156.0 
42394.2  42157.0 
42394.2  42158.0 
42394.2  42159.0 
42394.2  42160.0 
42394.2  42161.0 
42394.2  42162.0 
42394.2  42163.0 
42394.2  42164.0 
42394.2  42165.0 
42394.2  42166.0 
42394.2  42167.0 
42394.2  42168.0 
42394.2  42169.0 
42394.2  42170.0 
42394.2  42412.0 
42394.2  42172.0 
42394.2  42173.0 
42394.2  42174.0 
42394.2  42175.0 
42394.2  42176.0 
42394.2  42177.0 
42394.2  42178.0 
42394.2  42179.0 
42394.2  42180.0 
42394.2  42181.0 
42394.2  42182.0 
42394.2  42183.0 
42394.2  42184.0 
42394.2  42185.0 
42394.2  42186.0 
42394.2  42187.0 
42394.2  42188.0 
42394.2  42189.0 
42394.2  42190.0 
42394.2  42191.0 
42394.2  42192.0 
42394.2  42193.0 
42394.2  42194.0 
42394.2  42195.0 
42394.2  42196.0 
42394.2  42197.0 
42394.2  42198.0 
42394.2  42199.0 
42394.2  42200.0 
42394.2  42201.0 
42394.2  42202.0 
42394.2  42203.0 
42394.2  42204.0 
42394.2  42205.0 
42394.2  42206.0 
42394.2  42207.0 
42394.2  42208.0 
42394.2  42209.0 
42394.2  42210.0 
42394.2  42211.0 
42394.2  42212.0 
42394.2  42213.0 
42394.2  42214.0 
42394.2  42215.0 
42394.2  42216.0 
42394.2  42217.0 
42394.2  42218.0 
42394.2  42219.0 
42394.2  42220.0 
42394.2  42221.0 
42394.2  42222.0 
42394.2  42223.0 
42394.2  42224.0 
42394.2  42225.0 
42394.2  42226.0 
42394.2  42227.0 
42394.2  42228.0 
42394.2  42229.0 
42394.2  42230.0 
42394.2  42231.0 
42394.2  42232.0 
42394.2  42233.0 
42394.2  42234.0 
42394.2  42235.0 
42394.2  42236.0 
42394.2  42237.0 
42394.2  42238.0 
42394.2  42239.0 
42394.2  42240.0 
42394.2  42241.0 
42394.2  42242.0 
42394.2  42243.0 
42394.2  42244.0 
42394.2  42245.0 
42394.2  42246.0 
42394.2  42247.0 
42394.2  42248.0 
42394.2  42249.0 
42394.2  42250.0 
42394.2  42251.0 
42394.2  42252.0 
42394.2  42253.0 
42394.2  42254.0 
42394.2  42255.0 
42394.2  42256.0 
42394.2  42257.0 
42394.2  42258.0 
42394.2  42259.0 
42394.2  42260.0 
42394.2  42261.0 
42394.2  42262.0 
42394.2  42263.0 
42394.2  42264.0 
42394.2  42265.0 
42394.2  42266.0 
42394.2  42267.0 
42394.2  42268.0 
42394.2  42269.0 
42394.2  42270.0 
42394.2  42271.0 
42394.2  42272.0 
42394.2  42273.0 
42394.2  42274.0 
42394.2  42275.0 
42394.2  42276.0 
42394.2  42277.0 
42394.2  42278.0 
42394.2  42279.0 
42394.2  42280.0 
42394.2  42281.0 
42394.2  42282.0 
42394.2  42283.0 
42394.2  42284.0 
42394.2  42285.0 
42394.2  42286.0 
42394.2  42413.1 
42394.2  42288.0 
42394.2  42289.0 
42394.2  42290.0 
42394.2  42291.0 
42394.2  42292.0 
42394.2  42293.0 
42394.2  42294.0 
42394.2  42295.0 
42394.2  42296.0 
42394.2  42297.0 
42394.2  42298.0 
42394.2  42299.0 
42394.2  42300.0 
42394.2  42301.0 
42394.2  42302.46 
42394.2  42303.46 
42394.2  42304.0 
42394.2  42305.0 
42394.2  42306.0 
42394.2  42307.0 
42394.2  42308.0 
42394.2  42309.0 
42394.2  42310.0 
42394.2  42311.0 
42394.2  42312.0 
42394.2  42313.0 
42394.2  42314.0 
42394.2  42315.0 
42394.2  42316.0 
42394.3  42317.0 
42394.3  42318.0 
42394.3  42319.0 
42394.3  42320.0 
42394.3  42321.0 
42394.3  42322.0 
42394.3  42323.0 
42394.3  42324.0 
42394.3  42414.2 
42394.3  42326.0 
42394.3  42327.0 
42394.3  42328.0 
42394.3  42329.0 
42394.3  42330.0 
42394.3  42331.0 
42394.4  42332.0 
42394.4  42333.0 
42394.4  42334.0 
42394.4  42335.0 
42394.4  24399.1 
42394.5  42336.0 
42394.5  42337.0 
42394.5  42338.0 
42394.5  42339.0 
42394.5  42340.0 
42394.5  42415.1 
42394.5  42342.0 
42394.5  42343.92 
42394.5  42344.92 
42394.5  42345.0 
42394.5  42346.0 
42394.6  42347.0 
42394.6  42348.0 
42394.6  42349.0 
42394.6  42350.0 
42394.6  42351.0 
42394.6  42352.0 
42394.6  42353.0 
42394.6  42354.0 
42394.6  42355.0 
42394.6  42416.3 
42394.6  42357.0 
42394.6  42358.0 
42394.6  42359.0 
42394.6  42360.0 
42394.6  42361.0 
42394.6  42362.0 
42394.6  42363.0 
42394.6  42364.0 
42394.6  42365.45 
42394.6  42366.0 
42394.6  42367.0 
42394.7  42368.0 
42394.7  42369.0 
42394.7  42370.109 
42394.7  42371.0 
42394.7  42417.0 
42394.7  42418.1 
42394.7  42374.0 
42394.7  42375.0 
42394.7  42419.0 
42394.7  42377.0 
42394.7  42378.0 
42394.8  42379.0 
42394.8  42380.0 
42394.8  42381.0 
42394.8  42382.0 
42394.8  42383.0 
42394.9  42420.0 
42394.10  42384.0 
42394.10  42385.0 
42394.10  42386.0 
42394.10  42414.6 
42394.11  42421.0 
42394.12  42370.110 
42394.13  42422.1 
42395.12  41478.0 
42395.13  41438.108 
42395.14  42423.1 
42395.14  41017.14 
42396.1  42425.0 
42396.1  41955.0 
42396.1  42426.0 
42396.1  42427.0 
42396.1  41976.0 
42396.1  42428.0 
42396.1  42158.0 
42396.1  42429.0 
42396.1  41960.0 
42396.1  42170.0 
42396.1  42430.0 
42396.1  41996.0 
42396.1  42431.2 
42397.1  42433.0 
42397.1  41955.0 
42397.1  42426.0 
42397.1  42427.0 
42397.1  42158.0 
42397.1  41976.0 
42397.1  42428.0 
42397.1  41960.0 
42397.1  42429.0 
42397.1  42170.0 
42397.1  42434.0 
42397.1  41996.0 
42397.1  42356.1 
42398.1  42435.0 
42398.1  41955.0 
42398.1  41976.0 
42398.1  42356.2 
42399.1  42437.0 
42399.1  41955.0 
42399.1  42438.0 
42399.1  41976.0 
42399.1  41996.0 
42399.1  42001.0 
42399.1  41995.0 
42399.1  42439.1 
42399.1  42439.2 
42399.1  42439.3 
42399.1  42439.4 
42399.1  42439.5 
42399.1  42439.6 
42399.1  42439.7 
42400.1  42440.0 
42400.1  41955.0 
42400.1  41976.0 
42401.0  41469.0 
42402.1  42441.1 
42403.1  42442.1 
42404.1  42443.1 
42405.1  42444.1 
42406.1  42445.1 
42407.1  42446.0 
42407.1  41955.0 
42407.1  41976.0 
42407.1  41996.0 
42408.1  42447.0 
42408.1  41955.0 
42408.1  41976.0 
42408.1  41996.0 
42409.1  42449.0 
42409.1  41955.0 
42409.1  41976.0 
42410.1  42389.0 
42410.1  41955.0 
42410.1  42390.0 
42410.1  41960.0 
42410.1  41976.0 
42410.1  41996.0 
42410.1  42116.0 
42410.1  42001.0 
42410.1  42451.1 
42410.1  42452.1 
42410.1  42453.1 
42411.1  42395.14 
42413.1  42395.12 
42414.1  42394.1 
42414.2  42394.2 
42414.3  42394.3 
42414.4  42394.4 
42414.5  42394.8 
42414.6  42394.9 
42414.7  42394.10 
42414.8  42394.13 
42415.1  42395.14 
42416.1  42454.1 
42416.2  42455.1 
42416.3  42456.1 
42418.1  42457.1 
42420.0  24845.0 
42421.0  41478.0 
42422.1  42394.10 
42423.1  42395.11 
42424.1  41955.0 
42424.1  42390.0 
42424.1  41960.0 
42424.1  41976.0 
42424.1  41996.0 
42424.1  42116.0 
42424.1  42001.0 
42425.0  41481.0 
42426.0  41482.0 
42427.0  41483.0 
42428.0  41484.0 
42429.0  41485.0 
42431.1  42458.1 
42431.2  42459.1 
42432.1  42461.0 
42432.1  41955.0 
42432.1  42390.0 
42432.1  41960.0 
42432.1  41976.0 
42432.1  41996.0 
42432.1  42116.0 
42432.1  42001.0 
42432.1  42002.0 
42432.1  42003.0 
42432.1  42004.0 
42432.1  42462.1 
42432.1  42463.1 
42432.2  42464.1 
42432.3  42465.1 
42433.0  41489.0 
42435.0  41491.0 
42436.1  42466.0 
42436.1  41955.0 
42436.1  42390.0 
42436.1  41960.0 
42436.1  41976.0 
42436.1  41996.0 
42436.1  42116.0 
42436.1  42001.0 
42437.0  41493.0 
42438.0  41494.0 
42439.1  42467.1 
42439.2  42467.2 
42439.3  42467.3 
42439.4  42467.4 
42439.5  42467.5 
42439.6  42467.6 
42439.7  42467.7 
42440.0  41496.0 
42441.1  42447.0 
42441.1  41955.0 
42441.1  41976.0 
42441.1  41996.0 
42442.1  42446.0 
42442.1  41955.0 
42442.1  41976.0 
42442.1  41996.0 
42443.1  42468.0 
42443.1  41955.0 
42443.1  41976.0 
42443.1  41996.0 
42444.1  42468.0 
42444.1  41955.0 
42444.1  41976.0 
42444.1  41996.0 
42445.1  42468.0 
42445.1  41955.0 
42445.1  41976.0 
42445.1  41996.0 
42446.0  41502.0 
42447.0  41503.0 
42449.0  41505.0 
42450.1  42401.0 
42450.1  41955.0 
42450.1  42390.0 
42450.1  41960.0 
42450.1  41976.0 
42450.1  41996.0 
42450.1  42116.0 
42450.1  42001.0 
42450.1  42470.1 
42450.1  42471.1 
42450.1  42472.1 
42450.1  42473.1 
42450.1  42474.1 
42451.1  42475.1 
42452.1  42476.1 
42453.1  42477.1 
42454.1  42425.0 
42454.1  41955.0 
42454.1  42426.0 
42454.1  42427.0 
42454.1  41976.0 
42454.1  42428.0 
42454.1  42158.0 
42454.1  42429.0 
42454.1  41960.0 
42454.1  42170.0 
42454.1  42479.0 
42454.1  41996.0 
42454.1  42480.2 
42455.1  42433.0 
42455.1  41955.0 
42455.1  42426.0 
42455.1  42427.0 
42455.1  42158.0 
42455.1  41976.0 
42455.1  42428.0 
42455.1  41960.0 
42455.1  42429.0 
42455.1  42170.0 
42455.1  42482.0 
42455.1  41996.0 
42455.1  42416.1 
42456.1  42435.0 
42456.1  41955.0 
42456.1  41976.0 
42456.1  42416.2 
42457.1  42437.0 
42457.1  41955.0 
42457.1  42438.0 
42457.1  41976.0 
42457.1  41996.0 
42457.1  42001.0 
42457.1  41995.0 
42457.1  42484.1 
42457.1  42484.4 
42457.1  42484.5 
42457.1  42484.6 
42457.1  42484.7 
42458.1  42425.0 
42458.1  41955.0 
42458.1  42426.0 
42458.1  42427.0 
42458.1  41976.0 
42458.1  42428.0 
42458.1  42158.0 
42458.1  42429.0 
42458.1  41960.0 
42458.1  42170.0 
42458.1  42486.0 
42458.1  41996.0 
42458.1  42487.1 
42459.1  42433.0 
42459.1  41955.0 
42459.1  42426.0 
42459.1  42427.0 
42459.1  42158.0 
42459.1  41976.0 
42459.1  42428.0 
42459.1  41960.0 
42459.1  42429.0 
42459.1  42170.0 
42459.1  42488.0 
42459.1  41996.0 
42459.1  42431.1 
42460.1  42433.0 
42460.1  41955.0 
42460.1  42426.0 
42460.1  42427.0 
42460.1  42158.0 
42460.1  41976.0 
42460.1  42428.0 
42460.1  41960.0 
42460.1  42429.0 
42460.1  42170.0 
42460.1  42489.0 
42460.1  41996.0 
42461.0  41509.0 
42462.1  42490.0 
42463.1  42491.1 
42464.1  42492.1 
42465.1  42493.1 
42466.0  41514.0 
42467.1  42494.0 
42467.1  41955.0 
42467.1  42495.0 
42467.1  41960.0 
42467.1  41976.0 
42467.1  42496.0 
42467.1  41996.0 
42467.1  42497.0 
42467.1  42498.0 
42467.1  42116.0 
42467.1  42499.0 
42467.1  42500.0 
42467.1  42501.0 
42467.1  42001.0 
42467.1  42502.0 
42467.1  42503.0 
42467.1  42504.0 
42467.1  42505.0 
42467.1  42506.0 
42467.1  42507.0 
42467.1  42508.0 
42467.1  42509.0 
42467.1  42510.0 
42467.1  42511.0 
42467.1  42512.0 
42467.1  42513.0 
42467.1  42514.0 
42467.1  42515.0 
42467.1  42516.0 
42467.1  42517.0 
42467.1  42518.0 
42467.1  42519.0 
42467.1  42520.0 
42467.1  42521.0 
42467.1  42522.0 
42467.1  42523.0 
42467.1  42524.0 
42467.1  42525.0 
42467.1  42526.0 
42467.1  42527.0 
42467.1  42528.0 
42467.1  42529.0 
42467.1  42530.0 
42467.1  42531.0 
42467.1  42532.0 
42467.1  42533.0 
42467.1  42534.0 
42467.1  42535.0 
42467.1  42536.0 
42467.1  42537.0 
42467.1  42538.0 
42467.1  42539.0 
42467.1  42540.0 
42467.1  42541.0 
42467.1  42542.0 
42467.1  42543.0 
42467.1  42544.0 
42467.1  42545.0 
42467.1  42546.0 
42467.1  42547.0 
42467.1  42548.0 
42467.1  42549.0 
42467.1  42550.0 
42467.1  42551.0 
42467.1  42552.0 
42467.1  42553.0 
42467.1  42554.0 
42467.1  42555.0 
42467.1  42556.0 
42467.1  42557.0 
42467.1  42558.0 
42467.1  42559.0 
42467.1  42560.0 
42467.1  42561.0 
42467.1  42562.0 
42467.1  42563.0 
42467.1  42564.0 
42467.1  42565.0 
42467.1  42566.0 
42467.1  42567.0 
42467.1  42568.0 
42467.1  42569.0 
42467.1  42570.0 
42467.1  42571.0 
42467.1  42572.0 
42467.1  42573.0 
42467.2  42574.0 
42467.2  42575.0 
42467.2  42576.0 
42467.2  42577.0 
42467.2  42578.0 
42467.2  42579.0 
42467.2  42580.0 
42467.2  42581.0 
42467.2  42582.0 
42467.2  42583.0 
42467.2  42584.0 
42467.2  42585.0 
42467.2  42586.0 
42467.2  42587.0 
42467.2  42588.0 
42467.2  42589.0 
42467.2  42590.0 
42467.2  42591.0 
42467.2  42592.0 
42467.2  42593.0 
42467.2  42594.0 
42467.2  42595.0 
42467.2  42596.0 
42467.2  42597.0 
42467.2  42598.0 
42467.2  42599.0 
42467.2  42600.0 
42467.2  42601.0 
42467.2  42602.0 
42467.2  42603.0 
42467.2  42604.0 
42467.2  42605.0 
42467.2  42606.0 
42467.2  42607.0 
42467.2  42608.0 
42467.2  42609.0 
42467.2  42610.0 
42467.2  42611.0 
42467.2  42612.0 
42467.2  42613.0 
42467.2  42614.0 
42467.2  42615.0 
42467.2  42616.0 
42467.2  42617.0 
42467.2  42618.0 
42467.2  42619.0 
42467.2  42620.0 
42467.2  42621.0 
42467.2  42622.0 
42467.2  42623.0 
42467.2  42624.0 
42467.2  42625.0 
42467.2  42626.0 
42467.2  42627.0 
42467.2  42628.0 
42467.2  42629.0 
42467.2  42630.0 
42467.2  42631.0 
42467.2  42632.0 
42467.2  42633.0 
42467.2  42634.0 
42467.2  42635.0 
42467.2  42636.0 
42467.2  42637.0 
42467.2  42638.0 
42467.2  42639.0 
42467.2  42640.0 
42467.2  42641.0 
42467.2  42642.0 
42467.2  42643.0 
42467.2  42644.0 
42467.2  42645.0 
42467.2  42646.0 
42467.2  42647.0 
42467.2  42648.0 
42467.2  42649.0 
42467.2  42650.0 
42467.2  42651.0 
42467.2  42652.0 
42467.2  42653.0 
42467.2  42654.0 
42467.2  42655.0 
42467.2  42656.0 
42467.2  42657.0 
42467.3  42658.0 
42467.3  42659.0 
42467.3  42660.0 
42467.3  42661.0 
42467.3  42662.0 
42467.3  42663.0 
42467.3  42664.0 
42467.3  42665.0 
42467.3  42666.0 
42467.3  42667.0 
42467.3  42668.0 
42467.3  42669.0 
42467.3  42670.0 
42467.3  42671.0 
42467.3  42672.0 
42467.3  42673.0 
42467.3  42674.0 
42467.3  42675.0 
42467.3  42676.0 
42467.3  42677.0 
42467.3  42678.0 
42467.3  42679.0 
42467.3  42680.0 
42467.3  42681.0 
42467.3  42682.0 
42467.3  42683.0 
42467.3  42684.0 
42467.3  42685.0 
42467.3  42686.0 
42467.3  42687.0 
42467.3  42688.0 
42467.3  42689.0 
42467.3  42690.0 
42467.3  42691.0 
42467.3  42692.0 
42467.3  42693.0 
42467.3  42694.0 
42467.3  42695.0 
42467.3  42696.0 
42467.3  42697.0 
42467.3  42698.0 
42467.3  42699.0 
42467.3  42700.0 
42467.3  42701.0 
42467.3  42702.0 
42467.3  42703.0 
42467.3  42704.0 
42467.3  42705.0 
42467.3  42706.0 
42467.3  42707.0 
42467.3  42708.0 
42467.3  42709.0 
42467.3  42710.0 
42467.3  42711.0 
42467.3  42712.0 
42467.3  42713.0 
42467.3  42714.0 
42467.3  42715.0 
42467.3  42716.0 
42467.3  42717.0 
42467.3  42718.0 
42467.3  42719.0 
42467.3  42720.0 
42467.3  42721.0 
42467.3  42722.0 
42467.3  42723.0 
42467.3  42724.0 
42467.3  42725.0 
42467.3  42726.0 
42467.3  42727.0 
42467.4  42728.0 
42467.4  42729.0 
42467.4  42730.0 
42467.4  42731.0 
42467.4  42732.0 
42467.4  42733.0 
42467.4  42734.0 
42467.4  42735.0 
42467.4  42736.0 
42467.4  42737.0 
42467.4  42738.0 
42467.4  42739.0 
42467.4  42740.0 
42467.4  42741.0 
42467.4  42742.0 
42467.4  42743.0 
42467.4  42744.0 
42467.4  42745.0 
42467.4  42746.0 
42467.4  42747.0 
42467.4  42748.0 
42467.4  42749.0 
42467.4  42750.0 
42467.4  42751.0 
42467.4  42752.0 
42467.4  42753.0 
42467.4  42754.0 
42467.4  42755.0 
42467.4  42756.0 
42467.4  42757.0 
42467.4  42758.0 
42467.4  42759.0 
42467.4  42760.0 
42467.4  42761.0 
42467.4  42762.0 
42467.4  42763.0 
42467.4  42764.0 
42467.4  42765.0 
42467.4  42766.0 
42467.5  42767.0 
42467.5  42768.0 
42467.5  42769.0 
42467.5  42770.0 
42467.5  42771.0 
42467.5  42772.0 
42467.5  42773.0 
42467.5  42774.0 
42467.5  42775.0 
42467.5  42776.0 
42467.5  42777.0 
42467.5  42778.0 
42467.5  42779.0 
42467.5  42780.0 
42467.5  42781.0 
42467.5  42782.0 
42467.5  42783.0 
42467.5  42784.0 
42467.5  42785.0 
42467.5  42786.0 
42467.5  42787.0 
42467.5  42788.0 
42467.5  42789.0 
42467.5  42790.0 
42467.5  42791.0 
42467.5  42792.0 
42467.5  42793.0 
42467.5  42794.0 
42467.5  42795.0 
42467.5  42796.0 
42467.5  42797.0 
42467.5  42798.0 
42467.5  42799.0 
42467.5  42800.0 
42467.5  42801.0 
42467.5  42802.0 
42467.5  42803.0 
42467.5  42804.0 
42467.5  42805.0 
42467.5  42806.0 
42467.5  42807.0 
42467.5  42808.0 
42467.5  42809.0 
42467.5  42810.0 
42467.5  42811.0 
42467.5  42812.0 
42467.5  42813.0 
42467.5  42814.0 
42467.6  42815.0 
42467.6  42816.0 
42467.6  42817.0 
42467.6  42818.0 
42467.6  42819.0 
42467.6  42820.0 
42467.6  42821.0 
42467.6  42822.0 
42467.6  42823.0 
42467.6  42824.0 
42467.6  42825.0 
42467.6  42826.0 
42467.6  42827.0 
42467.6  42828.0 
42467.6  42829.0 
42467.6  42830.0 
42467.6  42831.0 
42467.6  42832.0 
42467.6  42833.0 
42467.6  42834.0 
42467.6  42835.0 
42467.6  42836.0 
42467.6  42837.0 
42467.6  42838.0 
42467.6  42839.0 
42467.6  42840.0 
42467.6  42841.0 
42467.6  42842.0 
42467.6  42843.0 
42467.6  42844.0 
42467.7  42845.0 
42467.7  42846.0 
42467.7  42847.0 
42467.7  42848.0 
42467.7  42849.0 
42467.7  42850.0 
42467.7  42851.0 
42467.7  42852.0 
42467.7  42853.0 
42467.7  42854.0 
42467.7  42855.0 
42467.7  42856.0 
42467.7  42857.0 
42467.7  42858.0 
42467.7  42859.0 
42467.7  42860.0 
42467.7  42861.0 
42467.7  42862.0 
42467.7  42863.0 
42467.7  42864.0 
42467.7  42865.0 
42467.7  42866.0 
42467.7  42867.0 
42467.7  42868.0 
42467.7  42869.0 
42467.7  42870.0 
42467.7  42871.0 
42467.7  42872.0 
42467.7  42873.0 
42467.7  42874.0 
42467.7  42875.0 
42467.7  42876.0 
42467.7  42877.0 
42467.7  42878.0 
42467.7  42879.0 
42467.7  42880.0 
42467.7  42881.0 
42467.7  42882.0 
42467.7  42883.0 
42467.7  42884.0 
42467.7  42885.0 
42467.7  42886.0 
42467.7  42887.0 
42467.7  42888.0 
42467.7  42889.0 
42467.7  42890.0 
42467.7  42891.0 
42468.0  41516.0 
42469.1  42440.0 
42469.1  41955.0 
42469.1  41976.0 
42470.1  42892.1 
42471.1  42893.1 
42472.1  42894.1 
42473.1  42895.1 
42474.1  42896.1 
42475.1  42446.0 
42475.1  41955.0 
42475.1  41976.0 
42475.1  41996.0 
42476.1  42447.0 
42476.1  41955.0 
42476.1  41976.0 
42476.1  41996.0 
42477.1  42449.0 
42477.1  41955.0 
42477.1  41976.0 
42478.1  41955.0 
42478.1  42390.0 
42478.1  41960.0 
42478.1  41976.0 
42478.1  41996.0 
42478.1  42116.0 
42478.1  42001.0 
42480.1  42898.1 
42480.2  42899.1 
42481.1  42461.0 
42481.1  41955.0 
42481.1  42390.0 
42481.1  41960.0 
42481.1  41976.0 
42481.1  41996.0 
42481.1  42116.0 
42481.1  42001.0 
42481.1  42002.0 
42481.1  42003.0 
42481.1  42004.0 
42481.1  42901.1 
42481.1  42902.1 
42481.2  42903.1 
42481.3  42904.1 
42483.1  42466.0 
42483.1  41955.0 
42483.1  42390.0 
42483.1  41960.0 
42483.1  41976.0 
42483.1  41996.0 
42483.1  42116.0 
42483.1  42001.0 
42484.1  42905.1 
42484.2  42905.2 
42484.3  42905.3 
42484.4  42905.4 
42484.5  42905.5 
42484.6  42905.6 
42484.7  42905.7 
42485.1  42907.0 
42485.1  41955.0 
42485.1  42390.0 
42485.1  41960.0 
42485.1  41976.0 
42485.1  41996.0 
42485.1  42116.0 
42485.1  42001.0 
42485.1  42002.0 
42485.1  42003.0 
42485.1  42004.0 
42485.1  42908.1 
42485.1  42909.1 
42485.1  41995.0 
42485.1  42009.0 
42485.1  42910.1 
42487.1  42911.1 
42491.1  42913.0 
42491.1  41955.0 
42491.1  41976.0 
42491.1  41996.0 
42491.1  42001.0 
42491.1  42914.1 
42492.1  42913.0 
42492.1  41955.0 
42492.1  41976.0 
42492.1  41996.0 
42492.1  42001.0 
42492.1  42916.1 
42493.1  42913.0 
42493.1  41955.0 
42493.1  41976.0 
42493.1  41996.0 
42493.1  42001.0 
42493.1  42918.1 
42494.0  41527.0 
42495.0  41528.0 
42496.0  41529.0 
42498.0  41531.0 
42499.0  41532.0 
42500.0  41533.0 
42501.0  41534.0 
42502.0  41535.0 
42503.0  41536.0 
42504.0  41537.0 
42505.0  41538.0 
42506.0  41539.0 
42507.0  41540.0 
42508.0  41541.0 
42509.0  41542.0 
42510.0  41543.0 
42511.0  41544.0 
42512.0  41545.0 
42513.0  41546.0 
42514.0  41547.0 
42515.0  41548.0 
42516.0  41549.0 
42517.0  41550.0 
42518.0  41551.0 
42519.0  41552.0 
42520.0  41553.0 
42521.0  41554.0 
42522.0  41555.0 
42523.0  41556.0 
42524.0  41557.0 
42525.0  41558.0 
42526.0  41559.0 
42527.0  41560.0 
42528.0  41561.0 
42529.0  41562.0 
42530.0  41563.0 
42531.0  41564.0 
42532.0  41565.0 
42533.0  41566.0 
42534.0  41567.0 
42535.0  41568.0 
42536.0  41569.0 
42537.0  41570.0 
42538.0  41571.0 
42539.0  41572.0 
42540.0  41573.0 
42541.0  41574.0 
42542.0  41575.0 
42543.0  41576.0 
42544.0  41577.0 
42545.0  41578.0 
42546.0  41579.0 
42547.0  41580.0 
42548.0  41581.0 
42549.0  41582.0 
42550.0  41583.0 
42551.0  41584.0 
42552.0  41585.0 
42553.0  41586.0 
42554.0  41587.0 
42555.0  41588.0 
42556.0  41589.0 
42557.0  41590.0 
42558.0  41591.0 
42559.0  41592.0 
42560.0  41593.0 
42561.0  41594.0 
42562.0  41595.0 
42563.0  41596.0 
42564.0  41597.0 
42565.0  41598.0 
42566.0  41599.0 
42567.0  41600.0 
42568.0  41601.0 
42569.0  41602.0 
42570.0  41603.0 
42571.0  41604.0 
42572.0  41605.0 
42573.0  41606.0 
42574.0  41607.0 
42575.0  41608.0 
42576.0  41609.0 
42577.0  41610.0 
42578.0  41611.0 
42579.0  41612.0 
42580.0  41613.0 
42581.0  41614.0 
42582.0  41615.0 
42583.0  41616.0 
42584.0  41617.0 
42585.0  41618.0 
42586.0  41619.0 
42587.0  41620.0 
42588.0  41621.0 
42589.0  41622.0 
42590.0  41623.0 
42591.0  41624.0 
42592.0  41625.0 
42593.0  41626.0 
42594.0  41627.0 
42595.0  41628.0 
42596.0  41629.0 
42597.0  41630.0 
42598.0  41631.0 
42599.0  41632.0 
42600.0  41633.0 
42601.0  41634.0 
42602.0  41635.0 
42603.0  41636.0 
42604.0  41637.0 
42605.0  41638.0 
42606.0  41639.0 
42607.0  41640.0 
42608.0  41641.0 
42609.0  41642.0 
42610.0  41643.0 
42611.0  41644.0 
42612.0  41645.0 
42613.0  41646.0 
42614.0  41647.0 
42615.0  41648.0 
42616.0  41649.0 
42617.0  41650.0 
42618.0  41651.0 
42619.0  41652.0 
42620.0  41653.0 
42621.0  41654.0 
42622.0  41655.0 
42623.0  41656.0 
42624.0  41657.0 
42625.0  41658.0 
42626.0  41659.0 
42627.0  41660.0 
42628.0  41661.0 
42629.0  41662.0 
42630.0  41663.0 
42631.0  41664.0 
42632.0  41665.0 
42633.0  41666.0 
42634.0  41667.0 
42635.0  41668.0 
42636.0  41669.0 
42637.0  41670.0 
42638.0  41671.0 
42639.0  41672.0 
42640.0  41673.0 
42641.0  41674.0 
42642.0  41675.0 
42643.0  41676.0 
42644.0  41677.0 
42645.0  41678.0 
42646.0  41679.0 
42647.0  41680.0 
42648.0  41681.0 
42649.0  41682.0 
42650.0  41683.0 
42651.0  41684.0 
42652.0  41685.0 
42653.0  41686.0 
42654.0  41687.0 
42655.0  41688.0 
42656.0  41689.0 
42657.0  41690.0 
42658.0  41691.0 
42659.0  41692.0 
42660.0  41693.0 
42661.0  41694.0 
42662.0  41695.0 
42663.0  41696.0 
42664.0  41697.0 
42665.0  41698.0 
42666.0  41699.0 
42667.0  41700.0 
42668.0  41701.0 
42669.0  41702.0 
42670.0  41703.0 
42671.0  41704.0 
42672.0  41705.0 
42673.0  41706.0 
42674.0  41707.0 
42675.0  41708.0 
42676.0  41709.0 
42677.0  41710.0 
42678.0  41711.0 
42679.0  41712.0 
42680.0  41713.0 
42681.0  41714.0 
42682.0  41715.0 
42683.0  41716.0 
42684.0  41717.0 
42685.0  41718.0 
42686.0  41719.0 
42687.0  41720.0 
42688.0  41721.0 
42689.0  41722.0 
42690.0  41723.0 
42692.0  41725.0 
42693.0  41726.0 
42694.0  41727.0 
42695.0  41728.0 
42696.0  41729.0 
42697.0  41730.0 
42698.0  41731.0 
42699.0  41732.0 
42700.0  41733.0 
42701.0  41734.0 
42702.0  41735.0 
42703.0  41736.0 
42704.0  41737.0 
42705.0  41738.0 
42706.0  41739.0 
42707.0  41740.0 
42708.0  41741.0 
42709.0  41742.0 
42710.0  41743.0 
42711.0  41744.0 
42712.0  41745.0 
42713.0  41746.0 
42714.0  41747.0 
42715.0  41748.0 
42716.0  41749.0 
42717.0  41750.0 
42718.0  41751.0 
42719.0  41752.0 
42720.0  41753.0 
42721.0  41754.0 
42722.0  41755.0 
42723.0  41756.0 
42724.0  41757.0 
42725.0  41758.0 
42726.0  41759.0 
42727.0  41760.0 
42728.0  41761.0 
42729.0  41762.0 
42730.0  41763.0 
42731.0  41764.0 
42732.0  41765.0 
42733.0  41766.0 
42734.0  41767.0 
42735.0  41768.0 
42736.0  41769.0 
42737.0  41770.0 
42738.0  41771.0 
42739.0  41772.0 
42740.0  41773.0 
42741.0  41774.0 
42742.0  41775.0 
42743.0  41776.0 
42744.0  41777.0 
42745.0  41778.0 
42746.0  41779.0 
42747.0  41780.0 
42748.0  41781.0 
42749.0  41782.0 
42750.0  41783.0 
42751.0  41784.0 
42752.0  41785.0 
42753.0  41786.0 
42754.0  41787.0 
42755.0  41788.0 
42756.0  41789.0 
42757.0  41790.0 
42758.0  41791.0 
42759.0  41792.0 
42760.0  41793.0 
42761.0  41794.0 
42762.0  41795.0 
42763.0  41796.0 
42764.0  41797.0 
42765.0  41798.0 
42766.0  41799.0 
42767.0  41800.0 
42768.0  41801.0 
42769.0  41802.0 
42770.0  41803.0 
42771.0  41804.0 
42772.0  41805.0 
42773.0  41806.0 
42774.0  41807.0 
42775.0  41808.0 
42776.0  41809.0 
42777.0  41810.0 
42778.0  41811.0 
42779.0  41812.0 
42780.0  41813.0 
42781.0  41814.0 
42782.0  41815.0 
42783.0  41816.0 
42784.0  41817.0 
42785.0  41818.0 
42786.0  41819.0 
42787.0  41820.0 
42788.0  41821.0 
42789.0  41822.0 
42790.0  41823.0 
42791.0  41824.0 
42792.0  41825.0 
42793.0  41826.0 
42794.0  41827.0 
42795.0  41828.0 
42796.0  41829.0 
42797.0  41830.0 
42798.0  41831.0 
42799.0  41832.0 
42800.0  41833.0 
42801.0  41834.0 
42802.0  41835.0 
42803.0  41836.0 
42804.0  41837.0 
42805.0  41838.0 
42806.0  41839.0 
42807.0  41840.0 
42808.0  41841.0 
42809.0  41842.0 
42810.0  41843.0 
42811.0  41844.0 
42812.0  41845.0 
42813.0  41846.0 
42814.0  41847.0 
42815.0  41848.0 
42816.0  41849.0 
42817.0  41850.0 
42818.0  41851.0 
42819.0  41852.0 
42820.0  41853.0 
42821.0  41854.0 
42822.0  41855.0 
42823.0  41856.0 
42824.0  41857.0 
42825.0  41858.0 
42826.0  41859.0 
42827.0  41860.0 
42828.0  41861.0 
42829.0  41862.0 
42830.0  41863.0 
42831.0  41864.0 
42832.0  41865.0 
42833.0  41866.0 
42834.0  41867.0 
42835.0  41868.0 
42836.0  41869.0 
42837.0  41870.0 
42838.0  41871.0 
42839.0  41872.0 
42840.0  41873.0 
42841.0  41874.0 
42842.0  41875.0 
42843.0  41876.0 
42844.0  41877.0 
42845.0  41878.0 
42846.0  41879.0 
42847.0  41880.0 
42848.0  41881.0 
42849.0  41882.0 
42850.0  41883.0 
42851.0  41884.0 
42852.0  41885.0 
42853.0  41886.0 
42854.0  41887.0 
42855.0  41888.0 
42856.0  41889.0 
42857.0  41890.0 
42858.0  41891.0 
42859.0  41892.0 
42860.0  41893.0 
42861.0  41894.0 
42862.0  41895.0 
42892.1  42447.0 
42892.1  41955.0 
42892.1  41976.0 
42892.1  41996.0 
42893.1  42446.0 
42893.1  41955.0 
42893.1  41976.0 
42893.1  41996.0 
42894.1  42468.0 
42894.1  41955.0 
42894.1  41976.0 
42894.1  41996.0 
42895.1  42468.0 
42895.1  41955.0 
42895.1  41976.0 
42895.1  41996.0 
42896.1  42468.0 
42896.1  41955.0 
42896.1  41976.0 
42896.1  41996.0 
42898.1  42425.0 
42898.1  41955.0 
42898.1  42426.0 
42898.1  42427.0 
42898.1  41976.0 
42898.1  42428.0 
42898.1  42158.0 
42898.1  42429.0 
42898.1  41960.0 
42898.1  42170.0 
42898.1  42920.0 
42898.1  41996.0 
42898.1  42921.1 
42899.1  42433.0 
42899.1  41955.0 
42899.1  42426.0 
42899.1  42427.0 
42899.1  42158.0 
42899.1  41976.0 
42899.1  42428.0 
42899.1  41960.0 
42899.1  42429.0 
42899.1  42170.0 
42899.1  42923.0 
42899.1  41996.0 
42899.1  42480.1 
42900.1  42433.0 
42900.1  41955.0 
42900.1  42426.0 
42900.1  42427.0 
42900.1  42158.0 
42900.1  41976.0 
42900.1  42428.0 
42900.1  41960.0 
42900.1  42429.0 
42900.1  42170.0 
42900.1  42924.0 
42900.1  41996.0 
42901.1  42925.0 
42902.1  42926.1 
42903.1  42927.1 
42904.1  42928.1 
42905.1  42494.0 
42905.1  41955.0 
42905.1  42495.0 
42905.1  41960.0 
42905.1  41976.0 
42905.1  42496.0 
42905.1  41996.0 
42905.1  42929.0 
42905.1  42498.0 
42905.1  42116.0 
42905.1  42499.0 
42905.1  42500.0 
42905.1  42501.0 
42905.1  42001.0 
42905.1  42502.0 
42905.1  42503.0 
42905.1  42504.0 
42905.1  42505.0 
42905.1  42506.0 
42905.1  42507.0 
42905.1  42508.0 
42905.1  42509.0 
42905.1  42510.0 
42905.1  42511.0 
42905.1  42512.0 
42905.1  42513.0 
42905.1  42514.0 
42905.1  42515.0 
42905.1  42516.0 
42905.1  42517.0 
42905.1  42518.0 
42905.1  42519.0 
42905.1  42520.0 
42905.1  42521.0 
42905.1  42522.0 
42905.1  42523.0 
42905.1  42524.0 
42905.1  42525.0 
42905.1  42526.0 
42905.1  42527.0 
42905.1  42528.0 
42905.1  42529.0 
42905.1  42530.0 
42905.1  42531.0 
42905.1  42532.0 
42905.1  42533.0 
42905.1  42534.0 
42905.1  42535.0 
42905.1  42536.0 
42905.1  42537.0 
42905.1  42538.0 
42905.1  42539.0 
42905.1  42540.0 
42905.1  42541.0 
42905.1  42542.0 
42905.1  42543.0 
42905.1  42544.0 
42905.1  42545.0 
42905.1  42546.0 
42905.1  42547.0 
42905.1  42548.0 
42905.1  42549.0 
42905.1  42550.0 
42905.1  42551.0 
42905.1  42552.0 
42905.1  42553.0 
42905.1  42554.0 
42905.1  42555.0 
42905.1  42556.0 
42905.1  42557.0 
42905.1  42558.0 
42905.1  42559.0 
42905.1  42560.0 
42905.1  42561.0 
42905.1  42562.0 
42905.1  42563.0 
42905.1  42564.0 
42905.1  42565.0 
42905.1  42566.0 
42905.1  42567.0 
42905.1  42568.0 
42905.1  42569.0 
42905.1  42570.0 
42905.1  42571.0 
42905.1  42572.0 
42905.1  42573.0 
42905.2  42574.0 
42905.2  42575.0 
42905.2  42576.0 
42905.2  42577.0 
42905.2  42578.0 
42905.2  42579.0 
42905.2  42580.0 
42905.2  42581.0 
42905.2  42582.0 
42905.2  42583.0 
42905.2  42584.0 
42905.2  42585.0 
42905.2  42586.0 
42905.2  42587.0 
42905.2  42588.0 
42905.2  42589.0 
42905.2  42590.0 
42905.2  42591.0 
42905.2  42592.0 
42905.2  42593.0 
42905.2  42594.0 
42905.2  42595.0 
42905.2  42596.0 
42905.2  42597.0 
42905.2  42598.0 
42905.2  42599.0 
42905.2  42600.0 
42905.2  42601.0 
42905.2  42602.0 
42905.2  42603.0 
42905.2  42604.0 
42905.2  42605.0 
42905.2  42606.0 
42905.2  42607.0 
42905.2  42608.0 
42905.2  42609.0 
42905.2  42610.0 
42905.2  42611.0 
42905.2  42612.0 
42905.2  42613.0 
42905.2  42614.0 
42905.2  42615.0 
42905.2  42616.0 
42905.2  42617.0 
42905.2  42618.0 
42905.2  42619.0 
42905.2  42620.0 
42905.2  42621.0 
42905.2  42622.0 
42905.2  42623.0 
42905.2  42624.0 
42905.2  42625.0 
42905.2  42626.0 
42905.2  42627.0 
42905.2  42628.0 
42905.2  42629.0 
42905.2  42630.0 
42905.2  42631.0 
42905.2  42632.0 
42905.2  42633.0 
42905.2  42634.0 
42905.2  42635.0 
42905.2  42636.0 
42905.2  42637.0 
42905.2  42638.0 
42905.2  42639.0 
42905.2  42640.0 
42905.2  42641.0 
42905.2  42642.0 
42905.2  42643.0 
42905.2  42644.0 
42905.2  42645.0 
42905.2  42646.0 
42905.2  42647.0 
42905.2  42648.0 
42905.2  42649.0 
42905.2  42650.0 
42905.2  42651.0 
42905.2  42652.0 
42905.2  42653.0 
42905.2  42654.0 
42905.2  42655.0 
42905.2  42656.0 
42905.2  42657.0 
42905.3  42658.0 
42905.3  42659.0 
42905.3  42660.0 
42905.3  42661.0 
42905.3  42662.0 
42905.3  42663.0 
42905.3  42664.0 
42905.3  42665.0 
42905.3  42666.0 
42905.3  42667.0 
42905.3  42668.0 
42905.3  42669.0 
42905.3  42670.0 
42905.3  42671.0 
42905.3  42672.0 
42905.3  42673.0 
42905.3  42674.0 
42905.3  42675.0 
42905.3  42676.0 
42905.3  42677.0 
42905.3  42678.0 
42905.3  42679.0 
42905.3  42680.0 
42905.3  42681.0 
42905.3  42682.0 
42905.3  42683.0 
42905.3  42684.0 
42905.3  42685.0 
42905.3  42686.0 
42905.3  42687.0 
42905.3  42688.0 
42905.3  42689.0 
42905.3  42690.0 
42905.3  42930.0 
42905.3  42692.0 
42905.3  42693.0 
42905.3  42694.0 
42905.3  42695.0 
42905.3  42696.0 
42905.3  42697.0 
42905.3  42698.0 
42905.3  42699.0 
42905.3  42700.0 
42905.3  42701.0 
42905.3  42702.0 
42905.3  42703.0 
42905.3  42704.0 
42905.3  42705.0 
42905.3  42706.0 
42905.3  42707.0 
42905.3  42708.0 
42905.3  42709.0 
42905.3  42710.0 
42905.3  42711.0 
42905.3  42712.0 
42905.3  42713.0 
42905.3  42714.0 
42905.3  42715.0 
42905.3  42716.0 
42905.3  42717.0 
42905.3  42718.0 
42905.3  42719.0 
42905.3  42720.0 
42905.3  42721.0 
42905.3  42722.0 
42905.3  42723.0 
42905.3  42724.0 
42905.3  42725.0 
42905.3  42726.0 
42905.3  42727.0 
42905.4  42728.0 
42905.4  42729.0 
42905.4  42730.0 
42905.4  42731.0 
42905.4  42732.0 
42905.4  42733.0 
42905.4  42734.0 
42905.4  42735.0 
42905.4  42736.0 
42905.4  42737.0 
42905.4  42738.0 
42905.4  42739.0 
42905.4  42740.0 
42905.4  42741.0 
42905.4  42742.0 
42905.4  42743.0 
42905.4  42744.0 
42905.4  42745.0 
42905.4  42746.0 
42905.4  42747.0 
42905.4  42748.0 
42905.4  42749.0 
42905.4  42750.0 
42905.4  42751.0 
42905.4  42752.0 
42905.4  42753.0 
42905.4  42754.0 
42905.4  42755.0 
42905.4  42756.0 
42905.4  42757.0 
42905.4  42758.0 
42905.4  42759.0 
42905.4  42760.0 
42905.4  42761.0 
42905.4  42762.0 
42905.4  42763.0 
42905.4  42764.0 
42905.4  42765.0 
42905.4  42766.0 
42905.5  42767.0 
42905.5  42768.0 
42905.5  42769.0 
42905.5  42770.0 
42905.5  42771.0 
42905.5  42772.0 
42905.5  42773.0 
42905.5  42774.0 
42905.5  42775.0 
42905.5  42776.0 
42905.5  42777.0 
42905.5  42778.0 
42905.5  42779.0 
42905.5  42780.0 
42905.5  42781.0 
42905.5  42782.0 
42905.5  42783.0 
42905.5  42784.0 
42905.5  42785.0 
42905.5  42786.0 
42905.5  42787.0 
42905.5  42788.0 
42905.5  42789.0 
42905.5  42790.0 
42905.5  42791.0 
42905.5  42792.0 
42905.5  42793.0 
42905.5  42794.0 
42905.5  42795.0 
42905.5  42796.0 
42905.5  42797.0 
42905.5  42798.0 
42905.5  42799.0 
42905.5  42800.0 
42905.5  42801.0 
42905.5  42802.0 
42905.5  42803.0 
42905.5  42804.0 
42905.5  42805.0 
42905.5  42806.0 
42905.5  42807.0 
42905.5  42808.0 
42905.5  42809.0 
42905.5  42810.0 
42905.5  42811.0 
42905.5  42812.0 
42905.5  42813.0 
42905.5  42814.0 
42905.6  42815.0 
42905.6  42816.0 
42905.6  42817.0 
42905.6  42818.0 
42905.6  42819.0 
42905.6  42820.0 
42905.6  42821.0 
42905.6  42822.0 
42905.6  42823.0 
42905.6  42824.0 
42905.6  42825.0 
42905.6  42826.0 
42905.6  42827.0 
42905.6  42828.0 
42905.6  42829.0 
42905.6  42830.0 
42905.6  42831.0 
42905.6  42832.0 
42905.6  42833.0 
42905.6  42834.0 
42905.6  42835.0 
42905.6  42836.0 
42905.6  42837.0 
42905.6  42838.0 
42905.6  42839.0 
42905.6  42840.0 
42905.6  42841.0 
42905.6  42842.0 
42905.6  42843.0 
42905.6  42844.0 
42905.7  42845.0 
42905.7  42846.0 
42905.7  42847.0 
42905.7  42848.0 
42905.7  42849.0 
42905.7  42850.0 
42905.7  42851.0 
42905.7  42852.0 
42905.7  42853.0 
42905.7  42854.0 
42905.7  42855.0 
42905.7  42856.0 
42905.7  42857.0 
42905.7  42858.0 
42905.7  42859.0 
42905.7  42860.0 
42905.7  42861.0 
42905.7  42862.0 
42905.7  42931.0 
42905.7  42932.0 
42905.7  42933.0 
42905.7  42934.0 
42905.7  42935.0 
42905.7  42936.0 
42905.7  42937.0 
42905.7  42938.0 
42905.7  42939.0 
42905.7  42940.0 
42905.7  42941.0 
42905.7  42942.0 
42905.7  42943.0 
42905.7  42944.0 
42905.7  42945.0 
42905.7  42946.0 
42905.7  42947.0 
42905.7  42948.0 
42905.7  42949.0 
42905.7  42950.0 
42905.7  42951.0 
42905.7  42952.0 
42905.7  42953.0 
42905.7  42954.0 
42905.7  42955.0 
42905.7  42956.0 
42905.7  42957.0 
42905.7  42958.0 
42905.7  42959.0 
42906.1  42425.0 
42906.1  41955.0 
42906.1  42426.0 
42906.1  42427.0 
42906.1  41976.0 
42906.1  42428.0 
42906.1  42158.0 
42906.1  42429.0 
42906.1  41960.0 
42906.1  42170.0 
42906.1  42960.0 
42906.1  41996.0 
42906.1  42416.3 
42907.0  40954.0 
42908.1  42961.1 
42909.1  42962.1 
42910.1  42963.1 
42911.1  42964.0 
42911.1  41955.0 
42911.1  41976.0 
42911.1  42416.3 
42913.0  41931.0 
42914.1  42965.0 
42916.1  42966.0 
42918.1  42967.0 
42919.1  42907.0 
42919.1  41023.0 
42919.1  41459.0 
42919.1  41028.0 
42919.1  41044.0 
42919.1  41064.0 
42919.1  41184.0 
42919.1  41069.0 
42919.1  41070.0 
42919.1  41071.0 
42919.1  41072.0 
42919.1  42969.1 
42919.1  42970.1 
42919.1  41063.0 
42919.1  41077.0 
42919.1  42971.1 
42921.1  42972.1 
42922.1  41480.1 
42926.1  42913.0 
42926.1  41955.0 
42926.1  41976.0 
42926.1  41996.0 
42926.1  42001.0 
42926.1  42974.1 
42927.1  42913.0 
42927.1  41955.0 
42927.1  41976.0 
42927.1  41996.0 
42927.1  42001.0 
42927.1  42976.1 
42928.1  42913.0 
42928.1  41955.0 
42928.1  41976.0 
42928.1  41996.0 
42928.1  42001.0 
42928.1  42978.1 
42961.1  42913.0 
42961.1  41955.0 
42961.1  41976.0 
42961.1  41996.0 
42961.1  42001.0 
42961.1  42980.1 
42962.1  42981.0 
42962.1  41955.0 
42962.1  41976.0 
42962.1  41996.0 
42962.1  42982.48 
42963.1  42981.0 
42963.1  41955.0 
42963.1  41976.0 
42963.1  41996.0 
42963.1  42983.13 
42964.0  40971.0 
42968.1  41481.0 
42968.1  41023.0 
42968.1  41482.0 
42968.1  41483.0 
42968.1  41044.0 
42968.1  41484.0 
42968.1  41226.0 
42968.1  41485.0 
42968.1  41028.0 
42968.1  41238.0 
42968.1  42984.0 
42968.1  41064.0 
42968.1  41424.3 
42969.1  42985.1 
42970.1  42986.1 
42971.1  42987.1 
42972.1  42964.0 
42972.1  41023.0 
42972.1  41044.0 
42972.1  42988.3 
42974.1  42989.0 
42976.1  42990.0 
42978.1  42991.0 
42980.1  42992.0 
42981.0  40980.0 
42982.46  40981.46 
42982.47  42993.1 
42982.48  42481.1 
42982.49  42432.1 
42983.11  40982.11 
42983.12  42993.2 
42983.13  42481.2 
42983.14  42432.2 
42985.1  41931.0 
42985.1  41023.0 
42985.1  41044.0 
42985.1  41064.0 
42985.1  41069.0 
42985.1  42995.1 
42986.1  42981.0 
42986.1  41023.0 
42986.1  41044.0 
42986.1  41064.0 
42986.1  42982.47 
42987.1  42981.0 
42987.1  41023.0 
42987.1  41044.0 
42987.1  41064.0 
42987.1  42983.12 
42988.3  41424.3 
42993.3  41488.3 
42995.1  42996.0 
41949.11  42998.0 
41949.12  42999.0 
42998.0  41014.0 
42999.0  41455.0 
41949.0  41950.0 
41950.0  42388.0 
42388.0  42400.0 
42394.0  42410.0 
42396.0  42424.0 
42397.0  42432.0 
42398.0  42432.0 
42399.0  42436.0 
42400.0  42424.0 
42407.0  41950.0 
42408.0  41950.0 
42409.0  42448.0 
42410.0  42450.0 
42432.0  42460.0 
42436.0  41949.0 
42441.0  42388.0 
42442.0  42388.0 
42443.0  42388.0 
42444.0  42388.0 
42445.0  42388.0 
42448.0  41950.0 
42450.0  42469.0 
42454.0  42478.0 
42455.0  42481.0 
42456.0  42481.0 
42457.0  42483.0 
42458.0  42485.0 
42459.0  42478.0 
42460.0  42424.0 
42467.0  42436.0 
42469.0  42478.0 
42475.0  42410.0 
42476.0  42410.0 
42477.0  42897.0 
42481.0  42900.0 
42483.0  42394.0 
42485.0  42906.0 
42490.0  42432.0 
42491.0  42912.0 
42492.0  42915.0 
42493.0  42917.0 
42892.0  42450.0 
42893.0  42450.0 
42894.0  42450.0 
42895.0  42450.0 
42896.0  42450.0 
42897.0  42410.0 
42898.0  42919.0 
42899.0  42922.0 
42900.0  42478.0 
42905.0  42483.0 
42906.0  42478.0 
42911.0  42485.0 
42912.0  42432.0 
42915.0  42432.0 
42917.0  42432.0 
42919.0  42968.0 
42925.0  42481.0 
42926.0  42973.0 
42927.0  42975.0 
42928.0  42977.0 
42961.0  42979.0 
42962.0  42485.0 
42963.0  42485.0 
42965.0  42912.0 
42966.0  42915.0 
42967.0  42917.0 
42968.0  42922.0 
42972.0  42919.0 
42973.0  42481.0 
42975.0  42481.0 
42977.0  42481.0 
42979.0  42485.0 
42985.0  42994.0 
42986.0  42919.0 
42987.0  42919.0 
42989.0  42973.0 
42990.0  42975.0 
42991.0  42977.0 
42992.0  42979.0 
42994.0  42919.0 
42996.0  42994.0 
41948.1  41949.10 
42997.1  41949.12 
