52512.1  52514.0 
52512.1  52515.0 
52512.1  52516.0 
52512.1  52517.0 
52512.1  52518.0 
52512.1  52519.0 
52512.1  52520.0 
52512.1  52521.0 
52512.1  52522.0 
52512.1  52523.0 
52512.1  52524.0 
52512.1  52525.0 
52513.1  52527.0 
52513.1  52515.0 
52513.1  52518.0 
52514.0  52494.0 
52515.0  52495.0 
52516.0  52496.0 
52517.0  52497.0 
52518.0  52498.0 
52519.0  52499.0 
52520.0  52500.0 
52521.0  52501.0 
52524.0  52504.0 
52525.0  23335.0 
52526.1  52515.0 
52526.1  52528.0 
52526.1  52519.0 
52526.1  52518.0 
52526.1  52524.0 
52526.1  52529.0 
52526.1  52530.0 
52527.0  52507.0 
52528.0  52508.0 
52529.0  52509.0 
52530.0  52510.0 
52511.1  52512.1 
52512.0  52513.0 
52513.0  52526.0 
