53603.1  53605.0 
53603.1  53606.0 
53603.1  53607.0 
53603.1  53608.0 
53603.1  53609.0 
53603.1  53610.0 
53603.1  53611.0 
53603.1  53612.0 
53603.1  53613.0 
53603.1  53614.0 
53603.1  53615.0 
53603.1  53616.0 
53604.1  53618.0 
53604.1  53606.0 
53604.1  53609.0 
53605.0  53577.0 
53606.0  53578.0 
53607.0  53579.0 
53608.0  53580.0 
53609.0  53581.0 
53610.0  53582.0 
53611.0  53583.0 
53612.0  53584.0 
53615.0  53587.0 
53616.0  52944.0 
53617.1  53606.0 
53617.1  53619.0 
53617.1  53610.0 
53617.1  53609.0 
53617.1  53615.0 
53617.1  53620.0 
53617.1  53621.0 
53618.0  53590.0 
53619.0  53591.0 
53620.0  53592.0 
53621.0  53593.0 
53602.1  53603.1 
53623.1  53605.0 
53623.1  53606.0 
53623.1  53607.0 
53623.1  53608.0 
53623.1  53609.0 
53623.1  53610.0 
53623.1  53611.0 
53623.1  53612.0 
53623.1  53625.0 
53623.1  53626.0 
53623.1  53615.0 
53623.1  53627.0 
53624.1  53618.0 
53624.1  53606.0 
53624.1  53609.0 
53627.0  53384.0 
53622.1  53623.1 
53629.5  53601.5 
53603.0  53604.0 
53604.0  53617.0 
53623.0  53624.0 
53624.0  53617.0 
53628.1  53629.5 
