10123.1  10125.0 
10123.1  10126.0 
10123.1  10127.0 
10123.1  10128.0 
10123.1  10129.0 
10123.1  10130.0 
10123.1  10131.0 
10123.1  10132.0 
10123.1  10133.0 
10123.1  10134.0 
10123.1  10135.0 
10123.1  10136.0 
10123.1  10137.0 
10123.1  10138.0 
10123.1  10139.0 
10123.1  10140.0 
10123.1  10141.0 
10123.1  10142.0 
10123.1  10143.0 
10123.1  10144.0 
10123.1  10145.0 
10123.1  10146.0 
10123.1  10147.0 
10123.1  10148.0 
10123.1  10149.0 
10123.1  10150.0 
10123.1  10151.0 
10123.1  10152.0 
10123.1  10153.0 
10123.1  10154.0 
10123.1  10155.0 
10123.1  10156.0 
10123.1  10157.0 
10123.1  10158.0 
10123.1  10159.0 
10123.1  10160.0 
10123.1  10161.0 
10123.1  10162.0 
10123.1  10163.0 
10123.1  10164.0 
10123.1  10165.0 
10123.1  10166.0 
10123.1  10167.0 
10123.1  10168.0 
10123.1  10169.0 
10123.1  10170.0 
10123.1  10171.0 
10123.1  10172.0 
10123.1  10173.0 
10123.1  10174.0 
10123.1  10175.0 
10123.1  10176.0 
10123.1  10177.0 
10123.1  10178.0 
10123.1  10179.0 
10123.1  10180.0 
10123.1  10181.0 
10123.1  10182.0 
10123.1  10183.0 
10123.1  10184.0 
10123.1  10185.0 
10123.1  10186.0 
10123.1  10187.0 
10123.1  10188.0 
10123.1  10189.0 
10123.1  10190.0 
10123.1  10191.0 
10123.1  10192.0 
10123.1  10193.0 
10123.1  10194.0 
10123.1  10195.0 
10123.1  10196.0 
10123.1  10197.0 
10123.1  10198.0 
10123.1  10199.0 
10123.1  10200.0 
10123.1  10201.0 
10123.1  10202.0 
10123.1  10203.0 
10123.1  10204.0 
10123.1  10205.0 
10123.1  10206.0 
10123.1  10207.0 
10123.1  10208.0 
10123.1  10209.0 
10123.1  10210.0 
10123.1  10211.0 
10123.1  10212.0 
10123.1  10213.0 
10123.1  10214.0 
10123.1  10215.0 
10123.1  10216.0 
10123.1  10217.0 
10123.1  10218.0 
10123.1  10219.0 
10123.1  10220.0 
10123.1  10221.0 
10123.1  10222.0 
10123.1  10223.0 
10123.1  10224.0 
10123.1  10225.0 
10123.1  10226.0 
10123.1  10227.0 
10123.1  10228.0 
10123.1  10229.0 
10123.1  10230.0 
10123.1  10231.0 
10123.1  10232.0 
10123.1  10233.0 
10123.1  10234.0 
10123.1  10235.0 
10123.1  10236.0 
10123.1  10237.0 
10123.1  10238.0 
10123.1  10239.0 
10123.1  10240.0 
10123.1  10241.0 
10123.1  10242.0 
10123.1  10243.0 
10123.1  10244.0 
10123.1  10245.0 
10123.1  10246.0 
10123.1  10247.0 
10123.1  10248.0 
10123.1  10249.0 
10123.1  10250.0 
10123.1  10251.0 
10123.1  10252.0 
10123.1  10253.0 
10123.1  10254.0 
10123.1  10255.0 
10123.1  10256.0 
10123.1  10257.0 
10123.1  10258.0 
10123.1  10259.0 
10123.1  10260.0 
10123.1  10261.0 
10123.1  10262.0 
10123.1  10263.0 
10123.1  10264.0 
10123.1  10265.0 
10123.1  10266.0 
10123.1  10267.0 
10123.1  10268.0 
10123.1  10269.0 
10123.1  10270.0 
10123.1  10271.0 
10123.1  10272.0 
10123.1  10273.0 
10123.1  10274.0 
10123.1  10275.0 
10123.1  10276.0 
10123.1  10277.0 
10123.1  10278.0 
10123.1  10279.0 
10123.1  10280.0 
10123.1  10281.0 
10123.1  10282.0 
10123.1  10283.0 
10123.1  10284.0 
10123.1  10285.0 
10123.1  10286.0 
10123.1  10287.0 
10123.1  10288.0 
10123.1  10289.0 
10123.1  10290.0 
10123.1  10291.0 
10123.1  10292.0 
10123.1  10293.0 
10123.1  10294.1 
10123.1  10295.0 
10123.1  10296.0 
10123.1  10297.0 
10123.1  10298.0 
10123.1  10299.0 
10123.1  10300.0 
10123.2  10301.0 
10123.2  10302.0 
10123.2  10303.0 
10123.2  10304.0 
10123.2  10305.0 
10123.2  10306.0 
10123.2  10307.0 
10123.2  10308.0 
10123.2  10309.0 
10123.2  10310.0 
10123.2  10311.0 
10123.2  10312.0 
10123.2  10313.0 
10123.2  10314.0 
10123.2  10315.0 
10123.2  10316.0 
10123.2  10317.0 
10123.2  10318.0 
10123.2  10319.0 
10123.2  10320.0 
10123.2  10321.0 
10123.2  10322.0 
10123.2  10323.0 
10123.2  10324.0 
10123.2  10325.0 
10123.2  10326.0 
10123.2  10327.0 
10123.2  10328.0 
10123.2  10329.0 
10123.2  10330.0 
10123.2  10331.0 
10123.2  10332.0 
10123.2  10333.0 
10123.2  10334.0 
10123.2  10335.0 
10123.2  10336.0 
10123.2  10337.0 
10123.2  10338.0 
10123.2  10339.0 
10123.2  10340.0 
10123.2  10341.0 
10123.2  10342.0 
10123.2  10343.0 
10123.2  10344.0 
10123.2  10345.0 
10123.2  10346.0 
10123.2  10347.0 
10123.2  10348.0 
10123.2  10349.0 
10123.2  10350.0 
10123.2  10351.0 
10123.2  10352.0 
10123.2  10353.0 
10123.2  10354.0 
10123.2  10355.0 
10123.2  10356.0 
10123.2  10357.0 
10123.2  10358.0 
10123.2  10359.0 
10123.2  10360.0 
10123.2  10361.0 
10123.2  10362.0 
10123.2  10363.0 
10123.2  10364.0 
10123.2  10365.0 
10123.2  10366.0 
10123.2  10367.0 
10123.2  10368.0 
10123.2  10369.0 
10123.2  10370.0 
10123.2  10371.0 
10123.2  10372.0 
10123.2  10373.0 
10123.2  10374.0 
10123.2  10375.0 
10123.2  10376.0 
10123.2  10377.0 
10123.2  10378.0 
10123.2  10379.0 
10123.2  10380.0 
10123.2  10381.0 
10123.2  10382.0 
10123.2  10383.0 
10123.2  10384.0 
10123.2  10385.0 
10123.2  10386.0 
10123.2  10387.0 
10123.2  10388.0 
10123.2  10389.0 
10123.2  10390.0 
10123.2  10391.0 
10123.2  10392.0 
10123.2  10393.0 
10123.2  10394.0 
10123.2  10395.0 
10123.2  10396.0 
10123.2  10397.0 
10123.2  10398.0 
10123.2  10399.0 
10123.2  10400.0 
10123.2  10401.0 
10123.2  10402.0 
10123.2  10403.0 
10123.2  10404.0 
10123.2  10405.0 
10123.2  10406.0 
10123.2  10407.0 
10123.2  10408.0 
10123.2  10409.0 
10123.2  10410.0 
10123.2  10411.0 
10123.2  10412.0 
10123.2  10413.0 
10123.2  10414.0 
10123.2  10415.0 
10123.2  10416.0 
10123.2  10417.0 
10123.2  10418.0 
10123.2  10419.0 
10123.2  10420.0 
10123.2  10421.0 
10123.2  10422.0 
10123.2  10423.0 
10123.2  10424.0 
10123.2  10425.0 
10123.2  10426.0 
10123.2  10427.0 
10123.2  10428.0 
10123.2  10429.0 
10123.2  10430.0 
10123.2  10431.0 
10123.2  10432.0 
10123.2  10433.0 
10123.2  10434.0 
10123.2  10435.0 
10123.2  10436.0 
10123.2  10437.0 
10123.2  10438.0 
10123.2  10439.0 
10123.2  10440.0 
10123.2  10441.0 
10123.2  10442.0 
10123.2  10443.0 
10123.2  10444.0 
10123.2  10445.0 
10123.2  10446.0 
10123.2  10447.0 
10123.2  10448.0 
10123.2  10449.0 
10123.2  10450.0 
10123.2  10451.0 
10123.2  10452.0 
10123.2  10453.0 
10123.2  10454.0 
10123.2  10455.0 
10123.2  10456.0 
10123.2  10457.0 
10123.2  10458.0 
10123.2  10459.0 
10123.2  10460.0 
10123.2  10461.1 
10123.2  10462.0 
10123.2  10463.0 
10123.2  10464.0 
10123.2  10465.0 
10123.2  10466.0 
10123.2  10467.0 
10123.2  10468.0 
10123.2  10469.0 
10123.2  10470.0 
10123.2  10471.0 
10123.2  10472.0 
10123.2  10473.0 
10123.2  10474.0 
10123.2  10475.0 
10123.2  10476.8 
10123.2  10477.8 
10123.2  10478.0 
10123.2  10479.0 
10123.2  10480.0 
10123.2  10481.0 
10123.2  10482.0 
10123.2  10483.0 
10123.2  10484.0 
10123.2  10485.0 
10123.2  10486.0 
10123.2  10487.0 
10123.2  10488.0 
10123.2  10489.0 
10123.2  10490.0 
10123.3  10491.0 
10123.3  10492.0 
10123.3  10493.0 
10123.3  10494.0 
10123.3  10495.0 
10123.3  10496.0 
10123.3  10497.0 
10123.3  10498.0 
10123.3  10499.2 
10123.3  10500.0 
10123.3  10501.0 
10123.3  10502.0 
10123.3  10503.0 
10123.3  10504.0 
10123.3  10505.0 
10123.4  10506.0 
10123.4  10507.0 
10123.4  10508.0 
10123.4  10509.0 
10123.4  161.1 
10123.4  10510.0 
10123.4  10511.0 
10123.4  10512.0 
10123.4  10513.0 
10123.4  10514.0 
10123.4  10515.1 
10123.4  10516.0 
10123.4  10517.16 
10123.4  10518.16 
10123.4  10519.0 
10123.4  10520.0 
10123.5  10521.0 
10123.5  10522.0 
10123.5  10523.0 
10123.5  10524.0 
10123.5  10525.0 
10123.5  10526.0 
10123.5  10527.0 
10123.5  10528.0 
10123.5  10529.0 
10123.5  10530.3 
10123.5  10531.0 
10123.5  10532.0 
10123.5  10533.0 
10123.5  10534.0 
10123.5  10535.0 
10123.5  10536.0 
10123.5  10537.0 
10123.5  10538.0 
10123.5  10539.8 
10123.5  10540.0 
10123.5  10541.0 
10123.6  10542.0 
10123.6  10543.0 
10123.6  10544.19 
10123.6  10545.0 
10123.6  10546.0 
10123.6  10547.1 
10123.6  10548.0 
10123.6  10549.0 
10123.6  10550.0 
10123.6  10551.0 
10123.6  10552.0 
10123.7  10553.0 
10123.7  10554.0 
10123.7  10555.0 
10123.7  10556.0 
10123.7  10557.0 
10123.8  10558.0 
10123.8  10559.0 
10123.8  10560.0 
10123.8  10561.0 
10123.9  10562.0 
10123.9  10563.0 
10123.9  10564.0 
10123.10  10565.0 
10124.1  10567.0 
10124.1  10129.0 
10124.1  10568.0 
10124.1  10134.0 
10124.1  10150.0 
10124.1  10170.0 
10124.1  10290.0 
10124.1  10175.0 
10124.1  10569.1 
10124.1  10570.1 
10124.1  10571.1 
10125.0  9192.0 
10126.0  9193.0 
10127.0  9194.0 
10128.0  9195.0 
10129.0  9196.0 
10130.0  9197.0 
10131.0  9198.0 
10132.0  9199.0 
10133.0  9200.0 
10134.0  9201.0 
10135.0  9202.0 
10136.0  9203.0 
10137.0  9204.0 
10138.0  9205.0 
10139.0  9206.0 
10140.0  9207.0 
10141.0  9208.0 
10142.0  9209.0 
10143.0  9210.0 
10144.0  9211.0 
10145.0  9212.0 
10146.0  9213.0 
10147.0  9214.0 
10148.0  9215.0 
10149.0  9216.0 
10150.0  9217.0 
10151.0  9218.0 
10152.0  9219.0 
10153.0  9220.0 
10154.0  9221.0 
10155.0  9222.0 
10156.0  9223.0 
10157.0  9224.0 
10158.0  9225.0 
10159.0  9226.0 
10160.0  9227.0 
10161.0  9228.0 
10162.0  9229.0 
10163.0  9230.0 
10164.0  9231.0 
10165.0  9232.0 
10166.0  9233.0 
10167.0  9234.0 
10168.0  9235.0 
10169.0  9236.0 
10170.0  9237.0 
10171.0  9238.0 
10172.0  9239.0 
10173.0  9240.0 
10174.0  9241.0 
10175.0  9242.0 
10176.0  9243.0 
10177.0  9244.0 
10178.0  9245.0 
10179.0  9246.0 
10180.0  9247.0 
10181.0  9248.0 
10182.0  9249.0 
10183.0  9250.0 
10184.0  9251.0 
10185.0  9252.0 
10186.0  9253.0 
10187.0  9254.0 
10188.0  9255.0 
10189.0  9256.0 
10190.0  9257.0 
10191.0  9258.0 
10192.0  9259.0 
10193.0  9260.0 
10194.0  9261.0 
10195.0  9262.0 
10196.0  9263.0 
10197.0  9264.0 
10198.0  9265.0 
10199.0  9266.0 
10200.0  9267.0 
10201.0  9268.0 
10202.0  9269.0 
10203.0  9270.0 
10204.0  9271.0 
10205.0  9272.0 
10206.0  9273.0 
10207.0  9274.0 
10208.0  9275.0 
10209.0  9276.0 
10210.0  9277.0 
10211.0  9278.0 
10212.0  9279.0 
10213.0  9280.0 
10214.0  9281.0 
10215.0  9282.0 
10216.0  9283.0 
10217.0  9284.0 
10218.0  9285.0 
10219.0  9286.0 
10220.0  9287.0 
10221.0  9288.0 
10222.0  9289.0 
10223.0  9290.0 
10224.0  9291.0 
10225.0  9292.0 
10226.0  9293.0 
10227.0  9294.0 
10228.0  9295.0 
10229.0  9296.0 
10230.0  9297.0 
10231.0  9298.0 
10232.0  9299.0 
10233.0  9300.0 
10234.0  9301.0 
10235.0  9302.0 
10236.0  9303.0 
10237.0  9304.0 
10238.0  9305.0 
10239.0  9306.0 
10240.0  9307.0 
10241.0  9308.0 
10242.0  9309.0 
10243.0  9310.0 
10244.0  9311.0 
10245.0  9312.0 
10246.0  9313.0 
10247.0  9314.0 
10248.0  9315.0 
10249.0  9316.0 
10250.0  9317.0 
10251.0  9318.0 
10252.0  9319.0 
10253.0  9320.0 
10254.0  9321.0 
10255.0  9322.0 
10256.0  9323.0 
10257.0  9324.0 
10258.0  9325.0 
10259.0  9326.0 
10260.0  9327.0 
10261.0  9328.0 
10262.0  9329.0 
10263.0  9330.0 
10264.0  9331.0 
10265.0  9332.0 
10266.0  9333.0 
10267.0  9334.0 
10268.0  9335.0 
10269.0  9336.0 
10270.0  9337.0 
10271.0  9338.0 
10272.0  9339.0 
10273.0  9340.0 
10274.0  9341.0 
10275.0  9342.0 
10276.0  9343.0 
10277.0  9344.0 
10278.0  9345.0 
10279.0  9346.0 
10280.0  9347.0 
10281.0  9348.0 
10282.0  9349.0 
10283.0  9350.0 
10284.0  9351.0 
10285.0  9352.0 
10286.0  9353.0 
10287.0  9354.0 
10288.0  9355.0 
10289.0  9356.0 
10290.0  9357.0 
10291.0  9358.0 
10292.0  9359.0 
10293.0  9360.0 
10294.1  10572.14 
10295.0  9362.0 
10296.0  9363.0 
10297.0  9364.0 
10298.0  9365.0 
10299.0  9366.0 
10300.0  9367.0 
10301.0  9368.0 
10302.0  9369.0 
10303.0  9370.0 
10304.0  9371.0 
10305.0  9372.0 
10306.0  9373.0 
10307.0  9374.0 
10308.0  9375.0 
10309.0  9376.0 
10310.0  9377.0 
10311.0  9378.0 
10312.0  9379.0 
10313.0  9380.0 
10314.0  9381.0 
10315.0  9382.0 
10316.0  9383.0 
10317.0  9384.0 
10318.0  9385.0 
10319.0  9386.0 
10320.0  9387.0 
10321.0  9388.0 
10322.0  9389.0 
10323.0  9390.0 
10324.0  9391.0 
10325.0  9392.0 
10326.0  9393.0 
10327.0  9394.0 
10328.0  9395.0 
10329.0  9396.0 
10330.0  9397.0 
10331.0  9398.0 
10332.0  9399.0 
10333.0  9400.0 
10334.0  9401.0 
10335.0  9402.0 
10336.0  9403.0 
10337.0  9404.0 
10338.0  9405.0 
10339.0  9406.0 
10340.0  9407.0 
10341.0  9408.0 
10342.0  9409.0 
10343.0  9410.0 
10344.0  9411.0 
10346.0  9413.0 
10347.0  9414.0 
10348.0  9415.0 
10349.0  9416.0 
10350.0  9417.0 
10351.0  9418.0 
10352.0  9419.0 
10353.0  9420.0 
10354.0  9421.0 
10355.0  9422.0 
10356.0  9423.0 
10357.0  9425.0 
10358.0  9424.0 
10359.0  9426.0 
10360.0  9427.0 
10361.0  9428.0 
10362.0  9429.0 
10363.0  9430.0 
10364.0  9431.0 
10365.0  9432.0 
10366.0  9433.0 
10367.0  9434.0 
10368.0  9435.0 
10369.0  9436.0 
10370.0  9437.0 
10371.0  9438.0 
10372.0  9439.0 
10373.0  9440.0 
10374.0  9441.0 
10375.0  9442.0 
10376.0  9443.0 
10377.0  9444.0 
10378.0  9445.0 
10379.0  9446.0 
10380.0  9447.0 
10381.0  9448.0 
10382.0  9449.0 
10383.0  9450.0 
10384.0  9451.0 
10385.0  9452.0 
10386.0  9453.0 
10387.0  9454.0 
10388.0  9455.0 
10389.0  9456.0 
10390.0  9457.0 
10391.0  9458.0 
10392.0  9459.0 
10393.0  9460.0 
10394.0  9461.0 
10395.0  9462.0 
10396.0  9463.0 
10397.0  9464.0 
10398.0  9465.0 
10399.0  9466.0 
10400.0  9467.0 
10401.0  9468.0 
10402.0  9469.0 
10403.0  9470.0 
10404.0  9471.0 
10405.0  9472.0 
10406.0  9473.0 
10407.0  9474.0 
10408.0  9475.0 
10409.0  9476.0 
10410.0  9477.0 
10411.0  9478.0 
10412.0  9479.0 
10413.0  9480.0 
10414.0  9481.0 
10415.0  9482.0 
10416.0  9483.0 
10417.0  9484.0 
10418.0  9485.0 
10419.0  9486.0 
10420.0  9487.0 
10421.0  9488.0 
10422.0  9489.0 
10423.0  9490.0 
10424.0  9491.0 
10425.0  9492.0 
10426.0  9493.0 
10427.0  9494.0 
10428.0  9495.0 
10429.0  9496.0 
10430.0  9497.0 
10431.0  9498.0 
10432.0  9499.0 
10433.0  9500.0 
10434.0  9501.0 
10435.0  9502.0 
10436.0  9503.0 
10437.0  9504.0 
10438.0  9505.0 
10439.0  9506.0 
10440.0  9507.0 
10441.0  9508.0 
10442.0  9509.0 
10443.0  9510.0 
10444.0  9511.0 
10445.0  9512.0 
10446.0  9513.0 
10447.0  9514.0 
10448.0  9515.0 
10449.0  9516.0 
10450.0  9517.0 
10451.0  9518.0 
10452.0  9519.0 
10453.0  9520.0 
10454.0  9521.0 
10455.0  9522.0 
10456.0  9523.0 
10457.0  9524.0 
10458.0  9525.0 
10459.0  9526.0 
10460.0  9527.0 
10461.1  10572.12 
10462.0  9529.0 
10463.0  9530.0 
10464.0  9531.0 
10465.0  9532.0 
10466.0  9533.0 
10467.0  9534.0 
10468.0  9535.0 
10469.0  9536.0 
10470.0  9537.0 
10471.0  9538.0 
10472.0  9539.0 
10473.0  9540.0 
10474.0  9541.0 
10475.0  9542.0 
10476.8  10572.13 
10476.8  9543.8 
10477.8  10572.13 
10477.8  9544.8 
10478.0  9545.0 
10479.0  9546.0 
10480.0  9547.0 
10481.0  9548.0 
10482.0  9549.0 
10483.0  9550.0 
10484.0  9551.0 
10485.0  9552.0 
10486.0  9553.0 
10487.0  9554.0 
10488.0  9555.0 
10489.0  9556.0 
10490.0  9557.0 
10491.0  9558.0 
10492.0  9559.0 
10493.0  9560.0 
10494.0  9561.0 
10495.0  9562.0 
10496.0  9563.0 
10497.0  9564.0 
10498.0  9565.0 
10499.1  10123.1 
10499.2  10123.2 
10499.3  10123.3 
10499.4  10123.7 
10499.5  10123.8 
10499.6  10123.9 
10500.0  9567.0 
10501.0  9568.0 
10502.0  9569.0 
10503.0  9570.0 
10504.0  9571.0 
10505.0  9572.0 
10506.0  9573.0 
10507.0  9574.0 
10508.0  9575.0 
10509.0  9576.0 
10510.0  9577.0 
10511.0  9578.0 
10512.0  9579.0 
10513.0  9580.0 
10514.0  9581.0 
10515.1  10572.14 
10516.0  9583.0 
10517.16  10572.14 
10517.16  9584.16 
10517.17  10123.4 
10518.16  10572.14 
10518.16  9585.16 
10518.17  10123.6 
10519.0  9586.0 
10520.0  9587.0 
10521.0  9588.0 
10522.0  9589.0 
10523.0  9590.0 
10524.0  9591.0 
10525.0  9592.0 
10526.0  9593.0 
10527.0  9594.0 
10528.0  9595.0 
10529.0  9596.0 
10530.1  10573.1 
10530.2  10574.1 
10530.3  10575.1 
10531.0  9598.0 
10532.0  9599.0 
10533.0  9600.0 
10534.0  9601.0 
10535.0  9602.0 
10536.0  9603.0 
10537.0  9604.0 
10538.0  9605.0 
10539.8  9606.8 
10539.9  10123.5 
10540.0  9607.0 
10541.0  9608.0 
10542.0  9609.0 
10543.0  9610.0 
10544.18  10572.11 
10544.19  10572.13 
10544.19  9611.19 
10545.0  9612.0 
10547.1  10576.1 
10548.0  9615.0 
10549.0  9616.0 
10551.0  9618.0 
10552.0  9619.0 
10553.0  9620.0 
10554.0  9621.0 
10555.0  9622.0 
10556.0  9623.0 
10557.0  9624.0 
10558.0  840.0 
10559.0  841.0 
10560.0  842.0 
10561.1  10123.8 
10562.0  9625.0 
10563.0  9626.0 
10564.0  9627.0 
10565.0  9628.0 
10566.1  10578.0 
10566.1  10129.0 
10566.1  10568.0 
10566.1  10134.0 
10566.1  10150.0 
10566.1  10170.0 
10566.1  10290.0 
10566.1  10175.0 
10566.1  10579.1 
10566.1  10580.1 
10566.1  10581.1 
10566.1  10582.1 
10566.1  10583.1 
10567.0  9630.0 
10568.0  9631.0 
10569.1  10584.1 
10570.1  10585.1 
10571.1  10586.1 
10572.11  10587.0 
10572.12  9650.0 
10572.13  9611.18 
10572.14  10588.1 
10572.15  9566.8 
10572.15  9190.15 
10573.1  10590.0 
10573.1  10129.0 
10573.1  10591.0 
10573.1  10592.0 
10573.1  10150.0 
10573.1  10593.0 
10573.1  10332.0 
10573.1  10594.0 
10573.1  10134.0 
10573.1  10344.0 
10573.1  10595.0 
10573.1  10170.0 
10573.1  10596.2 
10574.1  10598.0 
10574.1  10129.0 
10574.1  10591.0 
10574.1  10592.0 
10574.1  10332.0 
10574.1  10150.0 
10574.1  10593.0 
10574.1  10134.0 
10574.1  10594.0 
10574.1  10344.0 
10574.1  10599.0 
10574.1  10170.0 
10574.1  10530.1 
10575.1  10600.0 
10575.1  10129.0 
10575.1  10150.0 
10575.1  10530.2 
10576.1  10602.0 
10576.1  10129.0 
10576.1  10603.0 
10576.1  10150.0 
10576.1  10170.0 
10576.1  10175.0 
10576.1  10169.0 
10576.1  10604.1 
10576.1  10604.2 
10576.1  10604.3 
10576.1  10604.4 
10576.1  10604.5 
10576.1  10604.6 
10576.1  10604.7 
10577.1  10605.0 
10577.1  10129.0 
10577.1  10150.0 
10578.0  9641.0 
10579.1  10606.1 
10580.1  10607.1 
10581.1  10608.1 
10582.1  10609.1 
10583.1  10610.1 
10584.1  10611.0 
10584.1  10129.0 
10584.1  10150.0 
10584.1  10170.0 
10585.1  10612.0 
10585.1  10129.0 
10585.1  10150.0 
10585.1  10170.0 
10586.1  10614.0 
10586.1  10129.0 
10586.1  10150.0 
10587.0  7774.0 
10588.1  10572.11 
10589.1  10129.0 
10589.1  10568.0 
10589.1  10134.0 
10589.1  10150.0 
10589.1  10170.0 
10589.1  10290.0 
10589.1  10175.0 
10590.0  9653.0 
10591.0  9654.0 
10592.0  9655.0 
10593.0  9656.0 
10594.0  9657.0 
10596.1  10615.1 
10596.2  10616.1 
10597.1  10618.0 
10597.1  10129.0 
10597.1  10568.0 
10597.1  10134.0 
10597.1  10150.0 
10597.1  10170.0 
10597.1  10290.0 
10597.1  10175.0 
10597.1  10176.0 
10597.1  10177.0 
10597.1  10178.0 
10597.1  10619.1 
10597.1  10620.1 
10597.2  10621.1 
10597.3  10622.1 
10598.0  9661.0 
10600.0  9663.0 
10601.1  10623.0 
10601.1  10129.0 
10601.1  10568.0 
10601.1  10134.0 
10601.1  10150.0 
10601.1  10170.0 
10601.1  10290.0 
10601.1  10175.0 
10602.0  9665.0 
10603.0  9666.0 
10604.1  10624.1 
10604.2  10624.2 
10604.3  10624.3 
10604.4  10624.4 
10604.5  10624.5 
10604.6  10624.6 
10604.7  10624.7 
10605.0  9668.0 
10606.1  10612.0 
10606.1  10129.0 
10606.1  10150.0 
10606.1  10170.0 
10607.1  10611.0 
10607.1  10129.0 
10607.1  10150.0 
10607.1  10170.0 
10608.1  10625.0 
10608.1  10129.0 
10608.1  10150.0 
10608.1  10170.0 
10609.1  10625.0 
10609.1  10129.0 
10609.1  10150.0 
10609.1  10170.0 
10610.1  10625.0 
10610.1  10129.0 
10610.1  10150.0 
10610.1  10170.0 
10611.0  9674.0 
10612.0  9675.0 
10614.0  9677.0 
10615.1  10590.0 
10615.1  10129.0 
10615.1  10591.0 
10615.1  10592.0 
10615.1  10150.0 
10615.1  10593.0 
10615.1  10332.0 
10615.1  10594.0 
10615.1  10134.0 
10615.1  10344.0 
10615.1  10627.0 
10615.1  10170.0 
10615.1  10628.1 
10616.1  10598.0 
10616.1  10129.0 
10616.1  10591.0 
10616.1  10592.0 
10616.1  10332.0 
10616.1  10150.0 
10616.1  10593.0 
10616.1  10134.0 
10616.1  10594.0 
10616.1  10344.0 
10616.1  10630.0 
10616.1  10170.0 
10616.1  10596.1 
10617.1  10598.0 
10617.1  10129.0 
10617.1  10591.0 
10617.1  10592.0 
10617.1  10332.0 
10617.1  10150.0 
10617.1  10593.0 
10617.1  10134.0 
10617.1  10594.0 
10617.1  10344.0 
10617.1  10631.0 
10617.1  10170.0 
10618.0  9681.0 
10619.1  10632.0 
10620.1  10633.1 
10621.1  10634.1 
10622.1  10635.1 
10623.0  9686.0 
10624.1  10636.0 
10624.1  10129.0 
10624.1  10637.0 
10624.1  10134.0 
10624.1  10150.0 
10624.1  10638.0 
10624.1  10170.0 
10624.1  10639.0 
10624.1  10640.0 
10624.1  10290.0 
10624.1  10641.0 
10624.1  10642.0 
10624.1  10643.0 
10624.1  10175.0 
10624.1  10644.0 
10624.1  10645.0 
10624.1  10646.0 
10624.1  10647.0 
10624.1  10648.0 
10624.1  10649.0 
10624.1  10650.0 
10624.1  10651.0 
10624.1  10652.0 
10624.1  10653.0 
10624.1  10654.0 
10624.1  10655.0 
10624.1  10656.0 
10624.1  10657.0 
10624.1  10658.0 
10624.1  10659.0 
10624.1  10660.0 
10624.1  10661.0 
10624.1  10662.0 
10624.1  10663.0 
10624.1  10664.0 
10624.1  10665.0 
10624.1  10666.0 
10624.1  10667.0 
10624.1  10668.0 
10624.1  10669.0 
10624.1  10670.0 
10624.1  10671.0 
10624.1  10672.0 
10624.1  10673.0 
10624.1  10674.0 
10624.1  10675.0 
10624.1  10676.0 
10624.1  10677.0 
10624.1  10678.0 
10624.1  10679.0 
10624.1  10680.0 
10624.1  10681.0 
10624.1  10682.0 
10624.1  10683.0 
10624.1  10684.0 
10624.1  10685.0 
10624.1  10686.0 
10624.1  10687.0 
10624.1  10688.0 
10624.1  10689.0 
10624.1  10690.0 
10624.1  10691.0 
10624.1  10692.0 
10624.1  10693.0 
10624.1  10694.0 
10624.1  10695.0 
10624.1  10696.0 
10624.1  10697.0 
10624.1  10698.0 
10624.1  10699.0 
10624.1  10700.0 
10624.1  10701.0 
10624.1  10702.0 
10624.1  10703.0 
10624.1  10704.0 
10624.1  10705.0 
10624.1  10706.0 
10624.1  10707.0 
10624.1  10708.0 
10624.1  10709.0 
10624.1  10710.0 
10624.1  10711.0 
10624.1  10712.0 
10624.1  10713.0 
10624.1  10714.0 
10624.1  10715.0 
10624.2  10716.0 
10624.2  10717.0 
10624.2  10718.0 
10624.2  10719.0 
10624.2  10720.0 
10624.2  10721.0 
10624.2  10722.0 
10624.2  10723.0 
10624.2  10724.0 
10624.2  10725.0 
10624.2  10726.0 
10624.2  10727.0 
10624.2  10728.0 
10624.2  10729.0 
10624.2  10730.0 
10624.2  10731.0 
10624.2  10732.0 
10624.2  10733.0 
10624.2  10734.0 
10624.2  10735.0 
10624.2  10736.0 
10624.2  10737.0 
10624.2  10738.0 
10624.2  10739.0 
10624.2  10740.0 
10624.2  10741.0 
10624.2  10742.0 
10624.2  10743.0 
10624.2  10744.0 
10624.2  10745.0 
10624.2  10746.0 
10624.2  10747.0 
10624.2  10748.0 
10624.2  10749.0 
10624.2  10750.0 
10624.2  10751.0 
10624.2  10752.0 
10624.2  10753.0 
10624.2  10754.0 
10624.2  10755.0 
10624.2  10756.0 
10624.2  10757.0 
10624.2  10758.0 
10624.2  10759.0 
10624.2  10760.0 
10624.2  10761.0 
10624.2  10762.0 
10624.2  10763.0 
10624.2  10764.0 
10624.2  10765.0 
10624.2  10766.0 
10624.2  10767.0 
10624.2  10768.0 
10624.2  10769.0 
10624.2  10770.0 
10624.2  10771.0 
10624.2  10772.0 
10624.2  10773.0 
10624.2  10774.0 
10624.2  10775.0 
10624.2  10776.0 
10624.2  10777.0 
10624.2  10778.0 
10624.2  10779.0 
10624.2  10780.0 
10624.2  10781.0 
10624.2  10782.0 
10624.2  10783.0 
10624.2  10784.0 
10624.2  10785.0 
10624.2  10786.0 
10624.2  10787.0 
10624.2  10788.0 
10624.2  10789.0 
10624.2  10790.0 
10624.2  10791.0 
10624.2  10792.0 
10624.2  10793.0 
10624.2  10794.0 
10624.2  10795.0 
10624.2  10796.0 
10624.2  10797.0 
10624.2  10798.0 
10624.2  10799.0 
10624.3  10800.0 
10624.3  10801.0 
10624.3  10802.0 
10624.3  10803.0 
10624.3  10804.0 
10624.3  10805.0 
10624.3  10806.0 
10624.3  10807.0 
10624.3  10808.0 
10624.3  10809.0 
10624.3  10810.0 
10624.3  10811.0 
10624.3  10812.0 
10624.3  10813.0 
10624.3  10814.0 
10624.3  10815.0 
10624.3  10816.0 
10624.3  10817.0 
10624.3  10818.0 
10624.3  10819.0 
10624.3  10820.0 
10624.3  10821.0 
10624.3  10822.0 
10624.3  10823.0 
10624.3  10824.0 
10624.3  10825.0 
10624.3  10826.0 
10624.3  10827.0 
10624.3  10828.0 
10624.3  10829.0 
10624.3  10830.0 
10624.3  10831.0 
10624.3  10832.0 
10624.3  10833.0 
10624.3  10834.0 
10624.3  10835.0 
10624.3  10836.0 
10624.3  10837.0 
10624.3  10838.0 
10624.3  10839.0 
10624.3  10840.0 
10624.3  10841.0 
10624.3  10842.0 
10624.3  10843.0 
10624.3  10844.0 
10624.3  10845.0 
10624.3  10846.0 
10624.3  10847.0 
10624.3  10848.0 
10624.3  10849.0 
10624.3  10850.0 
10624.3  10851.0 
10624.3  10852.0 
10624.3  10853.0 
10624.3  10854.0 
10624.3  10855.0 
10624.3  10856.0 
10624.3  10857.0 
10624.3  10858.0 
10624.3  10859.0 
10624.3  10860.0 
10624.3  10861.0 
10624.3  10862.0 
10624.3  10863.0 
10624.3  10864.0 
10624.3  10865.0 
10624.3  10866.0 
10624.3  10867.0 
10624.3  10868.0 
10624.3  10869.0 
10624.4  10870.0 
10624.4  10871.0 
10624.4  10872.0 
10624.4  10873.0 
10624.4  10874.0 
10624.4  10875.0 
10624.4  10876.0 
10624.4  10877.0 
10624.4  10878.0 
10624.4  10879.0 
10624.4  10880.0 
10624.4  10881.0 
10624.4  10882.0 
10624.4  10883.0 
10624.4  10884.0 
10624.4  10885.0 
10624.4  10886.0 
10624.4  10887.0 
10624.4  10888.0 
10624.4  10889.0 
10624.4  10890.0 
10624.4  10891.0 
10624.4  10892.0 
10624.4  10893.0 
10624.4  10894.0 
10624.4  10895.0 
10624.4  10896.0 
10624.4  10897.0 
10624.4  10898.0 
10624.4  10899.0 
10624.4  10900.0 
10624.4  10901.0 
10624.4  10902.0 
10624.4  10903.0 
10624.4  10904.0 
10624.4  10905.0 
10624.4  10906.0 
10624.4  10907.0 
10624.4  10908.0 
10624.5  10909.0 
10624.5  10910.0 
10624.5  10911.0 
10624.5  10912.0 
10624.5  10913.0 
10624.5  10914.0 
10624.5  10915.0 
10624.5  10916.0 
10624.5  10917.0 
10624.5  10918.0 
10624.5  10919.0 
10624.5  10920.0 
10624.5  10921.0 
10624.5  10922.0 
10624.5  10923.0 
10624.5  10924.0 
10624.5  10925.0 
10624.5  10926.0 
10624.5  10927.0 
10624.5  10928.0 
10624.5  10929.0 
10624.5  10930.0 
10624.5  10931.0 
10624.5  10932.0 
10624.5  10933.0 
10624.5  10934.0 
10624.5  10935.0 
10624.5  10936.0 
10624.5  10937.0 
10624.5  10938.0 
10624.5  10939.0 
10624.5  10940.0 
10624.5  10941.0 
10624.5  10942.0 
10624.5  10943.0 
10624.5  10944.0 
10624.5  10945.0 
10624.5  10946.0 
10624.5  10947.0 
10624.5  10948.0 
10624.5  10949.0 
10624.5  10950.0 
10624.5  10951.0 
10624.5  10952.0 
10624.5  10953.0 
10624.5  10954.0 
10624.5  10955.0 
10624.5  10956.0 
10624.6  10957.0 
10624.6  10958.0 
10624.6  10959.0 
10624.6  10960.0 
10624.6  10961.0 
10624.6  10962.0 
10624.6  10963.0 
10624.6  10964.0 
10624.6  10965.0 
10624.6  10966.0 
10624.6  10967.0 
10624.6  10968.0 
10624.6  10969.0 
10624.6  10970.0 
10624.6  10971.0 
10624.6  10972.0 
10624.6  10973.0 
10624.6  10974.0 
10624.6  10975.0 
10624.6  10976.0 
10624.6  10977.0 
10624.6  10978.0 
10624.6  10979.0 
10624.6  10980.0 
10624.6  10981.0 
10624.6  10982.0 
10624.6  10983.0 
10624.6  10984.0 
10624.6  10985.0 
10624.6  10986.0 
10624.7  10987.0 
10624.7  10988.0 
10624.7  10989.0 
10624.7  10990.0 
10624.7  10991.0 
10624.7  10992.0 
10624.7  10993.0 
10624.7  10994.0 
10624.7  10995.0 
10624.7  10996.0 
10624.7  10997.0 
10624.7  10998.0 
10624.7  10999.0 
10624.7  11000.0 
10624.7  11001.0 
10624.7  11002.0 
10624.7  11003.0 
10624.7  11004.0 
10624.7  11005.0 
10624.7  11006.0 
10624.7  11007.0 
10624.7  11008.0 
10624.7  11009.0 
10624.7  11010.0 
10624.7  11011.0 
10624.7  11012.0 
10624.7  11013.0 
10624.7  11014.0 
10624.7  11015.0 
10624.7  11016.0 
10624.7  11017.0 
10624.7  11018.0 
10624.7  11019.0 
10624.7  11020.0 
10624.7  11021.0 
10624.7  11022.0 
10624.7  11023.0 
10624.7  11024.0 
10624.7  11025.0 
10624.7  11026.0 
10624.7  11027.0 
10624.7  11028.0 
10624.7  11029.0 
10624.7  11030.0 
10624.7  11031.0 
10624.7  11032.0 
10624.7  11033.0 
10624.7  11034.0 
10624.7  11035.0 
10624.7  11036.0 
10625.0  9688.0 
10626.1  11038.0 
10626.1  9196.0 
10626.1  9631.0 
10626.1  9201.0 
10626.1  9217.0 
10626.1  9237.0 
10626.1  9357.0 
10626.1  9242.0 
10626.1  9243.0 
10626.1  9244.0 
10626.1  9245.0 
10626.1  11039.1 
10626.1  11040.1 
10626.1  9236.0 
10626.1  9250.0 
10626.1  11041.1 
10628.1  11042.1 
10629.1  9652.1 
10633.1  11044.0 
10633.1  10129.0 
10633.1  10150.0 
10633.1  10170.0 
10633.1  10175.0 
10633.1  11045.1 
10634.1  11044.0 
10634.1  10129.0 
10634.1  10150.0 
10634.1  10170.0 
10634.1  10175.0 
10634.1  11047.1 
10635.1  11044.0 
10635.1  10129.0 
10635.1  10150.0 
10635.1  10170.0 
10635.1  10175.0 
10635.1  11049.1 
10636.0  9699.0 
10637.0  9700.0 
10638.0  9701.0 
10640.0  9703.0 
10641.0  9704.0 
10642.0  9705.0 
10643.0  9706.0 
10644.0  9707.0 
10645.0  9708.0 
10646.0  9709.0 
10647.0  9710.0 
10648.0  9711.0 
10649.0  9712.0 
10650.0  9713.0 
10651.0  9714.0 
10652.0  9715.0 
10653.0  9716.0 
10654.0  9717.0 
10655.0  9718.0 
10656.0  9719.0 
10657.0  9720.0 
10658.0  9721.0 
10659.0  9722.0 
10660.0  9723.0 
10661.0  9724.0 
10662.0  9725.0 
10663.0  9726.0 
10664.0  9727.0 
10665.0  9728.0 
10666.0  9729.0 
10667.0  9730.0 
10668.0  9731.0 
10669.0  9732.0 
10670.0  9733.0 
10671.0  9734.0 
10672.0  9735.0 
10673.0  9736.0 
10674.0  9737.0 
10675.0  9738.0 
10676.0  9739.0 
10677.0  9740.0 
10678.0  9741.0 
10679.0  9742.0 
10680.0  9743.0 
10681.0  9744.0 
10682.0  9745.0 
10683.0  9746.0 
10684.0  9747.0 
10685.0  9748.0 
10686.0  9749.0 
10687.0  9750.0 
10688.0  9751.0 
10689.0  9752.0 
10690.0  9753.0 
10691.0  9754.0 
10692.0  9755.0 
10693.0  9756.0 
10694.0  9757.0 
10695.0  9758.0 
10696.0  9759.0 
10697.0  9760.0 
10698.0  9761.0 
10699.0  9762.0 
10700.0  9763.0 
10701.0  9764.0 
10702.0  9765.0 
10703.0  9766.0 
10704.0  9767.0 
10705.0  9768.0 
10706.0  9769.0 
10707.0  9770.0 
10708.0  9771.0 
10709.0  9772.0 
10710.0  9773.0 
10711.0  9774.0 
10712.0  9775.0 
10713.0  9776.0 
10714.0  9777.0 
10715.0  9778.0 
10716.0  9779.0 
10717.0  9780.0 
10718.0  9781.0 
10719.0  9782.0 
10720.0  9783.0 
10721.0  9784.0 
10722.0  9785.0 
10723.0  9786.0 
10724.0  9787.0 
10725.0  9788.0 
10726.0  9789.0 
10727.0  9790.0 
10728.0  9791.0 
10729.0  9792.0 
10730.0  9793.0 
10731.0  9794.0 
10732.0  9795.0 
10733.0  9796.0 
10734.0  9797.0 
10735.0  9798.0 
10736.0  9799.0 
10737.0  9800.0 
10738.0  9801.0 
10739.0  9802.0 
10740.0  9803.0 
10741.0  9804.0 
10742.0  9805.0 
10743.0  9806.0 
10744.0  9807.0 
10745.0  9808.0 
10746.0  9809.0 
10747.0  9810.0 
10748.0  9811.0 
10749.0  9812.0 
10750.0  9813.0 
10751.0  9814.0 
10752.0  9815.0 
10753.0  9816.0 
10754.0  9817.0 
10755.0  9818.0 
10756.0  9819.0 
10757.0  9820.0 
10758.0  9821.0 
10759.0  9822.0 
10760.0  9823.0 
10761.0  9824.0 
10762.0  9825.0 
10763.0  9826.0 
10764.0  9827.0 
10765.0  9828.0 
10766.0  9829.0 
10767.0  9830.0 
10768.0  9831.0 
10769.0  9832.0 
10770.0  9833.0 
10771.0  9834.0 
10772.0  9835.0 
10773.0  9836.0 
10774.0  9837.0 
10775.0  9838.0 
10776.0  9839.0 
10777.0  9840.0 
10778.0  9841.0 
10779.0  9842.0 
10780.0  9843.0 
10781.0  9844.0 
10782.0  9845.0 
10783.0  9846.0 
10784.0  9847.0 
10785.0  9848.0 
10786.0  9849.0 
10787.0  9850.0 
10788.0  9851.0 
10789.0  9852.0 
10790.0  9853.0 
10791.0  9854.0 
10792.0  9855.0 
10793.0  9856.0 
10794.0  9857.0 
10795.0  9858.0 
10796.0  9859.0 
10797.0  9860.0 
10798.0  9861.0 
10799.0  9862.0 
10800.0  9863.0 
10801.0  9864.0 
10802.0  9865.0 
10803.0  9866.0 
10804.0  9867.0 
10805.0  9868.0 
10806.0  9869.0 
10807.0  9870.0 
10808.0  9871.0 
10809.0  9872.0 
10810.0  9873.0 
10811.0  9874.0 
10812.0  9875.0 
10813.0  9876.0 
10814.0  9877.0 
10815.0  9878.0 
10816.0  9879.0 
10817.0  9880.0 
10818.0  9881.0 
10819.0  9882.0 
10820.0  9883.0 
10821.0  9884.0 
10822.0  9885.0 
10823.0  9886.0 
10824.0  9887.0 
10825.0  9888.0 
10826.0  9889.0 
10827.0  9890.0 
10828.0  9891.0 
10829.0  9892.0 
10830.0  9893.0 
10831.0  9894.0 
10832.0  9895.0 
10834.0  9897.0 
10835.0  9898.0 
10836.0  9899.0 
10837.0  9900.0 
10838.0  9901.0 
10839.0  9902.0 
10840.0  9903.0 
10841.0  9904.0 
10842.0  9905.0 
10843.0  9906.0 
10844.0  9907.0 
10845.0  9908.0 
10846.0  9909.0 
10847.0  9910.0 
10848.0  9911.0 
10849.0  9912.0 
10850.0  9913.0 
10851.0  9914.0 
10852.0  9915.0 
10853.0  9916.0 
10854.0  9917.0 
10855.0  9918.0 
10856.0  9919.0 
10857.0  9920.0 
10858.0  9921.0 
10859.0  9922.0 
10860.0  9923.0 
10861.0  9924.0 
10862.0  9925.0 
10863.0  9926.0 
10864.0  9927.0 
10865.0  9928.0 
10866.0  9929.0 
10867.0  9930.0 
10868.0  9931.0 
10869.0  9932.0 
10870.0  9933.0 
10871.0  9934.0 
10872.0  9935.0 
10873.0  9936.0 
10874.0  9937.0 
10875.0  9938.0 
10876.0  9939.0 
10877.0  9940.0 
10878.0  9941.0 
10879.0  9942.0 
10880.0  9943.0 
10881.0  9944.0 
10882.0  9945.0 
10883.0  9946.0 
10884.0  9947.0 
10885.0  9948.0 
10886.0  9949.0 
10887.0  9950.0 
10888.0  9951.0 
10889.0  9952.0 
10890.0  9953.0 
10891.0  9954.0 
10892.0  9955.0 
10893.0  9956.0 
10894.0  9957.0 
10895.0  9958.0 
10896.0  9959.0 
10897.0  9960.0 
10898.0  9961.0 
10899.0  9962.0 
10900.0  9963.0 
10901.0  9964.0 
10902.0  9965.0 
10903.0  9966.0 
10904.0  9967.0 
10905.0  9968.0 
10906.0  9969.0 
10907.0  9970.0 
10908.0  9971.0 
10909.0  9972.0 
10910.0  9973.0 
10911.0  9974.0 
10912.0  9975.0 
10913.0  9976.0 
10914.0  9977.0 
10915.0  9978.0 
10916.0  9979.0 
10917.0  9980.0 
10918.0  9981.0 
10919.0  9982.0 
10920.0  9983.0 
10921.0  9984.0 
10922.0  9985.0 
10923.0  9986.0 
10924.0  9987.0 
10925.0  9988.0 
10926.0  9989.0 
10927.0  9990.0 
10928.0  9991.0 
10929.0  9992.0 
10930.0  9993.0 
10931.0  9994.0 
10932.0  9995.0 
10933.0  9996.0 
10934.0  9997.0 
10935.0  9998.0 
10936.0  9999.0 
10937.0  10000.0 
10938.0  10001.0 
10939.0  10002.0 
10940.0  10003.0 
10941.0  10004.0 
10942.0  10005.0 
10943.0  10006.0 
10944.0  10007.0 
10945.0  10008.0 
10946.0  10009.0 
10947.0  10010.0 
10948.0  10011.0 
10949.0  10012.0 
10950.0  10013.0 
10951.0  10014.0 
10952.0  10015.0 
10953.0  10016.0 
10954.0  10017.0 
10955.0  10018.0 
10956.0  10019.0 
10957.0  10020.0 
10958.0  10021.0 
10959.0  10022.0 
10960.0  10023.0 
10961.0  10024.0 
10962.0  10025.0 
10963.0  10026.0 
10964.0  10027.0 
10965.0  10028.0 
10966.0  10029.0 
10967.0  10030.0 
10968.0  10031.0 
10969.0  10032.0 
10970.0  10033.0 
10971.0  10034.0 
10972.0  10035.0 
10973.0  10036.0 
10974.0  10037.0 
10975.0  10038.0 
10976.0  10039.0 
10977.0  10040.0 
10978.0  10041.0 
10979.0  10042.0 
10980.0  10043.0 
10981.0  10044.0 
10982.0  10045.0 
10983.0  10046.0 
10984.0  10047.0 
10985.0  10048.0 
10986.0  10049.0 
10987.0  10050.0 
10988.0  10051.0 
10989.0  10052.0 
10990.0  10053.0 
10991.0  10054.0 
10992.0  10055.0 
10993.0  10056.0 
10994.0  10057.0 
10995.0  10058.0 
10996.0  10059.0 
10997.0  10060.0 
10998.0  10061.0 
10999.0  10062.0 
11000.0  10063.0 
11001.0  10064.0 
11002.0  10065.0 
11003.0  10066.0 
11004.0  10067.0 
11037.1  9653.0 
11037.1  9196.0 
11037.1  9654.0 
11037.1  9655.0 
11037.1  9217.0 
11037.1  9656.0 
11037.1  9399.0 
11037.1  9657.0 
11037.1  9201.0 
11037.1  9411.0 
11037.1  11050.0 
11037.1  9237.0 
11037.1  9597.3 
11038.0  9159.0 
11039.1  11051.1 
11040.1  11052.1 
11041.1  11053.1 
11042.1  11054.0 
11042.1  9196.0 
11042.1  9217.0 
11042.1  11055.3 
11044.0  10103.0 
11045.1  11056.0 
11047.1  11057.0 
11049.1  11058.0 
11051.1  10103.0 
11051.1  9196.0 
11051.1  9217.0 
11051.1  9237.0 
11051.1  9242.0 
11051.1  11060.1 
11052.1  11061.0 
11052.1  9196.0 
11052.1  9217.0 
11052.1  9237.0 
11052.1  11062.3 
11053.1  11061.0 
11053.1  9196.0 
11053.1  9217.0 
11053.1  9237.0 
11053.1  11063.3 
11054.0  9175.0 
11055.3  9597.3 
11060.1  11064.0 
11061.0  9182.0 
11062.2  9183.2 
11062.3  11065.1 
11062.4  10597.1 
11063.2  9184.2 
11063.3  11065.2 
11063.4  10597.2 
11065.3  9660.3 
10123.0  10124.0 
10124.0  10566.0 
10566.0  10577.0 
10573.0  10589.0 
10574.0  10597.0 
10575.0  10597.0 
10576.0  10601.0 
10577.0  10589.0 
10584.0  10124.0 
10585.0  10124.0 
10586.0  10613.0 
10597.0  10617.0 
10601.0  10123.0 
10606.0  10566.0 
10607.0  10566.0 
10608.0  10566.0 
10609.0  10566.0 
10610.0  10566.0 
10613.0  10124.0 
10615.0  10626.0 
10616.0  10629.0 
10617.0  10589.0 
10624.0  10601.0 
10626.0  11037.0 
10632.0  10597.0 
10633.0  11043.0 
10634.0  11046.0 
10635.0  11048.0 
11037.0  10629.0 
11042.0  10626.0 
11043.0  10597.0 
11046.0  10597.0 
11048.0  10597.0 
11051.0  11059.0 
11052.0  10626.0 
11053.0  10626.0 
11056.0  11043.0 
11057.0  11046.0 
11058.0  11048.0 
11059.0  10626.0 
11064.0  11059.0 
10122.1  10123.10 
11066.1  10123.10 
11067.1  10123.10 
