16687.1  16689.0 
16687.1  16690.0 
16687.1  16691.0 
16687.1  16692.0 
16687.1  16693.0 
16687.1  16694.0 
16687.1  16695.0 
16687.1  16696.0 
16687.1  16697.0 
16687.1  16698.0 
16687.1  16699.0 
16687.1  16700.0 
16687.1  16701.0 
16687.1  16702.0 
16687.1  16703.0 
16687.1  16704.0 
16687.1  16705.0 
16687.1  16706.0 
16687.1  16707.0 
16687.1  16708.0 
16687.1  16709.0 
16687.1  16710.0 
16687.1  16711.0 
16687.1  16712.0 
16687.1  16713.0 
16687.1  16714.0 
16687.1  16715.0 
16687.1  16716.0 
16687.1  16717.0 
16687.1  16718.0 
16687.1  16719.0 
16687.1  16720.0 
16687.1  16721.0 
16687.1  16722.0 
16687.1  16723.0 
16687.1  16724.0 
16687.1  16725.0 
16687.1  16726.0 
16687.1  16727.0 
16687.1  16728.0 
16687.1  16729.0 
16687.1  16730.0 
16687.1  16731.0 
16687.1  16732.0 
16687.1  16733.0 
16687.1  16734.0 
16687.1  16735.0 
16687.1  16736.0 
16687.1  16737.0 
16687.1  16738.0 
16687.1  16739.0 
16687.1  16740.0 
16687.1  16741.0 
16687.1  16742.0 
16687.1  16743.0 
16687.1  16744.0 
16687.1  16745.0 
16687.1  16746.0 
16687.1  16747.0 
16687.1  16748.0 
16687.1  16749.0 
16687.1  16750.0 
16687.1  16751.0 
16687.1  16752.0 
16687.1  16753.0 
16687.1  16754.0 
16687.1  16755.0 
16687.1  16756.0 
16687.1  16757.0 
16687.1  16758.0 
16687.1  16759.0 
16687.1  16760.0 
16687.1  16761.0 
16687.1  16762.0 
16687.1  16763.0 
16687.1  16764.0 
16687.1  16765.0 
16687.1  16766.0 
16687.1  16767.0 
16687.1  16768.0 
16687.1  16769.0 
16687.1  16770.0 
16687.1  16771.0 
16687.1  16772.0 
16687.1  16773.0 
16687.1  16774.0 
16687.1  16775.0 
16687.1  16776.0 
16687.1  16777.0 
16687.1  16778.0 
16687.1  16779.0 
16687.1  16780.0 
16687.1  16781.0 
16687.1  16782.0 
16687.1  16783.0 
16687.1  16784.0 
16687.1  16785.0 
16687.1  16786.0 
16687.1  16787.0 
16687.1  16788.0 
16687.1  16789.0 
16687.1  16790.0 
16687.1  16791.0 
16687.1  16792.0 
16687.1  16793.0 
16687.1  16794.0 
16687.1  16795.0 
16687.1  16796.0 
16687.1  16797.0 
16687.1  16798.0 
16687.1  16799.0 
16687.1  16800.0 
16687.1  16801.0 
16687.1  16802.0 
16687.1  16803.0 
16687.1  16804.0 
16687.1  16805.0 
16687.1  16806.0 
16687.1  16807.0 
16687.1  16808.0 
16687.1  16809.0 
16687.1  16810.0 
16687.1  16811.0 
16687.1  16812.0 
16687.1  16813.0 
16687.1  16814.0 
16687.1  16815.0 
16687.1  16816.0 
16687.1  16817.0 
16687.1  16818.0 
16687.1  16819.0 
16687.1  16820.0 
16687.1  16821.0 
16687.1  16822.0 
16687.1  16823.0 
16687.1  16824.0 
16687.1  16825.0 
16687.1  16826.0 
16687.1  16827.0 
16687.1  16828.0 
16687.1  16829.0 
16687.1  16830.0 
16687.1  16831.0 
16687.1  16832.0 
16687.1  16833.0 
16687.1  16834.0 
16687.1  16835.0 
16687.1  16836.0 
16687.1  16837.0 
16687.1  16838.0 
16687.1  16839.0 
16687.1  16840.0 
16687.1  16841.0 
16687.1  16842.0 
16687.1  16843.0 
16687.1  16844.0 
16687.1  16845.0 
16687.1  16846.0 
16687.1  16847.0 
16687.1  16848.0 
16687.1  16849.0 
16687.1  16850.0 
16687.1  16851.0 
16687.1  16852.0 
16687.1  16853.0 
16687.1  16854.0 
16687.1  16855.0 
16687.1  16856.0 
16687.1  16857.0 
16687.1  16858.1 
16687.1  16859.0 
16687.1  16860.0 
16687.1  16861.0 
16687.1  16862.0 
16687.1  16863.0 
16687.1  16864.0 
16687.2  16865.0 
16687.2  16866.0 
16687.2  16867.0 
16687.2  16868.0 
16687.2  16869.0 
16687.2  16870.0 
16687.2  16871.0 
16687.2  16872.0 
16687.2  16873.0 
16687.2  16874.0 
16687.2  16875.0 
16687.2  16876.0 
16687.2  16877.0 
16687.2  16878.0 
16687.2  16879.0 
16687.2  16880.0 
16687.2  16881.0 
16687.2  16882.0 
16687.2  16883.0 
16687.2  16884.0 
16687.2  16885.0 
16687.2  16886.0 
16687.2  16887.0 
16687.2  16888.0 
16687.2  16889.0 
16687.2  16890.0 
16687.2  16891.0 
16687.2  16892.0 
16687.2  16893.0 
16687.2  16894.0 
16687.2  16895.0 
16687.2  16896.0 
16687.2  16897.0 
16687.2  16898.0 
16687.2  16899.0 
16687.2  16900.0 
16687.2  16901.0 
16687.2  16902.0 
16687.2  16903.0 
16687.2  16904.0 
16687.2  16905.0 
16687.2  16906.0 
16687.2  16907.0 
16687.2  16908.0 
16687.2  16909.0 
16687.2  16910.0 
16687.2  16911.0 
16687.2  16912.0 
16687.2  16913.0 
16687.2  16914.0 
16687.2  16915.0 
16687.2  16916.0 
16687.2  16917.0 
16687.2  16918.0 
16687.2  16919.0 
16687.2  16920.0 
16687.2  16921.0 
16687.2  16922.0 
16687.2  16923.0 
16687.2  16924.0 
16687.2  16925.0 
16687.2  16926.0 
16687.2  16927.0 
16687.2  16928.0 
16687.2  16929.0 
16687.2  16930.0 
16687.2  16931.0 
16687.2  16932.0 
16687.2  16933.0 
16687.2  16934.0 
16687.2  16935.0 
16687.2  16936.0 
16687.2  16937.0 
16687.2  16938.0 
16687.2  16939.0 
16687.2  16940.0 
16687.2  16941.0 
16687.2  16942.0 
16687.2  16943.0 
16687.2  16944.0 
16687.2  16945.0 
16687.2  16946.0 
16687.2  16947.0 
16687.2  16948.0 
16687.2  16949.0 
16687.2  16950.0 
16687.2  16951.0 
16687.2  16952.0 
16687.2  16953.0 
16687.2  16954.0 
16687.2  16955.0 
16687.2  16956.0 
16687.2  16957.0 
16687.2  16958.0 
16687.2  16959.0 
16687.2  16960.0 
16687.2  16961.0 
16687.2  16962.0 
16687.2  16963.0 
16687.2  16964.0 
16687.2  16965.0 
16687.2  16966.0 
16687.2  16967.0 
16687.2  16968.0 
16687.2  16969.0 
16687.2  16970.0 
16687.2  16971.0 
16687.2  16972.0 
16687.2  16973.0 
16687.2  16974.0 
16687.2  16975.0 
16687.2  16976.0 
16687.2  16977.0 
16687.2  16978.0 
16687.2  16979.0 
16687.2  16980.0 
16687.2  16981.0 
16687.2  16982.0 
16687.2  16983.0 
16687.2  16984.0 
16687.2  16985.0 
16687.2  16986.0 
16687.2  16987.0 
16687.2  16988.0 
16687.2  16989.0 
16687.2  16990.0 
16687.2  16991.0 
16687.2  16992.0 
16687.2  16993.0 
16687.2  16994.0 
16687.2  16995.0 
16687.2  16996.0 
16687.2  16997.0 
16687.2  16998.0 
16687.2  16999.0 
16687.2  17000.0 
16687.2  17001.0 
16687.2  17002.0 
16687.2  17003.0 
16687.2  17004.0 
16687.2  17005.0 
16687.2  17006.0 
16687.2  17007.0 
16687.2  17008.0 
16687.2  17009.0 
16687.2  17010.0 
16687.2  17011.0 
16687.2  17012.0 
16687.2  17013.0 
16687.2  17014.0 
16687.2  17015.0 
16687.2  17016.0 
16687.2  17017.0 
16687.2  17018.0 
16687.2  17019.0 
16687.2  17020.0 
16687.2  17021.0 
16687.2  17022.0 
16687.2  17023.0 
16687.2  17024.0 
16687.2  17025.1 
16687.2  17026.0 
16687.2  17027.0 
16687.2  17028.0 
16687.2  17029.0 
16687.2  17030.0 
16687.2  17031.0 
16687.2  17032.0 
16687.2  17033.0 
16687.2  17034.0 
16687.2  17035.0 
16687.2  17036.0 
16687.2  17037.0 
16687.2  17038.0 
16687.2  17039.0 
16687.2  17040.15 
16687.2  17041.15 
16687.2  17042.0 
16687.2  17043.0 
16687.2  17044.0 
16687.2  17045.0 
16687.2  17046.0 
16687.2  17047.0 
16687.2  17048.0 
16687.2  17049.0 
16687.2  17050.0 
16687.2  17051.0 
16687.2  17052.0 
16687.2  17053.0 
16687.2  17054.0 
16687.3  17055.0 
16687.3  17056.0 
16687.3  17057.0 
16687.3  17058.0 
16687.3  17059.0 
16687.3  17060.0 
16687.3  17061.0 
16687.3  17062.0 
16687.3  17063.2 
16687.3  17064.0 
16687.3  17065.0 
16687.3  17066.0 
16687.3  17067.0 
16687.3  17068.0 
16687.3  17069.0 
16687.4  17070.0 
16687.4  17071.0 
16687.4  17072.0 
16687.4  17073.0 
16687.4  301.1 
16687.5  17074.0 
16687.5  17075.0 
16687.5  17076.0 
16687.5  17077.0 
16687.5  17078.0 
16687.5  17079.1 
16687.5  17080.0 
16687.5  17081.30 
16687.5  17082.30 
16687.5  17083.0 
16687.5  17084.0 
16687.6  17085.0 
16687.6  17086.0 
16687.6  17087.0 
16687.6  17088.0 
16687.6  17089.0 
16687.6  17090.0 
16687.6  17091.0 
16687.6  17092.0 
16687.6  17093.0 
16687.6  17094.3 
16687.6  17095.0 
16687.6  17096.0 
16687.6  17097.0 
16687.6  17098.0 
16687.6  17099.0 
16687.6  17100.0 
16687.6  17101.0 
16687.6  17102.0 
16687.6  17103.15 
16687.6  17104.0 
16687.6  17105.0 
16687.7  17106.0 
16687.7  17107.0 
16687.7  17108.36 
16687.7  17109.0 
16687.7  17110.0 
16687.7  17111.1 
16687.7  17112.0 
16687.7  17113.0 
16687.7  17114.0 
16687.7  17115.0 
16687.7  17116.0 
16687.8  17117.0 
16687.8  17118.0 
16687.8  17119.0 
16687.8  17120.0 
16687.8  17121.0 
16687.9  17122.0 
16687.9  17123.0 
16687.9  17124.0 
16687.9  17063.5 
16687.10  17125.0 
16688.1  17127.0 
16688.1  16693.0 
16688.1  17128.0 
16688.1  16698.0 
16688.1  16714.0 
16688.1  16734.0 
16688.1  16854.0 
16688.1  16739.0 
16688.1  17129.1 
16688.1  17130.1 
16688.1  17131.1 
16689.0  15751.0 
16690.0  15752.0 
16691.0  15753.0 
16692.0  15754.0 
16693.0  15755.0 
16694.0  15756.0 
16695.0  15757.0 
16696.0  15758.0 
16697.0  15759.0 
16698.0  15760.0 
16699.0  15761.0 
16700.0  15762.0 
16701.0  15763.0 
16702.0  15764.0 
16703.0  15765.0 
16704.0  15766.0 
16705.0  15767.0 
16706.0  15768.0 
16707.0  15769.0 
16708.0  15770.0 
16709.0  15771.0 
16710.0  15772.0 
16711.0  15773.0 
16712.0  15774.0 
16713.0  15775.0 
16714.0  15776.0 
16715.0  15777.0 
16716.0  15778.0 
16717.0  15779.0 
16718.0  15780.0 
16719.0  15781.0 
16720.0  15782.0 
16721.0  15783.0 
16722.0  15784.0 
16723.0  15785.0 
16724.0  15786.0 
16725.0  15787.0 
16726.0  15788.0 
16727.0  15789.0 
16728.0  15790.0 
16729.0  15791.0 
16730.0  15792.0 
16731.0  15793.0 
16732.0  15794.0 
16733.0  15795.0 
16734.0  15796.0 
16735.0  15797.0 
16736.0  15798.0 
16737.0  15799.0 
16738.0  15800.0 
16739.0  15801.0 
16740.0  15802.0 
16741.0  15803.0 
16742.0  15804.0 
16743.0  15805.0 
16744.0  15806.0 
16745.0  15807.0 
16746.0  15808.0 
16747.0  15809.0 
16748.0  15810.0 
16749.0  15811.0 
16750.0  15812.0 
16751.0  15813.0 
16752.0  15814.0 
16753.0  15815.0 
16754.0  15816.0 
16755.0  15817.0 
16756.0  15818.0 
16757.0  15819.0 
16758.0  15820.0 
16759.0  15821.0 
16760.0  15822.0 
16761.0  15823.0 
16762.0  15824.0 
16763.0  15825.0 
16764.0  15826.0 
16765.0  15827.0 
16766.0  15828.0 
16767.0  15829.0 
16768.0  15830.0 
16769.0  15831.0 
16770.0  15832.0 
16771.0  15833.0 
16772.0  15834.0 
16773.0  15835.0 
16774.0  15836.0 
16775.0  15837.0 
16776.0  15838.0 
16777.0  15839.0 
16778.0  15840.0 
16779.0  15841.0 
16780.0  15842.0 
16781.0  15843.0 
16782.0  15844.0 
16783.0  15845.0 
16784.0  15846.0 
16785.0  15847.0 
16786.0  15848.0 
16787.0  15849.0 
16788.0  15850.0 
16789.0  15851.0 
16790.0  15852.0 
16791.0  15853.0 
16792.0  15854.0 
16793.0  15855.0 
16794.0  15856.0 
16795.0  15857.0 
16796.0  15858.0 
16797.0  15859.0 
16798.0  15860.0 
16799.0  15861.0 
16800.0  15862.0 
16801.0  15863.0 
16802.0  15864.0 
16803.0  15865.0 
16804.0  15866.0 
16805.0  15867.0 
16806.0  15868.0 
16807.0  15869.0 
16808.0  15870.0 
16809.0  15871.0 
16810.0  15872.0 
16811.0  15873.0 
16812.0  15874.0 
16813.0  15875.0 
16814.0  15876.0 
16815.0  15877.0 
16816.0  15878.0 
16817.0  15879.0 
16818.0  15880.0 
16819.0  15881.0 
16820.0  15882.0 
16821.0  15883.0 
16822.0  15884.0 
16823.0  15885.0 
16824.0  15886.0 
16825.0  15887.0 
16826.0  15888.0 
16827.0  15889.0 
16828.0  15890.0 
16829.0  15891.0 
16830.0  15892.0 
16831.0  15893.0 
16832.0  15894.0 
16833.0  15895.0 
16834.0  15896.0 
16835.0  15897.0 
16836.0  15898.0 
16837.0  15899.0 
16838.0  15900.0 
16839.0  15901.0 
16840.0  15902.0 
16841.0  15903.0 
16842.0  15904.0 
16843.0  15905.0 
16844.0  15906.0 
16845.0  15907.0 
16846.0  15908.0 
16847.0  15909.0 
16848.0  15910.0 
16849.0  15911.0 
16850.0  15912.0 
16851.0  15913.0 
16852.0  15914.0 
16853.0  15915.0 
16854.0  15916.0 
16855.0  15917.0 
16856.0  15918.0 
16857.0  15919.0 
16858.1  17132.17 
16859.0  15921.0 
16860.0  15922.0 
16861.0  15923.0 
16862.0  15924.0 
16863.0  15925.0 
16864.0  15926.0 
16865.0  15927.0 
16866.0  15928.0 
16867.0  15929.0 
16868.0  15930.0 
16869.0  15931.0 
16870.0  15932.0 
16871.0  15933.0 
16872.0  15934.0 
16873.0  15935.0 
16874.0  15936.0 
16875.0  15937.0 
16876.0  15938.0 
16877.0  15939.0 
16878.0  15940.0 
16879.0  15941.0 
16880.0  15942.0 
16881.0  15943.0 
16882.0  15944.0 
16883.0  15945.0 
16884.0  15946.0 
16885.0  15947.0 
16886.0  15948.0 
16887.0  15949.0 
16888.0  15950.0 
16889.0  15951.0 
16890.0  15952.0 
16891.0  15953.0 
16892.0  15954.0 
16893.0  15955.0 
16894.0  15956.0 
16895.0  15957.0 
16896.0  15958.0 
16897.0  15959.0 
16898.0  15960.0 
16899.0  15961.0 
16900.0  15962.0 
16901.0  15963.0 
16902.0  15964.0 
16903.0  15965.0 
16904.0  15966.0 
16905.0  15967.0 
16906.0  15968.0 
16907.0  15969.0 
16908.0  15970.0 
16910.0  15972.0 
16911.0  15973.0 
16912.0  15974.0 
16913.0  15975.0 
16914.0  15976.0 
16915.0  15977.0 
16916.0  15978.0 
16917.0  15979.0 
16918.0  15980.0 
16919.0  15981.0 
16920.0  15982.0 
16921.0  15983.0 
16922.0  15984.0 
16923.0  15985.0 
16924.0  15986.0 
16925.0  15987.0 
16926.0  15988.0 
16927.0  15989.0 
16928.0  15990.0 
16929.0  15991.0 
16930.0  15992.0 
16931.0  15993.0 
16932.0  15994.0 
16933.0  15995.0 
16934.0  15996.0 
16935.0  15997.0 
16936.0  15998.0 
16937.0  15999.0 
16938.0  16000.0 
16939.0  16001.0 
16940.0  16002.0 
16941.0  16003.0 
16942.0  16004.0 
16943.0  16005.0 
16944.0  16006.0 
16945.0  16007.0 
16946.0  16008.0 
16947.0  16009.0 
16948.0  16010.0 
16949.0  16011.0 
16950.0  16012.0 
16951.0  16013.0 
16952.0  16014.0 
16953.0  16015.0 
16954.0  16016.0 
16955.0  16017.0 
16956.0  16018.0 
16957.0  16019.0 
16958.0  16020.0 
16959.0  16021.0 
16960.0  16022.0 
16961.0  16023.0 
16962.0  16024.0 
16963.0  16025.0 
16964.0  16026.0 
16965.0  16027.0 
16966.0  16028.0 
16967.0  16029.0 
16968.0  16030.0 
16969.0  16031.0 
16970.0  16032.0 
16971.0  16033.0 
16972.0  16034.0 
16973.0  16035.0 
16974.0  16036.0 
16975.0  16037.0 
16976.0  16038.0 
16977.0  16039.0 
16978.0  16040.0 
16979.0  16041.0 
16980.0  16042.0 
16981.0  16043.0 
16982.0  16044.0 
16983.0  16045.0 
16984.0  16046.0 
16985.0  16047.0 
16986.0  16048.0 
16987.0  16049.0 
16988.0  16050.0 
16989.0  16051.0 
16990.0  16052.0 
16991.0  16053.0 
16992.0  16054.0 
16993.0  16055.0 
16994.0  16056.0 
16995.0  16057.0 
16996.0  16058.0 
16997.0  16059.0 
16998.0  16060.0 
16999.0  16061.0 
17000.0  16062.0 
17001.0  16063.0 
17002.0  16064.0 
17003.0  16065.0 
17004.0  16066.0 
17005.0  16067.0 
17006.0  16068.0 
17007.0  16069.0 
17008.0  16070.0 
17009.0  16071.0 
17010.0  16072.0 
17011.0  16073.0 
17012.0  16074.0 
17013.0  16075.0 
17014.0  16076.0 
17015.0  16077.0 
17016.0  16078.0 
17017.0  16079.0 
17018.0  16080.0 
17019.0  16081.0 
17020.0  16082.0 
17021.0  16083.0 
17022.0  16084.0 
17023.0  16085.0 
17024.0  16086.0 
17025.1  17132.15 
17026.0  16088.0 
17027.0  16089.0 
17028.0  16090.0 
17029.0  16091.0 
17030.0  16092.0 
17031.0  16093.0 
17032.0  16094.0 
17033.0  16095.0 
17034.0  16096.0 
17035.0  16097.0 
17036.0  16098.0 
17037.0  16099.0 
17038.0  16100.0 
17039.0  16101.0 
17040.15  17132.16 
17040.15  16102.15 
17041.15  17132.16 
17041.15  16103.15 
17042.0  16104.0 
17043.0  16105.0 
17044.0  16106.0 
17045.0  16107.0 
17046.0  16108.0 
17047.0  16109.0 
17048.0  16110.0 
17049.0  16111.0 
17050.0  16112.0 
17051.0  16113.0 
17052.0  16114.0 
17053.0  16115.0 
17054.0  16116.0 
17055.0  16117.0 
17056.0  16118.0 
17057.0  16119.0 
17058.0  16120.0 
17059.0  16121.0 
17060.0  16122.0 
17061.0  16123.0 
17062.0  16124.0 
17063.1  16687.1 
17063.2  16687.2 
17063.3  16687.3 
17063.4  16687.4 
17063.5  16687.8 
17063.6  16687.9 
17064.0  16126.0 
17065.0  16127.0 
17066.0  16128.0 
17067.0  16129.0 
17068.0  16130.0 
17069.0  16131.0 
17070.0  16132.0 
17071.0  16133.0 
17072.0  16134.0 
17073.0  16135.0 
17074.0  16136.0 
17075.0  16137.0 
17076.0  16138.0 
17077.0  16139.0 
17078.0  16140.0 
17079.1  17132.17 
17080.0  16142.0 
17081.30  17132.17 
17081.30  16143.30 
17081.31  16687.5 
17082.30  17132.17 
17082.30  16144.30 
17082.31  16687.7 
17083.0  16145.0 
17084.0  16146.0 
17085.0  16147.0 
17086.0  16148.0 
17087.0  16149.0 
17088.0  16150.0 
17089.0  16151.0 
17090.0  16152.0 
17091.0  16153.0 
17092.0  16154.0 
17093.0  16155.0 
17094.1  17133.1 
17094.2  17134.1 
17094.3  17135.1 
17095.0  16157.0 
17096.0  16158.0 
17097.0  16159.0 
17098.0  16160.0 
17099.0  16161.0 
17100.0  16162.0 
17101.0  16163.0 
17102.0  16164.0 
17103.15  16165.15 
17103.16  16687.6 
17104.0  16166.0 
17105.0  16167.0 
17106.0  16168.0 
17107.0  16169.0 
17108.34  17132.10 
17108.35  17132.13 
17108.36  17132.16 
17108.36  16170.36 
17109.0  16171.0 
17111.1  17136.1 
17112.0  16174.0 
17113.0  16175.0 
17115.0  16177.0 
17116.0  16178.0 
17117.0  16179.0 
17118.0  16180.0 
17119.0  16181.0 
17120.0  16182.0 
17121.0  16183.0 
17122.0  16184.0 
17123.0  16185.0 
17124.0  16186.0 
17125.0  16187.0 
17126.1  17138.0 
17126.1  16693.0 
17126.1  17128.0 
17126.1  16698.0 
17126.1  16714.0 
17126.1  16734.0 
17126.1  16854.0 
17126.1  16739.0 
17126.1  17139.1 
17126.1  17140.1 
17126.1  17141.1 
17126.1  17142.1 
17126.1  17143.1 
17127.0  16189.0 
17128.0  16190.0 
17129.1  17144.1 
17130.1  17145.1 
17131.1  17146.1 
17132.11  17147.0 
17132.12  17148.0 
17132.13  16170.34 
17132.14  16125.9 
17132.15  17149.0 
17132.16  16170.35 
17132.17  17150.1 
17132.18  16125.10 
17132.18  15749.18 
17133.1  17152.0 
17133.1  16693.0 
17133.1  17153.0 
17133.1  17154.0 
17133.1  16714.0 
17133.1  17155.0 
17133.1  16896.0 
17133.1  17156.0 
17133.1  16698.0 
17133.1  16908.0 
17133.1  17157.0 
17133.1  16734.0 
17133.1  17158.2 
17134.1  17160.0 
17134.1  16693.0 
17134.1  17153.0 
17134.1  17154.0 
17134.1  16896.0 
17134.1  16714.0 
17134.1  17155.0 
17134.1  16698.0 
17134.1  17156.0 
17134.1  16908.0 
17134.1  17161.0 
17134.1  16734.0 
17134.1  17094.1 
17135.1  17162.0 
17135.1  16693.0 
17135.1  16714.0 
17135.1  17094.2 
17136.1  17164.0 
17136.1  16693.0 
17136.1  17165.0 
17136.1  16714.0 
17136.1  16734.0 
17136.1  16739.0 
17136.1  16733.0 
17136.1  17166.1 
17136.1  17166.2 
17136.1  17166.3 
17136.1  17166.4 
17136.1  17166.5 
17136.1  17166.6 
17136.1  17166.7 
17137.1  17167.0 
17137.1  16693.0 
17137.1  16714.0 
17138.0  16200.0 
17139.1  17168.1 
17140.1  17169.1 
17141.1  17170.1 
17142.1  17171.1 
17143.1  17172.1 
17144.1  17173.0 
17144.1  16693.0 
17144.1  16714.0 
17144.1  16734.0 
17145.1  17174.0 
17145.1  16693.0 
17145.1  16714.0 
17145.1  16734.0 
17146.1  17176.0 
17146.1  16693.0 
17146.1  16714.0 
17147.0  13401.0 
17148.0  15253.0 
17149.0  15276.0 
17150.1  17132.13 
17151.1  16693.0 
17151.1  17128.0 
17151.1  16698.0 
17151.1  16714.0 
17151.1  16734.0 
17151.1  16854.0 
17151.1  16739.0 
17152.0  16211.0 
17153.0  16212.0 
17154.0  16213.0 
17155.0  16214.0 
17156.0  16215.0 
17158.1  17177.1 
17158.2  17178.1 
17159.1  17180.0 
17159.1  16693.0 
17159.1  17128.0 
17159.1  16698.0 
17159.1  16714.0 
17159.1  16734.0 
17159.1  16854.0 
17159.1  16739.0 
17159.1  16740.0 
17159.1  16741.0 
17159.1  16742.0 
17159.1  17181.1 
17159.1  17182.1 
17159.2  17183.1 
17159.3  17184.1 
17160.0  16219.0 
17162.0  16221.0 
17163.1  17185.0 
17163.1  16693.0 
17163.1  17128.0 
17163.1  16698.0 
17163.1  16714.0 
17163.1  16734.0 
17163.1  16854.0 
17163.1  16739.0 
17164.0  16223.0 
17165.0  16224.0 
17166.1  17186.1 
17166.2  17186.2 
17166.3  17186.3 
17166.4  17186.4 
17166.5  17186.5 
17166.6  17186.6 
17166.7  17186.7 
17167.0  16226.0 
17168.1  17174.0 
17168.1  16693.0 
17168.1  16714.0 
17168.1  16734.0 
17169.1  17173.0 
17169.1  16693.0 
17169.1  16714.0 
17169.1  16734.0 
17170.1  17187.0 
17170.1  16693.0 
17170.1  16714.0 
17170.1  16734.0 
17171.1  17187.0 
17171.1  16693.0 
17171.1  16714.0 
17171.1  16734.0 
17172.1  17187.0 
17172.1  16693.0 
17172.1  16714.0 
17172.1  16734.0 
17173.0  16232.0 
17174.0  16233.0 
17176.0  16235.0 
17177.1  17152.0 
17177.1  16693.0 
17177.1  17153.0 
17177.1  17154.0 
17177.1  16714.0 
17177.1  17155.0 
17177.1  16896.0 
17177.1  17156.0 
17177.1  16698.0 
17177.1  16908.0 
17177.1  17189.0 
17177.1  16734.0 
17177.1  17190.1 
17178.1  17160.0 
17178.1  16693.0 
17178.1  17153.0 
17178.1  17154.0 
17178.1  16896.0 
17178.1  16714.0 
17178.1  17155.0 
17178.1  16698.0 
17178.1  17156.0 
17178.1  16908.0 
17178.1  17192.0 
17178.1  16734.0 
17178.1  17158.1 
17179.1  17160.0 
17179.1  16693.0 
17179.1  17153.0 
17179.1  17154.0 
17179.1  16896.0 
17179.1  16714.0 
17179.1  17155.0 
17179.1  16698.0 
17179.1  17156.0 
17179.1  16908.0 
17179.1  17193.0 
17179.1  16734.0 
17180.0  16239.0 
17181.1  17194.0 
17182.1  17195.1 
17183.1  17196.1 
17184.1  17197.1 
17185.0  16244.0 
17186.1  17198.0 
17186.1  16693.0 
17186.1  17199.0 
17186.1  16698.0 
17186.1  16714.0 
17186.1  17200.0 
17186.1  16734.0 
17186.1  17201.0 
17186.1  17202.0 
17186.1  16854.0 
17186.1  17203.0 
17186.1  17204.0 
17186.1  17205.0 
17186.1  16739.0 
17186.1  17206.0 
17186.1  17207.0 
17186.1  17208.0 
17186.1  17209.0 
17186.1  17210.0 
17186.1  17211.0 
17186.1  17212.0 
17186.1  17213.0 
17186.1  17214.0 
17186.1  17215.0 
17186.1  17216.0 
17186.1  17217.0 
17186.1  17218.0 
17186.1  17219.0 
17186.1  17220.0 
17186.1  17221.0 
17186.1  17222.0 
17186.1  17223.0 
17186.1  17224.0 
17186.1  17225.0 
17186.1  17226.0 
17186.1  17227.0 
17186.1  17228.0 
17186.1  17229.0 
17186.1  17230.0 
17186.1  17231.0 
17186.1  17232.0 
17186.1  17233.0 
17186.1  17234.0 
17186.1  17235.0 
17186.1  17236.0 
17186.1  17237.0 
17186.1  17238.0 
17186.1  17239.0 
17186.1  17240.0 
17186.1  17241.0 
17186.1  17242.0 
17186.1  17243.0 
17186.1  17244.0 
17186.1  17245.0 
17186.1  17246.0 
17186.1  17247.0 
17186.1  17248.0 
17186.1  17249.0 
17186.1  17250.0 
17186.1  17251.0 
17186.1  17252.0 
17186.1  17253.0 
17186.1  17254.0 
17186.1  17255.0 
17186.1  17256.0 
17186.1  17257.0 
17186.1  17258.0 
17186.1  17259.0 
17186.1  17260.0 
17186.1  17261.0 
17186.1  17262.0 
17186.1  17263.0 
17186.1  17264.0 
17186.1  17265.0 
17186.1  17266.0 
17186.1  17267.0 
17186.1  17268.0 
17186.1  17269.0 
17186.1  17270.0 
17186.1  17271.0 
17186.1  17272.0 
17186.1  17273.0 
17186.1  17274.0 
17186.1  17275.0 
17186.1  17276.0 
17186.1  17277.0 
17186.2  17278.0 
17186.2  17279.0 
17186.2  17280.0 
17186.2  17281.0 
17186.2  17282.0 
17186.2  17283.0 
17186.2  17284.0 
17186.2  17285.0 
17186.2  17286.0 
17186.2  17287.0 
17186.2  17288.0 
17186.2  17289.0 
17186.2  17290.0 
17186.2  17291.0 
17186.2  17292.0 
17186.2  17293.0 
17186.2  17294.0 
17186.2  17295.0 
17186.2  17296.0 
17186.2  17297.0 
17186.2  17298.0 
17186.2  17299.0 
17186.2  17300.0 
17186.2  17301.0 
17186.2  17302.0 
17186.2  17303.0 
17186.2  17304.0 
17186.2  17305.0 
17186.2  17306.0 
17186.2  17307.0 
17186.2  17308.0 
17186.2  17309.0 
17186.2  17310.0 
17186.2  17311.0 
17186.2  17312.0 
17186.2  17313.0 
17186.2  17314.0 
17186.2  17315.0 
17186.2  17316.0 
17186.2  17317.0 
17186.2  17318.0 
17186.2  17319.0 
17186.2  17320.0 
17186.2  17321.0 
17186.2  17322.0 
17186.2  17323.0 
17186.2  17324.0 
17186.2  17325.0 
17186.2  17326.0 
17186.2  17327.0 
17186.2  17328.0 
17186.2  17329.0 
17186.2  17330.0 
17186.2  17331.0 
17186.2  17332.0 
17186.2  17333.0 
17186.2  17334.0 
17186.2  17335.0 
17186.2  17336.0 
17186.2  17337.0 
17186.2  17338.0 
17186.2  17339.0 
17186.2  17340.0 
17186.2  17341.0 
17186.2  17342.0 
17186.2  17343.0 
17186.2  17344.0 
17186.2  17345.0 
17186.2  17346.0 
17186.2  17347.0 
17186.2  17348.0 
17186.2  17349.0 
17186.2  17350.0 
17186.2  17351.0 
17186.2  17352.0 
17186.2  17353.0 
17186.2  17354.0 
17186.2  17355.0 
17186.2  17356.0 
17186.2  17357.0 
17186.2  17358.0 
17186.2  17359.0 
17186.2  17360.0 
17186.2  17361.0 
17186.3  17362.0 
17186.3  17363.0 
17186.3  17364.0 
17186.3  17365.0 
17186.3  17366.0 
17186.3  17367.0 
17186.3  17368.0 
17186.3  17369.0 
17186.3  17370.0 
17186.3  17371.0 
17186.3  17372.0 
17186.3  17373.0 
17186.3  17374.0 
17186.3  17375.0 
17186.3  17376.0 
17186.3  17377.0 
17186.3  17378.0 
17186.3  17379.0 
17186.3  17380.0 
17186.3  17381.0 
17186.3  17382.0 
17186.3  17383.0 
17186.3  17384.0 
17186.3  17385.0 
17186.3  17386.0 
17186.3  17387.0 
17186.3  17388.0 
17186.3  17389.0 
17186.3  17390.0 
17186.3  17391.0 
17186.3  17392.0 
17186.3  17393.0 
17186.3  17394.0 
17186.3  17395.0 
17186.3  17396.0 
17186.3  17397.0 
17186.3  17398.0 
17186.3  17399.0 
17186.3  17400.0 
17186.3  17401.0 
17186.3  17402.0 
17186.3  17403.0 
17186.3  17404.0 
17186.3  17405.0 
17186.3  17406.0 
17186.3  17407.0 
17186.3  17408.0 
17186.3  17409.0 
17186.3  17410.0 
17186.3  17411.0 
17186.3  17412.0 
17186.3  17413.0 
17186.3  17414.0 
17186.3  17415.0 
17186.3  17416.0 
17186.3  17417.0 
17186.3  17418.0 
17186.3  17419.0 
17186.3  17420.0 
17186.3  17421.0 
17186.3  17422.0 
17186.3  17423.0 
17186.3  17424.0 
17186.3  17425.0 
17186.3  17426.0 
17186.3  17427.0 
17186.3  17428.0 
17186.3  17429.0 
17186.3  17430.0 
17186.3  17431.0 
17186.4  17432.0 
17186.4  17433.0 
17186.4  17434.0 
17186.4  17435.0 
17186.4  17436.0 
17186.4  17437.0 
17186.4  17438.0 
17186.4  17439.0 
17186.4  17440.0 
17186.4  17441.0 
17186.4  17442.0 
17186.4  17443.0 
17186.4  17444.0 
17186.4  17445.0 
17186.4  17446.0 
17186.4  17447.0 
17186.4  17448.0 
17186.4  17449.0 
17186.4  17450.0 
17186.4  17451.0 
17186.4  17452.0 
17186.4  17453.0 
17186.4  17454.0 
17186.4  17455.0 
17186.4  17456.0 
17186.4  17457.0 
17186.4  17458.0 
17186.4  17459.0 
17186.4  17460.0 
17186.4  17461.0 
17186.4  17462.0 
17186.4  17463.0 
17186.4  17464.0 
17186.4  17465.0 
17186.4  17466.0 
17186.4  17467.0 
17186.4  17468.0 
17186.4  17469.0 
17186.4  17470.0 
17186.5  17471.0 
17186.5  17472.0 
17186.5  17473.0 
17186.5  17474.0 
17186.5  17475.0 
17186.5  17476.0 
17186.5  17477.0 
17186.5  17478.0 
17186.5  17479.0 
17186.5  17480.0 
17186.5  17481.0 
17186.5  17482.0 
17186.5  17483.0 
17186.5  17484.0 
17186.5  17485.0 
17186.5  17486.0 
17186.5  17487.0 
17186.5  17488.0 
17186.5  17489.0 
17186.5  17490.0 
17186.5  17491.0 
17186.5  17492.0 
17186.5  17493.0 
17186.5  17494.0 
17186.5  17495.0 
17186.5  17496.0 
17186.5  17497.0 
17186.5  17498.0 
17186.5  17499.0 
17186.5  17500.0 
17186.5  17501.0 
17186.5  17502.0 
17186.5  17503.0 
17186.5  17504.0 
17186.5  17505.0 
17186.5  17506.0 
17186.5  17507.0 
17186.5  17508.0 
17186.5  17509.0 
17186.5  17510.0 
17186.5  17511.0 
17186.5  17512.0 
17186.5  17513.0 
17186.5  17514.0 
17186.5  17515.0 
17186.5  17516.0 
17186.5  17517.0 
17186.5  17518.0 
17186.6  17519.0 
17186.6  17520.0 
17186.6  17521.0 
17186.6  17522.0 
17186.6  17523.0 
17186.6  17524.0 
17186.6  17525.0 
17186.6  17526.0 
17186.6  17527.0 
17186.6  17528.0 
17186.6  17529.0 
17186.6  17530.0 
17186.6  17531.0 
17186.6  17532.0 
17186.6  17533.0 
17186.6  17534.0 
17186.6  17535.0 
17186.6  17536.0 
17186.6  17537.0 
17186.6  17538.0 
17186.6  17539.0 
17186.6  17540.0 
17186.6  17541.0 
17186.6  17542.0 
17186.6  17543.0 
17186.6  17544.0 
17186.6  17545.0 
17186.6  17546.0 
17186.6  17547.0 
17186.6  17548.0 
17186.7  17549.0 
17186.7  17550.0 
17186.7  17551.0 
17186.7  17552.0 
17186.7  17553.0 
17186.7  17554.0 
17186.7  17555.0 
17186.7  17556.0 
17186.7  17557.0 
17186.7  17558.0 
17186.7  17559.0 
17186.7  17560.0 
17186.7  17561.0 
17186.7  17562.0 
17186.7  17563.0 
17186.7  17564.0 
17186.7  17565.0 
17186.7  17566.0 
17186.7  17567.0 
17186.7  17568.0 
17186.7  17569.0 
17186.7  17570.0 
17186.7  17571.0 
17186.7  17572.0 
17186.7  17573.0 
17186.7  17574.0 
17186.7  17575.0 
17186.7  17576.0 
17186.7  17577.0 
17186.7  17578.0 
17186.7  17579.0 
17186.7  17580.0 
17186.7  17581.0 
17186.7  17582.0 
17186.7  17583.0 
17186.7  17584.0 
17186.7  17585.0 
17186.7  17586.0 
17186.7  17587.0 
17186.7  17588.0 
17186.7  17589.0 
17186.7  17590.0 
17186.7  17591.0 
17186.7  17592.0 
17186.7  17593.0 
17186.7  17594.0 
17186.7  17595.0 
17186.7  17596.0 
17186.7  17597.0 
17186.7  17598.0 
17187.0  16246.0 
17188.1  16656.0 
17188.1  15755.0 
17188.1  16190.0 
17188.1  15760.0 
17188.1  15776.0 
17188.1  15796.0 
17188.1  15916.0 
17188.1  15801.0 
17188.1  15802.0 
17188.1  15803.0 
17188.1  15804.0 
17188.1  17600.1 
17188.1  17601.1 
17188.1  15795.0 
17188.1  15809.0 
17188.1  17602.1 
17190.1  17603.1 
17191.1  16210.1 
17195.1  17605.0 
17195.1  16693.0 
17195.1  16714.0 
17195.1  16734.0 
17195.1  16739.0 
17195.1  17606.1 
17196.1  17605.0 
17196.1  16693.0 
17196.1  16714.0 
17196.1  16734.0 
17196.1  16739.0 
17196.1  17608.1 
17197.1  17605.0 
17197.1  16693.0 
17197.1  16714.0 
17197.1  16734.0 
17197.1  16739.0 
17197.1  17610.1 
17198.0  16257.0 
17199.0  16258.0 
17200.0  16259.0 
17202.0  16261.0 
17203.0  16262.0 
17204.0  16263.0 
17205.0  16264.0 
17206.0  16265.0 
17207.0  16266.0 
17208.0  16267.0 
17209.0  16268.0 
17210.0  16269.0 
17211.0  16270.0 
17212.0  16271.0 
17213.0  16272.0 
17214.0  16273.0 
17215.0  16274.0 
17216.0  16275.0 
17217.0  16276.0 
17218.0  16277.0 
17219.0  16278.0 
17220.0  16279.0 
17221.0  16280.0 
17222.0  16281.0 
17223.0  16282.0 
17224.0  16283.0 
17225.0  16284.0 
17226.0  16285.0 
17227.0  16286.0 
17228.0  16287.0 
17229.0  16288.0 
17230.0  16289.0 
17231.0  16290.0 
17232.0  16291.0 
17233.0  16292.0 
17234.0  16293.0 
17235.0  16294.0 
17236.0  16295.0 
17237.0  16296.0 
17238.0  16297.0 
17239.0  16298.0 
17240.0  16299.0 
17241.0  16300.0 
17242.0  16301.0 
17243.0  16302.0 
17244.0  16303.0 
17245.0  16304.0 
17246.0  16305.0 
17247.0  16306.0 
17248.0  16307.0 
17249.0  16308.0 
17250.0  16309.0 
17251.0  16310.0 
17252.0  16311.0 
17253.0  16312.0 
17254.0  16313.0 
17255.0  16314.0 
17256.0  16315.0 
17257.0  16316.0 
17258.0  16317.0 
17259.0  16318.0 
17260.0  16319.0 
17261.0  16320.0 
17262.0  16321.0 
17263.0  16322.0 
17264.0  16323.0 
17265.0  16324.0 
17266.0  16325.0 
17267.0  16326.0 
17268.0  16327.0 
17269.0  16328.0 
17270.0  16329.0 
17271.0  16330.0 
17272.0  16331.0 
17273.0  16332.0 
17274.0  16333.0 
17275.0  16334.0 
17276.0  16335.0 
17277.0  16336.0 
17278.0  16337.0 
17279.0  16338.0 
17280.0  16339.0 
17281.0  16340.0 
17282.0  16341.0 
17283.0  16342.0 
17284.0  16343.0 
17285.0  16344.0 
17286.0  16345.0 
17287.0  16346.0 
17288.0  16347.0 
17289.0  16348.0 
17290.0  16349.0 
17291.0  16350.0 
17292.0  16351.0 
17293.0  16352.0 
17294.0  16353.0 
17295.0  16354.0 
17296.0  16355.0 
17297.0  16356.0 
17298.0  16357.0 
17299.0  16358.0 
17300.0  16359.0 
17301.0  16360.0 
17302.0  16361.0 
17303.0  16362.0 
17304.0  16363.0 
17305.0  16364.0 
17306.0  16365.0 
17307.0  16366.0 
17308.0  16367.0 
17309.0  16368.0 
17310.0  16369.0 
17311.0  16370.0 
17312.0  16371.0 
17313.0  16372.0 
17314.0  16373.0 
17315.0  16374.0 
17316.0  16375.0 
17317.0  16376.0 
17318.0  16377.0 
17319.0  16378.0 
17320.0  16379.0 
17321.0  16380.0 
17322.0  16381.0 
17323.0  16382.0 
17324.0  16383.0 
17325.0  16384.0 
17326.0  16385.0 
17327.0  16386.0 
17328.0  16387.0 
17329.0  16388.0 
17330.0  16389.0 
17331.0  16390.0 
17332.0  16391.0 
17333.0  16392.0 
17334.0  16393.0 
17335.0  16394.0 
17336.0  16395.0 
17337.0  16396.0 
17338.0  16397.0 
17339.0  16398.0 
17340.0  16399.0 
17341.0  16400.0 
17342.0  16401.0 
17343.0  16402.0 
17344.0  16403.0 
17345.0  16404.0 
17346.0  16405.0 
17347.0  16406.0 
17348.0  16407.0 
17349.0  16408.0 
17350.0  16409.0 
17351.0  16410.0 
17352.0  16411.0 
17353.0  16412.0 
17354.0  16413.0 
17355.0  16414.0 
17356.0  16415.0 
17357.0  16416.0 
17358.0  16417.0 
17359.0  16418.0 
17360.0  16419.0 
17361.0  16420.0 
17362.0  16421.0 
17363.0  16422.0 
17364.0  16423.0 
17365.0  16424.0 
17366.0  16425.0 
17367.0  16426.0 
17368.0  16427.0 
17369.0  16428.0 
17370.0  16429.0 
17371.0  16430.0 
17372.0  16431.0 
17373.0  16432.0 
17374.0  16433.0 
17375.0  16434.0 
17376.0  16435.0 
17377.0  16436.0 
17378.0  16437.0 
17379.0  16438.0 
17380.0  16439.0 
17381.0  16440.0 
17382.0  16441.0 
17383.0  16442.0 
17384.0  16443.0 
17385.0  16444.0 
17386.0  16445.0 
17387.0  16446.0 
17388.0  16447.0 
17389.0  16448.0 
17390.0  16449.0 
17391.0  16450.0 
17392.0  16451.0 
17393.0  16452.0 
17394.0  16453.0 
17396.0  16455.0 
17397.0  16456.0 
17398.0  16457.0 
17399.0  16458.0 
17400.0  16459.0 
17401.0  16460.0 
17402.0  16461.0 
17403.0  16462.0 
17404.0  16463.0 
17405.0  16464.0 
17406.0  16465.0 
17407.0  16466.0 
17408.0  16467.0 
17409.0  16468.0 
17410.0  16469.0 
17411.0  16470.0 
17412.0  16471.0 
17413.0  16472.0 
17414.0  16473.0 
17415.0  16474.0 
17416.0  16475.0 
17417.0  16476.0 
17418.0  16477.0 
17419.0  16478.0 
17420.0  16479.0 
17421.0  16480.0 
17422.0  16481.0 
17423.0  16482.0 
17424.0  16483.0 
17425.0  16484.0 
17426.0  16485.0 
17427.0  16486.0 
17428.0  16487.0 
17429.0  16488.0 
17430.0  16489.0 
17431.0  16490.0 
17432.0  16491.0 
17433.0  16492.0 
17434.0  16493.0 
17435.0  16494.0 
17436.0  16495.0 
17437.0  16496.0 
17438.0  16497.0 
17439.0  16498.0 
17440.0  16499.0 
17441.0  16500.0 
17442.0  16501.0 
17443.0  16502.0 
17444.0  16503.0 
17445.0  16504.0 
17446.0  16505.0 
17447.0  16506.0 
17448.0  16507.0 
17449.0  16508.0 
17450.0  16509.0 
17451.0  16510.0 
17452.0  16511.0 
17453.0  16512.0 
17454.0  16513.0 
17455.0  16514.0 
17456.0  16515.0 
17457.0  16516.0 
17458.0  16517.0 
17459.0  16518.0 
17460.0  16519.0 
17461.0  16520.0 
17462.0  16521.0 
17463.0  16522.0 
17464.0  16523.0 
17465.0  16524.0 
17466.0  16525.0 
17467.0  16526.0 
17468.0  16527.0 
17469.0  16528.0 
17470.0  16529.0 
17471.0  16530.0 
17472.0  16531.0 
17473.0  16532.0 
17474.0  16533.0 
17475.0  16534.0 
17476.0  16535.0 
17477.0  16536.0 
17478.0  16537.0 
17479.0  16538.0 
17480.0  16539.0 
17481.0  16540.0 
17482.0  16541.0 
17483.0  16542.0 
17484.0  16543.0 
17485.0  16544.0 
17486.0  16545.0 
17487.0  16546.0 
17488.0  16547.0 
17489.0  16548.0 
17490.0  16549.0 
17491.0  16550.0 
17492.0  16551.0 
17493.0  16552.0 
17494.0  16553.0 
17495.0  16554.0 
17496.0  16555.0 
17497.0  16556.0 
17498.0  16557.0 
17499.0  16558.0 
17500.0  16559.0 
17501.0  16560.0 
17502.0  16561.0 
17503.0  16562.0 
17504.0  16563.0 
17505.0  16564.0 
17506.0  16565.0 
17507.0  16566.0 
17508.0  16567.0 
17509.0  16568.0 
17510.0  16569.0 
17511.0  16570.0 
17512.0  16571.0 
17513.0  16572.0 
17514.0  16573.0 
17515.0  16574.0 
17516.0  16575.0 
17517.0  16576.0 
17518.0  16577.0 
17519.0  16578.0 
17520.0  16579.0 
17521.0  16580.0 
17522.0  16581.0 
17523.0  16582.0 
17524.0  16583.0 
17525.0  16584.0 
17526.0  16585.0 
17527.0  16586.0 
17528.0  16587.0 
17529.0  16588.0 
17530.0  16589.0 
17531.0  16590.0 
17532.0  16591.0 
17533.0  16592.0 
17534.0  16593.0 
17535.0  16594.0 
17536.0  16595.0 
17537.0  16596.0 
17538.0  16597.0 
17539.0  16598.0 
17540.0  16599.0 
17541.0  16600.0 
17542.0  16601.0 
17543.0  16602.0 
17544.0  16603.0 
17545.0  16604.0 
17546.0  16605.0 
17547.0  16606.0 
17548.0  16607.0 
17549.0  16608.0 
17550.0  16609.0 
17551.0  16610.0 
17552.0  16611.0 
17553.0  16612.0 
17554.0  16613.0 
17555.0  16614.0 
17556.0  16615.0 
17557.0  16616.0 
17558.0  16617.0 
17559.0  16618.0 
17560.0  16619.0 
17561.0  16620.0 
17562.0  16621.0 
17563.0  16622.0 
17564.0  16623.0 
17565.0  16624.0 
17566.0  16625.0 
17599.1  16211.0 
17599.1  15755.0 
17599.1  16212.0 
17599.1  16213.0 
17599.1  15776.0 
17599.1  16214.0 
17599.1  15958.0 
17599.1  16215.0 
17599.1  15760.0 
17599.1  15970.0 
17599.1  17611.0 
17599.1  15796.0 
17599.1  16156.3 
17600.1  17612.1 
17601.1  17613.1 
17602.1  17614.1 
17603.1  16672.0 
17603.1  15755.0 
17603.1  15776.0 
17603.1  17615.3 
17605.0  16662.0 
17606.1  17616.0 
17608.1  17617.0 
17610.1  17618.0 
17612.1  16662.0 
17612.1  15755.0 
17612.1  15776.0 
17612.1  15796.0 
17612.1  15801.0 
17612.1  17620.1 
17613.1  16679.0 
17613.1  15755.0 
17613.1  15776.0 
17613.1  15796.0 
17613.1  16680.6 
17614.1  16679.0 
17614.1  15755.0 
17614.1  15776.0 
17614.1  15796.0 
17614.1  16681.10 
17615.3  16156.3 
17620.1  17621.0 
16687.0  16688.0 
16688.0  17126.0 
17126.0  17137.0 
17133.0  17151.0 
17134.0  17159.0 
17135.0  17159.0 
17136.0  17163.0 
17137.0  17151.0 
17144.0  16688.0 
17145.0  16688.0 
17146.0  17175.0 
17159.0  17179.0 
17163.0  16687.0 
17168.0  17126.0 
17169.0  17126.0 
17170.0  17126.0 
17171.0  17126.0 
17172.0  17126.0 
17175.0  16688.0 
17177.0  17188.0 
17178.0  17191.0 
17179.0  17151.0 
17186.0  17163.0 
17188.0  17599.0 
17194.0  17159.0 
17195.0  17604.0 
17196.0  17607.0 
17197.0  17609.0 
17599.0  17191.0 
17603.0  17188.0 
17604.0  17159.0 
17607.0  17159.0 
17609.0  17159.0 
17612.0  17619.0 
17613.0  17188.0 
17614.0  17188.0 
17616.0  17604.0 
17617.0  17607.0 
17618.0  17609.0 
17619.0  17188.0 
17621.0  17619.0 
16686.1  16687.10 
17622.1  16687.10 
17623.1  16687.10 
