55183.1  55185.0 
55183.1  55186.0 
55183.1  55187.0 
55183.1  55188.0 
55183.1  55189.0 
55183.1  55190.0 
55183.1  55191.0 
55183.1  55192.0 
55183.1  55193.0 
55183.1  55194.0 
55183.1  55195.0 
55183.1  55196.0 
55184.1  55198.0 
55184.1  55186.0 
55184.1  55189.0 
55185.0  53829.0 
55186.0  53830.0 
55187.0  53831.0 
55188.0  53832.0 
55189.0  53833.0 
55190.0  53834.0 
55191.0  53835.0 
55192.0  53836.0 
55195.0  53839.0 
55197.1  55186.0 
55197.1  55199.0 
55197.1  55190.0 
55197.1  55189.0 
55197.1  55195.0 
55197.1  55200.0 
55197.1  55201.0 
55198.0  53842.0 
55199.0  53843.0 
55200.0  53844.0 
55201.0  53845.0 
55182.1  55183.1 
55203.1  55205.0 
55203.1  55206.0 
55203.1  55207.0 
55203.1  55208.0 
55203.1  55186.0 
55203.1  55209.0 
55203.1  55210.0 
55203.1  55211.0 
55203.1  55212.0 
55203.1  55190.0 
55203.1  55213.0 
55203.1  55214.0 
55203.1  55215.0 
55203.1  55216.0 
55203.1  55217.0 
55203.1  55218.0 
55203.1  55219.0 
55203.1  55220.0 
55203.1  55221.0 
55203.1  55222.0 
55203.1  55223.0 
55203.1  55224.0 
55203.1  55225.0 
55203.1  55226.0 
55203.1  55227.0 
55203.1  55189.0 
55203.1  55228.0 
55203.1  55229.0 
55203.1  55230.0 
55203.1  55231.0 
55203.1  55232.0 
55203.1  55233.0 
55203.1  55234.0 
55203.1  55235.0 
55203.1  55236.0 
55203.1  55237.0 
55203.1  55238.0 
55203.1  55239.0 
55203.1  55240.0 
55203.1  55241.0 
55203.1  55242.0 
55203.1  55243.0 
55203.1  55244.0 
55203.1  55245.0 
55203.1  55246.0 
55203.1  55195.0 
55203.1  55247.0 
55203.1  55248.0 
55203.1  55249.0 
55203.1  55250.0 
55203.1  55201.0 
55203.1  55251.0 
55203.1  55252.0 
55203.1  55253.0 
55203.1  55254.0 
55203.1  55255.0 
55203.1  55256.0 
55203.1  55257.0 
55203.1  55258.0 
55203.1  55259.0 
55203.1  55260.0 
55203.1  55261.0 
55203.1  55262.0 
55203.1  55263.0 
55203.1  55264.0 
55203.1  55265.0 
55203.1  55266.0 
55203.1  55267.0 
55203.1  55268.0 
55203.1  55269.0 
55203.1  55270.0 
55203.1  55271.0 
55203.1  55272.0 
55203.1  55273.0 
55203.1  55274.0 
55203.1  55275.0 
55203.1  55276.0 
55203.1  55277.0 
55203.1  55278.0 
55203.1  55279.0 
55203.1  55280.0 
55203.1  55281.0 
55203.1  55282.0 
55203.1  55283.0 
55203.1  55284.0 
55203.1  55285.0 
55203.1  55286.0 
55203.1  55287.0 
55203.1  55288.0 
55203.1  55289.0 
55203.1  55290.0 
55203.1  55291.0 
55203.1  55292.0 
55203.1  55293.0 
55203.1  55294.0 
55203.1  55295.0 
55203.1  55296.0 
55203.1  55297.0 
55203.1  55298.0 
55203.1  55299.0 
55203.1  55300.0 
55203.1  55301.0 
55203.1  55302.0 
55203.1  55303.0 
55203.1  55304.0 
55203.1  55305.0 
55203.1  55306.0 
55203.1  55307.0 
55203.1  55308.0 
55203.1  55309.0 
55203.1  55310.0 
55203.1  55311.0 
55203.1  55312.0 
55203.1  55313.0 
55203.1  55314.0 
55203.1  55315.0 
55203.1  55316.0 
55203.1  55317.0 
55203.1  55318.0 
55203.1  55319.0 
55203.1  55320.0 
55203.1  55321.0 
55203.1  55322.0 
55203.1  55323.0 
55203.1  55324.0 
55203.1  55325.0 
55203.1  55326.0 
55203.1  55327.0 
55203.1  55328.0 
55203.1  55329.0 
55203.1  55330.0 
55203.1  55331.0 
55203.1  55332.0 
55203.1  55333.0 
55203.1  55334.0 
55203.1  55335.0 
55203.1  55336.0 
55203.1  55337.0 
55203.1  55338.0 
55203.1  55339.0 
55203.1  55340.0 
55203.1  55341.0 
55203.1  55342.0 
55203.1  55343.0 
55203.1  55344.0 
55203.1  55345.0 
55203.1  55346.0 
55203.1  55347.0 
55203.1  55348.0 
55203.1  55349.0 
55203.1  55350.0 
55203.1  55351.0 
55203.1  55352.0 
55203.1  55353.0 
55203.1  55354.0 
55203.1  55355.0 
55203.1  55356.0 
55203.1  55357.0 
55203.1  55358.0 
55203.1  55359.0 
55203.1  55360.0 
55203.1  55361.0 
55203.1  55362.0 
55203.1  55363.0 
55203.1  55364.0 
55203.1  55200.0 
55203.1  55365.0 
55203.1  55366.0 
55203.1  55367.0 
55203.1  55368.1 
55203.1  55369.0 
55203.1  55370.0 
55203.1  55371.0 
55203.1  55372.0 
55203.1  55373.0 
55203.1  55374.0 
55203.2  55375.0 
55203.2  55376.0 
55203.2  55377.0 
55203.2  55378.0 
55203.2  55379.0 
55203.2  55380.0 
55203.2  55381.0 
55203.2  55382.0 
55203.2  55383.0 
55203.2  55384.0 
55203.2  55385.0 
55203.2  55386.0 
55203.2  55387.0 
55203.2  55388.0 
55203.2  55389.0 
55203.2  55390.0 
55203.2  55391.0 
55203.2  55392.0 
55203.2  55393.0 
55203.2  55394.0 
55203.2  55395.0 
55203.2  55396.0 
55203.2  55397.0 
55203.2  55398.0 
55203.2  55399.0 
55203.2  55400.0 
55203.2  55401.0 
55203.2  55402.0 
55203.2  55403.0 
55203.2  55404.0 
55203.2  55405.0 
55203.2  55187.0 
55203.2  55406.0 
55203.2  55407.0 
55203.2  55408.0 
55203.2  55409.0 
55203.2  55410.0 
55203.2  55411.0 
55203.2  55412.0 
55203.2  55413.0 
55203.2  55414.0 
55203.2  55415.0 
55203.2  55416.0 
55203.2  55192.0 
55203.2  55417.0 
55203.2  55418.0 
55203.2  55419.0 
55203.2  55420.0 
55203.2  55421.0 
55203.2  55422.0 
55203.2  55423.0 
55203.2  55424.0 
55203.2  55425.0 
55203.2  55426.0 
55203.2  55427.0 
55203.2  55428.0 
55203.2  55429.0 
55203.2  55430.0 
55203.2  55431.0 
55203.2  55432.0 
55203.2  55433.0 
55203.2  55434.0 
55203.2  55435.0 
55203.2  55436.0 
55203.2  55437.0 
55203.2  55438.0 
55203.2  55439.0 
55203.2  55440.0 
55203.2  55441.0 
55203.2  55442.0 
55203.2  55443.0 
55203.2  55444.0 
55203.2  55445.0 
55203.2  55446.0 
55203.2  55447.0 
55203.2  55448.0 
55203.2  55449.0 
55203.2  55450.0 
55203.2  55451.0 
55203.2  55452.0 
55203.2  55453.0 
55203.2  55454.0 
55203.2  55455.0 
55203.2  55456.0 
55203.2  55457.0 
55203.2  55458.0 
55203.2  55459.0 
55203.2  55460.0 
55203.2  55461.0 
55203.2  55462.0 
55203.2  55463.0 
55203.2  55464.0 
55203.2  55465.0 
55203.2  55466.0 
55203.2  55467.0 
55203.2  55468.0 
55203.2  55469.0 
55203.2  55470.0 
55203.2  55471.0 
55203.2  55472.0 
55203.2  55473.0 
55203.2  55474.0 
55203.2  55475.0 
55203.2  55476.0 
55203.2  55477.0 
55203.2  55478.0 
55203.2  55479.0 
55203.2  55480.0 
55203.2  55481.0 
55203.2  55482.0 
55203.2  55483.0 
55203.2  55484.0 
55203.2  55485.0 
55203.2  55486.0 
55203.2  55487.0 
55203.2  55488.0 
55203.2  55489.0 
55203.2  55490.0 
55203.2  55491.0 
55203.2  55492.0 
55203.2  55493.0 
55203.2  55494.0 
55203.2  55495.0 
55203.2  55496.0 
55203.2  55497.0 
55203.2  55498.0 
55203.2  55499.0 
55203.2  55500.0 
55203.2  55501.0 
55203.2  55502.0 
55203.2  55503.0 
55203.2  55504.0 
55203.2  55505.0 
55203.2  55506.0 
55203.2  55507.0 
55203.2  55508.0 
55203.2  55509.0 
55203.2  55510.0 
55203.2  55511.0 
55203.2  55512.0 
55203.2  55513.0 
55203.2  55514.0 
55203.2  55515.0 
55203.2  55516.0 
55203.2  55517.0 
55203.2  55518.0 
55203.2  55519.0 
55203.2  55520.0 
55203.2  55521.0 
55203.2  55522.0 
55203.2  55523.0 
55203.2  55524.0 
55203.2  55525.0 
55203.2  55526.0 
55203.2  55527.0 
55203.2  55528.0 
55203.2  55529.0 
55203.2  55530.0 
55203.2  55531.0 
55203.2  55532.0 
55203.2  55533.1 
55203.2  55534.0 
55203.2  55535.0 
55203.2  55536.0 
55203.2  55537.0 
55203.2  55538.0 
55203.2  55539.0 
55203.2  55540.0 
55203.2  55541.0 
55203.2  55542.0 
55203.2  55543.0 
55203.2  55544.0 
55203.2  55545.0 
55203.2  55546.0 
55203.2  55547.0 
55203.2  55548.1 
55203.2  55549.1 
55203.2  55550.0 
55203.2  55551.0 
55203.2  55552.0 
55203.2  55553.0 
55203.2  55554.0 
55203.2  55555.0 
55203.2  55556.0 
55203.2  55557.0 
55203.2  55558.0 
55203.2  55559.0 
55203.2  55560.0 
55203.2  55561.0 
55203.2  55562.0 
55203.3  55563.0 
55203.3  55564.0 
55203.3  55565.0 
55203.3  55566.0 
55203.3  55567.0 
55203.3  55568.0 
55203.3  55569.0 
55203.3  55570.0 
55203.3  55571.2 
55203.3  55572.0 
55203.3  55573.0 
55203.3  55574.0 
55203.3  55575.0 
55203.3  55576.0 
55203.3  55577.0 
55203.4  55578.0 
55203.4  55579.0 
55203.4  55580.0 
55203.4  55581.0 
55203.4  55182.1 
55203.5  55582.0 
55203.5  55583.0 
55203.5  55584.0 
55203.5  55585.0 
55203.5  55586.0 
55203.5  55587.1 
55203.5  55588.0 
55203.5  55589.2 
55203.5  55590.2 
55203.5  55591.0 
55203.5  55592.2 
55203.6  55593.0 
55203.6  55594.0 
55203.6  55595.0 
55203.6  55596.0 
55203.6  55597.0 
55203.6  55598.0 
55203.6  55191.0 
55203.6  55188.0 
55203.6  55599.0 
55203.6  55600.3 
55203.6  55601.0 
55203.6  55602.0 
55203.6  55603.0 
55203.6  55604.0 
55203.6  55605.0 
55203.6  55606.0 
55203.6  55607.0 
55203.6  55608.0 
55203.6  55609.1 
55203.6  55610.0 
55203.6  55611.0 
55203.7  55612.0 
55203.7  55613.0 
55203.7  55614.3 
55203.7  55615.0 
55203.7  55616.0 
55203.7  55617.1 
55203.7  55618.0 
55203.7  55619.0 
55203.7  55620.0 
55203.7  55621.0 
55203.7  55622.0 
55203.8  55623.0 
55203.8  55624.0 
55203.8  55625.0 
55203.8  55626.0 
55203.8  55627.0 
55203.9  55628.0 
55203.9  55629.0 
55203.9  55630.0 
55203.9  55571.5 
55203.10  55631.0 
55204.1  55633.0 
55204.1  55186.0 
55204.1  55199.0 
55204.1  55190.0 
55204.1  55189.0 
55204.1  55195.0 
55204.1  55200.0 
55204.1  55201.0 
55204.1  55634.1 
55204.1  55635.1 
55204.1  55636.1 
55205.0  53849.0 
55206.0  53850.0 
55207.0  53851.0 
55208.0  53852.0 
55209.0  53853.0 
55210.0  53854.0 
55211.0  53855.0 
55212.0  53856.0 
55213.0  53857.0 
55214.0  53858.0 
55215.0  53859.0 
55216.0  53860.0 
55217.0  53861.0 
55218.0  53862.0 
55219.0  53863.0 
55220.0  53864.0 
55221.0  53865.0 
55222.0  53866.0 
55223.0  53867.0 
55224.0  53868.0 
55225.0  53869.0 
55226.0  53870.0 
55227.0  53871.0 
55228.0  53872.0 
55229.0  53873.0 
55230.0  53874.0 
55231.0  53875.0 
55232.0  53876.0 
55233.0  53877.0 
55234.0  53878.0 
55235.0  53879.0 
55236.0  53880.0 
55237.0  53881.0 
55238.0  53882.0 
55239.0  53883.0 
55240.0  53884.0 
55241.0  53885.0 
55242.0  53886.0 
55243.0  53887.0 
55244.0  53888.0 
55245.0  53889.0 
55246.0  53890.0 
55247.0  53891.0 
55248.0  53892.0 
55249.0  53893.0 
55250.0  53894.0 
55251.0  53895.0 
55252.0  53896.0 
55253.0  53897.0 
55254.0  53898.0 
55255.0  53899.0 
55256.0  53900.0 
55257.0  53901.0 
55258.0  53902.0 
55259.0  53903.0 
55260.0  53904.0 
55261.0  53905.0 
55262.0  53906.0 
55263.0  53907.0 
55264.0  53908.0 
55265.0  53909.0 
55266.0  53910.0 
55267.0  53911.0 
55268.0  53912.0 
55269.0  53913.0 
55270.0  53914.0 
55271.0  53915.0 
55272.0  53916.0 
55273.0  53917.0 
55274.0  53918.0 
55275.0  53919.0 
55276.0  53920.0 
55277.0  53921.0 
55278.0  53922.0 
55279.0  53923.0 
55280.0  53924.0 
55281.0  53925.0 
55282.0  53926.0 
55283.0  53927.0 
55284.0  53928.0 
55285.0  53929.0 
55286.0  53930.0 
55287.0  53931.0 
55288.0  53932.0 
55289.0  53933.0 
55290.0  53934.0 
55291.0  53935.0 
55292.0  53936.0 
55293.0  53937.0 
55294.0  53938.0 
55295.0  53939.0 
55296.0  53940.0 
55297.0  53941.0 
55298.0  53942.0 
55299.0  53943.0 
55300.0  53944.0 
55301.0  53945.0 
55302.0  53946.0 
55303.0  53947.0 
55304.0  53948.0 
55305.0  53949.0 
55306.0  53950.0 
55307.0  53951.0 
55308.0  53952.0 
55309.0  53953.0 
55310.0  53954.0 
55311.0  53955.0 
55312.0  53956.0 
55313.0  53957.0 
55314.0  53958.0 
55315.0  53959.0 
55316.0  53960.0 
55317.0  53961.0 
55318.0  53962.0 
55319.0  53963.0 
55320.0  53964.0 
55321.0  53965.0 
55322.0  53966.0 
55323.0  53967.0 
55324.0  53968.0 
55325.0  53969.0 
55326.0  53970.0 
55327.0  53971.0 
55328.0  53972.0 
55329.0  53973.0 
55330.0  53974.0 
55331.0  53975.0 
55332.0  53976.0 
55333.0  53977.0 
55334.0  53978.0 
55335.0  53979.0 
55336.0  53980.0 
55337.0  53981.0 
55338.0  53982.0 
55339.0  53983.0 
55340.0  53984.0 
55341.0  53985.0 
55342.0  53986.0 
55343.0  53987.0 
55344.0  53988.0 
55345.0  53989.0 
55346.0  53990.0 
55347.0  53991.0 
55348.0  53992.0 
55349.0  53993.0 
55350.0  53994.0 
55351.0  53995.0 
55352.0  53996.0 
55353.0  53997.0 
55354.0  53998.0 
55355.0  53999.0 
55356.0  54000.0 
55357.0  54001.0 
55358.0  54002.0 
55359.0  54003.0 
55360.0  54004.0 
55361.0  54005.0 
55362.0  54006.0 
55363.0  54007.0 
55364.0  54008.0 
55365.0  54009.0 
55366.0  54010.0 
55367.0  54011.0 
55368.1  55637.17 
55369.0  54013.0 
55370.0  54014.0 
55371.0  54015.0 
55372.0  54016.0 
55373.0  54017.0 
55374.0  54018.0 
55375.0  54019.0 
55376.0  54020.0 
55377.0  54021.0 
55378.0  54022.0 
55379.0  54023.0 
55380.0  54024.0 
55381.0  54025.0 
55382.0  54026.0 
55383.0  54027.0 
55384.0  54028.0 
55385.0  54029.0 
55386.0  54030.0 
55387.0  54031.0 
55388.0  54032.0 
55389.0  54033.0 
55390.0  54034.0 
55391.0  54035.0 
55392.0  54036.0 
55393.0  54037.0 
55394.0  54038.0 
55395.0  54039.0 
55396.0  54040.0 
55397.0  54041.0 
55398.0  54042.0 
55399.0  54043.0 
55400.0  54044.0 
55401.0  54045.0 
55402.0  54046.0 
55403.0  54047.0 
55404.0  54048.0 
55405.0  54049.0 
55406.0  54050.0 
55407.0  54051.0 
55408.0  54052.0 
55409.0  54053.0 
55410.0  54054.0 
55411.0  54055.0 
55412.0  54056.0 
55413.0  54057.0 
55414.0  54058.0 
55415.0  54059.0 
55416.0  54060.0 
55418.0  54062.0 
55419.0  54063.0 
55420.0  54064.0 
55421.0  54065.0 
55422.0  54066.0 
55423.0  54067.0 
55424.0  54068.0 
55425.0  54069.0 
55426.0  54070.0 
55427.0  54071.0 
55428.0  54072.0 
55429.0  54074.0 
55430.0  54073.0 
55431.0  54075.0 
55432.0  54076.0 
55433.0  54077.0 
55434.0  54078.0 
55435.0  54079.0 
55436.0  54080.0 
55437.0  54081.0 
55438.0  54082.0 
55439.0  54083.0 
55440.0  54084.0 
55441.0  54085.0 
55442.0  54086.0 
55443.0  54087.0 
55444.0  54088.0 
55445.0  54089.0 
55446.0  54090.0 
55447.0  54091.0 
55448.0  54092.0 
55449.0  54093.0 
55450.0  54094.0 
55451.0  54095.0 
55452.0  54096.0 
55453.0  54097.0 
55454.0  54098.0 
55455.0  54099.0 
55456.0  54100.0 
55457.0  54101.0 
55458.0  54102.0 
55459.0  54103.0 
55460.0  54104.0 
55461.0  54105.0 
55462.0  54106.0 
55463.0  54107.0 
55464.0  54108.0 
55465.0  54109.0 
55466.0  54110.0 
55467.0  54111.0 
55468.0  54112.0 
55469.0  54113.0 
55470.0  54114.0 
55471.0  54115.0 
55472.0  54116.0 
55473.0  54117.0 
55474.0  54118.0 
55475.0  54119.0 
55476.0  54120.0 
55477.0  54121.0 
55478.0  54122.0 
55479.0  54123.0 
55480.0  54124.0 
55481.0  54125.0 
55482.0  54126.0 
55483.0  54127.0 
55484.0  54128.0 
55485.0  54129.0 
55486.0  54130.0 
55487.0  54131.0 
55488.0  54132.0 
55489.0  54133.0 
55490.0  54134.0 
55491.0  54135.0 
55492.0  54136.0 
55493.0  54137.0 
55494.0  54138.0 
55495.0  54139.0 
55496.0  54140.0 
55497.0  54141.0 
55498.0  54142.0 
55499.0  54143.0 
55500.0  54144.0 
55501.0  54145.0 
55502.0  54146.0 
55503.0  54147.0 
55504.0  54148.0 
55505.0  54149.0 
55506.0  54150.0 
55507.0  54151.0 
55508.0  54152.0 
55509.0  54153.0 
55510.0  54154.0 
55511.0  54155.0 
55512.0  54156.0 
55513.0  54157.0 
55514.0  54158.0 
55515.0  54159.0 
55516.0  54160.0 
55517.0  54161.0 
55518.0  54162.0 
55519.0  54163.0 
55520.0  54164.0 
55521.0  54165.0 
55522.0  54166.0 
55523.0  54167.0 
55524.0  54168.0 
55525.0  54169.0 
55526.0  54170.0 
55527.0  54171.0 
55528.0  54172.0 
55529.0  54173.0 
55530.0  54174.0 
55531.0  54175.0 
55532.0  54176.0 
55533.1  55637.15 
55534.0  54178.0 
55535.0  54179.0 
55536.0  54180.0 
55537.0  54181.0 
55538.0  54182.0 
55539.0  54183.0 
55540.0  54184.0 
55541.0  54185.0 
55542.0  54186.0 
55543.0  54187.0 
55544.0  54188.0 
55545.0  54189.0 
55546.0  54190.0 
55547.0  54191.0 
55548.1  55637.16 
55548.1  54192.1 
55549.1  55637.16 
55549.1  54193.1 
55550.0  54194.0 
55551.0  54195.0 
55552.0  54196.0 
55553.0  54197.0 
55554.0  54198.0 
55555.0  54199.0 
55556.0  54200.0 
55557.0  54201.0 
55558.0  54202.0 
55559.0  54203.0 
55560.0  54204.0 
55561.0  54205.0 
55562.0  54206.0 
55563.0  54207.0 
55564.0  54208.0 
55565.0  54209.0 
55566.0  54210.0 
55567.0  54211.0 
55568.0  54212.0 
55569.0  54213.0 
55570.0  54214.0 
55571.1  55203.1 
55571.2  55203.2 
55571.3  55203.3 
55571.4  55203.4 
55571.5  55203.8 
55571.6  55203.9 
55572.0  54216.0 
55573.0  54217.0 
55574.0  54218.0 
55575.0  54219.0 
55576.0  54220.0 
55577.0  54221.0 
55578.0  54222.0 
55579.0  54223.0 
55580.0  54224.0 
55581.0  54225.0 
55582.0  54226.0 
55583.0  54227.0 
55584.0  54228.0 
55585.0  54229.0 
55586.0  54230.0 
55587.1  55637.17 
55588.0  54232.0 
55589.2  55637.17 
55589.2  54233.2 
55589.3  55203.5 
55590.1  55637.9 
55590.2  55637.17 
55590.2  54234.2 
55590.3  55203.7 
55591.0  54235.0 
55592.1  55637.9 
55592.2  55637.17 
55592.2  54236.2 
55593.0  54263.0 
55594.0  54264.0 
55595.0  54265.0 
55596.0  54266.0 
55597.0  54267.0 
55598.0  54268.0 
55599.0  54269.0 
55600.1  55638.1 
55600.2  55639.1 
55600.3  55640.1 
55601.0  54271.0 
55602.0  54272.0 
55603.0  54273.0 
55604.0  54274.0 
55605.0  54275.0 
55606.0  54276.0 
55607.0  54277.0 
55608.0  54278.0 
55609.1  54279.1 
55609.2  55203.6 
55610.0  54280.0 
55611.0  54281.0 
55612.0  54756.0 
55613.0  54757.0 
55614.1  55637.10 
55614.2  55637.13 
55614.3  55637.16 
55614.3  54758.3 
55615.0  54759.0 
55617.1  55641.1 
55618.0  54762.0 
55619.0  54763.0 
55621.0  54765.0 
55622.0  54766.0 
55623.0  55176.0 
55624.0  55177.0 
55625.0  55178.0 
55626.0  55179.0 
55627.0  55180.0 
55628.0  54771.0 
55629.0  54772.0 
55630.0  54773.0 
55631.0  54237.0 
55632.1  55643.0 
55632.1  55186.0 
55632.1  55199.0 
55632.1  55190.0 
55632.1  55189.0 
55632.1  55195.0 
55632.1  55200.0 
55632.1  55201.0 
55632.1  55644.1 
55632.1  55645.1 
55632.1  55646.1 
55632.1  55647.1 
55632.1  55648.1 
55633.0  54239.0 
55634.1  55649.1 
55635.1  55650.1 
55636.1  55651.1 
55637.11  55652.0 
55637.12  55653.0 
55637.13  54758.1 
55637.14  54215.7 
55637.15  55654.0 
55637.16  54758.2 
55637.17  55655.1 
55637.18  54215.8 
55637.18  53847.18 
55638.1  55656.0 
55638.1  55186.0 
55638.1  55657.0 
55638.1  55658.0 
55638.1  55189.0 
55638.1  55659.0 
55638.1  55187.0 
55638.1  55660.0 
55638.1  55190.0 
55638.1  55192.0 
55638.1  55661.0 
55638.1  55195.0 
55638.1  55662.2 
55639.1  55664.0 
55639.1  55186.0 
55639.1  55657.0 
55639.1  55658.0 
55639.1  55187.0 
55639.1  55189.0 
55639.1  55659.0 
55639.1  55190.0 
55639.1  55660.0 
55639.1  55192.0 
55639.1  55665.0 
55639.1  55195.0 
55639.1  55600.1 
55640.1  55666.0 
55640.1  55186.0 
55640.1  55189.0 
55640.1  55600.2 
55641.1  55668.0 
55641.1  55186.0 
55641.1  55669.0 
55641.1  55189.0 
55641.1  55195.0 
55641.1  55201.0 
55641.1  55246.0 
55641.1  55670.6 
55641.1  55670.7 
55642.1  55198.0 
55642.1  55186.0 
55642.1  55189.0 
55643.0  54244.0 
55644.1  55671.1 
55645.1  55672.1 
55646.1  55673.1 
55647.1  55674.1 
55648.1  55675.1 
55649.1  55676.0 
55649.1  55186.0 
55649.1  55189.0 
55649.1  55195.0 
55650.1  55677.0 
55650.1  55186.0 
55650.1  55189.0 
55650.1  55195.0 
55651.1  55679.0 
55651.1  55186.0 
55651.1  55189.0 
55655.1  55637.13 
55656.0  54285.0 
55657.0  54286.0 
55658.0  54287.0 
55659.0  54288.0 
55660.0  54289.0 
55662.1  55680.1 
55662.2  55681.1 
55663.1  55683.0 
55663.1  55186.0 
55663.1  55199.0 
55663.1  55190.0 
55663.1  55189.0 
55663.1  55195.0 
55663.1  55200.0 
55663.1  55201.0 
55663.1  55251.0 
55663.1  55252.0 
55663.1  55253.0 
55663.1  55684.1 
55663.1  55685.1 
55663.2  55686.1 
55663.3  55687.1 
55664.0  54293.0 
55666.0  54295.0 
55667.1  55688.0 
55667.1  55186.0 
55667.1  55199.0 
55667.1  55190.0 
55667.1  55189.0 
55667.1  55195.0 
55667.1  55200.0 
55667.1  55201.0 
55668.0  54776.0 
55669.0  54777.0 
55670.1  55689.1 
55670.2  55689.2 
55670.3  55689.3 
55670.4  55689.4 
55670.5  55689.5 
55670.6  55689.6 
55670.7  55689.7 
55671.1  55677.0 
55671.1  55186.0 
55671.1  55189.0 
55671.1  55195.0 
55672.1  55676.0 
55672.1  55186.0 
55672.1  55189.0 
55672.1  55195.0 
55673.1  55690.0 
55673.1  55186.0 
55673.1  55189.0 
55673.1  55195.0 
55674.1  55690.0 
55674.1  55186.0 
55674.1  55189.0 
55674.1  55195.0 
55675.1  55690.0 
55675.1  55186.0 
55675.1  55189.0 
55675.1  55195.0 
55676.0  54258.0 
55677.0  54259.0 
55679.0  54261.0 
55680.1  55656.0 
55680.1  55186.0 
55680.1  55657.0 
55680.1  55658.0 
55680.1  55189.0 
55680.1  55659.0 
55680.1  55187.0 
55680.1  55660.0 
55680.1  55190.0 
55680.1  55192.0 
55680.1  55692.0 
55680.1  55195.0 
55680.1  55693.1 
55681.1  55664.0 
55681.1  55186.0 
55681.1  55657.0 
55681.1  55658.0 
55681.1  55187.0 
55681.1  55189.0 
55681.1  55659.0 
55681.1  55190.0 
55681.1  55660.0 
55681.1  55192.0 
55681.1  55695.0 
55681.1  55195.0 
55681.1  55662.1 
55682.1  55664.0 
55682.1  55186.0 
55682.1  55657.0 
55682.1  55658.0 
55682.1  55187.0 
55682.1  55189.0 
55682.1  55659.0 
55682.1  55190.0 
55682.1  55660.0 
55682.1  55192.0 
55682.1  55696.0 
55682.1  55195.0 
55683.0  54299.0 
55684.1  55697.0 
55685.1  55698.1 
55686.1  55699.1 
55687.1  55700.1 
55688.0  54779.0 
55689.1  55701.0 
55689.1  55186.0 
55689.1  55702.0 
55689.1  55190.0 
55689.1  55189.0 
55689.1  55703.0 
55689.1  55195.0 
55689.1  55704.0 
55689.1  55705.0 
55689.1  55200.0 
55689.1  55706.0 
55689.1  55707.0 
55689.1  55708.0 
55689.1  55201.0 
55689.1  55709.0 
55689.1  55710.0 
55689.1  55711.0 
55689.1  55712.0 
55689.1  55713.0 
55689.1  55714.0 
55689.1  55715.0 
55689.1  55716.0 
55689.1  55717.0 
55689.1  55718.0 
55689.1  55719.0 
55689.1  55720.0 
55689.1  55721.0 
55689.1  55722.0 
55689.1  55723.0 
55689.1  55724.0 
55689.1  55725.0 
55689.1  55726.0 
55689.1  55727.0 
55689.1  55728.0 
55689.1  55729.0 
55689.1  55730.0 
55689.1  55731.0 
55689.1  55732.0 
55689.1  55733.0 
55689.1  55734.0 
55689.1  55735.0 
55689.1  55736.0 
55689.1  55737.0 
55689.1  55738.0 
55689.1  55739.0 
55689.1  55740.0 
55689.1  55741.0 
55689.1  55742.0 
55689.1  55743.0 
55689.1  55744.0 
55689.1  55745.0 
55689.1  55746.0 
55689.1  55747.0 
55689.1  55748.0 
55689.1  55749.0 
55689.1  55750.0 
55689.1  55751.0 
55689.1  55752.0 
55689.1  55753.0 
55689.1  55754.0 
55689.1  55755.0 
55689.1  55756.0 
55689.1  55757.0 
55689.1  55758.0 
55689.1  55759.0 
55689.1  55760.0 
55689.1  55761.0 
55689.1  55762.0 
55689.1  55763.0 
55689.1  55764.0 
55689.1  55765.0 
55689.1  55766.0 
55689.1  55767.0 
55689.1  55768.0 
55689.1  55769.0 
55689.1  55770.0 
55689.1  55771.0 
55689.1  55772.0 
55689.1  55773.0 
55689.1  55774.0 
55689.1  55775.0 
55689.1  55776.0 
55689.1  55777.0 
55689.1  55778.0 
55689.1  55779.0 
55689.1  55780.0 
55689.2  55781.0 
55689.2  55782.0 
55689.2  55783.0 
55689.2  55784.0 
55689.2  55785.0 
55689.2  55786.0 
55689.2  55787.0 
55689.2  55788.0 
55689.2  55789.0 
55689.2  55790.0 
55689.2  55791.0 
55689.2  55792.0 
55689.2  55793.0 
55689.2  55794.0 
55689.2  55795.0 
55689.2  55796.0 
55689.2  55797.0 
55689.2  55798.0 
55689.2  55799.0 
55689.2  55800.0 
55689.2  55801.0 
55689.2  55802.0 
55689.2  55803.0 
55689.2  55804.0 
55689.2  55805.0 
55689.2  55806.0 
55689.2  55807.0 
55689.2  55808.0 
55689.2  55809.0 
55689.2  55810.0 
55689.2  55811.0 
55689.2  55812.0 
55689.2  55813.0 
55689.2  55814.0 
55689.2  55815.0 
55689.2  55816.0 
55689.2  55817.0 
55689.2  55818.0 
55689.2  55819.0 
55689.2  55820.0 
55689.2  55821.0 
55689.2  55822.0 
55689.2  55823.0 
55689.2  55824.0 
55689.2  55825.0 
55689.2  55826.0 
55689.2  55827.0 
55689.2  55828.0 
55689.2  55829.0 
55689.2  55830.0 
55689.2  55831.0 
55689.2  55832.0 
55689.2  55833.0 
55689.2  55834.0 
55689.2  55835.0 
55689.2  55836.0 
55689.2  55837.0 
55689.2  55838.0 
55689.2  55839.0 
55689.2  55840.0 
55689.2  55841.0 
55689.2  55842.0 
55689.2  55843.0 
55689.2  55844.0 
55689.2  55845.0 
55689.2  55846.0 
55689.2  55847.0 
55689.2  55848.0 
55689.2  55849.0 
55689.2  55850.0 
55689.2  55851.0 
55689.2  55852.0 
55689.2  55853.0 
55689.2  55854.0 
55689.2  55855.0 
55689.2  55856.0 
55689.2  55857.0 
55689.2  55858.0 
55689.3  55859.0 
55689.3  55860.0 
55689.3  55861.0 
55689.3  55862.0 
55689.3  55863.0 
55689.3  55864.0 
55689.3  55865.0 
55689.3  55866.0 
55689.3  55867.0 
55689.3  55868.0 
55689.3  55869.0 
55689.3  55870.0 
55689.3  55871.0 
55689.3  55872.0 
55689.3  55873.0 
55689.3  55874.0 
55689.3  55875.0 
55689.3  55876.0 
55689.3  55877.0 
55689.3  55878.0 
55689.3  55879.0 
55689.3  55880.0 
55689.3  55881.0 
55689.3  55882.0 
55689.3  55883.0 
55689.3  55884.0 
55689.3  55885.0 
55689.3  55886.0 
55689.3  55887.0 
55689.3  55888.0 
55689.3  55889.0 
55689.3  55890.0 
55689.3  55891.0 
55689.3  55892.0 
55689.3  55893.0 
55689.3  55894.0 
55689.3  55895.0 
55689.3  55896.0 
55689.3  55897.0 
55689.3  55898.0 
55689.3  55899.0 
55689.3  55900.0 
55689.3  55901.0 
55689.3  55902.0 
55689.3  55903.0 
55689.3  55904.0 
55689.3  55905.0 
55689.3  55906.0 
55689.3  55907.0 
55689.3  55908.0 
55689.3  55909.0 
55689.3  55910.0 
55689.3  55911.0 
55689.3  55912.0 
55689.3  55913.0 
55689.3  55914.0 
55689.3  55915.0 
55689.3  55916.0 
55689.3  55917.0 
55689.3  55918.0 
55689.3  55919.0 
55689.3  55920.0 
55689.3  55921.0 
55689.3  55922.0 
55689.3  55923.0 
55689.3  55924.0 
55689.3  55925.0 
55689.3  55926.0 
55689.3  55927.0 
55689.3  55928.0 
55689.3  55929.0 
55689.3  55930.0 
55689.3  55931.0 
55689.3  55932.0 
55689.3  55933.0 
55689.3  55934.0 
55689.3  55935.0 
55689.3  55936.0 
55689.3  55937.0 
55689.4  55938.0 
55689.4  55939.0 
55689.4  55940.0 
55689.4  55941.0 
55689.4  55942.0 
55689.4  55943.0 
55689.4  55944.0 
55689.4  55945.0 
55689.4  55946.0 
55689.4  55947.0 
55689.4  55948.0 
55689.4  55949.0 
55689.4  55950.0 
55689.4  55951.0 
55689.4  55952.0 
55689.4  55953.0 
55689.4  55954.0 
55689.4  55955.0 
55689.4  55956.0 
55689.4  55957.0 
55689.4  55958.0 
55689.4  55959.0 
55689.4  55960.0 
55689.4  55961.0 
55689.4  55962.0 
55689.4  55963.0 
55689.4  55964.0 
55689.4  55965.0 
55689.4  55966.0 
55689.4  55967.0 
55689.4  55968.0 
55689.4  55969.0 
55689.4  55970.0 
55689.4  55971.0 
55689.4  55972.0 
55689.4  55973.0 
55689.4  55974.0 
55689.4  55975.0 
55689.4  55976.0 
55689.5  55977.0 
55689.5  55978.0 
55689.5  55979.0 
55689.5  55980.0 
55689.5  55981.0 
55689.5  55982.0 
55689.5  55983.0 
55689.5  55984.0 
55689.5  55985.0 
55689.5  55986.0 
55689.5  55987.0 
55689.5  55988.0 
55689.5  55989.0 
55689.5  55990.0 
55689.5  55991.0 
55689.5  55992.0 
55689.5  55993.0 
55689.5  55994.0 
55689.5  55995.0 
55689.5  55996.0 
55689.5  55997.0 
55689.5  55998.0 
55689.5  55999.0 
55689.5  56000.0 
55689.5  56001.0 
55689.5  56002.0 
55689.5  56003.0 
55689.5  56004.0 
55689.5  56005.0 
55689.5  56006.0 
55689.5  56007.0 
55689.5  56008.0 
55689.5  56009.0 
55689.5  56010.0 
55689.5  56011.0 
55689.5  56012.0 
55689.5  56013.0 
55689.5  56014.0 
55689.5  56015.0 
55689.5  56016.0 
55689.5  56017.0 
55689.5  56018.0 
55689.5  56019.0 
55689.5  56020.0 
55689.5  56021.0 
55689.5  56022.0 
55689.5  56023.0 
55689.5  56024.0 
55689.6  56025.0 
55689.6  56026.0 
55689.6  56027.0 
55689.6  56028.0 
55689.6  56029.0 
55689.6  56030.0 
55689.6  56031.0 
55689.6  56032.0 
55689.6  56033.0 
55689.6  56034.0 
55689.6  56035.0 
55689.6  56036.0 
55689.6  56037.0 
55689.6  56038.0 
55689.6  56039.0 
55689.6  56040.0 
55689.6  56041.0 
55689.6  56042.0 
55689.6  56043.0 
55689.6  56044.0 
55689.6  56045.0 
55689.6  56046.0 
55689.6  56047.0 
55689.6  56048.0 
55689.6  56049.0 
55689.6  56050.0 
55689.6  56051.0 
55689.7  56052.0 
55689.7  56053.0 
55689.7  56054.0 
55689.7  56055.0 
55689.7  56056.0 
55689.7  56057.0 
55689.7  56058.0 
55689.7  56059.0 
55689.7  56060.0 
55689.7  56061.0 
55689.7  56062.0 
55689.7  56063.0 
55689.7  56064.0 
55689.7  56065.0 
55689.7  56066.0 
55689.7  56067.0 
55689.7  56068.0 
55689.7  56069.0 
55689.7  56070.0 
55689.7  56071.0 
55689.7  56072.0 
55689.7  56073.0 
55689.7  56074.0 
55689.7  56075.0 
55689.7  56076.0 
55689.7  56077.0 
55689.7  56078.0 
55689.7  56079.0 
55689.7  56080.0 
55689.7  56081.0 
55689.7  56082.0 
55689.7  56083.0 
55689.7  56084.0 
55689.7  56085.0 
55689.7  56086.0 
55689.7  56087.0 
55689.7  56088.0 
55689.7  56089.0 
55689.7  56090.0 
55689.7  56091.0 
55689.7  56092.0 
55690.0  54262.0 
55691.1  54315.0 
55691.1  53830.0 
55691.1  53843.0 
55691.1  53834.0 
55691.1  53833.0 
55691.1  53839.0 
55691.1  53844.0 
55691.1  53845.0 
55691.1  53895.0 
55691.1  53896.0 
55691.1  53897.0 
55691.1  56094.1 
55691.1  56095.1 
55691.1  53890.0 
55691.1  53902.0 
55691.1  56096.1 
55693.1  56097.1 
55694.1  53841.1 
55698.1  56099.0 
55698.1  55186.0 
55698.1  55189.0 
55698.1  55195.0 
55698.1  55201.0 
55698.1  56100.1 
55699.1  56099.0 
55699.1  55186.0 
55699.1  55189.0 
55699.1  55195.0 
55699.1  55201.0 
55699.1  56102.1 
55700.1  56099.0 
55700.1  55186.0 
55700.1  55189.0 
55700.1  55195.0 
55700.1  55201.0 
55700.1  56104.1 
55701.0  54781.0 
55702.0  54782.0 
55703.0  54783.0 
55705.0  54785.0 
55706.0  54786.0 
55707.0  54787.0 
55708.0  54788.0 
55709.0  54789.0 
55710.0  54790.0 
55711.0  54791.0 
55712.0  54792.0 
55713.0  54793.0 
55714.0  54794.0 
55715.0  54795.0 
55716.0  54796.0 
55717.0  54797.0 
55718.0  54798.0 
55719.0  54799.0 
55720.0  54800.0 
55721.0  54801.0 
55722.0  54802.0 
55723.0  54803.0 
55724.0  54804.0 
55725.0  54805.0 
55726.0  54806.0 
55727.0  54807.0 
55728.0  54808.0 
55729.0  54809.0 
55730.0  54810.0 
55731.0  54811.0 
55732.0  54812.0 
55733.0  54813.0 
55734.0  54814.0 
55735.0  54815.0 
55736.0  54816.0 
55737.0  54817.0 
55738.0  54818.0 
55739.0  54819.0 
55740.0  54820.0 
55741.0  54821.0 
55742.0  54822.0 
55743.0  54823.0 
55744.0  54824.0 
55745.0  54825.0 
55746.0  54826.0 
55747.0  54827.0 
55748.0  54828.0 
55749.0  54829.0 
55750.0  54830.0 
55751.0  54831.0 
55752.0  54832.0 
55753.0  54833.0 
55754.0  54834.0 
55755.0  54835.0 
55756.0  54836.0 
55757.0  54837.0 
55758.0  54838.0 
55759.0  54839.0 
55760.0  54840.0 
55761.0  54841.0 
55762.0  54842.0 
55763.0  54843.0 
55764.0  54844.0 
55765.0  54845.0 
55766.0  54846.0 
55767.0  54847.0 
55768.0  54848.0 
55769.0  54849.0 
55770.0  54850.0 
55771.0  54851.0 
55772.0  54852.0 
55773.0  54853.0 
55774.0  54854.0 
55775.0  54855.0 
55776.0  54856.0 
55777.0  54857.0 
55778.0  54858.0 
55779.0  54859.0 
55780.0  54860.0 
55781.0  54861.0 
55782.0  54862.0 
55783.0  54863.0 
55784.0  54864.0 
55785.0  54865.0 
55786.0  54866.0 
55787.0  54867.0 
55788.0  54868.0 
55789.0  54869.0 
55790.0  54870.0 
55791.0  54871.0 
55792.0  54872.0 
55793.0  54873.0 
55794.0  54874.0 
55795.0  54875.0 
55796.0  54876.0 
55797.0  54877.0 
55798.0  54878.0 
55799.0  54879.0 
55800.0  54880.0 
55801.0  54881.0 
55802.0  54882.0 
55803.0  54883.0 
55804.0  54884.0 
55805.0  54885.0 
55806.0  54886.0 
55807.0  54887.0 
55808.0  54888.0 
55809.0  54889.0 
55810.0  54890.0 
55811.0  54891.0 
55812.0  54892.0 
55813.0  54893.0 
55814.0  54894.0 
55815.0  54895.0 
55816.0  54896.0 
55817.0  54897.0 
55818.0  54898.0 
55819.0  54899.0 
55820.0  54900.0 
55821.0  54901.0 
55822.0  54902.0 
55823.0  54903.0 
55824.0  54904.0 
55825.0  54905.0 
55826.0  54906.0 
55827.0  54907.0 
55828.0  54908.0 
55829.0  54909.0 
55830.0  54910.0 
55831.0  54911.0 
55832.0  54912.0 
55833.0  54913.0 
55834.0  54914.0 
55835.0  54915.0 
55836.0  54916.0 
55837.0  54917.0 
55838.0  54918.0 
55839.0  54919.0 
55840.0  54920.0 
55841.0  54921.0 
55842.0  54922.0 
55843.0  54923.0 
55844.0  54924.0 
55845.0  54925.0 
55846.0  54926.0 
55847.0  54927.0 
55848.0  54928.0 
55849.0  54929.0 
55850.0  54930.0 
55851.0  54931.0 
55852.0  54932.0 
55853.0  54933.0 
55854.0  54934.0 
55855.0  54935.0 
55856.0  54936.0 
55857.0  54937.0 
55858.0  54938.0 
55859.0  54939.0 
55860.0  54940.0 
55861.0  54941.0 
55862.0  54942.0 
55863.0  54943.0 
55864.0  54944.0 
55865.0  54945.0 
55866.0  54946.0 
55867.0  54947.0 
55868.0  54948.0 
55869.0  54949.0 
55870.0  54950.0 
55871.0  54951.0 
55872.0  54952.0 
55873.0  54953.0 
55874.0  54954.0 
55875.0  54955.0 
55876.0  54956.0 
55877.0  54957.0 
55878.0  54958.0 
55879.0  54959.0 
55880.0  54960.0 
55881.0  54961.0 
55882.0  54962.0 
55883.0  54963.0 
55884.0  54964.0 
55885.0  54965.0 
55886.0  54966.0 
55887.0  54967.0 
55888.0  54968.0 
55889.0  54969.0 
55890.0  54970.0 
55891.0  54971.0 
55892.0  54972.0 
55893.0  54973.0 
55894.0  54974.0 
55895.0  54975.0 
55896.0  54976.0 
55897.0  54977.0 
55898.0  54978.0 
55899.0  54979.0 
55900.0  54980.0 
55901.0  54981.0 
55902.0  54982.0 
55903.0  54983.0 
55904.0  54984.0 
55905.0  54985.0 
55906.0  54986.0 
55908.0  54988.0 
55909.0  54989.0 
55910.0  54990.0 
55911.0  54991.0 
55912.0  54992.0 
55913.0  54993.0 
55914.0  54994.0 
55915.0  54995.0 
55916.0  54996.0 
55917.0  54997.0 
55918.0  54998.0 
55919.0  54999.0 
55920.0  55000.0 
55921.0  55001.0 
55922.0  55002.0 
55923.0  55003.0 
55924.0  55004.0 
55925.0  55005.0 
55926.0  55006.0 
55927.0  55007.0 
55928.0  55008.0 
55929.0  55009.0 
55930.0  55010.0 
55931.0  55011.0 
55932.0  55012.0 
55933.0  55013.0 
55934.0  55014.0 
55935.0  55015.0 
55936.0  55016.0 
55937.0  55017.0 
55938.0  55018.0 
55939.0  55019.0 
55940.0  55020.0 
55941.0  55021.0 
55942.0  55022.0 
55943.0  55023.0 
55944.0  55024.0 
55945.0  55025.0 
55946.0  55026.0 
55947.0  55027.0 
55948.0  55028.0 
55949.0  55029.0 
55950.0  55030.0 
55951.0  55031.0 
55952.0  55032.0 
55953.0  55033.0 
55954.0  55034.0 
55955.0  55035.0 
55956.0  55036.0 
55957.0  55037.0 
55958.0  55038.0 
55959.0  55039.0 
55960.0  55040.0 
55961.0  55041.0 
55962.0  55042.0 
55963.0  55043.0 
55964.0  55044.0 
55965.0  55045.0 
55966.0  55046.0 
55967.0  55047.0 
55968.0  55048.0 
55969.0  55049.0 
55970.0  55050.0 
55971.0  55051.0 
55972.0  55052.0 
55973.0  55053.0 
55974.0  55054.0 
55975.0  55055.0 
55976.0  55056.0 
55977.0  55057.0 
55978.0  55058.0 
55979.0  55059.0 
55980.0  55060.0 
55981.0  55061.0 
55982.0  55062.0 
55983.0  55063.0 
55984.0  55064.0 
55985.0  55065.0 
55986.0  55066.0 
55987.0  55067.0 
55988.0  55068.0 
55989.0  55069.0 
55990.0  55070.0 
55991.0  55071.0 
55992.0  55072.0 
55993.0  55073.0 
55994.0  55074.0 
55995.0  55075.0 
55996.0  55076.0 
55997.0  55077.0 
55998.0  55078.0 
55999.0  55079.0 
56000.0  55080.0 
56001.0  55081.0 
56002.0  55082.0 
56003.0  55083.0 
56004.0  55084.0 
56005.0  55085.0 
56006.0  55086.0 
56007.0  55087.0 
56008.0  55088.0 
56009.0  55089.0 
56010.0  55090.0 
56011.0  55091.0 
56012.0  55092.0 
56013.0  55093.0 
56014.0  55094.0 
56015.0  55095.0 
56016.0  55096.0 
56017.0  55097.0 
56018.0  55098.0 
56019.0  55099.0 
56020.0  55100.0 
56021.0  55101.0 
56022.0  55102.0 
56023.0  55103.0 
56024.0  55104.0 
56025.0  55105.0 
56026.0  55106.0 
56027.0  55107.0 
56028.0  55108.0 
56029.0  55109.0 
56030.0  55110.0 
56031.0  55111.0 
56032.0  55112.0 
56033.0  55113.0 
56034.0  55114.0 
56035.0  55115.0 
56036.0  55116.0 
56037.0  55117.0 
56038.0  55118.0 
56039.0  55119.0 
56040.0  55120.0 
56041.0  55121.0 
56042.0  55122.0 
56043.0  55123.0 
56044.0  55124.0 
56045.0  55125.0 
56046.0  55126.0 
56047.0  55127.0 
56048.0  55128.0 
56049.0  55129.0 
56050.0  55130.0 
56051.0  55131.0 
56052.0  55132.0 
56053.0  55133.0 
56054.0  55134.0 
56055.0  55135.0 
56056.0  55136.0 
56057.0  55137.0 
56058.0  55138.0 
56059.0  55139.0 
56060.0  55140.0 
56061.0  55141.0 
56062.0  55142.0 
56063.0  55143.0 
56093.1  54285.0 
56093.1  53830.0 
56093.1  54286.0 
56093.1  54287.0 
56093.1  53833.0 
56093.1  54288.0 
56093.1  53831.0 
56093.1  54289.0 
56093.1  53834.0 
56093.1  53836.0 
56093.1  56105.0 
56093.1  53839.0 
56093.1  54270.3 
56094.1  56106.1 
56095.1  56107.1 
56096.1  56108.1 
56097.1  54332.0 
56097.1  53830.0 
56097.1  53833.0 
56097.1  56109.3 
56099.0  54321.0 
56100.1  56110.0 
56102.1  56111.0 
56104.1  56112.0 
56106.1  54321.0 
56106.1  53830.0 
56106.1  53833.0 
56106.1  53839.0 
56106.1  53845.0 
56106.1  56114.1 
56107.1  54341.0 
56107.1  53830.0 
56107.1  53833.0 
56107.1  53839.0 
56107.1  54342.10 
56108.1  54341.0 
56108.1  53830.0 
56108.1  53833.0 
56108.1  53839.0 
56108.1  54343.10 
56109.3  54270.3 
56114.1  56115.0 
55183.0  55184.0 
55184.0  55197.0 
55203.0  55204.0 
55204.0  55632.0 
55632.0  55642.0 
55638.0  55197.0 
55639.0  55663.0 
55640.0  55663.0 
55641.0  55667.0 
55642.0  55197.0 
55649.0  55204.0 
55650.0  55204.0 
55651.0  55678.0 
55663.0  55682.0 
55667.0  55203.0 
55671.0  55632.0 
55672.0  55632.0 
55673.0  55632.0 
55674.0  55632.0 
55675.0  55632.0 
55678.0  55204.0 
55680.0  55691.0 
55681.0  55694.0 
55682.0  55197.0 
55689.0  55667.0 
55691.0  56093.0 
55697.0  55663.0 
55698.0  56098.0 
55699.0  56101.0 
55700.0  56103.0 
56093.0  55694.0 
56097.0  55691.0 
56098.0  55663.0 
56101.0  55663.0 
56103.0  55663.0 
56106.0  56113.0 
56107.0  55691.0 
56108.0  55691.0 
56110.0  56098.0 
56111.0  56101.0 
56112.0  56103.0 
56113.0  55691.0 
56115.0  56113.0 
55202.1  55203.10 
