18564.1  18566.0 
18564.1  18567.0 
18564.1  18568.0 
18564.1  18569.0 
18564.1  18570.0 
18564.1  18571.0 
18564.1  18572.0 
18564.1  18573.0 
18564.1  18574.0 
18564.1  18575.0 
18564.1  18576.0 
18564.1  18577.0 
18564.1  18578.0 
18564.1  18579.0 
18564.1  18580.0 
18564.1  18581.0 
18564.1  18582.0 
18564.1  18583.0 
18564.1  18584.0 
18564.1  18585.0 
18564.1  18586.0 
18564.1  18587.0 
18564.1  18588.0 
18564.1  18589.0 
18564.1  18590.0 
18564.1  18591.0 
18564.1  18592.0 
18564.1  18593.0 
18564.1  18594.0 
18564.1  18595.0 
18564.1  18596.0 
18564.1  18597.0 
18564.1  18598.0 
18564.1  18599.0 
18564.1  18600.0 
18564.1  18601.0 
18564.1  18602.0 
18564.1  18603.0 
18564.1  18604.0 
18564.1  18605.0 
18564.1  18606.0 
18564.1  18607.0 
18564.1  18608.0 
18564.1  18609.0 
18564.1  18610.0 
18564.1  18611.0 
18564.1  18612.0 
18564.1  18613.0 
18564.1  18614.0 
18564.1  18615.0 
18564.1  18616.0 
18564.1  18617.0 
18564.1  18618.0 
18564.1  18619.0 
18564.1  18620.0 
18564.1  18621.0 
18564.1  18622.0 
18564.1  18623.0 
18564.1  18624.0 
18564.1  18625.0 
18564.1  18626.0 
18564.1  18627.0 
18564.1  18628.0 
18564.1  18629.0 
18564.1  18630.0 
18564.1  18631.0 
18564.1  18632.0 
18564.1  18633.0 
18564.1  18634.0 
18564.1  18635.0 
18564.1  18636.0 
18564.1  18637.0 
18564.1  18638.0 
18564.1  18639.0 
18564.1  18640.0 
18564.1  18641.0 
18564.1  18642.0 
18564.1  18643.0 
18564.1  18644.0 
18564.1  18645.0 
18564.1  18646.0 
18564.1  18647.0 
18564.1  18648.0 
18564.1  18649.0 
18564.1  18650.0 
18564.1  18651.0 
18564.1  18652.0 
18564.1  18653.0 
18564.1  18654.0 
18564.1  18655.0 
18564.1  18656.0 
18564.1  18657.0 
18564.1  18658.0 
18564.1  18659.0 
18564.1  18660.0 
18564.1  18661.0 
18564.1  18662.0 
18564.1  18663.0 
18564.1  18664.0 
18564.1  18665.0 
18564.1  18666.0 
18564.1  18667.0 
18564.1  18668.0 
18564.1  18669.0 
18564.1  18670.0 
18564.1  18671.0 
18564.1  18672.0 
18564.1  18673.0 
18564.1  18674.0 
18564.1  18675.0 
18564.1  18676.0 
18564.1  18677.0 
18564.1  18678.0 
18564.1  18679.0 
18564.1  18680.0 
18564.1  18681.0 
18564.1  18682.0 
18564.1  18683.0 
18564.1  18684.0 
18564.1  18685.0 
18564.1  18686.0 
18564.1  18687.0 
18564.1  18688.0 
18564.1  18689.0 
18564.1  18690.0 
18564.1  18691.0 
18564.1  18692.0 
18564.1  18693.0 
18564.1  18694.0 
18564.1  18695.0 
18564.1  18696.0 
18564.1  18697.0 
18564.1  18698.0 
18564.1  18699.0 
18564.1  18700.0 
18564.1  18701.0 
18564.1  18702.0 
18564.1  18703.0 
18564.1  18704.0 
18564.1  18705.0 
18564.1  18706.0 
18564.1  18707.0 
18564.1  18708.0 
18564.1  18709.0 
18564.1  18710.0 
18564.1  18711.0 
18564.1  18712.0 
18564.1  18713.0 
18564.1  18714.0 
18564.1  18715.0 
18564.1  18716.0 
18564.1  18717.0 
18564.1  18718.0 
18564.1  18719.0 
18564.1  18720.0 
18564.1  18721.0 
18564.1  18722.0 
18564.1  18723.0 
18564.1  18724.0 
18564.1  18725.0 
18564.1  18726.0 
18564.1  18727.0 
18564.1  18728.0 
18564.1  18729.0 
18564.1  18730.0 
18564.1  18731.0 
18564.1  18732.0 
18564.1  18733.0 
18564.1  18734.0 
18564.1  18735.1 
18564.1  18736.0 
18564.1  18737.0 
18564.1  18738.0 
18564.1  18739.0 
18564.1  18740.0 
18564.1  18741.0 
18564.2  18742.0 
18564.2  18743.0 
18564.2  18744.0 
18564.2  18745.0 
18564.2  18746.0 
18564.2  18747.0 
18564.2  18748.0 
18564.2  18749.0 
18564.2  18750.0 
18564.2  18751.0 
18564.2  18752.0 
18564.2  18753.0 
18564.2  18754.0 
18564.2  18755.0 
18564.2  18756.0 
18564.2  18757.0 
18564.2  18758.0 
18564.2  18759.0 
18564.2  18760.0 
18564.2  18761.0 
18564.2  18762.0 
18564.2  18763.0 
18564.2  18764.0 
18564.2  18765.0 
18564.2  18766.0 
18564.2  18767.0 
18564.2  18768.0 
18564.2  18769.0 
18564.2  18770.0 
18564.2  18771.0 
18564.2  18772.0 
18564.2  18773.0 
18564.2  18774.0 
18564.2  18775.0 
18564.2  18776.0 
18564.2  18777.0 
18564.2  18778.0 
18564.2  18779.0 
18564.2  18780.0 
18564.2  18781.0 
18564.2  18782.0 
18564.2  18783.0 
18564.2  18784.0 
18564.2  18785.0 
18564.2  18786.0 
18564.2  18787.0 
18564.2  18788.0 
18564.2  18789.0 
18564.2  18790.0 
18564.2  18791.0 
18564.2  18792.0 
18564.2  18793.0 
18564.2  18794.0 
18564.2  18795.0 
18564.2  18796.0 
18564.2  18797.0 
18564.2  18798.0 
18564.2  18799.0 
18564.2  18800.0 
18564.2  18801.0 
18564.2  18802.0 
18564.2  18803.0 
18564.2  18804.0 
18564.2  18805.0 
18564.2  18806.0 
18564.2  18807.0 
18564.2  18808.0 
18564.2  18809.0 
18564.2  18810.0 
18564.2  18811.0 
18564.2  18812.0 
18564.2  18813.0 
18564.2  18814.0 
18564.2  18815.0 
18564.2  18816.0 
18564.2  18817.0 
18564.2  18818.0 
18564.2  18819.0 
18564.2  18820.0 
18564.2  18821.0 
18564.2  18822.0 
18564.2  18823.0 
18564.2  18824.0 
18564.2  18825.0 
18564.2  18826.0 
18564.2  18827.0 
18564.2  18828.0 
18564.2  18829.0 
18564.2  18830.0 
18564.2  18831.0 
18564.2  18832.0 
18564.2  18833.0 
18564.2  18834.0 
18564.2  18835.0 
18564.2  18836.0 
18564.2  18837.0 
18564.2  18838.0 
18564.2  18839.0 
18564.2  18840.0 
18564.2  18841.0 
18564.2  18842.0 
18564.2  18843.0 
18564.2  18844.0 
18564.2  18845.0 
18564.2  18846.0 
18564.2  18847.0 
18564.2  18848.0 
18564.2  18849.0 
18564.2  18850.0 
18564.2  18851.0 
18564.2  18852.0 
18564.2  18853.0 
18564.2  18854.0 
18564.2  18855.0 
18564.2  18856.0 
18564.2  18857.0 
18564.2  18858.0 
18564.2  18859.0 
18564.2  18860.0 
18564.2  18861.0 
18564.2  18862.0 
18564.2  18863.0 
18564.2  18864.0 
18564.2  18865.0 
18564.2  18866.0 
18564.2  18867.0 
18564.2  18868.0 
18564.2  18869.0 
18564.2  18870.0 
18564.2  18871.0 
18564.2  18872.0 
18564.2  18873.0 
18564.2  18874.0 
18564.2  18875.0 
18564.2  18876.0 
18564.2  18877.0 
18564.2  18878.0 
18564.2  18879.0 
18564.2  18880.0 
18564.2  18881.0 
18564.2  18882.0 
18564.2  18883.0 
18564.2  18884.0 
18564.2  18885.0 
18564.2  18886.0 
18564.2  18887.0 
18564.2  18888.0 
18564.2  18889.0 
18564.2  18890.0 
18564.2  18891.0 
18564.2  18892.0 
18564.2  18893.0 
18564.2  18894.0 
18564.2  18895.0 
18564.2  18896.0 
18564.2  18897.0 
18564.2  18898.0 
18564.2  18899.0 
18564.2  18900.0 
18564.2  18901.0 
18564.2  18902.1 
18564.2  18903.0 
18564.2  18904.0 
18564.2  18905.0 
18564.2  18906.0 
18564.2  18907.0 
18564.2  18908.0 
18564.2  18909.0 
18564.2  18910.0 
18564.2  18911.0 
18564.2  18912.0 
18564.2  18913.0 
18564.2  18914.0 
18564.2  18915.0 
18564.2  18916.0 
18564.2  18917.17 
18564.2  18918.17 
18564.2  18919.0 
18564.2  18920.0 
18564.2  18921.0 
18564.2  18922.0 
18564.2  18923.0 
18564.2  18924.0 
18564.2  18925.0 
18564.2  18926.0 
18564.2  18927.0 
18564.2  18928.0 
18564.2  18929.0 
18564.2  18930.0 
18564.2  18931.0 
18564.3  18932.0 
18564.3  18933.0 
18564.3  18934.0 
18564.3  18935.0 
18564.3  18936.0 
18564.3  18937.0 
18564.3  18938.0 
18564.3  18939.0 
18564.3  18940.2 
18564.3  18941.0 
18564.3  18942.0 
18564.3  18943.0 
18564.3  18944.0 
18564.3  18945.0 
18564.3  18946.0 
18564.4  18947.0 
18564.4  18948.0 
18564.4  18949.0 
18564.4  18950.0 
18564.4  341.1 
18564.5  18951.0 
18564.5  18952.0 
18564.5  18953.0 
18564.5  18954.0 
18564.5  18955.0 
18564.5  18956.1 
18564.5  18957.0 
18564.5  18958.34 
18564.5  18959.34 
18564.5  18960.0 
18564.5  18961.0 
18564.6  18962.0 
18564.6  18963.0 
18564.6  18964.0 
18564.6  18965.0 
18564.6  18966.0 
18564.6  18967.0 
18564.6  18968.0 
18564.6  18969.0 
18564.6  18970.0 
18564.6  18971.3 
18564.6  18972.0 
18564.6  18973.0 
18564.6  18974.0 
18564.6  18975.0 
18564.6  18976.0 
18564.6  18977.0 
18564.6  18978.0 
18564.6  18979.0 
18564.6  18980.17 
18564.6  18981.0 
18564.6  18982.0 
18564.7  18983.0 
18564.7  18984.0 
18564.7  18985.40 
18564.7  18986.0 
18564.7  18987.0 
18564.7  18988.1 
18564.7  18989.0 
18564.7  18990.0 
18564.7  18991.0 
18564.7  18992.0 
18564.7  18993.0 
18564.8  18994.0 
18564.8  18995.0 
18564.8  18996.0 
18564.8  18997.0 
18564.8  18998.0 
18564.9  18999.0 
18564.9  19000.0 
18564.9  19001.0 
18564.9  18940.5 
18564.10  19002.0 
18565.1  19004.0 
18565.1  18570.0 
18565.1  19005.0 
18565.1  18575.0 
18565.1  18591.0 
18565.1  18611.0 
18565.1  18731.0 
18565.1  18616.0 
18565.1  19006.1 
18565.1  19007.1 
18565.1  19008.1 
18566.0  17627.0 
18567.0  17628.0 
18568.0  17629.0 
18569.0  17630.0 
18570.0  17631.0 
18571.0  17632.0 
18572.0  17633.0 
18573.0  17634.0 
18574.0  17635.0 
18575.0  17636.0 
18576.0  17637.0 
18577.0  17638.0 
18578.0  17639.0 
18579.0  17640.0 
18580.0  17641.0 
18581.0  17642.0 
18582.0  17643.0 
18583.0  17644.0 
18584.0  17645.0 
18585.0  17646.0 
18586.0  17647.0 
18587.0  17648.0 
18588.0  17649.0 
18589.0  17650.0 
18590.0  17651.0 
18591.0  17652.0 
18592.0  17653.0 
18593.0  17654.0 
18594.0  17655.0 
18595.0  17656.0 
18596.0  17657.0 
18597.0  17658.0 
18598.0  17659.0 
18599.0  17660.0 
18600.0  17661.0 
18601.0  17662.0 
18602.0  17663.0 
18603.0  17664.0 
18604.0  17665.0 
18605.0  17666.0 
18606.0  17667.0 
18607.0  17668.0 
18608.0  17669.0 
18609.0  17670.0 
18610.0  17671.0 
18611.0  17672.0 
18612.0  17673.0 
18613.0  17674.0 
18614.0  17675.0 
18615.0  17676.0 
18616.0  17677.0 
18617.0  17678.0 
18618.0  17679.0 
18619.0  17680.0 
18620.0  17681.0 
18621.0  17682.0 
18622.0  17683.0 
18623.0  17684.0 
18624.0  17685.0 
18625.0  17686.0 
18626.0  17687.0 
18627.0  17688.0 
18628.0  17689.0 
18629.0  17690.0 
18630.0  17691.0 
18631.0  17692.0 
18632.0  17693.0 
18633.0  17694.0 
18634.0  17695.0 
18635.0  17696.0 
18636.0  17697.0 
18637.0  17698.0 
18638.0  17699.0 
18639.0  17700.0 
18640.0  17701.0 
18641.0  17702.0 
18642.0  17703.0 
18643.0  17704.0 
18644.0  17705.0 
18645.0  17706.0 
18646.0  17707.0 
18647.0  17708.0 
18648.0  17709.0 
18649.0  17710.0 
18650.0  17711.0 
18651.0  17712.0 
18652.0  17713.0 
18653.0  17714.0 
18654.0  17715.0 
18655.0  17716.0 
18656.0  17717.0 
18657.0  17718.0 
18658.0  17719.0 
18659.0  17720.0 
18660.0  17721.0 
18661.0  17722.0 
18662.0  17723.0 
18663.0  17724.0 
18664.0  17725.0 
18665.0  17726.0 
18666.0  17727.0 
18667.0  17728.0 
18668.0  17729.0 
18669.0  17730.0 
18670.0  17731.0 
18671.0  17732.0 
18672.0  17733.0 
18673.0  17734.0 
18674.0  17735.0 
18675.0  17736.0 
18676.0  17737.0 
18677.0  17738.0 
18678.0  17739.0 
18679.0  17740.0 
18680.0  17741.0 
18681.0  17742.0 
18682.0  17743.0 
18683.0  17744.0 
18684.0  17745.0 
18685.0  17746.0 
18686.0  17747.0 
18687.0  17748.0 
18688.0  17749.0 
18689.0  17750.0 
18690.0  17751.0 
18691.0  17752.0 
18692.0  17753.0 
18693.0  17754.0 
18694.0  17755.0 
18695.0  17756.0 
18696.0  17757.0 
18697.0  17758.0 
18698.0  17759.0 
18699.0  17760.0 
18700.0  17761.0 
18701.0  17762.0 
18702.0  17763.0 
18703.0  17764.0 
18704.0  17765.0 
18705.0  17766.0 
18706.0  17767.0 
18707.0  17768.0 
18708.0  17769.0 
18709.0  17770.0 
18710.0  17771.0 
18711.0  17772.0 
18712.0  17773.0 
18713.0  17774.0 
18714.0  17775.0 
18715.0  17776.0 
18716.0  17777.0 
18717.0  17778.0 
18718.0  17779.0 
18719.0  17780.0 
18720.0  17781.0 
18721.0  17782.0 
18722.0  17783.0 
18723.0  17784.0 
18724.0  17785.0 
18725.0  17786.0 
18726.0  17787.0 
18727.0  17788.0 
18728.0  17789.0 
18729.0  17790.0 
18730.0  17791.0 
18731.0  17792.0 
18732.0  17793.0 
18733.0  17794.0 
18734.0  17795.0 
18735.1  19009.14 
18736.0  17797.0 
18737.0  17798.0 
18738.0  17799.0 
18739.0  17800.0 
18740.0  17801.0 
18741.0  17802.0 
18742.0  17803.0 
18743.0  17804.0 
18744.0  17805.0 
18745.0  17806.0 
18746.0  17807.0 
18747.0  17808.0 
18748.0  17809.0 
18749.0  17810.0 
18750.0  17811.0 
18751.0  17812.0 
18752.0  17813.0 
18753.0  17814.0 
18754.0  17815.0 
18755.0  17816.0 
18756.0  17817.0 
18757.0  17818.0 
18758.0  17819.0 
18759.0  17820.0 
18760.0  17821.0 
18761.0  17822.0 
18762.0  17823.0 
18763.0  17824.0 
18764.0  17825.0 
18765.0  17826.0 
18766.0  17827.0 
18767.0  17828.0 
18768.0  17829.0 
18769.0  17830.0 
18770.0  17831.0 
18771.0  17832.0 
18772.0  17833.0 
18773.0  17834.0 
18774.0  17835.0 
18775.0  17836.0 
18776.0  17837.0 
18777.0  17838.0 
18778.0  17839.0 
18779.0  17840.0 
18780.0  17841.0 
18781.0  17842.0 
18782.0  17843.0 
18783.0  17844.0 
18784.0  17845.0 
18785.0  17846.0 
18787.0  17848.0 
18788.0  17849.0 
18789.0  17850.0 
18790.0  17851.0 
18791.0  17852.0 
18792.0  17853.0 
18793.0  17854.0 
18794.0  17855.0 
18795.0  17856.0 
18796.0  17857.0 
18797.0  17858.0 
18798.0  17859.0 
18799.0  17860.0 
18800.0  17861.0 
18801.0  17862.0 
18802.0  17863.0 
18803.0  17864.0 
18804.0  17865.0 
18805.0  17866.0 
18806.0  17867.0 
18807.0  17868.0 
18808.0  17869.0 
18809.0  17870.0 
18810.0  17871.0 
18811.0  17872.0 
18812.0  17873.0 
18813.0  17874.0 
18814.0  17875.0 
18815.0  17876.0 
18816.0  17877.0 
18817.0  17878.0 
18818.0  17879.0 
18819.0  17880.0 
18820.0  17881.0 
18821.0  17882.0 
18822.0  17883.0 
18823.0  17884.0 
18824.0  17885.0 
18825.0  17886.0 
18826.0  17887.0 
18827.0  17888.0 
18828.0  17889.0 
18829.0  17890.0 
18830.0  17891.0 
18831.0  17892.0 
18832.0  17893.0 
18833.0  17894.0 
18834.0  17895.0 
18835.0  17896.0 
18836.0  17897.0 
18837.0  17898.0 
18838.0  17899.0 
18839.0  17900.0 
18840.0  17901.0 
18841.0  17902.0 
18842.0  17903.0 
18843.0  17904.0 
18844.0  17905.0 
18845.0  17906.0 
18846.0  17907.0 
18847.0  17908.0 
18848.0  17909.0 
18849.0  17910.0 
18850.0  17911.0 
18851.0  17912.0 
18852.0  17913.0 
18853.0  17914.0 
18854.0  17915.0 
18855.0  17916.0 
18856.0  17917.0 
18857.0  17918.0 
18858.0  17919.0 
18859.0  17920.0 
18860.0  17921.0 
18861.0  17922.0 
18862.0  17923.0 
18863.0  17924.0 
18864.0  17925.0 
18865.0  17926.0 
18866.0  17927.0 
18867.0  17928.0 
18868.0  17929.0 
18869.0  17930.0 
18870.0  17931.0 
18871.0  17932.0 
18872.0  17933.0 
18873.0  17934.0 
18874.0  17935.0 
18875.0  17936.0 
18876.0  17937.0 
18877.0  17938.0 
18878.0  17939.0 
18879.0  17940.0 
18880.0  17941.0 
18881.0  17942.0 
18882.0  17943.0 
18883.0  17944.0 
18884.0  17945.0 
18885.0  17946.0 
18886.0  17947.0 
18887.0  17948.0 
18888.0  17949.0 
18889.0  17950.0 
18890.0  17951.0 
18891.0  17952.0 
18892.0  17953.0 
18893.0  17954.0 
18894.0  17955.0 
18895.0  17956.0 
18896.0  17957.0 
18897.0  17958.0 
18898.0  17959.0 
18899.0  17960.0 
18900.0  17961.0 
18901.0  17962.0 
18902.1  19009.12 
18903.0  17964.0 
18904.0  17965.0 
18905.0  17966.0 
18906.0  17967.0 
18907.0  17968.0 
18908.0  17969.0 
18909.0  17970.0 
18910.0  17971.0 
18911.0  17972.0 
18912.0  17973.0 
18913.0  17974.0 
18914.0  17975.0 
18915.0  17976.0 
18916.0  17977.0 
18917.17  19009.13 
18917.17  17978.17 
18918.17  19009.13 
18918.17  17979.17 
18919.0  17980.0 
18920.0  17981.0 
18921.0  17982.0 
18922.0  17983.0 
18923.0  17984.0 
18924.0  17985.0 
18925.0  17986.0 
18926.0  17987.0 
18927.0  17988.0 
18928.0  17989.0 
18929.0  17990.0 
18930.0  17991.0 
18931.0  17992.0 
18932.0  17993.0 
18933.0  17994.0 
18934.0  17995.0 
18935.0  17996.0 
18936.0  17997.0 
18937.0  17998.0 
18938.0  17999.0 
18939.0  18000.0 
18940.1  18564.1 
18940.2  18564.2 
18940.3  18564.3 
18940.4  18564.4 
18940.5  18564.8 
18940.6  18564.9 
18941.0  18002.0 
18942.0  18003.0 
18943.0  18004.0 
18944.0  18005.0 
18945.0  18006.0 
18946.0  18007.0 
18947.0  18008.0 
18948.0  18009.0 
18949.0  18010.0 
18950.0  18011.0 
18951.0  18012.0 
18952.0  18013.0 
18953.0  18014.0 
18954.0  18015.0 
18955.0  18016.0 
18956.1  19009.14 
18957.0  18018.0 
18958.34  19009.14 
18958.34  18019.34 
18958.35  18564.5 
18959.34  19009.14 
18959.34  18020.34 
18959.35  18564.7 
18960.0  18021.0 
18961.0  18022.0 
18962.0  18023.0 
18963.0  18024.0 
18964.0  18025.0 
18965.0  18026.0 
18966.0  18027.0 
18967.0  18028.0 
18968.0  18029.0 
18969.0  18030.0 
18970.0  18031.0 
18971.1  19010.1 
18971.2  19011.1 
18971.3  19012.1 
18972.0  18033.0 
18973.0  18034.0 
18974.0  18035.0 
18975.0  18036.0 
18976.0  18037.0 
18977.0  18038.0 
18978.0  18039.0 
18979.0  18040.0 
18980.17  18041.17 
18980.18  18564.6 
18981.0  18042.0 
18982.0  18043.0 
18983.0  18044.0 
18984.0  18045.0 
18985.39  19009.11 
18985.40  19009.13 
18985.40  18046.40 
18986.0  18047.0 
18988.1  19013.1 
18989.0  18050.0 
18990.0  18051.0 
18992.0  18053.0 
18993.0  18054.0 
18994.0  18055.0 
18995.0  18056.0 
18996.0  18057.0 
18997.0  18058.0 
18998.0  18059.0 
18999.0  18060.0 
19000.0  18061.0 
19001.0  18062.0 
19002.0  18064.0 
19003.1  19015.0 
19003.1  18570.0 
19003.1  19005.0 
19003.1  18575.0 
19003.1  18591.0 
19003.1  18611.0 
19003.1  18731.0 
19003.1  18616.0 
19003.1  19016.1 
19003.1  19017.1 
19003.1  19018.1 
19003.1  19019.1 
19003.1  19020.1 
19004.0  18066.0 
19005.0  18067.0 
19006.1  19021.1 
19007.1  19022.1 
19008.1  19023.1 
19009.12  19024.0 
19009.13  18046.39 
19009.14  19025.1 
19009.15  18001.8 
19009.15  17625.15 
19010.1  19027.0 
19010.1  18570.0 
19010.1  19028.0 
19010.1  19029.0 
19010.1  18591.0 
19010.1  19030.0 
19010.1  18773.0 
19010.1  19031.0 
19010.1  18575.0 
19010.1  18785.0 
19010.1  19032.0 
19010.1  18611.0 
19010.1  19033.2 
19011.1  19035.0 
19011.1  18570.0 
19011.1  19028.0 
19011.1  19029.0 
19011.1  18773.0 
19011.1  18591.0 
19011.1  19030.0 
19011.1  18575.0 
19011.1  19031.0 
19011.1  18785.0 
19011.1  19036.0 
19011.1  18611.0 
19011.1  18971.1 
19012.1  19037.0 
19012.1  18570.0 
19012.1  18591.0 
19012.1  18971.2 
19013.1  19039.0 
19013.1  18570.0 
19013.1  19040.0 
19013.1  18591.0 
19013.1  18611.0 
19013.1  18616.0 
19013.1  18610.0 
19013.1  19041.1 
19013.1  19041.2 
19013.1  19041.3 
19013.1  19041.4 
19013.1  19041.5 
19013.1  19041.6 
19013.1  19041.7 
19014.1  19042.0 
19014.1  18570.0 
19014.1  18591.0 
19015.0  18077.0 
19016.1  19043.1 
19017.1  19044.1 
19018.1  19045.1 
19019.1  19046.1 
19020.1  19047.1 
19021.1  19048.0 
19021.1  18570.0 
19021.1  18591.0 
19021.1  18611.0 
19022.1  19049.0 
19022.1  18570.0 
19022.1  18591.0 
19022.1  18611.0 
19023.1  19051.0 
19023.1  18570.0 
19023.1  18591.0 
19024.0  17149.0 
19025.1  19009.11 
19026.1  18570.0 
19026.1  19005.0 
19026.1  18575.0 
19026.1  18591.0 
19026.1  18611.0 
19026.1  18731.0 
19026.1  18616.0 
19027.0  18088.0 
19028.0  18089.0 
19029.0  18090.0 
19030.0  18091.0 
19031.0  18092.0 
19033.1  19052.1 
19033.2  19053.1 
19034.1  19055.0 
19034.1  18570.0 
19034.1  19005.0 
19034.1  18575.0 
19034.1  18591.0 
19034.1  18611.0 
19034.1  18731.0 
19034.1  18616.0 
19034.1  18617.0 
19034.1  18618.0 
19034.1  18619.0 
19034.1  19056.1 
19034.1  19057.1 
19034.2  19058.1 
19034.3  19059.1 
19035.0  18096.0 
19037.0  18098.0 
19038.1  19060.0 
19038.1  18570.0 
19038.1  19005.0 
19038.1  18575.0 
19038.1  18591.0 
19038.1  18611.0 
19038.1  18731.0 
19038.1  18616.0 
19039.0  18100.0 
19040.0  18101.0 
19041.1  19061.1 
19041.2  19061.2 
19041.3  19061.3 
19041.4  19061.4 
19041.5  19061.5 
19041.6  19061.6 
19041.7  19061.7 
19042.0  18103.0 
19043.1  19049.0 
19043.1  18570.0 
19043.1  18591.0 
19043.1  18611.0 
19044.1  19048.0 
19044.1  18570.0 
19044.1  18591.0 
19044.1  18611.0 
19045.1  19062.0 
19045.1  18570.0 
19045.1  18591.0 
19045.1  18611.0 
19046.1  19062.0 
19046.1  18570.0 
19046.1  18591.0 
19046.1  18611.0 
19047.1  19062.0 
19047.1  18570.0 
19047.1  18591.0 
19047.1  18611.0 
19048.0  18109.0 
19049.0  18110.0 
19051.0  18112.0 
19052.1  19027.0 
19052.1  18570.0 
19052.1  19028.0 
19052.1  19029.0 
19052.1  18591.0 
19052.1  19030.0 
19052.1  18773.0 
19052.1  19031.0 
19052.1  18575.0 
19052.1  18785.0 
19052.1  19064.0 
19052.1  18611.0 
19052.1  19065.1 
19053.1  19035.0 
19053.1  18570.0 
19053.1  19028.0 
19053.1  19029.0 
19053.1  18773.0 
19053.1  18591.0 
19053.1  19030.0 
19053.1  18575.0 
19053.1  19031.0 
19053.1  18785.0 
19053.1  19067.0 
19053.1  18611.0 
19053.1  19033.1 
19054.1  19035.0 
19054.1  18570.0 
19054.1  19028.0 
19054.1  19029.0 
19054.1  18773.0 
19054.1  18591.0 
19054.1  19030.0 
19054.1  18575.0 
19054.1  19031.0 
19054.1  18785.0 
19054.1  19068.0 
19054.1  18611.0 
19055.0  18116.0 
19056.1  19069.0 
19057.1  19070.1 
19058.1  19071.1 
19059.1  19072.1 
19060.0  18121.0 
19061.1  19073.0 
19061.1  18570.0 
19061.1  19074.0 
19061.1  18575.0 
19061.1  18591.0 
19061.1  19075.0 
19061.1  18611.0 
19061.1  19076.0 
19061.1  19077.0 
19061.1  18731.0 
19061.1  19078.0 
19061.1  19079.0 
19061.1  19080.0 
19061.1  18616.0 
19061.1  19081.0 
19061.1  19082.0 
19061.1  19083.0 
19061.1  19084.0 
19061.1  19085.0 
19061.1  19086.0 
19061.1  19087.0 
19061.1  19088.0 
19061.1  19089.0 
19061.1  19090.0 
19061.1  19091.0 
19061.1  19092.0 
19061.1  19093.0 
19061.1  19094.0 
19061.1  19095.0 
19061.1  19096.0 
19061.1  19097.0 
19061.1  19098.0 
19061.1  19099.0 
19061.1  19100.0 
19061.1  19101.0 
19061.1  19102.0 
19061.1  19103.0 
19061.1  19104.0 
19061.1  19105.0 
19061.1  19106.0 
19061.1  19107.0 
19061.1  19108.0 
19061.1  19109.0 
19061.1  19110.0 
19061.1  19111.0 
19061.1  19112.0 
19061.1  19113.0 
19061.1  19114.0 
19061.1  19115.0 
19061.1  19116.0 
19061.1  19117.0 
19061.1  19118.0 
19061.1  19119.0 
19061.1  19120.0 
19061.1  19121.0 
19061.1  19122.0 
19061.1  19123.0 
19061.1  19124.0 
19061.1  19125.0 
19061.1  19126.0 
19061.1  19127.0 
19061.1  19128.0 
19061.1  19129.0 
19061.1  19130.0 
19061.1  19131.0 
19061.1  19132.0 
19061.1  19133.0 
19061.1  19134.0 
19061.1  19135.0 
19061.1  19136.0 
19061.1  19137.0 
19061.1  19138.0 
19061.1  19139.0 
19061.1  19140.0 
19061.1  19141.0 
19061.1  19142.0 
19061.1  19143.0 
19061.1  19144.0 
19061.1  19145.0 
19061.1  19146.0 
19061.1  19147.0 
19061.1  19148.0 
19061.1  19149.0 
19061.1  19150.0 
19061.1  19151.0 
19061.1  19152.0 
19061.2  19153.0 
19061.2  19154.0 
19061.2  19155.0 
19061.2  19156.0 
19061.2  19157.0 
19061.2  19158.0 
19061.2  19159.0 
19061.2  19160.0 
19061.2  19161.0 
19061.2  19162.0 
19061.2  19163.0 
19061.2  19164.0 
19061.2  19165.0 
19061.2  19166.0 
19061.2  19167.0 
19061.2  19168.0 
19061.2  19169.0 
19061.2  19170.0 
19061.2  19171.0 
19061.2  19172.0 
19061.2  19173.0 
19061.2  19174.0 
19061.2  19175.0 
19061.2  19176.0 
19061.2  19177.0 
19061.2  19178.0 
19061.2  19179.0 
19061.2  19180.0 
19061.2  19181.0 
19061.2  19182.0 
19061.2  19183.0 
19061.2  19184.0 
19061.2  19185.0 
19061.2  19186.0 
19061.2  19187.0 
19061.2  19188.0 
19061.2  19189.0 
19061.2  19190.0 
19061.2  19191.0 
19061.2  19192.0 
19061.2  19193.0 
19061.2  19194.0 
19061.2  19195.0 
19061.2  19196.0 
19061.2  19197.0 
19061.2  19198.0 
19061.2  19199.0 
19061.2  19200.0 
19061.2  19201.0 
19061.2  19202.0 
19061.2  19203.0 
19061.2  19204.0 
19061.2  19205.0 
19061.2  19206.0 
19061.2  19207.0 
19061.2  19208.0 
19061.2  19209.0 
19061.2  19210.0 
19061.2  19211.0 
19061.2  19212.0 
19061.2  19213.0 
19061.2  19214.0 
19061.2  19215.0 
19061.2  19216.0 
19061.2  19217.0 
19061.2  19218.0 
19061.2  19219.0 
19061.2  19220.0 
19061.2  19221.0 
19061.2  19222.0 
19061.2  19223.0 
19061.2  19224.0 
19061.2  19225.0 
19061.2  19226.0 
19061.2  19227.0 
19061.2  19228.0 
19061.2  19229.0 
19061.2  19230.0 
19061.2  19231.0 
19061.2  19232.0 
19061.2  19233.0 
19061.2  19234.0 
19061.2  19235.0 
19061.2  19236.0 
19061.3  19237.0 
19061.3  19238.0 
19061.3  19239.0 
19061.3  19240.0 
19061.3  19241.0 
19061.3  19242.0 
19061.3  19243.0 
19061.3  19244.0 
19061.3  19245.0 
19061.3  19246.0 
19061.3  19247.0 
19061.3  19248.0 
19061.3  19249.0 
19061.3  19250.0 
19061.3  19251.0 
19061.3  19252.0 
19061.3  19253.0 
19061.3  19254.0 
19061.3  19255.0 
19061.3  19256.0 
19061.3  19257.0 
19061.3  19258.0 
19061.3  19259.0 
19061.3  19260.0 
19061.3  19261.0 
19061.3  19262.0 
19061.3  19263.0 
19061.3  19264.0 
19061.3  19265.0 
19061.3  19266.0 
19061.3  19267.0 
19061.3  19268.0 
19061.3  19269.0 
19061.3  19270.0 
19061.3  19271.0 
19061.3  19272.0 
19061.3  19273.0 
19061.3  19274.0 
19061.3  19275.0 
19061.3  19276.0 
19061.3  19277.0 
19061.3  19278.0 
19061.3  19279.0 
19061.3  19280.0 
19061.3  19281.0 
19061.3  19282.0 
19061.3  19283.0 
19061.3  19284.0 
19061.3  19285.0 
19061.3  19286.0 
19061.3  19287.0 
19061.3  19288.0 
19061.3  19289.0 
19061.3  19290.0 
19061.3  19291.0 
19061.3  19292.0 
19061.3  19293.0 
19061.3  19294.0 
19061.3  19295.0 
19061.3  19296.0 
19061.3  19297.0 
19061.3  19298.0 
19061.3  19299.0 
19061.3  19300.0 
19061.3  19301.0 
19061.3  19302.0 
19061.3  19303.0 
19061.3  19304.0 
19061.3  19305.0 
19061.3  19306.0 
19061.4  19307.0 
19061.4  19308.0 
19061.4  19309.0 
19061.4  19310.0 
19061.4  19311.0 
19061.4  19312.0 
19061.4  19313.0 
19061.4  19314.0 
19061.4  19315.0 
19061.4  19316.0 
19061.4  19317.0 
19061.4  19318.0 
19061.4  19319.0 
19061.4  19320.0 
19061.4  19321.0 
19061.4  19322.0 
19061.4  19323.0 
19061.4  19324.0 
19061.4  19325.0 
19061.4  19326.0 
19061.4  19327.0 
19061.4  19328.0 
19061.4  19329.0 
19061.4  19330.0 
19061.4  19331.0 
19061.4  19332.0 
19061.4  19333.0 
19061.4  19334.0 
19061.4  19335.0 
19061.4  19336.0 
19061.4  19337.0 
19061.4  19338.0 
19061.4  19339.0 
19061.4  19340.0 
19061.4  19341.0 
19061.4  19342.0 
19061.4  19343.0 
19061.4  19344.0 
19061.4  19345.0 
19061.5  19346.0 
19061.5  19347.0 
19061.5  19348.0 
19061.5  19349.0 
19061.5  19350.0 
19061.5  19351.0 
19061.5  19352.0 
19061.5  19353.0 
19061.5  19354.0 
19061.5  19355.0 
19061.5  19356.0 
19061.5  19357.0 
19061.5  19358.0 
19061.5  19359.0 
19061.5  19360.0 
19061.5  19361.0 
19061.5  19362.0 
19061.5  19363.0 
19061.5  19364.0 
19061.5  19365.0 
19061.5  19366.0 
19061.5  19367.0 
19061.5  19368.0 
19061.5  19369.0 
19061.5  19370.0 
19061.5  19371.0 
19061.5  19372.0 
19061.5  19373.0 
19061.5  19374.0 
19061.5  19375.0 
19061.5  19376.0 
19061.5  19377.0 
19061.5  19378.0 
19061.5  19379.0 
19061.5  19380.0 
19061.5  19381.0 
19061.5  19382.0 
19061.5  19383.0 
19061.5  19384.0 
19061.5  19385.0 
19061.5  19386.0 
19061.5  19387.0 
19061.5  19388.0 
19061.5  19389.0 
19061.5  19390.0 
19061.5  19391.0 
19061.5  19392.0 
19061.5  19393.0 
19061.6  19394.0 
19061.6  19395.0 
19061.6  19396.0 
19061.6  19397.0 
19061.6  19398.0 
19061.6  19399.0 
19061.6  19400.0 
19061.6  19401.0 
19061.6  19402.0 
19061.6  19403.0 
19061.6  19404.0 
19061.6  19405.0 
19061.6  19406.0 
19061.6  19407.0 
19061.6  19408.0 
19061.6  19409.0 
19061.6  19410.0 
19061.6  19411.0 
19061.6  19412.0 
19061.6  19413.0 
19061.6  19414.0 
19061.6  19415.0 
19061.6  19416.0 
19061.6  19417.0 
19061.6  19418.0 
19061.6  19419.0 
19061.6  19420.0 
19061.6  19421.0 
19061.6  19422.0 
19061.6  19423.0 
19061.7  19424.0 
19061.7  19425.0 
19061.7  19426.0 
19061.7  19427.0 
19061.7  19428.0 
19061.7  19429.0 
19061.7  19430.0 
19061.7  19431.0 
19061.7  19432.0 
19061.7  19433.0 
19061.7  19434.0 
19061.7  19435.0 
19061.7  19436.0 
19061.7  19437.0 
19061.7  19438.0 
19061.7  19439.0 
19061.7  19440.0 
19061.7  19441.0 
19061.7  19442.0 
19061.7  19443.0 
19061.7  19444.0 
19061.7  19445.0 
19061.7  19446.0 
19061.7  19447.0 
19061.7  19448.0 
19061.7  19449.0 
19061.7  19450.0 
19061.7  19451.0 
19061.7  19452.0 
19061.7  19453.0 
19061.7  19454.0 
19061.7  19455.0 
19061.7  19456.0 
19061.7  19457.0 
19061.7  19458.0 
19061.7  19459.0 
19061.7  19460.0 
19061.7  19461.0 
19061.7  19462.0 
19061.7  19463.0 
19061.7  19464.0 
19061.7  19465.0 
19061.7  19466.0 
19061.7  19467.0 
19061.7  19468.0 
19061.7  19469.0 
19061.7  19470.0 
19062.0  18123.0 
19063.1  18533.0 
19063.1  17631.0 
19063.1  18067.0 
19063.1  17636.0 
19063.1  17652.0 
19063.1  17672.0 
19063.1  17792.0 
19063.1  17677.0 
19063.1  17678.0 
19063.1  17679.0 
19063.1  17680.0 
19063.1  19472.1 
19063.1  19473.1 
19063.1  17671.0 
19063.1  17685.0 
19063.1  19474.1 
19065.1  19475.1 
19066.1  18087.1 
19070.1  19477.0 
19070.1  18570.0 
19070.1  18591.0 
19070.1  18611.0 
19070.1  18616.0 
19070.1  19478.1 
19071.1  19477.0 
19071.1  18570.0 
19071.1  18591.0 
19071.1  18611.0 
19071.1  18616.0 
19071.1  19480.1 
19072.1  19477.0 
19072.1  18570.0 
19072.1  18591.0 
19072.1  18611.0 
19072.1  18616.0 
19072.1  19482.1 
19073.0  18134.0 
19074.0  18135.0 
19075.0  18136.0 
19077.0  18138.0 
19078.0  18139.0 
19079.0  18140.0 
19080.0  18141.0 
19081.0  18142.0 
19082.0  18143.0 
19083.0  18144.0 
19084.0  18145.0 
19085.0  18146.0 
19086.0  18147.0 
19087.0  18148.0 
19088.0  18149.0 
19089.0  18150.0 
19090.0  18151.0 
19091.0  18152.0 
19092.0  18153.0 
19093.0  18154.0 
19094.0  18155.0 
19095.0  18156.0 
19096.0  18157.0 
19097.0  18158.0 
19098.0  18159.0 
19099.0  18160.0 
19100.0  18161.0 
19101.0  18162.0 
19102.0  18163.0 
19103.0  18164.0 
19104.0  18165.0 
19105.0  18166.0 
19106.0  18167.0 
19107.0  18168.0 
19108.0  18169.0 
19109.0  18170.0 
19110.0  18171.0 
19111.0  18172.0 
19112.0  18173.0 
19113.0  18174.0 
19114.0  18175.0 
19115.0  18176.0 
19116.0  18177.0 
19117.0  18178.0 
19118.0  18179.0 
19119.0  18180.0 
19120.0  18181.0 
19121.0  18182.0 
19122.0  18183.0 
19123.0  18184.0 
19124.0  18185.0 
19125.0  18186.0 
19126.0  18187.0 
19127.0  18188.0 
19128.0  18189.0 
19129.0  18190.0 
19130.0  18191.0 
19131.0  18192.0 
19132.0  18193.0 
19133.0  18194.0 
19134.0  18195.0 
19135.0  18196.0 
19136.0  18197.0 
19137.0  18198.0 
19138.0  18199.0 
19139.0  18200.0 
19140.0  18201.0 
19141.0  18202.0 
19142.0  18203.0 
19143.0  18204.0 
19144.0  18205.0 
19145.0  18206.0 
19146.0  18207.0 
19147.0  18208.0 
19148.0  18209.0 
19149.0  18210.0 
19150.0  18211.0 
19151.0  18212.0 
19152.0  18213.0 
19153.0  18214.0 
19154.0  18215.0 
19155.0  18216.0 
19156.0  18217.0 
19157.0  18218.0 
19158.0  18219.0 
19159.0  18220.0 
19160.0  18221.0 
19161.0  18222.0 
19162.0  18223.0 
19163.0  18224.0 
19164.0  18225.0 
19165.0  18226.0 
19166.0  18227.0 
19167.0  18228.0 
19168.0  18229.0 
19169.0  18230.0 
19170.0  18231.0 
19171.0  18232.0 
19172.0  18233.0 
19173.0  18234.0 
19174.0  18235.0 
19175.0  18236.0 
19176.0  18237.0 
19177.0  18238.0 
19178.0  18239.0 
19179.0  18240.0 
19180.0  18241.0 
19181.0  18242.0 
19182.0  18243.0 
19183.0  18244.0 
19184.0  18245.0 
19185.0  18246.0 
19186.0  18247.0 
19187.0  18248.0 
19188.0  18249.0 
19189.0  18250.0 
19190.0  18251.0 
19191.0  18252.0 
19192.0  18253.0 
19193.0  18254.0 
19194.0  18255.0 
19195.0  18256.0 
19196.0  18257.0 
19197.0  18258.0 
19198.0  18259.0 
19199.0  18260.0 
19200.0  18261.0 
19201.0  18262.0 
19202.0  18263.0 
19203.0  18264.0 
19204.0  18265.0 
19205.0  18266.0 
19206.0  18267.0 
19207.0  18268.0 
19208.0  18269.0 
19209.0  18270.0 
19210.0  18271.0 
19211.0  18272.0 
19212.0  18273.0 
19213.0  18274.0 
19214.0  18275.0 
19215.0  18276.0 
19216.0  18277.0 
19217.0  18278.0 
19218.0  18279.0 
19219.0  18280.0 
19220.0  18281.0 
19221.0  18282.0 
19222.0  18283.0 
19223.0  18284.0 
19224.0  18285.0 
19225.0  18286.0 
19226.0  18287.0 
19227.0  18288.0 
19228.0  18289.0 
19229.0  18290.0 
19230.0  18291.0 
19231.0  18292.0 
19232.0  18293.0 
19233.0  18294.0 
19234.0  18295.0 
19235.0  18296.0 
19236.0  18297.0 
19237.0  18298.0 
19238.0  18299.0 
19239.0  18300.0 
19240.0  18301.0 
19241.0  18302.0 
19242.0  18303.0 
19243.0  18304.0 
19244.0  18305.0 
19245.0  18306.0 
19246.0  18307.0 
19247.0  18308.0 
19248.0  18309.0 
19249.0  18310.0 
19250.0  18311.0 
19251.0  18312.0 
19252.0  18313.0 
19253.0  18314.0 
19254.0  18315.0 
19255.0  18316.0 
19256.0  18317.0 
19257.0  18318.0 
19258.0  18319.0 
19259.0  18320.0 
19260.0  18321.0 
19261.0  18322.0 
19262.0  18323.0 
19263.0  18324.0 
19264.0  18325.0 
19265.0  18326.0 
19266.0  18327.0 
19267.0  18328.0 
19268.0  18329.0 
19269.0  18330.0 
19271.0  18332.0 
19272.0  18333.0 
19273.0  18334.0 
19274.0  18335.0 
19275.0  18336.0 
19276.0  18337.0 
19277.0  18338.0 
19278.0  18339.0 
19279.0  18340.0 
19280.0  18341.0 
19281.0  18342.0 
19282.0  18343.0 
19283.0  18344.0 
19284.0  18345.0 
19285.0  18346.0 
19286.0  18347.0 
19287.0  18348.0 
19288.0  18349.0 
19289.0  18350.0 
19290.0  18351.0 
19291.0  18352.0 
19292.0  18353.0 
19293.0  18354.0 
19294.0  18355.0 
19295.0  18356.0 
19296.0  18357.0 
19297.0  18358.0 
19298.0  18359.0 
19299.0  18360.0 
19300.0  18361.0 
19301.0  18362.0 
19302.0  18363.0 
19303.0  18364.0 
19304.0  18365.0 
19305.0  18366.0 
19306.0  18367.0 
19307.0  18368.0 
19308.0  18369.0 
19309.0  18370.0 
19310.0  18371.0 
19311.0  18372.0 
19312.0  18373.0 
19313.0  18374.0 
19314.0  18375.0 
19315.0  18376.0 
19316.0  18377.0 
19317.0  18378.0 
19318.0  18379.0 
19319.0  18380.0 
19320.0  18381.0 
19321.0  18382.0 
19322.0  18383.0 
19323.0  18384.0 
19324.0  18385.0 
19325.0  18386.0 
19326.0  18387.0 
19327.0  18388.0 
19328.0  18389.0 
19329.0  18390.0 
19330.0  18391.0 
19331.0  18392.0 
19332.0  18393.0 
19333.0  18394.0 
19334.0  18395.0 
19335.0  18396.0 
19336.0  18397.0 
19337.0  18398.0 
19338.0  18399.0 
19339.0  18400.0 
19340.0  18401.0 
19341.0  18402.0 
19342.0  18403.0 
19343.0  18404.0 
19344.0  18405.0 
19345.0  18406.0 
19346.0  18407.0 
19347.0  18408.0 
19348.0  18409.0 
19349.0  18410.0 
19350.0  18411.0 
19351.0  18412.0 
19352.0  18413.0 
19353.0  18414.0 
19354.0  18415.0 
19355.0  18416.0 
19356.0  18417.0 
19357.0  18418.0 
19358.0  18419.0 
19359.0  18420.0 
19360.0  18421.0 
19361.0  18422.0 
19362.0  18423.0 
19363.0  18424.0 
19364.0  18425.0 
19365.0  18426.0 
19366.0  18427.0 
19367.0  18428.0 
19368.0  18429.0 
19369.0  18430.0 
19370.0  18431.0 
19371.0  18432.0 
19372.0  18433.0 
19373.0  18434.0 
19374.0  18435.0 
19375.0  18436.0 
19376.0  18437.0 
19377.0  18438.0 
19378.0  18439.0 
19379.0  18440.0 
19380.0  18441.0 
19381.0  18442.0 
19382.0  18443.0 
19383.0  18444.0 
19384.0  18445.0 
19385.0  18446.0 
19386.0  18447.0 
19387.0  18448.0 
19388.0  18449.0 
19389.0  18450.0 
19390.0  18451.0 
19391.0  18452.0 
19392.0  18453.0 
19393.0  18454.0 
19394.0  18455.0 
19395.0  18456.0 
19396.0  18457.0 
19397.0  18458.0 
19398.0  18459.0 
19399.0  18460.0 
19400.0  18461.0 
19401.0  18462.0 
19402.0  18463.0 
19403.0  18464.0 
19404.0  18465.0 
19405.0  18466.0 
19406.0  18467.0 
19407.0  18468.0 
19408.0  18469.0 
19409.0  18470.0 
19410.0  18471.0 
19411.0  18472.0 
19412.0  18473.0 
19413.0  18474.0 
19414.0  18475.0 
19415.0  18476.0 
19416.0  18477.0 
19417.0  18478.0 
19418.0  18479.0 
19419.0  18480.0 
19420.0  18481.0 
19421.0  18482.0 
19422.0  18483.0 
19423.0  18484.0 
19424.0  18485.0 
19425.0  18486.0 
19426.0  18487.0 
19427.0  18488.0 
19428.0  18489.0 
19429.0  18490.0 
19430.0  18491.0 
19431.0  18492.0 
19432.0  18493.0 
19433.0  18494.0 
19434.0  18495.0 
19435.0  18496.0 
19436.0  18497.0 
19437.0  18498.0 
19438.0  18499.0 
19439.0  18500.0 
19440.0  18501.0 
19441.0  18502.0 
19471.1  18088.0 
19471.1  17631.0 
19471.1  18089.0 
19471.1  18090.0 
19471.1  17652.0 
19471.1  18091.0 
19471.1  17834.0 
19471.1  18092.0 
19471.1  17636.0 
19471.1  17846.0 
19471.1  19483.0 
19471.1  17672.0 
19471.1  18032.3 
19472.1  19484.1 
19473.1  19485.1 
19474.1  19486.1 
19475.1  18549.0 
19475.1  17631.0 
19475.1  17652.0 
19475.1  19487.3 
19477.0  18539.0 
19478.1  19488.0 
19480.1  19489.0 
19482.1  19490.0 
19484.1  18539.0 
19484.1  17631.0 
19484.1  17652.0 
19484.1  17672.0 
19484.1  17677.0 
19484.1  19492.1 
19485.1  18556.0 
19485.1  17631.0 
19485.1  17652.0 
19485.1  17672.0 
19485.1  19493.1 
19486.1  18556.0 
19486.1  17631.0 
19486.1  17652.0 
19486.1  17672.0 
19486.1  18558.12 
19487.3  18032.3 
19492.1  19494.0 
19493.1  19495.1 
19493.2  19034.1 
19495.3  18095.3 
18564.0  18565.0 
18565.0  19003.0 
19003.0  19014.0 
19010.0  19026.0 
19011.0  19034.0 
19012.0  19034.0 
19013.0  19038.0 
19014.0  19026.0 
19021.0  18565.0 
19022.0  18565.0 
19023.0  19050.0 
19034.0  19054.0 
19038.0  18564.0 
19043.0  19003.0 
19044.0  19003.0 
19045.0  19003.0 
19046.0  19003.0 
19047.0  19003.0 
19050.0  18565.0 
19052.0  19063.0 
19053.0  19066.0 
19054.0  19026.0 
19061.0  19038.0 
19063.0  19471.0 
19069.0  19034.0 
19070.0  19476.0 
19071.0  19479.0 
19072.0  19481.0 
19471.0  19066.0 
19475.0  19063.0 
19476.0  19034.0 
19479.0  19034.0 
19481.0  19034.0 
19484.0  19491.0 
19485.0  19063.0 
19486.0  19063.0 
19488.0  19476.0 
19489.0  19479.0 
19490.0  19481.0 
19491.0  19063.0 
19494.0  19491.0 
18563.1  18564.10 
19496.1  18564.10 
19497.1  18564.10 
