77395.1  77397.0 
77395.1  77398.0 
77395.1  77399.0 
77395.1  77400.0 
77395.1  77401.0 
77395.1  77402.0 
77395.1  77403.0 
77395.1  77404.0 
77395.1  77405.0 
77395.1  77406.0 
77395.1  77407.0 
77395.1  77408.0 
77396.1  77410.0 
77396.1  77398.0 
77396.1  77401.0 
77397.0  76453.0 
77398.0  76454.0 
77399.0  76455.0 
77400.0  76456.0 
77401.0  76457.0 
77402.0  76458.0 
77403.0  76459.0 
77404.0  76460.0 
77407.0  76463.0 
77408.0  61889.0 
77409.1  77398.0 
77409.1  77411.0 
77409.1  77402.0 
77409.1  77401.0 
77409.1  77407.0 
77409.1  77412.0 
77409.1  77413.0 
77410.0  76466.0 
77411.0  76467.0 
77412.0  76468.0 
77413.0  76469.0 
77394.1  77395.1 
77395.0  77396.0 
77396.0  77409.0 
