53715.1  53717.0 
53715.1  53718.0 
53715.1  53719.0 
53715.1  53720.0 
53715.1  53721.0 
53715.1  53722.0 
53715.1  53723.0 
53715.1  53724.0 
53715.1  53725.0 
53715.1  53726.0 
53715.1  53727.0 
53715.1  53728.0 
53716.1  53730.0 
53716.1  53718.0 
53716.1  53721.0 
53717.0  53689.0 
53718.0  53690.0 
53719.0  53691.0 
53720.0  53692.0 
53721.0  53693.0 
53722.0  53694.0 
53723.0  53695.0 
53724.0  53696.0 
53727.0  53699.0 
53728.0  53004.0 
53729.1  53718.0 
53729.1  53731.0 
53729.1  53722.0 
53729.1  53721.0 
53729.1  53727.0 
53729.1  53732.0 
53729.1  53733.0 
53730.0  53702.0 
53731.0  53703.0 
53732.0  53704.0 
53733.0  53705.0 
53714.1  53715.1 
53735.1  53717.0 
53735.1  53718.0 
53735.1  53719.0 
53735.1  53720.0 
53735.1  53721.0 
53735.1  53722.0 
53735.1  53723.0 
53735.1  53724.0 
53735.1  53737.0 
53735.1  53738.0 
53735.1  53727.0 
53735.1  53739.0 
53736.1  53730.0 
53736.1  53718.0 
53736.1  53721.0 
53739.0  53472.0 
53734.1  53735.1 
53741.5  53713.5 
53715.0  53716.0 
53716.0  53729.0 
53735.0  53736.0 
53736.0  53729.0 
53740.1  53741.5 
