53283.1  53285.0 
53283.1  53286.0 
53283.1  53287.0 
53283.1  53288.0 
53283.1  53289.0 
53283.1  53290.0 
53283.1  53291.0 
53283.1  53292.0 
53283.1  53293.0 
53283.1  53294.0 
53283.1  53295.0 
53283.1  53296.0 
53284.1  53298.0 
53284.1  53286.0 
53284.1  53289.0 
53285.0  53013.0 
53286.0  53014.0 
53287.0  53015.0 
53288.0  53016.0 
53289.0  53017.0 
53290.0  53018.0 
53291.0  53019.0 
53292.0  53020.0 
53295.0  53023.0 
53296.0  52664.0 
53297.1  53286.0 
53297.1  53299.0 
53297.1  53290.0 
53297.1  53289.0 
53297.1  53295.0 
53297.1  53300.0 
53297.1  53301.0 
53298.0  53026.0 
53299.0  53027.0 
53300.0  53028.0 
53301.0  53029.0 
53282.1  53283.1 
53303.5  53031.5 
53283.0  53284.0 
53284.0  53297.0 
53302.1  53303.5 
