52751.1  52753.0 
52751.1  52754.0 
52751.1  52755.0 
52751.1  52756.0 
52751.1  52757.0 
52751.1  52758.0 
52751.1  52759.0 
52751.1  52760.0 
52751.1  52761.0 
52751.1  52762.0 
52751.1  52763.0 
52751.1  52764.0 
52752.1  52766.0 
52752.1  52754.0 
52752.1  52757.0 
52753.0  52733.0 
52754.0  52734.0 
52755.0  52735.0 
52756.0  52736.0 
52757.0  52737.0 
52758.0  52738.0 
52759.0  52739.0 
52760.0  52740.0 
52763.0  52743.0 
52764.0  33332.0 
52765.1  52754.0 
52765.1  52767.0 
52765.1  52758.0 
52765.1  52757.0 
52765.1  52763.0 
52765.1  52768.0 
52765.1  52769.0 
52766.0  52746.0 
52767.0  52747.0 
52768.0  52748.0 
52769.0  52749.0 
52750.1  52751.1 
52751.0  52752.0 
52752.0  52765.0 
