322.1  324.0 
322.1  325.0 
322.1  326.0 
322.1  327.0 
322.1  328.0 
322.1  329.0 
322.1  330.0 
322.1  331.0 
322.1  332.0 
322.1  333.0 
322.1  334.0 
322.1  335.0 
323.1  337.0 
323.1  325.0 
323.1  328.0 
324.0  304.0 
325.0  305.0 
326.0  306.0 
327.0  307.0 
328.0  308.0 
329.0  309.0 
330.0  310.0 
331.0  311.0 
334.0  314.0 
335.0  330.0 
336.1  325.0 
336.1  338.0 
336.1  329.0 
336.1  328.0 
336.1  334.0 
336.1  339.0 
336.1  340.0 
337.0  317.0 
338.0  318.0 
339.0  319.0 
340.0  320.0 
321.1  322.1 
322.0  323.0 
323.0  336.0 
