50620.1  50622.0 
50620.1  50623.0 
50620.1  50624.0 
50620.1  50625.0 
50620.1  50626.0 
50620.1  50627.0 
50620.1  50628.0 
50620.1  50629.0 
50620.1  50630.0 
50620.1  50631.0 
50620.1  50632.0 
50620.1  50633.0 
50620.1  50634.0 
50620.1  50635.0 
50620.1  50636.0 
50620.1  50637.0 
50620.1  50638.0 
50620.1  50639.0 
50620.1  50640.0 
50620.1  50641.0 
50620.1  50642.0 
50620.1  50643.0 
50620.1  50644.0 
50620.1  50645.0 
50620.1  50646.0 
50620.1  50647.0 
50620.1  50648.0 
50620.1  50649.0 
50620.1  50650.0 
50620.1  50651.0 
50620.1  50652.0 
50620.1  50653.0 
50620.1  50654.0 
50620.1  50655.0 
50620.1  50656.0 
50620.1  50657.0 
50620.1  50658.0 
50620.1  50659.0 
50620.1  50660.0 
50620.1  50661.0 
50620.1  50662.0 
50620.1  50663.0 
50620.1  50664.0 
50620.1  50665.0 
50620.1  50666.0 
50620.1  50667.0 
50620.1  50668.0 
50620.1  50669.0 
50620.1  50670.0 
50620.1  50671.0 
50620.1  50672.0 
50620.1  50673.0 
50620.1  50674.0 
50620.1  50675.0 
50620.1  50676.0 
50620.1  50677.0 
50620.1  50678.0 
50620.1  50679.0 
50620.1  50680.0 
50620.1  50681.0 
50620.1  50682.0 
50620.1  50683.0 
50620.1  50684.0 
50620.1  50685.0 
50620.1  50686.0 
50620.1  50687.0 
50620.1  50688.0 
50620.1  50689.0 
50620.1  50690.0 
50620.1  50691.0 
50620.1  50692.0 
50620.1  50693.0 
50620.1  50694.0 
50620.1  50695.0 
50620.1  50696.0 
50620.1  50697.0 
50620.1  50698.0 
50620.1  50699.0 
50620.1  50700.0 
50620.1  50701.0 
50620.1  50702.0 
50620.1  50703.0 
50620.1  50704.0 
50620.1  50705.0 
50620.1  50706.0 
50620.1  50707.0 
50620.1  50708.0 
50620.1  50709.0 
50620.1  50710.0 
50620.1  50711.0 
50620.1  50712.0 
50620.1  50713.0 
50620.1  50714.0 
50620.1  50715.0 
50620.1  50716.0 
50620.1  50717.0 
50620.1  50718.0 
50620.1  50719.0 
50620.1  50720.0 
50620.1  50721.0 
50620.1  50722.0 
50620.1  50723.0 
50620.1  50724.0 
50620.1  50725.0 
50620.1  50726.0 
50620.1  50727.0 
50620.1  50728.0 
50620.1  50729.0 
50620.1  50730.0 
50620.1  50731.0 
50620.1  50732.0 
50620.1  50733.0 
50620.1  50734.0 
50620.1  50735.0 
50620.1  50736.0 
50620.1  50737.0 
50620.1  50738.0 
50620.1  50739.0 
50620.1  50740.0 
50620.1  50741.0 
50620.1  50742.0 
50620.1  50743.0 
50620.1  50744.0 
50620.1  50745.0 
50620.1  50746.0 
50620.1  50747.0 
50620.1  50748.0 
50620.1  50749.0 
50620.1  50750.0 
50620.1  50751.0 
50620.1  50752.0 
50620.1  50753.0 
50620.1  50754.0 
50620.1  50755.0 
50620.1  50756.0 
50620.1  50757.0 
50620.1  50758.0 
50620.1  50759.0 
50620.1  50760.0 
50620.1  50761.0 
50620.1  50762.0 
50620.1  50763.0 
50620.1  50764.0 
50620.1  50765.0 
50620.1  50766.0 
50620.1  50767.0 
50620.1  50768.0 
50620.1  50769.0 
50620.1  50770.0 
50620.1  50771.0 
50620.1  50772.0 
50620.1  50773.0 
50620.1  50774.0 
50620.1  50775.0 
50620.1  50776.0 
50620.1  50777.0 
50620.1  50778.0 
50620.1  50779.0 
50620.1  50780.0 
50620.1  50781.0 
50620.1  50782.0 
50620.1  50783.0 
50620.1  50784.0 
50620.1  50785.0 
50620.1  50786.0 
50620.1  50787.0 
50620.1  50788.0 
50620.1  50789.0 
50620.1  50790.0 
50620.1  50791.1 
50620.1  50792.0 
50620.1  50793.0 
50620.1  50794.0 
50620.1  50795.0 
50620.1  50796.0 
50620.1  50797.0 
50620.2  50798.0 
50620.2  50799.0 
50620.2  50800.0 
50620.2  50801.0 
50620.2  50802.0 
50620.2  50803.0 
50620.2  50804.0 
50620.2  50805.0 
50620.2  50806.0 
50620.2  50807.0 
50620.2  50808.0 
50620.2  50809.0 
50620.2  50810.0 
50620.2  50811.0 
50620.2  50812.0 
50620.2  50813.0 
50620.2  50814.0 
50620.2  50815.0 
50620.2  50816.0 
50620.2  50817.0 
50620.2  50818.0 
50620.2  50819.0 
50620.2  50820.0 
50620.2  50821.0 
50620.2  50822.0 
50620.2  50823.0 
50620.2  50824.0 
50620.2  50825.0 
50620.2  50826.0 
50620.2  50827.0 
50620.2  50828.0 
50620.2  50829.0 
50620.2  50830.0 
50620.2  50831.0 
50620.2  50832.0 
50620.2  50833.0 
50620.2  50834.0 
50620.2  50835.0 
50620.2  50836.0 
50620.2  50837.0 
50620.2  50838.0 
50620.2  50839.0 
50620.2  50840.0 
50620.2  50841.0 
50620.2  50842.0 
50620.2  50843.0 
50620.2  50844.0 
50620.2  50845.0 
50620.2  50846.0 
50620.2  50847.0 
50620.2  50848.0 
50620.2  50849.0 
50620.2  50850.0 
50620.2  50851.0 
50620.2  50852.0 
50620.2  50853.0 
50620.2  50854.0 
50620.2  50855.0 
50620.2  50856.0 
50620.2  50857.0 
50620.2  50858.0 
50620.2  50859.0 
50620.2  50860.0 
50620.2  50861.0 
50620.2  50862.0 
50620.2  50863.0 
50620.2  50864.0 
50620.2  50865.0 
50620.2  50866.0 
50620.2  50867.0 
50620.2  50868.0 
50620.2  50869.0 
50620.2  50870.0 
50620.2  50871.0 
50620.2  50872.0 
50620.2  50873.0 
50620.2  50874.0 
50620.2  50875.0 
50620.2  50876.0 
50620.2  50877.0 
50620.2  50878.0 
50620.2  50879.0 
50620.2  50880.0 
50620.2  50881.0 
50620.2  50882.0 
50620.2  50883.0 
50620.2  50884.0 
50620.2  50885.0 
50620.2  50886.0 
50620.2  50887.0 
50620.2  50888.0 
50620.2  50889.0 
50620.2  50890.0 
50620.2  50891.0 
50620.2  50892.0 
50620.2  50893.0 
50620.2  50894.0 
50620.2  50895.0 
50620.2  50896.0 
50620.2  50897.0 
50620.2  50898.0 
50620.2  50899.0 
50620.2  50900.0 
50620.2  50901.0 
50620.2  50902.0 
50620.2  50903.0 
50620.2  50904.0 
50620.2  50905.0 
50620.2  50906.0 
50620.2  50907.0 
50620.2  50908.0 
50620.2  50909.0 
50620.2  50910.0 
50620.2  50911.0 
50620.2  50912.0 
50620.2  50913.0 
50620.2  50914.0 
50620.2  50915.0 
50620.2  50916.0 
50620.2  50917.0 
50620.2  50918.0 
50620.2  50919.0 
50620.2  50920.0 
50620.2  50921.0 
50620.2  50922.0 
50620.2  50923.0 
50620.2  50924.0 
50620.2  50925.0 
50620.2  50926.0 
50620.2  50927.0 
50620.2  50928.0 
50620.2  50929.0 
50620.2  50930.0 
50620.2  50931.0 
50620.2  50932.0 
50620.2  50933.0 
50620.2  50934.0 
50620.2  50935.0 
50620.2  50936.0 
50620.2  50937.0 
50620.2  50938.0 
50620.2  50939.0 
50620.2  50940.0 
50620.2  50941.0 
50620.2  50942.0 
50620.2  50943.0 
50620.2  50944.0 
50620.2  50945.0 
50620.2  50946.0 
50620.2  50947.0 
50620.2  50948.0 
50620.2  50949.0 
50620.2  50950.0 
50620.2  50951.0 
50620.2  50952.0 
50620.2  50953.0 
50620.2  50954.0 
50620.2  50955.0 
50620.2  50956.0 
50620.2  50957.0 
50620.2  50958.1 
50620.2  50959.0 
50620.2  50960.0 
50620.2  50961.0 
50620.2  50962.0 
50620.2  50963.0 
50620.2  50964.0 
50620.2  50965.0 
50620.2  50966.0 
50620.2  50967.0 
50620.2  50968.0 
50620.2  50969.0 
50620.2  50970.0 
50620.2  50971.0 
50620.2  50972.0 
50620.2  50973.61 
50620.2  50974.61 
50620.2  50975.0 
50620.2  50976.0 
50620.2  50977.0 
50620.2  50978.0 
50620.2  50979.0 
50620.2  50980.0 
50620.2  50981.0 
50620.2  50982.0 
50620.2  50983.0 
50620.2  50984.0 
50620.2  50985.0 
50620.2  50986.0 
50620.2  50987.0 
50620.3  50988.0 
50620.3  50989.0 
50620.3  50990.0 
50620.3  50991.0 
50620.3  50992.0 
50620.3  50993.0 
50620.3  50994.0 
50620.3  50995.0 
50620.3  50996.2 
50620.3  50997.0 
50620.3  50998.0 
50620.3  50999.0 
50620.3  51000.0 
50620.3  51001.0 
50620.3  51002.0 
50620.4  51003.0 
50620.4  51004.0 
50620.4  51005.0 
50620.4  51006.0 
50620.4  37216.1 
50620.5  51007.0 
50620.5  51008.0 
50620.5  51009.0 
50620.5  51010.0 
50620.5  51011.0 
50620.5  51012.1 
50620.5  51013.0 
50620.5  51014.122 
50620.5  51015.122 
50620.5  51016.0 
50620.5  51017.0 
50620.6  51018.0 
50620.6  51019.0 
50620.6  51020.0 
50620.6  51021.0 
50620.6  51022.0 
50620.6  51023.0 
50620.6  51024.0 
50620.6  51025.0 
50620.6  51026.0 
50620.6  51027.3 
50620.6  51028.0 
50620.6  51029.0 
50620.6  51030.0 
50620.6  51031.0 
50620.6  51032.0 
50620.6  51033.0 
50620.6  51034.0 
50620.6  51035.0 
50620.6  51036.59 
50620.6  51037.0 
50620.6  51038.0 
50620.7  51039.0 
50620.7  51040.0 
50620.7  51041.141 
50620.7  51042.0 
50620.7  51043.0 
50620.7  51044.1 
50620.7  51045.0 
50620.7  51046.0 
50620.7  51047.0 
50620.7  51048.0 
50620.7  51049.0 
50620.8  51050.0 
50620.8  51051.0 
50620.8  51052.0 
50620.8  51053.0 
50620.8  51054.0 
50620.9  51055.0 
50620.9  51056.0 
50620.9  51057.0 
50620.9  50996.5 
50620.10  51058.0 
50621.1  51060.0 
50621.1  50626.0 
50621.1  51061.0 
50621.1  50631.0 
50621.1  50647.0 
50621.1  50667.0 
50621.1  50787.0 
50621.1  50672.0 
50621.1  51062.1 
50621.1  51063.1 
50621.1  51064.1 
50622.0  49681.0 
50623.0  49682.0 
50624.0  49683.0 
50625.0  49684.0 
50626.0  49685.0 
50627.0  49686.0 
50628.0  49687.0 
50629.0  49688.0 
50630.0  49689.0 
50631.0  49690.0 
50632.0  49691.0 
50633.0  49692.0 
50634.0  49693.0 
50635.0  49694.0 
50636.0  49695.0 
50637.0  49696.0 
50638.0  49697.0 
50639.0  49698.0 
50640.0  49699.0 
50641.0  49700.0 
50642.0  49701.0 
50643.0  49702.0 
50644.0  49703.0 
50645.0  49704.0 
50646.0  49705.0 
50647.0  49706.0 
50648.0  49707.0 
50649.0  49708.0 
50650.0  49709.0 
50651.0  49710.0 
50652.0  49711.0 
50653.0  49712.0 
50654.0  49713.0 
50655.0  49714.0 
50656.0  49715.0 
50657.0  49716.0 
50658.0  49717.0 
50659.0  49718.0 
50660.0  49719.0 
50661.0  49720.0 
50662.0  49721.0 
50663.0  49722.0 
50664.0  49723.0 
50665.0  49724.0 
50666.0  49725.0 
50667.0  49726.0 
50668.0  49727.0 
50669.0  49728.0 
50670.0  49729.0 
50671.0  49730.0 
50672.0  49731.0 
50673.0  49732.0 
50674.0  49733.0 
50675.0  49734.0 
50676.0  49735.0 
50677.0  49736.0 
50678.0  49737.0 
50679.0  49738.0 
50680.0  49739.0 
50681.0  49740.0 
50682.0  49741.0 
50683.0  49742.0 
50684.0  49743.0 
50685.0  49744.0 
50686.0  49745.0 
50687.0  49746.0 
50688.0  49747.0 
50689.0  49748.0 
50690.0  49749.0 
50691.0  49750.0 
50692.0  49751.0 
50693.0  49752.0 
50694.0  49753.0 
50695.0  49754.0 
50696.0  49755.0 
50697.0  49756.0 
50698.0  49757.0 
50699.0  49758.0 
50700.0  49759.0 
50701.0  49760.0 
50702.0  49761.0 
50703.0  49762.0 
50704.0  49763.0 
50705.0  49764.0 
50706.0  49765.0 
50707.0  49766.0 
50708.0  49767.0 
50709.0  49768.0 
50710.0  49769.0 
50711.0  49770.0 
50712.0  49771.0 
50713.0  49772.0 
50714.0  49773.0 
50715.0  49774.0 
50716.0  49775.0 
50717.0  49776.0 
50718.0  49777.0 
50719.0  49778.0 
50720.0  49779.0 
50721.0  49780.0 
50722.0  49781.0 
50723.0  49782.0 
50724.0  49783.0 
50725.0  49784.0 
50726.0  49785.0 
50727.0  49786.0 
50728.0  49787.0 
50729.0  49788.0 
50730.0  49789.0 
50731.0  49790.0 
50732.0  49791.0 
50733.0  49792.0 
50734.0  49793.0 
50735.0  49794.0 
50736.0  49795.0 
50737.0  49796.0 
50738.0  49797.0 
50739.0  49798.0 
50740.0  49799.0 
50741.0  49800.0 
50742.0  49801.0 
50743.0  49802.0 
50744.0  49803.0 
50745.0  49804.0 
50746.0  49805.0 
50747.0  49806.0 
50748.0  49807.0 
50749.0  49808.0 
50750.0  49809.0 
50751.0  49810.0 
50752.0  49811.0 
50753.0  49812.0 
50754.0  49813.0 
50755.0  49814.0 
50756.0  49815.0 
50757.0  49816.0 
50758.0  49817.0 
50759.0  49818.0 
50760.0  49819.0 
50761.0  49820.0 
50762.0  49821.0 
50763.0  49822.0 
50764.0  49823.0 
50765.0  49824.0 
50766.0  49825.0 
50767.0  49826.0 
50768.0  49827.0 
50769.0  49828.0 
50770.0  49829.0 
50771.0  49830.0 
50772.0  49831.0 
50773.0  49832.0 
50774.0  49833.0 
50775.0  49834.0 
50776.0  49835.0 
50777.0  49836.0 
50778.0  49837.0 
50779.0  49838.0 
50780.0  49839.0 
50781.0  49840.0 
50782.0  49841.0 
50783.0  49842.0 
50784.0  49843.0 
50785.0  49844.0 
50786.0  49845.0 
50787.0  49846.0 
50788.0  49847.0 
50789.0  49848.0 
50790.0  49849.0 
50791.1  51065.14 
50792.0  49851.0 
50793.0  49852.0 
50794.0  49853.0 
50795.0  49854.0 
50796.0  49855.0 
50797.0  49856.0 
50798.0  49857.0 
50799.0  49858.0 
50800.0  49859.0 
50801.0  49860.0 
50802.0  49861.0 
50803.0  49862.0 
50804.0  49863.0 
50805.0  49864.0 
50806.0  49865.0 
50807.0  49866.0 
50808.0  49867.0 
50809.0  49868.0 
50810.0  49869.0 
50811.0  49870.0 
50812.0  49871.0 
50813.0  49872.0 
50814.0  49873.0 
50815.0  49874.0 
50816.0  49875.0 
50817.0  49876.0 
50818.0  49877.0 
50819.0  49878.0 
50820.0  49879.0 
50821.0  49880.0 
50822.0  49881.0 
50823.0  49882.0 
50824.0  49883.0 
50825.0  49884.0 
50826.0  49885.0 
50827.0  49886.0 
50828.0  49887.0 
50829.0  49888.0 
50830.0  49889.0 
50831.0  49890.0 
50832.0  49891.0 
50833.0  49892.0 
50834.0  49893.0 
50835.0  49894.0 
50836.0  49895.0 
50837.0  49896.0 
50838.0  49897.0 
50839.0  49898.0 
50840.0  49899.0 
50841.0  49900.0 
50843.0  49902.0 
50844.0  49903.0 
50845.0  49904.0 
50846.0  49905.0 
50847.0  49906.0 
50848.0  49907.0 
50849.0  49908.0 
50850.0  49909.0 
50851.0  49910.0 
50852.0  49911.0 
50853.0  49912.0 
50854.0  49914.0 
50855.0  49913.0 
50856.0  49915.0 
50857.0  49916.0 
50858.0  49917.0 
50859.0  49918.0 
50860.0  49919.0 
50861.0  49920.0 
50862.0  49921.0 
50863.0  49922.0 
50864.0  49923.0 
50865.0  49924.0 
50866.0  49925.0 
50867.0  49926.0 
50868.0  49927.0 
50869.0  49928.0 
50870.0  49929.0 
50871.0  49930.0 
50872.0  49931.0 
50873.0  49932.0 
50874.0  49933.0 
50875.0  49934.0 
50876.0  49935.0 
50877.0  49936.0 
50878.0  49937.0 
50879.0  49938.0 
50880.0  49939.0 
50881.0  49940.0 
50882.0  49941.0 
50883.0  49942.0 
50884.0  49943.0 
50885.0  49944.0 
50886.0  49945.0 
50887.0  49946.0 
50888.0  49947.0 
50889.0  49948.0 
50890.0  49949.0 
50891.0  49950.0 
50892.0  49951.0 
50893.0  49952.0 
50894.0  49953.0 
50895.0  49954.0 
50896.0  49955.0 
50897.0  49956.0 
50898.0  49957.0 
50899.0  49958.0 
50900.0  49959.0 
50901.0  49960.0 
50902.0  49961.0 
50903.0  49962.0 
50904.0  49963.0 
50905.0  49964.0 
50906.0  49965.0 
50907.0  49966.0 
50908.0  49967.0 
50909.0  49968.0 
50910.0  49969.0 
50911.0  49970.0 
50912.0  49971.0 
50913.0  49972.0 
50914.0  49973.0 
50915.0  49974.0 
50916.0  49975.0 
50917.0  49976.0 
50918.0  49977.0 
50919.0  49978.0 
50920.0  49979.0 
50921.0  49980.0 
50922.0  49981.0 
50923.0  49982.0 
50924.0  49983.0 
50925.0  49984.0 
50926.0  49985.0 
50927.0  49986.0 
50928.0  49987.0 
50929.0  49988.0 
50930.0  49989.0 
50931.0  49990.0 
50932.0  49991.0 
50933.0  49992.0 
50934.0  49993.0 
50935.0  49994.0 
50936.0  49995.0 
50937.0  49996.0 
50938.0  49997.0 
50939.0  49998.0 
50940.0  49999.0 
50941.0  50000.0 
50942.0  50001.0 
50943.0  50002.0 
50944.0  50003.0 
50945.0  50004.0 
50946.0  50005.0 
50947.0  50006.0 
50948.0  50007.0 
50949.0  50008.0 
50950.0  50009.0 
50951.0  50010.0 
50952.0  50011.0 
50953.0  50012.0 
50954.0  50013.0 
50955.0  50014.0 
50956.0  50015.0 
50957.0  50016.0 
50958.1  51065.12 
50959.0  50018.0 
50960.0  50019.0 
50961.0  50020.0 
50962.0  50021.0 
50963.0  50022.0 
50964.0  50023.0 
50965.0  50024.0 
50966.0  50025.0 
50967.0  50026.0 
50968.0  50027.0 
50969.0  50028.0 
50970.0  50029.0 
50971.0  50030.0 
50972.0  50031.0 
50973.61  51065.13 
50973.61  50032.61 
50974.61  51065.13 
50974.61  50033.61 
50975.0  50034.0 
50976.0  50035.0 
50977.0  50036.0 
50978.0  50037.0 
50979.0  50038.0 
50980.0  50039.0 
50981.0  50040.0 
50982.0  50041.0 
50983.0  50042.0 
50984.0  50043.0 
50985.0  50044.0 
50986.0  50045.0 
50987.0  50046.0 
50988.0  50047.0 
50989.0  50048.0 
50990.0  50049.0 
50991.0  50050.0 
50992.0  50051.0 
50993.0  50052.0 
50994.0  50053.0 
50995.0  50054.0 
50996.1  50620.1 
50996.2  50620.2 
50996.3  50620.3 
50996.4  50620.4 
50996.5  50620.8 
50996.6  50620.9 
50997.0  50056.0 
50998.0  50057.0 
50999.0  50058.0 
51000.0  50059.0 
51001.0  50060.0 
51002.0  50061.0 
51003.0  50062.0 
51004.0  50063.0 
51005.0  50064.0 
51006.0  50065.0 
51007.0  50066.0 
51008.0  50067.0 
51009.0  50068.0 
51010.0  50069.0 
51011.0  50070.0 
51012.1  51065.14 
51013.0  50072.0 
51014.122  51065.14 
51014.122  50073.122 
51014.123  50620.5 
51015.122  51065.14 
51015.122  50074.122 
51015.123  50620.7 
51016.0  50075.0 
51017.0  50076.0 
51018.0  50077.0 
51019.0  50078.0 
51020.0  50079.0 
51021.0  50080.0 
51022.0  50081.0 
51023.0  50082.0 
51024.0  50083.0 
51025.0  50084.0 
51026.0  50085.0 
51027.1  51066.1 
51027.2  51067.1 
51027.3  51068.1 
51028.0  50087.0 
51029.0  50088.0 
51030.0  50089.0 
51031.0  50090.0 
51032.0  50091.0 
51033.0  50092.0 
51034.0  50093.0 
51035.0  50094.0 
51036.59  50095.59 
51036.60  50620.6 
51037.0  50096.0 
51038.0  50097.0 
51039.0  50098.0 
51040.0  50099.0 
51041.140  51065.11 
51041.141  51065.13 
51041.141  50100.141 
51042.0  50101.0 
51044.1  51069.1 
51045.0  50104.0 
51046.0  50105.0 
51048.0  50107.0 
51049.0  50108.0 
51050.0  50109.0 
51051.0  50110.0 
51052.0  50111.0 
51053.0  50112.0 
51054.0  50113.0 
51055.0  50114.0 
51056.0  50115.0 
51057.0  50116.0 
51058.0  50118.0 
51059.1  51071.0 
51059.1  50626.0 
51059.1  51061.0 
51059.1  50631.0 
51059.1  50647.0 
51059.1  50667.0 
51059.1  50787.0 
51059.1  50672.0 
51059.1  51072.1 
51059.1  51073.1 
51059.1  51074.1 
51059.1  51075.1 
51059.1  51076.1 
51060.0  50120.0 
51061.0  50121.0 
51062.1  51077.1 
51063.1  51078.1 
51064.1  51079.1 
51065.12  50140.0 
51065.13  50100.140 
51065.14  51080.1 
51065.14  49679.14 
51066.1  51082.0 
51066.1  50626.0 
51066.1  51083.0 
51066.1  51084.0 
51066.1  50647.0 
51066.1  51085.0 
51066.1  50829.0 
51066.1  51086.0 
51066.1  50631.0 
51066.1  50841.0 
51066.1  51087.0 
51066.1  50667.0 
51066.1  51088.2 
51067.1  51090.0 
51067.1  50626.0 
51067.1  51083.0 
51067.1  51084.0 
51067.1  50829.0 
51067.1  50647.0 
51067.1  51085.0 
51067.1  50631.0 
51067.1  51086.0 
51067.1  50841.0 
51067.1  51091.0 
51067.1  50667.0 
51067.1  51027.1 
51068.1  51092.0 
51068.1  50626.0 
51068.1  50647.0 
51068.1  51027.2 
51069.1  51094.0 
51069.1  50626.0 
51069.1  51095.0 
51069.1  50647.0 
51069.1  50667.0 
51069.1  50672.0 
51069.1  50666.0 
51069.1  51096.1 
51069.1  51096.2 
51069.1  51096.3 
51069.1  51096.4 
51069.1  51096.5 
51069.1  51096.6 
51069.1  51096.7 
51070.1  51097.0 
51070.1  50626.0 
51070.1  50647.0 
51071.0  50131.0 
51072.1  51098.1 
51073.1  51099.1 
51074.1  51100.1 
51075.1  51101.1 
51076.1  51102.1 
51077.1  51103.0 
51077.1  50626.0 
51077.1  50647.0 
51077.1  50667.0 
51078.1  51104.0 
51078.1  50626.0 
51078.1  50647.0 
51078.1  50667.0 
51079.1  51106.0 
51079.1  50626.0 
51079.1  50647.0 
51080.1  51065.11 
51081.1  50626.0 
51081.1  51061.0 
51081.1  50631.0 
51081.1  50647.0 
51081.1  50667.0 
51081.1  50787.0 
51081.1  50672.0 
51082.0  50143.0 
51083.0  50144.0 
51084.0  50145.0 
51085.0  50146.0 
51086.0  50147.0 
51088.1  51107.1 
51088.2  51108.1 
51089.1  51110.0 
51089.1  50626.0 
51089.1  51061.0 
51089.1  50631.0 
51089.1  50647.0 
51089.1  50667.0 
51089.1  50787.0 
51089.1  50672.0 
51089.1  50673.0 
51089.1  50674.0 
51089.1  50675.0 
51089.1  51111.1 
51089.1  51112.1 
51089.2  51113.1 
51089.3  51114.1 
51090.0  50151.0 
51092.0  50153.0 
51093.1  51115.0 
51093.1  50626.0 
51093.1  51061.0 
51093.1  50631.0 
51093.1  50647.0 
51093.1  50667.0 
51093.1  50787.0 
51093.1  50672.0 
51094.0  50155.0 
51095.0  50156.0 
51096.1  51116.1 
51096.2  51116.2 
51096.3  51116.3 
51096.4  51116.4 
51096.5  51116.5 
51096.6  51116.6 
51096.7  51116.7 
51097.0  50158.0 
51098.1  51104.0 
51098.1  50626.0 
51098.1  50647.0 
51098.1  50667.0 
51099.1  51103.0 
51099.1  50626.0 
51099.1  50647.0 
51099.1  50667.0 
51100.1  51117.0 
51100.1  50626.0 
51100.1  50647.0 
51100.1  50667.0 
51101.1  51117.0 
51101.1  50626.0 
51101.1  50647.0 
51101.1  50667.0 
51102.1  51117.0 
51102.1  50626.0 
51102.1  50647.0 
51102.1  50667.0 
51103.0  50164.0 
51104.0  50165.0 
51106.0  50167.0 
51107.1  51082.0 
51107.1  50626.0 
51107.1  51083.0 
51107.1  51084.0 
51107.1  50647.0 
51107.1  51085.0 
51107.1  50829.0 
51107.1  51086.0 
51107.1  50631.0 
51107.1  50841.0 
51107.1  51119.0 
51107.1  50667.0 
51107.1  51120.1 
51108.1  51090.0 
51108.1  50626.0 
51108.1  51083.0 
51108.1  51084.0 
51108.1  50829.0 
51108.1  50647.0 
51108.1  51085.0 
51108.1  50631.0 
51108.1  51086.0 
51108.1  50841.0 
51108.1  51122.0 
51108.1  50667.0 
51108.1  51088.1 
51109.1  51090.0 
51109.1  50626.0 
51109.1  51083.0 
51109.1  51084.0 
51109.1  50829.0 
51109.1  50647.0 
51109.1  51085.0 
51109.1  50631.0 
51109.1  51086.0 
51109.1  50841.0 
51109.1  51123.0 
51109.1  50667.0 
51110.0  50171.0 
51111.1  51124.0 
51112.1  51125.1 
51113.1  51126.1 
51114.1  51127.1 
51115.0  50176.0 
51116.1  51128.0 
51116.1  50626.0 
51116.1  51129.0 
51116.1  50631.0 
51116.1  50647.0 
51116.1  51130.0 
51116.1  50667.0 
51116.1  51131.0 
51116.1  51132.0 
51116.1  50787.0 
51116.1  51133.0 
51116.1  51134.0 
51116.1  51135.0 
51116.1  50672.0 
51116.1  51136.0 
51116.1  51137.0 
51116.1  51138.0 
51116.1  51139.0 
51116.1  51140.0 
51116.1  51141.0 
51116.1  51142.0 
51116.1  51143.0 
51116.1  51144.0 
51116.1  51145.0 
51116.1  51146.0 
51116.1  51147.0 
51116.1  51148.0 
51116.1  51149.0 
51116.1  51150.0 
51116.1  51151.0 
51116.1  51152.0 
51116.1  51153.0 
51116.1  51154.0 
51116.1  51155.0 
51116.1  51156.0 
51116.1  51157.0 
51116.1  51158.0 
51116.1  51159.0 
51116.1  51160.0 
51116.1  51161.0 
51116.1  51162.0 
51116.1  51163.0 
51116.1  51164.0 
51116.1  51165.0 
51116.1  51166.0 
51116.1  51167.0 
51116.1  51168.0 
51116.1  51169.0 
51116.1  51170.0 
51116.1  51171.0 
51116.1  51172.0 
51116.1  51173.0 
51116.1  51174.0 
51116.1  51175.0 
51116.1  51176.0 
51116.1  51177.0 
51116.1  51178.0 
51116.1  51179.0 
51116.1  51180.0 
51116.1  51181.0 
51116.1  51182.0 
51116.1  51183.0 
51116.1  51184.0 
51116.1  51185.0 
51116.1  51186.0 
51116.1  51187.0 
51116.1  51188.0 
51116.1  51189.0 
51116.1  51190.0 
51116.1  51191.0 
51116.1  51192.0 
51116.1  51193.0 
51116.1  51194.0 
51116.1  51195.0 
51116.1  51196.0 
51116.1  51197.0 
51116.1  51198.0 
51116.1  51199.0 
51116.1  51200.0 
51116.1  51201.0 
51116.1  51202.0 
51116.1  51203.0 
51116.1  51204.0 
51116.1  51205.0 
51116.1  51206.0 
51116.1  51207.0 
51116.2  51208.0 
51116.2  51209.0 
51116.2  51210.0 
51116.2  51211.0 
51116.2  51212.0 
51116.2  51213.0 
51116.2  51214.0 
51116.2  51215.0 
51116.2  51216.0 
51116.2  51217.0 
51116.2  51218.0 
51116.2  51219.0 
51116.2  51220.0 
51116.2  51221.0 
51116.2  51222.0 
51116.2  51223.0 
51116.2  51224.0 
51116.2  51225.0 
51116.2  51226.0 
51116.2  51227.0 
51116.2  51228.0 
51116.2  51229.0 
51116.2  51230.0 
51116.2  51231.0 
51116.2  51232.0 
51116.2  51233.0 
51116.2  51234.0 
51116.2  51235.0 
51116.2  51236.0 
51116.2  51237.0 
51116.2  51238.0 
51116.2  51239.0 
51116.2  51240.0 
51116.2  51241.0 
51116.2  51242.0 
51116.2  51243.0 
51116.2  51244.0 
51116.2  51245.0 
51116.2  51246.0 
51116.2  51247.0 
51116.2  51248.0 
51116.2  51249.0 
51116.2  51250.0 
51116.2  51251.0 
51116.2  51252.0 
51116.2  51253.0 
51116.2  51254.0 
51116.2  51255.0 
51116.2  51256.0 
51116.2  51257.0 
51116.2  51258.0 
51116.2  51259.0 
51116.2  51260.0 
51116.2  51261.0 
51116.2  51262.0 
51116.2  51263.0 
51116.2  51264.0 
51116.2  51265.0 
51116.2  51266.0 
51116.2  51267.0 
51116.2  51268.0 
51116.2  51269.0 
51116.2  51270.0 
51116.2  51271.0 
51116.2  51272.0 
51116.2  51273.0 
51116.2  51274.0 
51116.2  51275.0 
51116.2  51276.0 
51116.2  51277.0 
51116.2  51278.0 
51116.2  51279.0 
51116.2  51280.0 
51116.2  51281.0 
51116.2  51282.0 
51116.2  51283.0 
51116.2  51284.0 
51116.2  51285.0 
51116.2  51286.0 
51116.2  51287.0 
51116.2  51288.0 
51116.2  51289.0 
51116.2  51290.0 
51116.2  51291.0 
51116.3  51292.0 
51116.3  51293.0 
51116.3  51294.0 
51116.3  51295.0 
51116.3  51296.0 
51116.3  51297.0 
51116.3  51298.0 
51116.3  51299.0 
51116.3  51300.0 
51116.3  51301.0 
51116.3  51302.0 
51116.3  51303.0 
51116.3  51304.0 
51116.3  51305.0 
51116.3  51306.0 
51116.3  51307.0 
51116.3  51308.0 
51116.3  51309.0 
51116.3  51310.0 
51116.3  51311.0 
51116.3  51312.0 
51116.3  51313.0 
51116.3  51314.0 
51116.3  51315.0 
51116.3  51316.0 
51116.3  51317.0 
51116.3  51318.0 
51116.3  51319.0 
51116.3  51320.0 
51116.3  51321.0 
51116.3  51322.0 
51116.3  51323.0 
51116.3  51324.0 
51116.3  51325.0 
51116.3  51326.0 
51116.3  51327.0 
51116.3  51328.0 
51116.3  51329.0 
51116.3  51330.0 
51116.3  51331.0 
51116.3  51332.0 
51116.3  51333.0 
51116.3  51334.0 
51116.3  51335.0 
51116.3  51336.0 
51116.3  51337.0 
51116.3  51338.0 
51116.3  51339.0 
51116.3  51340.0 
51116.3  51341.0 
51116.3  51342.0 
51116.3  51343.0 
51116.3  51344.0 
51116.3  51345.0 
51116.3  51346.0 
51116.3  51347.0 
51116.3  51348.0 
51116.3  51349.0 
51116.3  51350.0 
51116.3  51351.0 
51116.3  51352.0 
51116.3  51353.0 
51116.3  51354.0 
51116.3  51355.0 
51116.3  51356.0 
51116.3  51357.0 
51116.3  51358.0 
51116.3  51359.0 
51116.3  51360.0 
51116.3  51361.0 
51116.4  51362.0 
51116.4  51363.0 
51116.4  51364.0 
51116.4  51365.0 
51116.4  51366.0 
51116.4  51367.0 
51116.4  51368.0 
51116.4  51369.0 
51116.4  51370.0 
51116.4  51371.0 
51116.4  51372.0 
51116.4  51373.0 
51116.4  51374.0 
51116.4  51375.0 
51116.4  51376.0 
51116.4  51377.0 
51116.4  51378.0 
51116.4  51379.0 
51116.4  51380.0 
51116.4  51381.0 
51116.4  51382.0 
51116.4  51383.0 
51116.4  51384.0 
51116.4  51385.0 
51116.4  51386.0 
51116.4  51387.0 
51116.4  51388.0 
51116.4  51389.0 
51116.4  51390.0 
51116.4  51391.0 
51116.4  51392.0 
51116.4  51393.0 
51116.4  51394.0 
51116.4  51395.0 
51116.4  51396.0 
51116.4  51397.0 
51116.4  51398.0 
51116.4  51399.0 
51116.4  51400.0 
51116.5  51401.0 
51116.5  51402.0 
51116.5  51403.0 
51116.5  51404.0 
51116.5  51405.0 
51116.5  51406.0 
51116.5  51407.0 
51116.5  51408.0 
51116.5  51409.0 
51116.5  51410.0 
51116.5  51411.0 
51116.5  51412.0 
51116.5  51413.0 
51116.5  51414.0 
51116.5  51415.0 
51116.5  51416.0 
51116.5  51417.0 
51116.5  51418.0 
51116.5  51419.0 
51116.5  51420.0 
51116.5  51421.0 
51116.5  51422.0 
51116.5  51423.0 
51116.5  51424.0 
51116.5  51425.0 
51116.5  51426.0 
51116.5  51427.0 
51116.5  51428.0 
51116.5  51429.0 
51116.5  51430.0 
51116.5  51431.0 
51116.5  51432.0 
51116.5  51433.0 
51116.5  51434.0 
51116.5  51435.0 
51116.5  51436.0 
51116.5  51437.0 
51116.5  51438.0 
51116.5  51439.0 
51116.5  51440.0 
51116.5  51441.0 
51116.5  51442.0 
51116.5  51443.0 
51116.5  51444.0 
51116.5  51445.0 
51116.5  51446.0 
51116.5  51447.0 
51116.5  51448.0 
51116.6  51449.0 
51116.6  51450.0 
51116.6  51451.0 
51116.6  51452.0 
51116.6  51453.0 
51116.6  51454.0 
51116.6  51455.0 
51116.6  51456.0 
51116.6  51457.0 
51116.6  51458.0 
51116.6  51459.0 
51116.6  51460.0 
51116.6  51461.0 
51116.6  51462.0 
51116.6  51463.0 
51116.6  51464.0 
51116.6  51465.0 
51116.6  51466.0 
51116.6  51467.0 
51116.6  51468.0 
51116.6  51469.0 
51116.6  51470.0 
51116.6  51471.0 
51116.6  51472.0 
51116.6  51473.0 
51116.6  51474.0 
51116.6  51475.0 
51116.6  51476.0 
51116.6  51477.0 
51116.6  51478.0 
51116.7  51479.0 
51116.7  51480.0 
51116.7  51481.0 
51116.7  51482.0 
51116.7  51483.0 
51116.7  51484.0 
51116.7  51485.0 
51116.7  51486.0 
51116.7  51487.0 
51116.7  51488.0 
51116.7  51489.0 
51116.7  51490.0 
51116.7  51491.0 
51116.7  51492.0 
51116.7  51493.0 
51116.7  51494.0 
51116.7  51495.0 
51116.7  51496.0 
51116.7  51497.0 
51116.7  51498.0 
51116.7  51499.0 
51116.7  51500.0 
51116.7  51501.0 
51116.7  51502.0 
51116.7  51503.0 
51116.7  51504.0 
51116.7  51505.0 
51116.7  51506.0 
51116.7  51507.0 
51116.7  51508.0 
51116.7  51509.0 
51116.7  51510.0 
51116.7  51511.0 
51116.7  51512.0 
51116.7  51513.0 
51116.7  51514.0 
51116.7  51515.0 
51116.7  51516.0 
51116.7  51517.0 
51116.7  51518.0 
51116.7  51519.0 
51116.7  51520.0 
51116.7  51521.0 
51116.7  51522.0 
51116.7  51523.0 
51116.7  51524.0 
51116.7  51525.0 
51117.0  50178.0 
51118.1  50591.0 
51118.1  49685.0 
51118.1  50121.0 
51118.1  49690.0 
51118.1  49706.0 
51118.1  49726.0 
51118.1  49846.0 
51118.1  49731.0 
51118.1  49732.0 
51118.1  49733.0 
51118.1  49734.0 
51118.1  51527.1 
51118.1  51528.1 
51118.1  49725.0 
51118.1  49739.0 
51118.1  51529.1 
51120.1  51530.1 
51121.1  50142.1 
51125.1  51532.0 
51125.1  50626.0 
51125.1  50647.0 
51125.1  50667.0 
51125.1  50672.0 
51125.1  51533.1 
51126.1  51532.0 
51126.1  50626.0 
51126.1  50647.0 
51126.1  50667.0 
51126.1  50672.0 
51126.1  51535.1 
51127.1  51532.0 
51127.1  50626.0 
51127.1  50647.0 
51127.1  50667.0 
51127.1  50672.0 
51127.1  51537.1 
51128.0  50189.0 
51129.0  50190.0 
51130.0  50191.0 
51132.0  50193.0 
51133.0  50194.0 
51134.0  50195.0 
51135.0  50196.0 
51136.0  50197.0 
51137.0  50198.0 
51138.0  50199.0 
51139.0  50200.0 
51140.0  50201.0 
51141.0  50202.0 
51142.0  50203.0 
51143.0  50204.0 
51144.0  50205.0 
51145.0  50206.0 
51146.0  50207.0 
51147.0  50208.0 
51148.0  50209.0 
51149.0  50210.0 
51150.0  50211.0 
51151.0  50212.0 
51152.0  50213.0 
51153.0  50214.0 
51154.0  50215.0 
51155.0  50216.0 
51156.0  50217.0 
51157.0  50218.0 
51158.0  50219.0 
51159.0  50220.0 
51160.0  50221.0 
51161.0  50222.0 
51162.0  50223.0 
51163.0  50224.0 
51164.0  50225.0 
51165.0  50226.0 
51166.0  50227.0 
51167.0  50228.0 
51168.0  50229.0 
51169.0  50230.0 
51170.0  50231.0 
51171.0  50232.0 
51172.0  50233.0 
51173.0  50234.0 
51174.0  50235.0 
51175.0  50236.0 
51176.0  50237.0 
51177.0  50238.0 
51178.0  50239.0 
51179.0  50240.0 
51180.0  50241.0 
51181.0  50242.0 
51182.0  50243.0 
51183.0  50244.0 
51184.0  50245.0 
51185.0  50246.0 
51186.0  50247.0 
51187.0  50248.0 
51188.0  50249.0 
51189.0  50250.0 
51190.0  50251.0 
51191.0  50252.0 
51192.0  50253.0 
51193.0  50254.0 
51194.0  50255.0 
51195.0  50256.0 
51196.0  50257.0 
51197.0  50258.0 
51198.0  50259.0 
51199.0  50260.0 
51200.0  50261.0 
51201.0  50262.0 
51202.0  50263.0 
51203.0  50264.0 
51204.0  50265.0 
51205.0  50266.0 
51206.0  50267.0 
51207.0  50268.0 
51208.0  50269.0 
51209.0  50270.0 
51210.0  50271.0 
51211.0  50272.0 
51212.0  50273.0 
51213.0  50274.0 
51214.0  50275.0 
51215.0  50276.0 
51216.0  50277.0 
51217.0  50278.0 
51218.0  50279.0 
51219.0  50280.0 
51220.0  50281.0 
51221.0  50282.0 
51222.0  50283.0 
51223.0  50284.0 
51224.0  50285.0 
51225.0  50286.0 
51226.0  50287.0 
51227.0  50288.0 
51228.0  50289.0 
51229.0  50290.0 
51230.0  50291.0 
51231.0  50292.0 
51232.0  50293.0 
51233.0  50294.0 
51234.0  50295.0 
51235.0  50296.0 
51236.0  50297.0 
51237.0  50298.0 
51238.0  50299.0 
51239.0  50300.0 
51240.0  50301.0 
51241.0  50302.0 
51242.0  50303.0 
51243.0  50304.0 
51244.0  50305.0 
51245.0  50306.0 
51246.0  50307.0 
51247.0  50308.0 
51248.0  50309.0 
51249.0  50310.0 
51250.0  50311.0 
51251.0  50312.0 
51252.0  50313.0 
51253.0  50314.0 
51254.0  50315.0 
51255.0  50316.0 
51256.0  50317.0 
51257.0  50318.0 
51258.0  50319.0 
51259.0  50320.0 
51260.0  50321.0 
51261.0  50322.0 
51262.0  50323.0 
51263.0  50324.0 
51264.0  50325.0 
51265.0  50326.0 
51266.0  50327.0 
51267.0  50328.0 
51268.0  50329.0 
51269.0  50330.0 
51270.0  50331.0 
51271.0  50332.0 
51272.0  50333.0 
51273.0  50334.0 
51274.0  50335.0 
51275.0  50336.0 
51276.0  50337.0 
51277.0  50338.0 
51278.0  50339.0 
51279.0  50340.0 
51280.0  50341.0 
51281.0  50342.0 
51282.0  50343.0 
51283.0  50344.0 
51284.0  50345.0 
51285.0  50346.0 
51286.0  50347.0 
51287.0  50348.0 
51288.0  50349.0 
51289.0  50350.0 
51290.0  50351.0 
51291.0  50352.0 
51292.0  50353.0 
51293.0  50354.0 
51294.0  50355.0 
51295.0  50356.0 
51296.0  50357.0 
51297.0  50358.0 
51298.0  50359.0 
51299.0  50360.0 
51300.0  50361.0 
51301.0  50362.0 
51302.0  50363.0 
51303.0  50364.0 
51304.0  50365.0 
51305.0  50366.0 
51306.0  50367.0 
51307.0  50368.0 
51308.0  50369.0 
51309.0  50370.0 
51310.0  50371.0 
51311.0  50372.0 
51312.0  50373.0 
51313.0  50374.0 
51314.0  50375.0 
51315.0  50376.0 
51316.0  50377.0 
51317.0  50378.0 
51318.0  50379.0 
51319.0  50380.0 
51320.0  50381.0 
51321.0  50382.0 
51322.0  50383.0 
51323.0  50384.0 
51324.0  50385.0 
51326.0  50387.0 
51327.0  50388.0 
51328.0  50389.0 
51329.0  50390.0 
51330.0  50391.0 
51331.0  50392.0 
51332.0  50393.0 
51333.0  50394.0 
51334.0  50395.0 
51335.0  50396.0 
51336.0  50397.0 
51337.0  50398.0 
51338.0  50399.0 
51339.0  50400.0 
51340.0  50401.0 
51341.0  50402.0 
51342.0  50403.0 
51343.0  50404.0 
51344.0  50405.0 
51345.0  50406.0 
51346.0  50407.0 
51347.0  50408.0 
51348.0  50409.0 
51349.0  50410.0 
51350.0  50411.0 
51351.0  50412.0 
51352.0  50413.0 
51353.0  50414.0 
51354.0  50415.0 
51355.0  50416.0 
51356.0  50417.0 
51357.0  50418.0 
51358.0  50419.0 
51359.0  50420.0 
51360.0  50421.0 
51361.0  50422.0 
51362.0  50423.0 
51363.0  50424.0 
51364.0  50425.0 
51365.0  50426.0 
51366.0  50427.0 
51367.0  50428.0 
51368.0  50429.0 
51369.0  50430.0 
51370.0  50431.0 
51371.0  50432.0 
51372.0  50433.0 
51373.0  50434.0 
51374.0  50435.0 
51375.0  50436.0 
51376.0  50437.0 
51377.0  50438.0 
51378.0  50439.0 
51379.0  50440.0 
51380.0  50441.0 
51381.0  50442.0 
51382.0  50443.0 
51383.0  50444.0 
51384.0  50445.0 
51385.0  50446.0 
51386.0  50447.0 
51387.0  50448.0 
51388.0  50449.0 
51389.0  50450.0 
51390.0  50451.0 
51391.0  50452.0 
51392.0  50453.0 
51393.0  50454.0 
51394.0  50455.0 
51395.0  50456.0 
51396.0  50457.0 
51397.0  50458.0 
51398.0  50459.0 
51399.0  50460.0 
51400.0  50461.0 
51401.0  50462.0 
51402.0  50463.0 
51403.0  50464.0 
51404.0  50465.0 
51405.0  50466.0 
51406.0  50467.0 
51407.0  50468.0 
51408.0  50469.0 
51409.0  50470.0 
51410.0  50471.0 
51411.0  50472.0 
51412.0  50473.0 
51413.0  50474.0 
51414.0  50475.0 
51415.0  50476.0 
51416.0  50477.0 
51417.0  50478.0 
51418.0  50479.0 
51419.0  50480.0 
51420.0  50481.0 
51421.0  50482.0 
51422.0  50483.0 
51423.0  50484.0 
51424.0  50485.0 
51425.0  50486.0 
51426.0  50487.0 
51427.0  50488.0 
51428.0  50489.0 
51429.0  50490.0 
51430.0  50491.0 
51431.0  50492.0 
51432.0  50493.0 
51433.0  50494.0 
51434.0  50495.0 
51435.0  50496.0 
51436.0  50497.0 
51437.0  50498.0 
51438.0  50499.0 
51439.0  50500.0 
51440.0  50501.0 
51441.0  50502.0 
51442.0  50503.0 
51443.0  50504.0 
51444.0  50505.0 
51445.0  50506.0 
51446.0  50507.0 
51447.0  50508.0 
51448.0  50509.0 
51449.0  50510.0 
51450.0  50511.0 
51451.0  50512.0 
51452.0  50513.0 
51453.0  50514.0 
51454.0  50515.0 
51455.0  50516.0 
51456.0  50517.0 
51457.0  50518.0 
51458.0  50519.0 
51459.0  50520.0 
51460.0  50521.0 
51461.0  50522.0 
51462.0  50523.0 
51463.0  50524.0 
51464.0  50525.0 
51465.0  50526.0 
51466.0  50527.0 
51467.0  50528.0 
51468.0  50529.0 
51469.0  50530.0 
51470.0  50531.0 
51471.0  50532.0 
51472.0  50533.0 
51473.0  50534.0 
51474.0  50535.0 
51475.0  50536.0 
51476.0  50537.0 
51477.0  50538.0 
51478.0  50539.0 
51479.0  50540.0 
51480.0  50541.0 
51481.0  50542.0 
51482.0  50543.0 
51483.0  50544.0 
51484.0  50545.0 
51485.0  50546.0 
51486.0  50547.0 
51487.0  50548.0 
51488.0  50549.0 
51489.0  50550.0 
51490.0  50551.0 
51491.0  50552.0 
51492.0  50553.0 
51493.0  50554.0 
51494.0  50555.0 
51495.0  50556.0 
51496.0  50557.0 
51526.1  50143.0 
51526.1  49685.0 
51526.1  50144.0 
51526.1  50145.0 
51526.1  49706.0 
51526.1  50146.0 
51526.1  49888.0 
51526.1  50147.0 
51526.1  49690.0 
51526.1  49900.0 
51526.1  51538.0 
51526.1  49726.0 
51526.1  50086.3 
51527.1  51539.1 
51528.1  51540.1 
51529.1  51541.1 
51530.1  50607.0 
51530.1  49685.0 
51530.1  49706.0 
51530.1  51542.3 
51532.0  50597.0 
51533.1  51543.0 
51535.1  51544.0 
51537.1  51545.0 
51539.1  50597.0 
51539.1  49685.0 
51539.1  49706.0 
51539.1  49726.0 
51539.1  49731.0 
51539.1  51547.1 
51540.1  50614.0 
51540.1  49685.0 
51540.1  49706.0 
51540.1  49726.0 
51540.1  50615.62 
51541.1  50614.0 
51541.1  49685.0 
51541.1  49706.0 
51541.1  49726.0 
51541.1  50616.27 
51542.3  50086.3 
51547.1  51548.0 
50620.0  50621.0 
50621.0  51059.0 
51059.0  51070.0 
51066.0  51081.0 
51067.0  51089.0 
51068.0  51089.0 
51069.0  51093.0 
51070.0  51081.0 
51077.0  50621.0 
51078.0  50621.0 
51079.0  51105.0 
51089.0  51109.0 
51093.0  50620.0 
51098.0  51059.0 
51099.0  51059.0 
51100.0  51059.0 
51101.0  51059.0 
51102.0  51059.0 
51105.0  50621.0 
51107.0  51118.0 
51108.0  51121.0 
51109.0  51081.0 
51116.0  51093.0 
51118.0  51526.0 
51124.0  51089.0 
51125.0  51531.0 
51126.0  51534.0 
51127.0  51536.0 
51526.0  51121.0 
51530.0  51118.0 
51531.0  51089.0 
51534.0  51089.0 
51536.0  51089.0 
51539.0  51546.0 
51540.0  51118.0 
51541.0  51118.0 
51543.0  51531.0 
51544.0  51534.0 
51545.0  51536.0 
51546.0  51118.0 
51548.0  51546.0 
50619.1  50620.10 
