53547.1  53549.0 
53547.1  53550.0 
53547.1  53551.0 
53547.1  53552.0 
53547.1  53553.0 
53547.1  53554.0 
53547.1  53555.0 
53547.1  53556.0 
53547.1  53557.0 
53547.1  53558.0 
53547.1  53559.0 
53547.1  53560.0 
53548.1  53562.0 
53548.1  53550.0 
53548.1  53553.0 
53549.0  53527.0 
53550.0  53528.0 
53551.0  53529.0 
53552.0  53530.0 
53553.0  53531.0 
53554.0  53532.0 
53555.0  53533.0 
53556.0  53534.0 
53559.0  53537.0 
53560.0  52904.0 
53561.1  53550.0 
53561.1  53563.0 
53561.1  53554.0 
53561.1  53553.0 
53561.1  53559.0 
53561.1  53564.0 
53561.1  53565.0 
53562.0  53540.0 
53563.0  53541.0 
53564.0  53542.0 
53565.0  53543.0 
53546.1  53547.1 
53567.1  53549.0 
53567.1  53550.0 
53567.1  53551.0 
53567.1  53552.0 
53567.1  53553.0 
53567.1  53554.0 
53567.1  53555.0 
53567.1  53556.0 
53567.1  53569.0 
53567.1  53570.0 
53567.1  53559.0 
53567.1  53571.0 
53568.1  53562.0 
53568.1  53550.0 
53568.1  53553.0 
53571.0  53340.0 
53566.1  53567.1 
53573.5  53545.5 
53547.0  53548.0 
53548.0  53561.0 
53567.0  53568.0 
53568.0  53561.0 
53572.1  53573.5 
