53687.1  53689.0 
53687.1  53690.0 
53687.1  53691.0 
53687.1  53692.0 
53687.1  53693.0 
53687.1  53694.0 
53687.1  53695.0 
53687.1  53696.0 
53687.1  53697.0 
53687.1  53698.0 
53687.1  53699.0 
53687.1  53700.0 
53688.1  53702.0 
53688.1  53690.0 
53688.1  53693.0 
53689.0  53661.0 
53690.0  53662.0 
53691.0  53663.0 
53692.0  53664.0 
53693.0  53665.0 
53694.0  53666.0 
53695.0  53667.0 
53696.0  53668.0 
53699.0  53671.0 
53700.0  52984.0 
53701.1  53690.0 
53701.1  53703.0 
53701.1  53694.0 
53701.1  53693.0 
53701.1  53699.0 
53701.1  53704.0 
53701.1  53705.0 
53702.0  53674.0 
53703.0  53675.0 
53704.0  53676.0 
53705.0  53677.0 
53686.1  53687.1 
53707.1  53689.0 
53707.1  53690.0 
53707.1  53691.0 
53707.1  53692.0 
53707.1  53693.0 
53707.1  53694.0 
53707.1  53695.0 
53707.1  53696.0 
53707.1  53709.0 
53707.1  53710.0 
53707.1  53699.0 
53707.1  53711.0 
53708.1  53702.0 
53708.1  53690.0 
53708.1  53693.0 
53711.0  52804.0 
53706.1  53707.1 
53713.5  53685.5 
53687.0  53688.0 
53688.0  53701.0 
53707.0  53708.0 
53708.0  53701.0 
53712.1  53713.5 
