51550.1  51552.0 
51550.1  51553.0 
51550.1  51554.0 
51550.1  51555.0 
51550.1  51556.0 
51550.1  51557.0 
51550.1  51558.0 
51550.1  51559.0 
51550.1  51560.0 
51550.1  51561.0 
51550.1  51562.0 
51550.1  51563.0 
51550.1  51564.0 
51550.1  51565.0 
51550.1  51566.0 
51550.1  51567.0 
51550.1  51568.0 
51550.1  51569.0 
51550.1  51570.0 
51550.1  51571.0 
51550.1  51572.0 
51550.1  51573.0 
51550.1  51574.0 
51550.1  51575.0 
51550.1  51576.0 
51550.1  51577.0 
51550.1  51578.0 
51550.1  51579.0 
51550.1  51580.0 
51550.1  51581.0 
51550.1  51582.0 
51550.1  51583.0 
51550.1  51584.0 
51550.1  51585.0 
51550.1  51586.0 
51550.1  51587.0 
51550.1  51588.0 
51550.1  51589.0 
51550.1  51590.0 
51550.1  51591.0 
51550.1  51592.0 
51550.1  51593.0 
51550.1  51594.0 
51550.1  51595.0 
51550.1  51596.0 
51550.1  51597.0 
51550.1  51598.0 
51550.1  51599.0 
51550.1  51600.0 
51550.1  51601.0 
51550.1  51602.0 
51550.1  51603.0 
51550.1  51604.0 
51550.1  51605.0 
51550.1  51606.0 
51550.1  51607.0 
51550.1  51608.0 
51550.1  51609.0 
51550.1  51610.0 
51550.1  51611.0 
51550.1  51612.0 
51550.1  51613.0 
51550.1  51614.0 
51550.1  51615.0 
51550.1  51616.0 
51550.1  51617.0 
51550.1  51618.0 
51550.1  51619.0 
51550.1  51620.0 
51550.1  51621.0 
51550.1  51622.0 
51550.1  51623.0 
51550.1  51624.0 
51550.1  51625.0 
51550.1  51626.0 
51550.1  51627.0 
51550.1  51628.0 
51550.1  51629.0 
51550.1  51630.0 
51550.1  51631.0 
51550.1  51632.0 
51550.1  51633.0 
51550.1  51634.0 
51550.1  51635.0 
51550.1  51636.0 
51550.1  51637.0 
51550.1  51638.0 
51550.1  51639.0 
51550.1  51640.0 
51550.1  51641.0 
51550.1  51642.0 
51550.1  51643.0 
51550.1  51644.0 
51550.1  51645.0 
51550.1  51646.0 
51550.1  51647.0 
51550.1  51648.0 
51550.1  51649.0 
51550.1  51650.0 
51550.1  51651.0 
51550.1  51652.0 
51550.1  51653.0 
51550.1  51654.0 
51550.1  51655.0 
51550.1  51656.0 
51550.1  51657.0 
51550.1  51658.0 
51550.1  51659.0 
51550.1  51660.0 
51550.1  51661.0 
51550.1  51662.0 
51550.1  51663.0 
51550.1  51664.0 
51550.1  51665.0 
51550.1  51666.0 
51550.1  51667.0 
51550.1  51668.0 
51550.1  51669.0 
51550.1  51670.0 
51550.1  51671.0 
51550.1  51672.0 
51550.1  51673.0 
51550.1  51674.0 
51550.1  51675.0 
51550.1  51676.0 
51550.1  51677.0 
51550.1  51678.0 
51550.1  51679.0 
51550.1  51680.0 
51550.1  51681.0 
51550.1  51682.0 
51550.1  51683.0 
51550.1  51684.0 
51550.1  51685.0 
51550.1  51686.0 
51550.1  51687.0 
51550.1  51688.0 
51550.1  51689.0 
51550.1  51690.0 
51550.1  51691.0 
51550.1  51692.0 
51550.1  51693.0 
51550.1  51694.0 
51550.1  51695.0 
51550.1  51696.0 
51550.1  51697.0 
51550.1  51698.0 
51550.1  51699.0 
51550.1  51700.0 
51550.1  51701.0 
51550.1  51702.0 
51550.1  51703.0 
51550.1  51704.0 
51550.1  51705.0 
51550.1  51706.0 
51550.1  51707.0 
51550.1  51708.0 
51550.1  51709.0 
51550.1  51710.0 
51550.1  51711.0 
51550.1  51712.0 
51550.1  51713.0 
51550.1  51714.0 
51550.1  51715.0 
51550.1  51716.0 
51550.1  51717.0 
51550.1  51718.0 
51550.1  51719.0 
51550.1  51720.0 
51550.1  51721.1 
51550.1  51722.0 
51550.1  51723.0 
51550.1  51724.0 
51550.1  51725.0 
51550.1  51726.0 
51550.1  51727.0 
51550.2  51728.0 
51550.2  51729.0 
51550.2  51730.0 
51550.2  51731.0 
51550.2  51732.0 
51550.2  51733.0 
51550.2  51734.0 
51550.2  51735.0 
51550.2  51736.0 
51550.2  51737.0 
51550.2  51738.0 
51550.2  51739.0 
51550.2  51740.0 
51550.2  51741.0 
51550.2  51742.0 
51550.2  51743.0 
51550.2  51744.0 
51550.2  51745.0 
51550.2  51746.0 
51550.2  51747.0 
51550.2  51748.0 
51550.2  51749.0 
51550.2  51750.0 
51550.2  51751.0 
51550.2  51752.0 
51550.2  51753.0 
51550.2  51754.0 
51550.2  51755.0 
51550.2  51756.0 
51550.2  51757.0 
51550.2  51758.0 
51550.2  51759.0 
51550.2  51760.0 
51550.2  51761.0 
51550.2  51762.0 
51550.2  51763.0 
51550.2  51764.0 
51550.2  51765.0 
51550.2  51766.0 
51550.2  51767.0 
51550.2  51768.0 
51550.2  51769.0 
51550.2  51770.0 
51550.2  51771.0 
51550.2  51772.0 
51550.2  51773.0 
51550.2  51774.0 
51550.2  51775.0 
51550.2  51776.0 
51550.2  51777.0 
51550.2  51778.0 
51550.2  51779.0 
51550.2  51780.0 
51550.2  51781.0 
51550.2  51782.0 
51550.2  51783.0 
51550.2  51784.0 
51550.2  51785.0 
51550.2  51786.0 
51550.2  51787.0 
51550.2  51788.0 
51550.2  51789.0 
51550.2  51790.0 
51550.2  51791.0 
51550.2  51792.0 
51550.2  51793.0 
51550.2  51794.0 
51550.2  51795.0 
51550.2  51796.0 
51550.2  51797.0 
51550.2  51798.0 
51550.2  51799.0 
51550.2  51800.0 
51550.2  51801.0 
51550.2  51802.0 
51550.2  51803.0 
51550.2  51804.0 
51550.2  51805.0 
51550.2  51806.0 
51550.2  51807.0 
51550.2  51808.0 
51550.2  51809.0 
51550.2  51810.0 
51550.2  51811.0 
51550.2  51812.0 
51550.2  51813.0 
51550.2  51814.0 
51550.2  51815.0 
51550.2  51816.0 
51550.2  51817.0 
51550.2  51818.0 
51550.2  51819.0 
51550.2  51820.0 
51550.2  51821.0 
51550.2  51822.0 
51550.2  51823.0 
51550.2  51824.0 
51550.2  51825.0 
51550.2  51826.0 
51550.2  51827.0 
51550.2  51828.0 
51550.2  51829.0 
51550.2  51830.0 
51550.2  51831.0 
51550.2  51832.0 
51550.2  51833.0 
51550.2  51834.0 
51550.2  51835.0 
51550.2  51836.0 
51550.2  51837.0 
51550.2  51838.0 
51550.2  51839.0 
51550.2  51840.0 
51550.2  51841.0 
51550.2  51842.0 
51550.2  51843.0 
51550.2  51844.0 
51550.2  51845.0 
51550.2  51846.0 
51550.2  51847.0 
51550.2  51848.0 
51550.2  51849.0 
51550.2  51850.0 
51550.2  51851.0 
51550.2  51852.0 
51550.2  51853.0 
51550.2  51854.0 
51550.2  51855.0 
51550.2  51856.0 
51550.2  51857.0 
51550.2  51858.0 
51550.2  51859.0 
51550.2  51860.0 
51550.2  51861.0 
51550.2  51862.0 
51550.2  51863.0 
51550.2  51864.0 
51550.2  51865.0 
51550.2  51866.0 
51550.2  51867.0 
51550.2  51868.0 
51550.2  51869.0 
51550.2  51870.0 
51550.2  51871.0 
51550.2  51872.0 
51550.2  51873.0 
51550.2  51874.0 
51550.2  51875.0 
51550.2  51876.0 
51550.2  51877.0 
51550.2  51878.0 
51550.2  51879.0 
51550.2  51880.0 
51550.2  51881.0 
51550.2  51882.0 
51550.2  51883.0 
51550.2  51884.0 
51550.2  51885.0 
51550.2  51886.0 
51550.2  51887.0 
51550.2  51888.1 
51550.2  51889.0 
51550.2  51890.0 
51550.2  51891.0 
51550.2  51892.0 
51550.2  51893.0 
51550.2  51894.0 
51550.2  51895.0 
51550.2  51896.0 
51550.2  51897.0 
51550.2  51898.0 
51550.2  51899.0 
51550.2  51900.0 
51550.2  51901.0 
51550.2  51902.0 
51550.2  51903.62 
51550.2  51904.62 
51550.2  51905.0 
51550.2  51906.0 
51550.2  51907.0 
51550.2  51908.0 
51550.2  51909.0 
51550.2  51910.0 
51550.2  51911.0 
51550.2  51912.0 
51550.2  51913.0 
51550.2  51914.0 
51550.2  51915.0 
51550.2  51916.0 
51550.2  51917.0 
51550.3  51918.0 
51550.3  51919.0 
51550.3  51920.0 
51550.3  51921.0 
51550.3  51922.0 
51550.3  51923.0 
51550.3  51924.0 
51550.3  51925.0 
51550.3  51926.2 
51550.3  51927.0 
51550.3  51928.0 
51550.3  51929.0 
51550.3  51930.0 
51550.3  51931.0 
51550.3  51932.0 
51550.4  51933.0 
51550.4  51934.0 
51550.4  51935.0 
51550.4  51936.0 
51550.4  38156.1 
51550.5  51937.0 
51550.5  51938.0 
51550.5  51939.0 
51550.5  51940.0 
51550.5  51941.0 
51550.5  51942.1 
51550.5  51943.0 
51550.5  51944.124 
51550.5  51945.124 
51550.5  51946.0 
51550.5  51947.0 
51550.6  51948.0 
51550.6  51949.0 
51550.6  51950.0 
51550.6  51951.0 
51550.6  51952.0 
51550.6  51953.0 
51550.6  51954.0 
51550.6  51955.0 
51550.6  51956.0 
51550.6  51957.3 
51550.6  51958.0 
51550.6  51959.0 
51550.6  51960.0 
51550.6  51961.0 
51550.6  51962.0 
51550.6  51963.0 
51550.6  51964.0 
51550.6  51965.0 
51550.6  51966.60 
51550.6  51967.0 
51550.6  51968.0 
51550.7  51969.0 
51550.7  51970.0 
51550.7  51971.143 
51550.7  51972.0 
51550.7  51973.0 
51550.7  51974.1 
51550.7  51975.0 
51550.7  51976.0 
51550.7  51977.0 
51550.7  51978.0 
51550.7  51979.0 
51550.8  51980.0 
51550.8  51981.0 
51550.8  51982.0 
51550.8  51983.0 
51550.8  51984.0 
51550.9  51985.0 
51550.9  51986.0 
51550.9  51987.0 
51550.9  51988.0 
51550.10  51989.0 
51550.10  51990.0 
51550.10  51991.0 
51550.11  51992.0 
51550.11  51926.7 
51550.12  51993.0 
51551.1  51995.0 
51551.1  51556.0 
51551.1  51996.0 
51551.1  51561.0 
51551.1  51577.0 
51551.1  51597.0 
51551.1  51717.0 
51551.1  51602.0 
51551.1  51997.1 
51551.1  51998.1 
51551.1  51999.1 
51552.0  50622.0 
51553.0  50623.0 
51554.0  50624.0 
51555.0  50625.0 
51556.0  50626.0 
51557.0  50627.0 
51558.0  50628.0 
51559.0  50629.0 
51560.0  50630.0 
51561.0  50631.0 
51562.0  50632.0 
51563.0  50633.0 
51564.0  50634.0 
51565.0  50635.0 
51566.0  50636.0 
51567.0  50637.0 
51568.0  50638.0 
51569.0  50639.0 
51570.0  50640.0 
51571.0  50641.0 
51572.0  50642.0 
51573.0  50643.0 
51574.0  50644.0 
51575.0  50645.0 
51576.0  50646.0 
51577.0  50647.0 
51578.0  50648.0 
51579.0  50649.0 
51580.0  50650.0 
51581.0  50651.0 
51582.0  50652.0 
51583.0  50653.0 
51584.0  50654.0 
51585.0  50655.0 
51586.0  50656.0 
51587.0  50657.0 
51588.0  50658.0 
51589.0  50659.0 
51590.0  50660.0 
51591.0  50661.0 
51592.0  50662.0 
51593.0  50663.0 
51594.0  50664.0 
51595.0  50665.0 
51596.0  50666.0 
51597.0  50667.0 
51598.0  50668.0 
51599.0  50669.0 
51600.0  50670.0 
51601.0  50671.0 
51602.0  50672.0 
51603.0  50673.0 
51604.0  50674.0 
51605.0  50675.0 
51606.0  50676.0 
51607.0  50677.0 
51608.0  50678.0 
51609.0  50679.0 
51610.0  50680.0 
51611.0  50681.0 
51612.0  50682.0 
51613.0  50683.0 
51614.0  50684.0 
51615.0  50685.0 
51616.0  50686.0 
51617.0  50687.0 
51618.0  50688.0 
51619.0  50689.0 
51620.0  50690.0 
51621.0  50691.0 
51622.0  50692.0 
51623.0  50693.0 
51624.0  50694.0 
51625.0  50695.0 
51626.0  50696.0 
51627.0  50697.0 
51628.0  50698.0 
51629.0  50699.0 
51630.0  50700.0 
51631.0  50701.0 
51632.0  50702.0 
51633.0  50703.0 
51634.0  50704.0 
51635.0  50705.0 
51636.0  50706.0 
51637.0  50707.0 
51638.0  50708.0 
51639.0  50709.0 
51640.0  50710.0 
51641.0  50711.0 
51642.0  50712.0 
51643.0  50713.0 
51644.0  50714.0 
51645.0  50715.0 
51646.0  50716.0 
51647.0  50717.0 
51648.0  50718.0 
51649.0  50719.0 
51650.0  50720.0 
51651.0  50721.0 
51652.0  50722.0 
51653.0  50723.0 
51654.0  50724.0 
51655.0  50725.0 
51656.0  50726.0 
51657.0  50727.0 
51658.0  50728.0 
51659.0  50729.0 
51660.0  50730.0 
51661.0  50731.0 
51662.0  50732.0 
51663.0  50733.0 
51664.0  50734.0 
51665.0  50735.0 
51666.0  50736.0 
51667.0  50737.0 
51668.0  50738.0 
51669.0  50739.0 
51670.0  50740.0 
51671.0  50741.0 
51672.0  50742.0 
51673.0  50743.0 
51674.0  50744.0 
51675.0  50745.0 
51676.0  50746.0 
51677.0  50747.0 
51678.0  50748.0 
51679.0  50749.0 
51680.0  50750.0 
51681.0  50751.0 
51682.0  50752.0 
51683.0  50753.0 
51684.0  50754.0 
51685.0  50755.0 
51686.0  50756.0 
51687.0  50757.0 
51688.0  50758.0 
51689.0  50759.0 
51690.0  50760.0 
51691.0  50761.0 
51692.0  50762.0 
51693.0  50763.0 
51694.0  50764.0 
51695.0  50765.0 
51696.0  50766.0 
51697.0  50767.0 
51698.0  50768.0 
51699.0  50769.0 
51700.0  50770.0 
51701.0  50771.0 
51702.0  50772.0 
51703.0  50773.0 
51704.0  50774.0 
51705.0  50775.0 
51706.0  50776.0 
51707.0  50777.0 
51708.0  50778.0 
51709.0  50779.0 
51710.0  50780.0 
51711.0  50781.0 
51712.0  50782.0 
51713.0  50783.0 
51714.0  50784.0 
51715.0  50785.0 
51716.0  50786.0 
51717.0  50787.0 
51718.0  50788.0 
51719.0  50789.0 
51720.0  50790.0 
51721.1  52000.14 
51722.0  50792.0 
51723.0  50793.0 
51724.0  50794.0 
51725.0  50795.0 
51726.0  50796.0 
51727.0  50797.0 
51728.0  50798.0 
51729.0  50799.0 
51730.0  50800.0 
51731.0  50801.0 
51732.0  50802.0 
51733.0  50803.0 
51734.0  50804.0 
51735.0  50805.0 
51736.0  50806.0 
51737.0  50807.0 
51738.0  50808.0 
51739.0  50809.0 
51740.0  50810.0 
51741.0  50811.0 
51742.0  50812.0 
51743.0  50813.0 
51744.0  50814.0 
51745.0  50815.0 
51746.0  50816.0 
51747.0  50817.0 
51748.0  50818.0 
51749.0  50819.0 
51750.0  50820.0 
51751.0  50821.0 
51752.0  50822.0 
51753.0  50823.0 
51754.0  50824.0 
51755.0  50825.0 
51756.0  50826.0 
51757.0  50827.0 
51758.0  50828.0 
51759.0  50829.0 
51760.0  50830.0 
51761.0  50831.0 
51762.0  50832.0 
51763.0  50833.0 
51764.0  50834.0 
51765.0  50835.0 
51766.0  50836.0 
51767.0  50837.0 
51768.0  50838.0 
51769.0  50839.0 
51770.0  50840.0 
51771.0  50841.0 
51773.0  50843.0 
51774.0  50844.0 
51775.0  50845.0 
51776.0  50846.0 
51777.0  50847.0 
51778.0  50848.0 
51779.0  50849.0 
51780.0  50850.0 
51781.0  50851.0 
51782.0  50852.0 
51783.0  50853.0 
51784.0  50855.0 
51785.0  50854.0 
51786.0  50856.0 
51787.0  50857.0 
51788.0  50858.0 
51789.0  50859.0 
51790.0  50860.0 
51791.0  50861.0 
51792.0  50862.0 
51793.0  50863.0 
51794.0  50864.0 
51795.0  50865.0 
51796.0  50866.0 
51797.0  50867.0 
51798.0  50868.0 
51799.0  50869.0 
51800.0  50870.0 
51801.0  50871.0 
51802.0  50872.0 
51803.0  50873.0 
51804.0  50874.0 
51805.0  50875.0 
51806.0  50876.0 
51807.0  50877.0 
51808.0  50878.0 
51809.0  50879.0 
51810.0  50880.0 
51811.0  50881.0 
51812.0  50882.0 
51813.0  50883.0 
51814.0  50884.0 
51815.0  50885.0 
51816.0  50886.0 
51817.0  50887.0 
51818.0  50888.0 
51819.0  50889.0 
51820.0  50890.0 
51821.0  50891.0 
51822.0  50892.0 
51823.0  50893.0 
51824.0  50894.0 
51825.0  50895.0 
51826.0  50896.0 
51827.0  50897.0 
51828.0  50898.0 
51829.0  50899.0 
51830.0  50900.0 
51831.0  50901.0 
51832.0  50902.0 
51833.0  50903.0 
51834.0  50904.0 
51835.0  50905.0 
51836.0  50906.0 
51837.0  50907.0 
51838.0  50908.0 
51839.0  50909.0 
51840.0  50910.0 
51841.0  50911.0 
51842.0  50912.0 
51843.0  50913.0 
51844.0  50914.0 
51845.0  50915.0 
51846.0  50916.0 
51847.0  50917.0 
51848.0  50918.0 
51849.0  50919.0 
51850.0  50920.0 
51851.0  50921.0 
51852.0  50922.0 
51853.0  50923.0 
51854.0  50924.0 
51855.0  50925.0 
51856.0  50926.0 
51857.0  50927.0 
51858.0  50928.0 
51859.0  50929.0 
51860.0  50930.0 
51861.0  50931.0 
51862.0  50932.0 
51863.0  50933.0 
51864.0  50934.0 
51865.0  50935.0 
51866.0  50936.0 
51867.0  50937.0 
51868.0  50938.0 
51869.0  50939.0 
51870.0  50940.0 
51871.0  50941.0 
51872.0  50942.0 
51873.0  50943.0 
51874.0  50944.0 
51875.0  50945.0 
51876.0  50946.0 
51877.0  50947.0 
51878.0  50948.0 
51879.0  50949.0 
51880.0  50950.0 
51881.0  50951.0 
51882.0  50952.0 
51883.0  50953.0 
51884.0  50954.0 
51885.0  50955.0 
51886.0  50956.0 
51887.0  50957.0 
51888.1  52000.12 
51889.0  50959.0 
51890.0  50960.0 
51891.0  50961.0 
51892.0  50962.0 
51893.0  50963.0 
51894.0  50964.0 
51895.0  50965.0 
51896.0  50966.0 
51897.0  50967.0 
51898.0  50968.0 
51899.0  50969.0 
51900.0  50970.0 
51901.0  50971.0 
51902.0  50972.0 
51903.62  52000.13 
51903.62  50973.62 
51904.62  52000.13 
51904.62  50974.62 
51905.0  50975.0 
51906.0  50976.0 
51907.0  50977.0 
51908.0  50978.0 
51909.0  50979.0 
51910.0  50980.0 
51911.0  50981.0 
51912.0  50982.0 
51913.0  50983.0 
51914.0  50984.0 
51915.0  50985.0 
51916.0  50986.0 
51917.0  50987.0 
51918.0  50988.0 
51919.0  50989.0 
51920.0  50990.0 
51921.0  50991.0 
51922.0  50992.0 
51923.0  50993.0 
51924.0  50994.0 
51925.0  50995.0 
51926.1  51550.1 
51926.2  51550.2 
51926.3  51550.3 
51926.4  51550.4 
51926.5  51550.8 
51926.6  51550.9 
51926.7  51550.10 
51926.8  51550.11 
51927.0  50997.0 
51928.0  50998.0 
51929.0  50999.0 
51930.0  51000.0 
51931.0  51001.0 
51932.0  51002.0 
51933.0  51003.0 
51934.0  51004.0 
51935.0  51005.0 
51936.0  51006.0 
51937.0  51007.0 
51938.0  51008.0 
51939.0  51009.0 
51940.0  51010.0 
51941.0  51011.0 
51942.1  52000.14 
51943.0  51013.0 
51944.124  52000.14 
51944.124  51014.124 
51944.125  51550.5 
51945.124  52000.14 
51945.124  51015.124 
51945.125  51550.7 
51946.0  51016.0 
51947.0  51017.0 
51948.0  51018.0 
51949.0  51019.0 
51950.0  51020.0 
51951.0  51021.0 
51952.0  51022.0 
51953.0  51023.0 
51954.0  51024.0 
51955.0  51025.0 
51956.0  51026.0 
51957.1  52001.1 
51957.2  52002.1 
51957.3  52003.1 
51958.0  51028.0 
51959.0  51029.0 
51960.0  51030.0 
51961.0  51031.0 
51962.0  51032.0 
51963.0  51033.0 
51964.0  51034.0 
51965.0  51035.0 
51966.60  51036.60 
51966.61  51550.6 
51967.0  51037.0 
51968.0  51038.0 
51969.0  51039.0 
51970.0  51040.0 
51971.142  52000.11 
51971.143  52000.13 
51971.143  51041.143 
51972.0  51042.0 
51974.1  52004.1 
51975.0  51045.0 
51976.0  51046.0 
51978.0  51048.0 
51979.0  51049.0 
51980.0  51050.0 
51981.0  51051.0 
51982.0  51052.0 
51983.0  51053.0 
51984.0  51054.0 
51985.0  45858.0 
51986.0  45859.0 
51987.0  45860.0 
51988.1  51550.9 
51989.0  51055.0 
51990.0  51056.0 
51991.0  51057.0 
51992.0  50117.0 
51993.0  51058.0 
51994.1  52006.0 
51994.1  51556.0 
51994.1  51996.0 
51994.1  51561.0 
51994.1  51577.0 
51994.1  51597.0 
51994.1  51717.0 
51994.1  51602.0 
51994.1  52007.1 
51994.1  52008.1 
51994.1  52009.1 
51994.1  52010.1 
51994.1  52011.1 
51995.0  51060.0 
51996.0  51061.0 
51997.1  52012.1 
51998.1  52013.1 
51999.1  52014.1 
52000.11  51992.0 
52000.12  52015.0 
52000.13  51041.142 
52000.14  52016.1 
52000.14  50620.14 
52001.1  52018.0 
52001.1  51556.0 
52001.1  52019.0 
52001.1  52020.0 
52001.1  51577.0 
52001.1  52021.0 
52001.1  51759.0 
52001.1  52022.0 
52001.1  51561.0 
52001.1  51771.0 
52001.1  52023.0 
52001.1  51597.0 
52001.1  52024.2 
52002.1  52026.0 
52002.1  51556.0 
52002.1  52019.0 
52002.1  52020.0 
52002.1  51759.0 
52002.1  51577.0 
52002.1  52021.0 
52002.1  51561.0 
52002.1  52022.0 
52002.1  51771.0 
52002.1  52027.0 
52002.1  51597.0 
52002.1  51957.1 
52003.1  52028.0 
52003.1  51556.0 
52003.1  51577.0 
52003.1  51957.2 
52004.1  52030.0 
52004.1  51556.0 
52004.1  52031.0 
52004.1  51577.0 
52004.1  51597.0 
52004.1  51602.0 
52004.1  51596.0 
52004.1  52032.1 
52004.1  52032.2 
52004.1  52032.3 
52004.1  52032.4 
52004.1  52032.5 
52004.1  52032.6 
52004.1  52032.7 
52005.1  52033.0 
52005.1  51556.0 
52005.1  51577.0 
52006.0  51071.0 
52007.1  52034.1 
52008.1  52035.1 
52009.1  52036.1 
52010.1  52037.1 
52011.1  52038.1 
52012.1  52039.0 
52012.1  51556.0 
52012.1  51577.0 
52012.1  51597.0 
52013.1  52040.0 
52013.1  51556.0 
52013.1  51577.0 
52013.1  51597.0 
52014.1  52042.0 
52014.1  51556.0 
52014.1  51577.0 
52015.0  50140.0 
52016.1  52000.11 
52017.1  51556.0 
52017.1  51996.0 
52017.1  51561.0 
52017.1  51577.0 
52017.1  51597.0 
52017.1  51717.0 
52017.1  51602.0 
52018.0  51082.0 
52019.0  51083.0 
52020.0  51084.0 
52021.0  51085.0 
52022.0  51086.0 
52024.1  52043.1 
52024.2  52044.1 
52025.1  52046.0 
52025.1  51556.0 
52025.1  51996.0 
52025.1  51561.0 
52025.1  51577.0 
52025.1  51597.0 
52025.1  51717.0 
52025.1  51602.0 
52025.1  51603.0 
52025.1  51604.0 
52025.1  51605.0 
52025.1  52047.1 
52025.1  52048.1 
52025.2  52049.1 
52025.3  52050.1 
52026.0  51090.0 
52028.0  51092.0 
52029.1  52051.0 
52029.1  51556.0 
52029.1  51996.0 
52029.1  51561.0 
52029.1  51577.0 
52029.1  51597.0 
52029.1  51717.0 
52029.1  51602.0 
52030.0  51094.0 
52031.0  51095.0 
52032.1  52052.1 
52032.2  52052.2 
52032.3  52052.3 
52032.4  52052.4 
52032.5  52052.5 
52032.6  52052.6 
52032.7  52052.7 
52033.0  51097.0 
52034.1  52040.0 
52034.1  51556.0 
52034.1  51577.0 
52034.1  51597.0 
52035.1  52039.0 
52035.1  51556.0 
52035.1  51577.0 
52035.1  51597.0 
52036.1  52053.0 
52036.1  51556.0 
52036.1  51577.0 
52036.1  51597.0 
52037.1  52053.0 
52037.1  51556.0 
52037.1  51577.0 
52037.1  51597.0 
52038.1  52053.0 
52038.1  51556.0 
52038.1  51577.0 
52038.1  51597.0 
52039.0  51103.0 
52040.0  51104.0 
52042.0  51106.0 
52043.1  52018.0 
52043.1  51556.0 
52043.1  52019.0 
52043.1  52020.0 
52043.1  51577.0 
52043.1  52021.0 
52043.1  51759.0 
52043.1  52022.0 
52043.1  51561.0 
52043.1  51771.0 
52043.1  52055.0 
52043.1  51597.0 
52043.1  52056.1 
52044.1  52026.0 
52044.1  51556.0 
52044.1  52019.0 
52044.1  52020.0 
52044.1  51759.0 
52044.1  51577.0 
52044.1  52021.0 
52044.1  51561.0 
52044.1  52022.0 
52044.1  51771.0 
52044.1  52058.0 
52044.1  51597.0 
52044.1  52024.1 
52045.1  52026.0 
52045.1  51556.0 
52045.1  52019.0 
52045.1  52020.0 
52045.1  51759.0 
52045.1  51577.0 
52045.1  52021.0 
52045.1  51561.0 
52045.1  52022.0 
52045.1  51771.0 
52045.1  52059.0 
52045.1  51597.0 
52046.0  51110.0 
52047.1  52060.0 
52048.1  52061.1 
52049.1  52062.1 
52050.1  52063.1 
52051.0  51115.0 
52052.1  52064.0 
52052.1  51556.0 
52052.1  52065.0 
52052.1  51561.0 
52052.1  51577.0 
52052.1  52066.0 
52052.1  51597.0 
52052.1  52067.0 
52052.1  52068.0 
52052.1  51717.0 
52052.1  52069.0 
52052.1  52070.0 
52052.1  52071.0 
52052.1  51602.0 
52052.1  52072.0 
52052.1  52073.0 
52052.1  52074.0 
52052.1  52075.0 
52052.1  52076.0 
52052.1  52077.0 
52052.1  52078.0 
52052.1  52079.0 
52052.1  52080.0 
52052.1  52081.0 
52052.1  52082.0 
52052.1  52083.0 
52052.1  52084.0 
52052.1  52085.0 
52052.1  52086.0 
52052.1  52087.0 
52052.1  52088.0 
52052.1  52089.0 
52052.1  52090.0 
52052.1  52091.0 
52052.1  52092.0 
52052.1  52093.0 
52052.1  52094.0 
52052.1  52095.0 
52052.1  52096.0 
52052.1  52097.0 
52052.1  52098.0 
52052.1  52099.0 
52052.1  52100.0 
52052.1  52101.0 
52052.1  52102.0 
52052.1  52103.0 
52052.1  52104.0 
52052.1  52105.0 
52052.1  52106.0 
52052.1  52107.0 
52052.1  52108.0 
52052.1  52109.0 
52052.1  52110.0 
52052.1  52111.0 
52052.1  52112.0 
52052.1  52113.0 
52052.1  52114.0 
52052.1  52115.0 
52052.1  52116.0 
52052.1  52117.0 
52052.1  52118.0 
52052.1  52119.0 
52052.1  52120.0 
52052.1  52121.0 
52052.1  52122.0 
52052.1  52123.0 
52052.1  52124.0 
52052.1  52125.0 
52052.1  52126.0 
52052.1  52127.0 
52052.1  52128.0 
52052.1  52129.0 
52052.1  52130.0 
52052.1  52131.0 
52052.1  52132.0 
52052.1  52133.0 
52052.1  52134.0 
52052.1  52135.0 
52052.1  52136.0 
52052.1  52137.0 
52052.1  52138.0 
52052.1  52139.0 
52052.1  52140.0 
52052.1  52141.0 
52052.1  52142.0 
52052.1  52143.0 
52052.2  52144.0 
52052.2  52145.0 
52052.2  52146.0 
52052.2  52147.0 
52052.2  52148.0 
52052.2  52149.0 
52052.2  52150.0 
52052.2  52151.0 
52052.2  52152.0 
52052.2  52153.0 
52052.2  52154.0 
52052.2  52155.0 
52052.2  52156.0 
52052.2  52157.0 
52052.2  52158.0 
52052.2  52159.0 
52052.2  52160.0 
52052.2  52161.0 
52052.2  52162.0 
52052.2  52163.0 
52052.2  52164.0 
52052.2  52165.0 
52052.2  52166.0 
52052.2  52167.0 
52052.2  52168.0 
52052.2  52169.0 
52052.2  52170.0 
52052.2  52171.0 
52052.2  52172.0 
52052.2  52173.0 
52052.2  52174.0 
52052.2  52175.0 
52052.2  52176.0 
52052.2  52177.0 
52052.2  52178.0 
52052.2  52179.0 
52052.2  52180.0 
52052.2  52181.0 
52052.2  52182.0 
52052.2  52183.0 
52052.2  52184.0 
52052.2  52185.0 
52052.2  52186.0 
52052.2  52187.0 
52052.2  52188.0 
52052.2  52189.0 
52052.2  52190.0 
52052.2  52191.0 
52052.2  52192.0 
52052.2  52193.0 
52052.2  52194.0 
52052.2  52195.0 
52052.2  52196.0 
52052.2  52197.0 
52052.2  52198.0 
52052.2  52199.0 
52052.2  52200.0 
52052.2  52201.0 
52052.2  52202.0 
52052.2  52203.0 
52052.2  52204.0 
52052.2  52205.0 
52052.2  52206.0 
52052.2  52207.0 
52052.2  52208.0 
52052.2  52209.0 
52052.2  52210.0 
52052.2  52211.0 
52052.2  52212.0 
52052.2  52213.0 
52052.2  52214.0 
52052.2  52215.0 
52052.2  52216.0 
52052.2  52217.0 
52052.2  52218.0 
52052.2  52219.0 
52052.2  52220.0 
52052.2  52221.0 
52052.2  52222.0 
52052.2  52223.0 
52052.2  52224.0 
52052.2  52225.0 
52052.2  52226.0 
52052.2  52227.0 
52052.3  52228.0 
52052.3  52229.0 
52052.3  52230.0 
52052.3  52231.0 
52052.3  52232.0 
52052.3  52233.0 
52052.3  52234.0 
52052.3  52235.0 
52052.3  52236.0 
52052.3  52237.0 
52052.3  52238.0 
52052.3  52239.0 
52052.3  52240.0 
52052.3  52241.0 
52052.3  52242.0 
52052.3  52243.0 
52052.3  52244.0 
52052.3  52245.0 
52052.3  52246.0 
52052.3  52247.0 
52052.3  52248.0 
52052.3  52249.0 
52052.3  52250.0 
52052.3  52251.0 
52052.3  52252.0 
52052.3  52253.0 
52052.3  52254.0 
52052.3  52255.0 
52052.3  52256.0 
52052.3  52257.0 
52052.3  52258.0 
52052.3  52259.0 
52052.3  52260.0 
52052.3  52261.0 
52052.3  52262.0 
52052.3  52263.0 
52052.3  52264.0 
52052.3  52265.0 
52052.3  52266.0 
52052.3  52267.0 
52052.3  52268.0 
52052.3  52269.0 
52052.3  52270.0 
52052.3  52271.0 
52052.3  52272.0 
52052.3  52273.0 
52052.3  52274.0 
52052.3  52275.0 
52052.3  52276.0 
52052.3  52277.0 
52052.3  52278.0 
52052.3  52279.0 
52052.3  52280.0 
52052.3  52281.0 
52052.3  52282.0 
52052.3  52283.0 
52052.3  52284.0 
52052.3  52285.0 
52052.3  52286.0 
52052.3  52287.0 
52052.3  52288.0 
52052.3  52289.0 
52052.3  52290.0 
52052.3  52291.0 
52052.3  52292.0 
52052.3  52293.0 
52052.3  52294.0 
52052.3  52295.0 
52052.3  52296.0 
52052.3  52297.0 
52052.4  52298.0 
52052.4  52299.0 
52052.4  52300.0 
52052.4  52301.0 
52052.4  52302.0 
52052.4  52303.0 
52052.4  52304.0 
52052.4  52305.0 
52052.4  52306.0 
52052.4  52307.0 
52052.4  52308.0 
52052.4  52309.0 
52052.4  52310.0 
52052.4  52311.0 
52052.4  52312.0 
52052.4  52313.0 
52052.4  52314.0 
52052.4  52315.0 
52052.4  52316.0 
52052.4  52317.0 
52052.4  52318.0 
52052.4  52319.0 
52052.4  52320.0 
52052.4  52321.0 
52052.4  52322.0 
52052.4  52323.0 
52052.4  52324.0 
52052.4  52325.0 
52052.4  52326.0 
52052.4  52327.0 
52052.4  52328.0 
52052.4  52329.0 
52052.4  52330.0 
52052.4  52331.0 
52052.4  52332.0 
52052.4  52333.0 
52052.4  52334.0 
52052.4  52335.0 
52052.4  52336.0 
52052.5  52337.0 
52052.5  52338.0 
52052.5  52339.0 
52052.5  52340.0 
52052.5  52341.0 
52052.5  52342.0 
52052.5  52343.0 
52052.5  52344.0 
52052.5  52345.0 
52052.5  52346.0 
52052.5  52347.0 
52052.5  52348.0 
52052.5  52349.0 
52052.5  52350.0 
52052.5  52351.0 
52052.5  52352.0 
52052.5  52353.0 
52052.5  52354.0 
52052.5  52355.0 
52052.5  52356.0 
52052.5  52357.0 
52052.5  52358.0 
52052.5  52359.0 
52052.5  52360.0 
52052.5  52361.0 
52052.5  52362.0 
52052.5  52363.0 
52052.5  52364.0 
52052.5  52365.0 
52052.5  52366.0 
52052.5  52367.0 
52052.5  52368.0 
52052.5  52369.0 
52052.5  52370.0 
52052.5  52371.0 
52052.5  52372.0 
52052.5  52373.0 
52052.5  52374.0 
52052.5  52375.0 
52052.5  52376.0 
52052.5  52377.0 
52052.5  52378.0 
52052.5  52379.0 
52052.5  52380.0 
52052.5  52381.0 
52052.5  52382.0 
52052.5  52383.0 
52052.5  52384.0 
52052.6  52385.0 
52052.6  52386.0 
52052.6  52387.0 
52052.6  52388.0 
52052.6  52389.0 
52052.6  52390.0 
52052.6  52391.0 
52052.6  52392.0 
52052.6  52393.0 
52052.6  52394.0 
52052.6  52395.0 
52052.6  52396.0 
52052.6  52397.0 
52052.6  52398.0 
52052.6  52399.0 
52052.6  52400.0 
52052.6  52401.0 
52052.6  52402.0 
52052.6  52403.0 
52052.6  52404.0 
52052.6  52405.0 
52052.6  52406.0 
52052.6  52407.0 
52052.6  52408.0 
52052.6  52409.0 
52052.6  52410.0 
52052.6  52411.0 
52052.6  52412.0 
52052.6  52413.0 
52052.6  52414.0 
52052.7  52415.0 
52052.7  52416.0 
52052.7  52417.0 
52052.7  52418.0 
52052.7  52419.0 
52052.7  52420.0 
52052.7  52421.0 
52052.7  52422.0 
52052.7  52423.0 
52052.7  52424.0 
52052.7  52425.0 
52052.7  52426.0 
52052.7  52427.0 
52052.7  52428.0 
52052.7  52429.0 
52052.7  52430.0 
52052.7  52431.0 
52052.7  52432.0 
52052.7  52433.0 
52052.7  52434.0 
52052.7  52435.0 
52052.7  52436.0 
52052.7  52437.0 
52052.7  52438.0 
52052.7  52439.0 
52052.7  52440.0 
52052.7  52441.0 
52052.7  52442.0 
52052.7  52443.0 
52052.7  52444.0 
52052.7  52445.0 
52052.7  52446.0 
52052.7  52447.0 
52052.7  52448.0 
52052.7  52449.0 
52052.7  52450.0 
52052.7  52451.0 
52052.7  52452.0 
52052.7  52453.0 
52052.7  52454.0 
52052.7  52455.0 
52052.7  52456.0 
52052.7  52457.0 
52052.7  52458.0 
52052.7  52459.0 
52052.7  52460.0 
52052.7  52461.0 
52053.0  51117.0 
52054.1  52463.0 
52054.1  50626.0 
52054.1  51061.0 
52054.1  50631.0 
52054.1  50647.0 
52054.1  50667.0 
52054.1  50787.0 
52054.1  50672.0 
52054.1  50673.0 
52054.1  50674.0 
52054.1  50675.0 
52054.1  52464.1 
52054.1  52465.1 
52054.1  50666.0 
52054.1  50680.0 
52054.1  52466.1 
52056.1  52467.1 
52057.1  51081.1 
52061.1  52469.0 
52061.1  51556.0 
52061.1  51577.0 
52061.1  51597.0 
52061.1  51602.0 
52061.1  52470.1 
52062.1  52469.0 
52062.1  51556.0 
52062.1  51577.0 
52062.1  51597.0 
52062.1  51602.0 
52062.1  52472.1 
52063.1  52469.0 
52063.1  51556.0 
52063.1  51577.0 
52063.1  51597.0 
52063.1  51602.0 
52063.1  52474.1 
52064.0  51128.0 
52065.0  51129.0 
52066.0  51130.0 
52068.0  51132.0 
52069.0  51133.0 
52070.0  51134.0 
52071.0  51135.0 
52072.0  51136.0 
52073.0  51137.0 
52074.0  51138.0 
52075.0  51139.0 
52076.0  51140.0 
52077.0  51141.0 
52078.0  51142.0 
52079.0  51143.0 
52080.0  51144.0 
52081.0  51145.0 
52082.0  51146.0 
52083.0  51147.0 
52084.0  51148.0 
52085.0  51149.0 
52086.0  51150.0 
52087.0  51151.0 
52088.0  51152.0 
52089.0  51153.0 
52090.0  51154.0 
52091.0  51155.0 
52092.0  51156.0 
52093.0  51157.0 
52094.0  51158.0 
52095.0  51159.0 
52096.0  51160.0 
52097.0  51161.0 
52098.0  51162.0 
52099.0  51163.0 
52100.0  51164.0 
52101.0  51165.0 
52102.0  51166.0 
52103.0  51167.0 
52104.0  51168.0 
52105.0  51169.0 
52106.0  51170.0 
52107.0  51171.0 
52108.0  51172.0 
52109.0  51173.0 
52110.0  51174.0 
52111.0  51175.0 
52112.0  51176.0 
52113.0  51177.0 
52114.0  51178.0 
52115.0  51179.0 
52116.0  51180.0 
52117.0  51181.0 
52118.0  51182.0 
52119.0  51183.0 
52120.0  51184.0 
52121.0  51185.0 
52122.0  51186.0 
52123.0  51187.0 
52124.0  51188.0 
52125.0  51189.0 
52126.0  51190.0 
52127.0  51191.0 
52128.0  51192.0 
52129.0  51193.0 
52130.0  51194.0 
52131.0  51195.0 
52132.0  51196.0 
52133.0  51197.0 
52134.0  51198.0 
52135.0  51199.0 
52136.0  51200.0 
52137.0  51201.0 
52138.0  51202.0 
52139.0  51203.0 
52140.0  51204.0 
52141.0  51205.0 
52142.0  51206.0 
52143.0  51207.0 
52144.0  51208.0 
52145.0  51209.0 
52146.0  51210.0 
52147.0  51211.0 
52148.0  51212.0 
52149.0  51213.0 
52150.0  51214.0 
52151.0  51215.0 
52152.0  51216.0 
52153.0  51217.0 
52154.0  51218.0 
52155.0  51219.0 
52156.0  51220.0 
52157.0  51221.0 
52158.0  51222.0 
52159.0  51223.0 
52160.0  51224.0 
52161.0  51225.0 
52162.0  51226.0 
52163.0  51227.0 
52164.0  51228.0 
52165.0  51229.0 
52166.0  51230.0 
52167.0  51231.0 
52168.0  51232.0 
52169.0  51233.0 
52170.0  51234.0 
52171.0  51235.0 
52172.0  51236.0 
52173.0  51237.0 
52174.0  51238.0 
52175.0  51239.0 
52176.0  51240.0 
52177.0  51241.0 
52178.0  51242.0 
52179.0  51243.0 
52180.0  51244.0 
52181.0  51245.0 
52182.0  51246.0 
52183.0  51247.0 
52184.0  51248.0 
52185.0  51249.0 
52186.0  51250.0 
52187.0  51251.0 
52188.0  51252.0 
52189.0  51253.0 
52190.0  51254.0 
52191.0  51255.0 
52192.0  51256.0 
52193.0  51257.0 
52194.0  51258.0 
52195.0  51259.0 
52196.0  51260.0 
52197.0  51261.0 
52198.0  51262.0 
52199.0  51263.0 
52200.0  51264.0 
52201.0  51265.0 
52202.0  51266.0 
52203.0  51267.0 
52204.0  51268.0 
52205.0  51269.0 
52206.0  51270.0 
52207.0  51271.0 
52208.0  51272.0 
52209.0  51273.0 
52210.0  51274.0 
52211.0  51275.0 
52212.0  51276.0 
52213.0  51277.0 
52214.0  51278.0 
52215.0  51279.0 
52216.0  51280.0 
52217.0  51281.0 
52218.0  51282.0 
52219.0  51283.0 
52220.0  51284.0 
52221.0  51285.0 
52222.0  51286.0 
52223.0  51287.0 
52224.0  51288.0 
52225.0  51289.0 
52226.0  51290.0 
52227.0  51291.0 
52228.0  51292.0 
52229.0  51293.0 
52230.0  51294.0 
52231.0  51295.0 
52232.0  51296.0 
52233.0  51297.0 
52234.0  51298.0 
52235.0  51299.0 
52236.0  51300.0 
52237.0  51301.0 
52238.0  51302.0 
52239.0  51303.0 
52240.0  51304.0 
52241.0  51305.0 
52242.0  51306.0 
52243.0  51307.0 
52244.0  51308.0 
52245.0  51309.0 
52246.0  51310.0 
52247.0  51311.0 
52248.0  51312.0 
52249.0  51313.0 
52250.0  51314.0 
52251.0  51315.0 
52252.0  51316.0 
52253.0  51317.0 
52254.0  51318.0 
52255.0  51319.0 
52256.0  51320.0 
52257.0  51321.0 
52258.0  51322.0 
52259.0  51323.0 
52260.0  51324.0 
52262.0  51326.0 
52263.0  51327.0 
52264.0  51328.0 
52265.0  51329.0 
52266.0  51330.0 
52267.0  51331.0 
52268.0  51332.0 
52269.0  51333.0 
52270.0  51334.0 
52271.0  51335.0 
52272.0  51336.0 
52273.0  51337.0 
52274.0  51338.0 
52275.0  51339.0 
52276.0  51340.0 
52277.0  51341.0 
52278.0  51342.0 
52279.0  51343.0 
52280.0  51344.0 
52281.0  51345.0 
52282.0  51346.0 
52283.0  51347.0 
52284.0  51348.0 
52285.0  51349.0 
52286.0  51350.0 
52287.0  51351.0 
52288.0  51352.0 
52289.0  51353.0 
52290.0  51354.0 
52291.0  51355.0 
52292.0  51356.0 
52293.0  51357.0 
52294.0  51358.0 
52295.0  51359.0 
52296.0  51360.0 
52297.0  51361.0 
52298.0  51362.0 
52299.0  51363.0 
52300.0  51364.0 
52301.0  51365.0 
52302.0  51366.0 
52303.0  51367.0 
52304.0  51368.0 
52305.0  51369.0 
52306.0  51370.0 
52307.0  51371.0 
52308.0  51372.0 
52309.0  51373.0 
52310.0  51374.0 
52311.0  51375.0 
52312.0  51376.0 
52313.0  51377.0 
52314.0  51378.0 
52315.0  51379.0 
52316.0  51380.0 
52317.0  51381.0 
52318.0  51382.0 
52319.0  51383.0 
52320.0  51384.0 
52321.0  51385.0 
52322.0  51386.0 
52323.0  51387.0 
52324.0  51388.0 
52325.0  51389.0 
52326.0  51390.0 
52327.0  51391.0 
52328.0  51392.0 
52329.0  51393.0 
52330.0  51394.0 
52331.0  51395.0 
52332.0  51396.0 
52333.0  51397.0 
52334.0  51398.0 
52335.0  51399.0 
52336.0  51400.0 
52337.0  51401.0 
52338.0  51402.0 
52339.0  51403.0 
52340.0  51404.0 
52341.0  51405.0 
52342.0  51406.0 
52343.0  51407.0 
52344.0  51408.0 
52345.0  51409.0 
52346.0  51410.0 
52347.0  51411.0 
52348.0  51412.0 
52349.0  51413.0 
52350.0  51414.0 
52351.0  51415.0 
52352.0  51416.0 
52353.0  51417.0 
52354.0  51418.0 
52355.0  51419.0 
52356.0  51420.0 
52357.0  51421.0 
52358.0  51422.0 
52359.0  51423.0 
52360.0  51424.0 
52361.0  51425.0 
52362.0  51426.0 
52363.0  51427.0 
52364.0  51428.0 
52365.0  51429.0 
52366.0  51430.0 
52367.0  51431.0 
52368.0  51432.0 
52369.0  51433.0 
52370.0  51434.0 
52371.0  51435.0 
52372.0  51436.0 
52373.0  51437.0 
52374.0  51438.0 
52375.0  51439.0 
52376.0  51440.0 
52377.0  51441.0 
52378.0  51442.0 
52379.0  51443.0 
52380.0  51444.0 
52381.0  51445.0 
52382.0  51446.0 
52383.0  51447.0 
52384.0  51448.0 
52385.0  51449.0 
52386.0  51450.0 
52387.0  51451.0 
52388.0  51452.0 
52389.0  51453.0 
52390.0  51454.0 
52391.0  51455.0 
52392.0  51456.0 
52393.0  51457.0 
52394.0  51458.0 
52395.0  51459.0 
52396.0  51460.0 
52397.0  51461.0 
52398.0  51462.0 
52399.0  51463.0 
52400.0  51464.0 
52401.0  51465.0 
52402.0  51466.0 
52403.0  51467.0 
52404.0  51468.0 
52405.0  51469.0 
52406.0  51470.0 
52407.0  51471.0 
52408.0  51472.0 
52409.0  51473.0 
52410.0  51474.0 
52411.0  51475.0 
52412.0  51476.0 
52413.0  51477.0 
52414.0  51478.0 
52415.0  51479.0 
52416.0  51480.0 
52417.0  51481.0 
52418.0  51482.0 
52419.0  51483.0 
52420.0  51484.0 
52421.0  51485.0 
52422.0  51486.0 
52423.0  51487.0 
52424.0  51488.0 
52425.0  51489.0 
52426.0  51490.0 
52427.0  51491.0 
52428.0  51492.0 
52429.0  51493.0 
52430.0  51494.0 
52431.0  51495.0 
52432.0  51496.0 
52462.1  51082.0 
52462.1  50626.0 
52462.1  51083.0 
52462.1  51084.0 
52462.1  50647.0 
52462.1  51085.0 
52462.1  50829.0 
52462.1  51086.0 
52462.1  50631.0 
52462.1  50841.0 
52462.1  52475.0 
52462.1  50667.0 
52462.1  51027.3 
52463.0  50591.0 
52464.1  52476.1 
52465.1  52477.1 
52466.1  52478.1 
52467.1  52479.0 
52467.1  50626.0 
52467.1  50647.0 
52467.1  52480.3 
52469.0  51532.0 
52470.1  52481.0 
52472.1  52482.0 
52474.1  52483.0 
52476.1  51532.0 
52476.1  50626.0 
52476.1  50647.0 
52476.1  50667.0 
52476.1  50672.0 
52476.1  52485.1 
52477.1  52486.0 
52477.1  50626.0 
52477.1  50647.0 
52477.1  50667.0 
52477.1  52487.63 
52478.1  52486.0 
52478.1  50626.0 
52478.1  50647.0 
52478.1  50667.0 
52478.1  52488.28 
52479.0  50607.0 
52480.3  51027.3 
52485.1  52489.0 
52486.0  50614.0 
52487.62  50615.62 
52487.63  52490.1 
52487.64  52025.1 
52488.27  50616.27 
52488.28  52490.2 
52488.29  52025.2 
52490.3  51089.3 
51550.0  51551.0 
51551.0  51994.0 
51994.0  52005.0 
52001.0  52017.0 
52002.0  52025.0 
52003.0  52025.0 
52004.0  52029.0 
52005.0  52017.0 
52012.0  51551.0 
52013.0  51551.0 
52014.0  52041.0 
52025.0  52045.0 
52029.0  51550.0 
52034.0  51994.0 
52035.0  51994.0 
52036.0  51994.0 
52037.0  51994.0 
52038.0  51994.0 
52041.0  51551.0 
52043.0  52054.0 
52044.0  52057.0 
52045.0  52017.0 
52052.0  52029.0 
52054.0  52462.0 
52060.0  52025.0 
52061.0  52468.0 
52062.0  52471.0 
52063.0  52473.0 
52462.0  52057.0 
52467.0  52054.0 
52468.0  52025.0 
52471.0  52025.0 
52473.0  52025.0 
52476.0  52484.0 
52477.0  52054.0 
52478.0  52054.0 
52481.0  52468.0 
52482.0  52471.0 
52483.0  52473.0 
52484.0  52054.0 
52489.0  52484.0 
51549.1  51550.12 
