2917
0
0
0
0
0
0
0
0
0
0
0
0
0
0
0
31392
31385
31242
31422
7
31619
31298
31424
31724
31726
31725
31665
31654
31663
31662
31661
9283
0
0
0
0
0
0
0
0
0
0
0
0
0
0
0
10881
0
0
0
0
0
0
0
0
0
0
0
0
0
0
0
11072
0
0
0
0
0
0
0
0
0
0
0
0
0
0
0
10675
0
0
0
0
0
0
0
0
0
0
0
0
0
0
0
1497
0
0
0
0
0
0
0
0
0
0
0
0
0
0
0
13680
0
0
0
0
0
0
0
0
0
0
0
0
0
0
0
11794
0
0
0
0
0
0
0
0
0
0
0
0
0
0
0
1278
0
0
0
0
0
0
0
0
0
0
0
0
0
0
0
10653
0
0
0
0
0
0
0
0
0
0
0
0
0
0
0
11899
0
0
0
0
0
0
0
0
0
0
0
0
0
0
0
12531
0
0
0
0
0
0
0
0
0
0
0
0
0
0
0
29716
29715
29615
29657
29714
29682
29663
29661
29656
29655
29644
29642
29659
29639
29662
29617
1824
0
0
0
0
0
0
0
0
0
0
0
0
0
0
0
10444
0
0
0
0
0
0
0
0
0
0
0
0
0
0
0
11327
0
0
0
0
0
0
0
0
0
0
0
0
0
0
0
31398
31399
31233
31451
31453
31240
0
0
0
0
0
0
0
0
0
0
30505
31539
30504
31556
31555
31557
31558
31559
31560
31561
31562
31563
31564
31565
31566
31567
30831
30830
30547
30770
30676
30768
30767
30766
30765
30748
30747
30743
30742
30741
30740
30731
2097
0
0
0
0
0
0
0
0
0
0
0
0
0
0
0
30602
30601
30603
30605
30953
30956
0
0
0
0
0
0
0
0
0
0
11035
0
0
0
0
0
0
0
0
0
0
0
0
0
0
0
8289
0
0
0
0
0
0
0
0
0
0
0
0
0
0
0
9545
0
0
0
0
0
0
0
0
0
0
0
0
0
0
0
787
0
0
0
0
0
0
0
0
0
0
0
0
0
0
0
2613
0
0
0
0
0
0
0
0
0
0
0
0
0
0
0
12387
0
0
0
0
0
0
0
0
0
0
0
0
0
0
0
30873
30892
30872
31134
31136
30929
31358
31420
30932
30936
31323
31340
31357
31359
31372
31375
313
0
0
0
0
0
0
0
0
0
0
0
0
0
0
0
30102
30101
30063
30088
30124
30100
30098
30096
30094
30092
30090
30083
30068
30075
30066
30067
11055
0
0
0
0
0
0
0
0
0
0
0
0
0
0
0
2501
0
0
0
0
0
0
0
0
0
0
0
0
0
0
0
1907
0
0
0
0
0
0
0
0
0
0
0
0
0
0
0
31828
31827
31733
9
31813
31759
31740
31741
31758
31735
31775
31797
31812
31734
31742
0
11804
0
0
0
0
0
0
0
0
0
0
0
0
0
0
0
11620
0
0
0
0
0
0
0
0
0
0
0
0
0
0
0
12566
0
0
0
0
0
0
0
0
0
0
0
0
0
0
0
31394
31388
31395
31448
31450
31657
31659
31397
0
0
0
0
0
0
0
0
12265
0
0
0
0
0
0
0
0
0
0
0
0
0
0
0
31353
31313
31354
31356
31316
31317
0
0
0
0
0
0
0
0
0
0
432
0
0
0
0
0
0
0
0
0
0
0
0
0
0
0
8768
0
0
0
0
0
0
0
0
0
0
0
0
0
0
0
7980
0
0
0
0
0
0
0
0
0
0
0
0
0
0
0
12072
0
0
0
0
0
0
0
0
0
0
0
0
0
0
0
12069
0
0
0
0
0
0
0
0
0
0
0
0
0
0
0
29720
29719
29728
29699
29723
29727
29725
29779
29761
29777
29776
29775
29773
29772
29771
29770
996
0
0
0
0
0
0
0
0
0
0
0
0
0
0
0
31347
31343
31344
31237
31238
31294
31299
0
0
0
0
0
0
0
0
0
1244
0
0
0
0
0
0
0
0
0
0
0
0
0
0
0
10958
0
0
0
0
0
0
0
0
0
0
0
0
0
0
0
1576
0
0
0
0
0
0
0
0
0
0
0
0
0
0
0
10598
0
0
0
0
0
0
0
0
0
0
0
0
0
0
0
1020
0
0
0
0
0
0
0
0
0
0
0
0
0
0
0
672
0
0
0
0
0
0
0
0
0
0
0
0
0
0
0
8207
0
0
0
0
0
0
0
0
0
0
0
0
0
0
0
29654
29607
29653
29691
29674
29690
29689
29686
29685
29680
29679
29678
29677
29676
29675
29671
13306
0
0
0
0
0
0
0
0
0
0
0
0
0
0
0
7895
0
0
0
0
0
0
0
0
0
0
0
0
0
0
0
1979
0
0
0
0
0
0
0
0
0
0
0
0
0
0
0
1269
0
0
0
0
0
0
0
0
0
0
0
0
0
0
0
9407
9482
9427
9484
9448
9447
9501
9503
9504
9505
9507
9434
9432
9430
9428
9462
11417
0
0
0
0
0
0
0
0
0
0
0
0
0
0
0
1837
0
0
0
0
0
0
0
0
0
0
0
0
0
0
0
12614
0
0
0
0
0
0
0
0
0
0
0
0
0
0
0
10516
0
0
0
0
0
0
0
0
0
0
0
0
0
0
0
8883
0
0
0
0
0
0
0
0
0
0
0
0
0
0
0
30528
30527
30530
30529
30264
30465
30478
30479
30477
30467
30471
30480
30488
30489
30491
30496
2208
0
0
0
0
0
0
0
0
0
0
0
0
0
0
0
8725
0
0
0
0
0
0
0
0
0
0
0
0
0
0
0
12092
0
0
0
0
0
0
0
0
0
0
0
0
0
0
0
12210
0
0
0
0
0
0
0
0
0
0
0
0
0
0
0
2223
0
0
0
0
0
0
0
0
0
0
0
0
0
0
0
2258
0
0
0
0
0
0
0
0
0
0
0
0
0
0
0
8173
0
0
0
0
0
0
0
0
0
0
0
0
0
0
0
11626
0
0
0
0
0
0
0
0
0
0
0
0
0
0
0
1297
0
0
0
0
0
0
0
0
0
0
0
0
0
0
0
2057
0
0
0
0
0
0
0
0
0
0
0
0
0
0
0
13724
0
0
0
0
0
0
0
0
0
0
0
0
0
0
0
11921
0
0
0
0
0
0
0
0
0
0
0
0
0
0
0
10981
0
0
0
0
0
0
0
0
0
0
0
0
0
0
0
9625
0
0
0
0
0
0
0
0
0
0
0
0
0
0
0
11490
0
0
0
0
0
0
0
0
0
0
0
0
0
0
0
2235
0
0
0
0
0
0
0
0
0
0
0
0
0
0
0
10356
0
0
0
0
0
0
0
0
0
0
0
0
0
0
0
9381
0
0
0
0
0
0
0
0
0
0
0
0
0
0
0
1272
0
0
0
0
0
0
0
0
0
0
0
0
0
0
0
31417
31728
31730
31729
31739
31727
31731
31753
31766
31783
31802
31807
31821
31752
31782
31806
730
0
0
0
0
0
0
0
0
0
0
0
0
0
0
0
1219
0
0
0
0
0
0
0
0
0
0
0
0
0
0
0
12182
0
0
0
0
0
0
0
0
0
0
0
0
0
0
0
9407
0
0
0
0
0
0
0
0
0
0
0
0
0
0
0
9818
0
0
0
0
0
0
0
0
0
0
0
0
0
0
0
31390
31613
31614
31612
31615
31611
31627
31720
0
0
0
0
0
0
0
0
12249
0
0
0
0
0
0
0
0
0
0
0
0
0
0
0
437
0
0
0
0
0
0
0
0
0
0
0
0
0
0
0
11124
0
0
0
0
0
0
0
0
0
0
0
0
0
0
0
8146
0
0
0
0
0
0
0
0
0
0
0
0
0
0
0
2036
0
0
0
0
0
0
0
0
0
0
0
0
0
0
0
1986
0
0
0
0
0
0
0
0
0
0
0
0
0
0
0
1924
0
0
0
0
0
0
0
0
0
0
0
0
0
0
0
308
0
0
0
0
0
0
0
0
0
0
0
0
0
0
0
9236
0
0
0
0
0
0
0
0
0
0
0
0
0
0
0
11737
0
0
0
0
0
0
0
0
0
0
0
0
0
0
0
4747
0
0
0
0
0
0
0
0
0
0
0
0
0
0
0
10655
0
0
0
0
0
0
0
0
0
0
0
0
0
0
0
9230
0
0
0
0
0
0
0
0
0
0
0
0
0
0
0
10577
0
0
0
0
0
0
0
0
0
0
0
0
0
0
0
13665
0
0
0
0
0
0
0
0
0
0
0
0
0
0
0
10936
0
0
0
0
0
0
0
0
0
0
0
0
0
0
0
1793
0
0
0
0
0
0
0
0
0
0
0
0
0
0
0
12206
0
0
0
0
0
0
0
0
0
0
0
0
0
0
0
1977
0
0
0
0
0
0
0
0
0
0
0
0
0
0
0
