11069.1  11071.0 
11069.1  11072.0 
11069.1  11073.0 
11069.1  11074.0 
11069.1  11075.0 
11069.1  11076.0 
11069.1  11077.0 
11069.1  11078.0 
11069.1  11079.0 
11069.1  11080.0 
11069.1  11081.0 
11069.1  11082.0 
11069.1  11083.0 
11069.1  11084.0 
11069.1  11085.0 
11069.1  11086.0 
11069.1  11087.0 
11069.1  11088.0 
11069.1  11089.0 
11069.1  11090.0 
11069.1  11091.0 
11069.1  11092.0 
11069.1  11093.0 
11069.1  11094.0 
11069.1  11095.0 
11069.1  11096.0 
11069.1  11097.0 
11069.1  11098.0 
11069.1  11099.0 
11069.1  11100.0 
11069.1  11101.0 
11069.1  11102.0 
11069.1  11103.0 
11069.1  11104.0 
11069.1  11105.0 
11069.1  11106.0 
11069.1  11107.0 
11069.1  11108.0 
11069.1  11109.0 
11069.1  11110.0 
11069.1  11111.0 
11069.1  11112.0 
11069.1  11113.0 
11069.1  11114.0 
11069.1  11115.0 
11069.1  11116.0 
11069.1  11117.0 
11069.1  11118.0 
11069.1  11119.0 
11069.1  11120.0 
11069.1  11121.0 
11069.1  11122.0 
11069.1  11123.0 
11069.1  11124.0 
11069.1  11125.0 
11069.1  11126.0 
11069.1  11127.0 
11069.1  11128.0 
11069.1  11129.0 
11069.1  11130.0 
11069.1  11131.0 
11069.1  11132.0 
11069.1  11133.0 
11069.1  11134.0 
11069.1  11135.0 
11069.1  11136.0 
11069.1  11137.0 
11069.1  11138.0 
11069.1  11139.0 
11069.1  11140.0 
11069.1  11141.0 
11069.1  11142.0 
11069.1  11143.0 
11069.1  11144.0 
11069.1  11145.0 
11069.1  11146.0 
11069.1  11147.0 
11069.1  11148.0 
11069.1  11149.0 
11069.1  11150.0 
11069.1  11151.0 
11069.1  11152.0 
11069.1  11153.0 
11069.1  11154.0 
11069.1  11155.0 
11069.1  11156.0 
11069.1  11157.0 
11069.1  11158.0 
11069.1  11159.0 
11069.1  11160.0 
11069.1  11161.0 
11069.1  11162.0 
11069.1  11163.0 
11069.1  11164.0 
11069.1  11165.0 
11069.1  11166.0 
11069.1  11167.0 
11069.1  11168.0 
11069.1  11169.0 
11069.1  11170.0 
11069.1  11171.0 
11069.1  11172.0 
11069.1  11173.0 
11069.1  11174.0 
11069.1  11175.0 
11069.1  11176.0 
11069.1  11177.0 
11069.1  11178.0 
11069.1  11179.0 
11069.1  11180.0 
11069.1  11181.0 
11069.1  11182.0 
11069.1  11183.0 
11069.1  11184.0 
11069.1  11185.0 
11069.1  11186.0 
11069.1  11187.0 
11069.1  11188.0 
11069.1  11189.0 
11069.1  11190.0 
11069.1  11191.0 
11069.1  11192.0 
11069.1  11193.0 
11069.1  11194.0 
11069.1  11195.0 
11069.1  11196.0 
11069.1  11197.0 
11069.1  11198.0 
11069.1  11199.0 
11069.1  11200.0 
11069.1  11201.0 
11069.1  11202.0 
11069.1  11203.0 
11069.1  11204.0 
11069.1  11205.0 
11069.1  11206.0 
11069.1  11207.0 
11069.1  11208.0 
11069.1  11209.0 
11069.1  11210.0 
11069.1  11211.0 
11069.1  11212.0 
11069.1  11213.0 
11069.1  11214.0 
11069.1  11215.0 
11069.1  11216.0 
11069.1  11217.0 
11069.1  11218.0 
11069.1  11219.0 
11069.1  11220.0 
11069.1  11221.0 
11069.1  11222.0 
11069.1  11223.0 
11069.1  11224.0 
11069.1  11225.0 
11069.1  11226.0 
11069.1  11227.0 
11069.1  11228.0 
11069.1  11229.0 
11069.1  11230.0 
11069.1  11231.0 
11069.1  11232.0 
11069.1  11233.0 
11069.1  11234.0 
11069.1  11235.0 
11069.1  11236.0 
11069.1  11237.0 
11069.1  11238.0 
11069.1  11239.0 
11069.1  11240.1 
11069.1  11241.0 
11069.1  11242.0 
11069.1  11243.0 
11069.1  11244.0 
11069.1  11245.0 
11069.1  11246.0 
11069.2  11247.0 
11069.2  11248.0 
11069.2  11249.0 
11069.2  11250.0 
11069.2  11251.0 
11069.2  11252.0 
11069.2  11253.0 
11069.2  11254.0 
11069.2  11255.0 
11069.2  11256.0 
11069.2  11257.0 
11069.2  11258.0 
11069.2  11259.0 
11069.2  11260.0 
11069.2  11261.0 
11069.2  11262.0 
11069.2  11263.0 
11069.2  11264.0 
11069.2  11265.0 
11069.2  11266.0 
11069.2  11267.0 
11069.2  11268.0 
11069.2  11269.0 
11069.2  11270.0 
11069.2  11271.0 
11069.2  11272.0 
11069.2  11273.0 
11069.2  11274.0 
11069.2  11275.0 
11069.2  11276.0 
11069.2  11277.0 
11069.2  11278.0 
11069.2  11279.0 
11069.2  11280.0 
11069.2  11281.0 
11069.2  11282.0 
11069.2  11283.0 
11069.2  11284.0 
11069.2  11285.0 
11069.2  11286.0 
11069.2  11287.0 
11069.2  11288.0 
11069.2  11289.0 
11069.2  11290.0 
11069.2  11291.0 
11069.2  11292.0 
11069.2  11293.0 
11069.2  11294.0 
11069.2  11295.0 
11069.2  11296.0 
11069.2  11297.0 
11069.2  11298.0 
11069.2  11299.0 
11069.2  11300.0 
11069.2  11301.0 
11069.2  11302.0 
11069.2  11303.0 
11069.2  11304.0 
11069.2  11305.0 
11069.2  11306.0 
11069.2  11307.0 
11069.2  11308.0 
11069.2  11309.0 
11069.2  11310.0 
11069.2  11311.0 
11069.2  11312.0 
11069.2  11313.0 
11069.2  11314.0 
11069.2  11315.0 
11069.2  11316.0 
11069.2  11317.0 
11069.2  11318.0 
11069.2  11319.0 
11069.2  11320.0 
11069.2  11321.0 
11069.2  11322.0 
11069.2  11323.0 
11069.2  11324.0 
11069.2  11325.0 
11069.2  11326.0 
11069.2  11327.0 
11069.2  11328.0 
11069.2  11329.0 
11069.2  11330.0 
11069.2  11331.0 
11069.2  11332.0 
11069.2  11333.0 
11069.2  11334.0 
11069.2  11335.0 
11069.2  11336.0 
11069.2  11337.0 
11069.2  11338.0 
11069.2  11339.0 
11069.2  11340.0 
11069.2  11341.0 
11069.2  11342.0 
11069.2  11343.0 
11069.2  11344.0 
11069.2  11345.0 
11069.2  11346.0 
11069.2  11347.0 
11069.2  11348.0 
11069.2  11349.0 
11069.2  11350.0 
11069.2  11351.0 
11069.2  11352.0 
11069.2  11353.0 
11069.2  11354.0 
11069.2  11355.0 
11069.2  11356.0 
11069.2  11357.0 
11069.2  11358.0 
11069.2  11359.0 
11069.2  11360.0 
11069.2  11361.0 
11069.2  11362.0 
11069.2  11363.0 
11069.2  11364.0 
11069.2  11365.0 
11069.2  11366.0 
11069.2  11367.0 
11069.2  11368.0 
11069.2  11369.0 
11069.2  11370.0 
11069.2  11371.0 
11069.2  11372.0 
11069.2  11373.0 
11069.2  11374.0 
11069.2  11375.0 
11069.2  11376.0 
11069.2  11377.0 
11069.2  11378.0 
11069.2  11379.0 
11069.2  11380.0 
11069.2  11381.0 
11069.2  11382.0 
11069.2  11383.0 
11069.2  11384.0 
11069.2  11385.0 
11069.2  11386.0 
11069.2  11387.0 
11069.2  11388.0 
11069.2  11389.0 
11069.2  11390.0 
11069.2  11391.0 
11069.2  11392.0 
11069.2  11393.0 
11069.2  11394.0 
11069.2  11395.0 
11069.2  11396.0 
11069.2  11397.0 
11069.2  11398.0 
11069.2  11399.0 
11069.2  11400.0 
11069.2  11401.0 
11069.2  11402.0 
11069.2  11403.0 
11069.2  11404.0 
11069.2  11405.0 
11069.2  11406.0 
11069.2  11407.1 
11069.2  11408.0 
11069.2  11409.0 
11069.2  11410.0 
11069.2  11411.0 
11069.2  11412.0 
11069.2  11413.0 
11069.2  11414.0 
11069.2  11415.0 
11069.2  11416.0 
11069.2  11417.0 
11069.2  11418.0 
11069.2  11419.0 
11069.2  11420.0 
11069.2  11421.0 
11069.2  11422.9 
11069.2  11423.9 
11069.2  11424.0 
11069.2  11425.0 
11069.2  11426.0 
11069.2  11427.0 
11069.2  11428.0 
11069.2  11429.0 
11069.2  11430.0 
11069.2  11431.0 
11069.2  11432.0 
11069.2  11433.0 
11069.2  11434.0 
11069.2  11435.0 
11069.2  11436.0 
11069.3  11437.0 
11069.3  11438.0 
11069.3  11439.0 
11069.3  11440.0 
11069.3  11441.0 
11069.3  11442.0 
11069.3  11443.0 
11069.3  11444.0 
11069.3  11445.2 
11069.3  11446.0 
11069.3  11447.0 
11069.3  11448.0 
11069.3  11449.0 
11069.3  11450.0 
11069.3  11451.0 
11069.4  11452.0 
11069.4  11453.0 
11069.4  11454.0 
11069.4  11455.0 
11069.5  11456.0 
11069.5  11457.0 
11069.5  11458.0 
11069.5  11459.0 
11069.5  11460.0 
11069.5  11461.1 
11069.5  11462.0 
11069.5  11463.18 
11069.5  11464.18 
11069.5  11465.0 
11069.5  11466.0 
11069.6  181.1 
11069.7  11467.0 
11069.7  11468.0 
11069.7  11469.0 
11069.7  11470.0 
11069.7  11471.0 
11069.7  11472.0 
11069.7  11473.0 
11069.7  11474.0 
11069.7  11475.0 
11069.7  11476.0 
11069.7  11477.0 
11069.7  11478.0 
11069.7  11479.0 
11069.7  11480.0 
11069.7  11481.3 
11069.7  11482.0 
11069.7  11483.0 
11069.7  11484.0 
11069.7  11485.0 
11069.7  11486.0 
11069.7  11487.0 
11069.7  11488.0 
11069.7  11489.0 
11069.7  11490.9 
11069.7  11491.0 
11069.7  11492.0 
11069.8  11493.0 
11069.8  11494.0 
11069.8  11495.22 
11069.8  11496.0 
11069.8  11497.0 
11069.8  11498.1 
11069.8  11499.0 
11069.8  11500.0 
11069.8  11501.0 
11069.8  11502.0 
11069.8  11503.0 
11069.9  11504.0 
11069.9  11505.0 
11069.9  11506.0 
11069.10  11507.0 
11070.1  11509.0 
11070.1  11075.0 
11070.1  11510.0 
11070.1  11080.0 
11070.1  11096.0 
11070.1  11116.0 
11070.1  11236.0 
11070.1  11121.0 
11070.1  11511.1 
11070.1  11512.1 
11070.1  11513.1 
11071.0  10125.0 
11072.0  10126.0 
11073.0  10127.0 
11074.0  10128.0 
11075.0  10129.0 
11076.0  10130.0 
11077.0  10131.0 
11078.0  10132.0 
11079.0  10133.0 
11080.0  10134.0 
11081.0  10135.0 
11082.0  10136.0 
11083.0  10137.0 
11084.0  10138.0 
11085.0  10139.0 
11086.0  10140.0 
11087.0  10141.0 
11088.0  10142.0 
11089.0  10143.0 
11090.0  10144.0 
11091.0  10145.0 
11092.0  10146.0 
11093.0  10147.0 
11094.0  10148.0 
11095.0  10149.0 
11096.0  10150.0 
11097.0  10151.0 
11098.0  10152.0 
11099.0  10153.0 
11100.0  10154.0 
11101.0  10155.0 
11102.0  10156.0 
11103.0  10157.0 
11104.0  10158.0 
11105.0  10159.0 
11106.0  10160.0 
11107.0  10161.0 
11108.0  10162.0 
11109.0  10163.0 
11110.0  10164.0 
11111.0  10165.0 
11112.0  10166.0 
11113.0  10167.0 
11114.0  10168.0 
11115.0  10169.0 
11116.0  10170.0 
11117.0  10171.0 
11118.0  10172.0 
11119.0  10173.0 
11120.0  10174.0 
11121.0  10175.0 
11122.0  10176.0 
11123.0  10177.0 
11124.0  10178.0 
11125.0  10179.0 
11126.0  10180.0 
11127.0  10181.0 
11128.0  10182.0 
11129.0  10183.0 
11130.0  10184.0 
11131.0  10185.0 
11132.0  10186.0 
11133.0  10187.0 
11134.0  10188.0 
11135.0  10189.0 
11136.0  10190.0 
11137.0  10191.0 
11138.0  10192.0 
11139.0  10193.0 
11140.0  10194.0 
11141.0  10195.0 
11142.0  10196.0 
11143.0  10197.0 
11144.0  10198.0 
11145.0  10199.0 
11146.0  10200.0 
11147.0  10201.0 
11148.0  10202.0 
11149.0  10203.0 
11150.0  10204.0 
11151.0  10205.0 
11152.0  10206.0 
11153.0  10207.0 
11154.0  10208.0 
11155.0  10209.0 
11156.0  10210.0 
11157.0  10211.0 
11158.0  10212.0 
11159.0  10213.0 
11160.0  10214.0 
11161.0  10215.0 
11162.0  10216.0 
11163.0  10217.0 
11164.0  10218.0 
11165.0  10219.0 
11166.0  10220.0 
11167.0  10221.0 
11168.0  10222.0 
11169.0  10223.0 
11170.0  10224.0 
11171.0  10225.0 
11172.0  10226.0 
11173.0  10227.0 
11174.0  10228.0 
11175.0  10229.0 
11176.0  10230.0 
11177.0  10231.0 
11178.0  10232.0 
11179.0  10233.0 
11180.0  10234.0 
11181.0  10235.0 
11182.0  10236.0 
11183.0  10237.0 
11184.0  10238.0 
11185.0  10239.0 
11186.0  10240.0 
11187.0  10241.0 
11188.0  10242.0 
11189.0  10243.0 
11190.0  10244.0 
11191.0  10245.0 
11192.0  10246.0 
11193.0  10247.0 
11194.0  10248.0 
11195.0  10249.0 
11196.0  10250.0 
11197.0  10251.0 
11198.0  10252.0 
11199.0  10253.0 
11200.0  10254.0 
11201.0  10255.0 
11202.0  10256.0 
11203.0  10257.0 
11204.0  10258.0 
11205.0  10259.0 
11206.0  10260.0 
11207.0  10261.0 
11208.0  10262.0 
11209.0  10263.0 
11210.0  10264.0 
11211.0  10265.0 
11212.0  10266.0 
11213.0  10267.0 
11214.0  10268.0 
11215.0  10269.0 
11216.0  10270.0 
11217.0  10271.0 
11218.0  10272.0 
11219.0  10273.0 
11220.0  10274.0 
11221.0  10275.0 
11222.0  10276.0 
11223.0  10277.0 
11224.0  10278.0 
11225.0  10279.0 
11226.0  10280.0 
11227.0  10281.0 
11228.0  10282.0 
11229.0  10283.0 
11230.0  10284.0 
11231.0  10285.0 
11232.0  10286.0 
11233.0  10287.0 
11234.0  10288.0 
11235.0  10289.0 
11236.0  10290.0 
11237.0  10291.0 
11238.0  10292.0 
11239.0  10293.0 
11240.1  11514.17 
11241.0  10295.0 
11242.0  10296.0 
11243.0  10297.0 
11244.0  10298.0 
11245.0  10299.0 
11246.0  10300.0 
11247.0  10301.0 
11248.0  10302.0 
11249.0  10303.0 
11250.0  10304.0 
11251.0  10305.0 
11252.0  10306.0 
11253.0  10307.0 
11254.0  10308.0 
11255.0  10309.0 
11256.0  10310.0 
11257.0  10311.0 
11258.0  10312.0 
11259.0  10313.0 
11260.0  10314.0 
11261.0  10315.0 
11262.0  10316.0 
11263.0  10317.0 
11264.0  10318.0 
11265.0  10319.0 
11266.0  10320.0 
11267.0  10321.0 
11268.0  10322.0 
11269.0  10323.0 
11270.0  10324.0 
11271.0  10325.0 
11272.0  10326.0 
11273.0  10327.0 
11274.0  10328.0 
11275.0  10329.0 
11276.0  10330.0 
11277.0  10331.0 
11278.0  10332.0 
11279.0  10333.0 
11280.0  10334.0 
11281.0  10335.0 
11282.0  10336.0 
11283.0  10337.0 
11284.0  10338.0 
11285.0  10339.0 
11286.0  10340.0 
11287.0  10341.0 
11288.0  10342.0 
11289.0  10343.0 
11290.0  10344.0 
11292.0  10346.0 
11293.0  10347.0 
11294.0  10348.0 
11295.0  10349.0 
11296.0  10350.0 
11297.0  10351.0 
11298.0  10352.0 
11299.0  10353.0 
11300.0  10354.0 
11301.0  10355.0 
11302.0  10356.0 
11303.0  10357.0 
11304.0  10358.0 
11305.0  10359.0 
11306.0  10360.0 
11307.0  10361.0 
11308.0  10362.0 
11309.0  10363.0 
11310.0  10364.0 
11311.0  10365.0 
11312.0  10366.0 
11313.0  10367.0 
11314.0  10368.0 
11315.0  10369.0 
11316.0  10370.0 
11317.0  10371.0 
11318.0  10372.0 
11319.0  10373.0 
11320.0  10374.0 
11321.0  10375.0 
11322.0  10376.0 
11323.0  10377.0 
11324.0  10378.0 
11325.0  10379.0 
11326.0  10380.0 
11327.0  10381.0 
11328.0  10382.0 
11329.0  10383.0 
11330.0  10384.0 
11331.0  10385.0 
11332.0  10386.0 
11333.0  10387.0 
11334.0  10388.0 
11335.0  10389.0 
11336.0  10390.0 
11337.0  10391.0 
11338.0  10392.0 
11339.0  10393.0 
11340.0  10394.0 
11341.0  10395.0 
11342.0  10396.0 
11343.0  10397.0 
11344.0  10398.0 
11345.0  10399.0 
11346.0  10400.0 
11347.0  10401.0 
11348.0  10402.0 
11349.0  10403.0 
11350.0  10404.0 
11351.0  10405.0 
11352.0  10406.0 
11353.0  10407.0 
11354.0  10408.0 
11355.0  10409.0 
11356.0  10410.0 
11357.0  10411.0 
11358.0  10412.0 
11359.0  10413.0 
11360.0  10414.0 
11361.0  10415.0 
11362.0  10416.0 
11363.0  10417.0 
11364.0  10418.0 
11365.0  10419.0 
11366.0  10420.0 
11367.0  10421.0 
11368.0  10422.0 
11369.0  10423.0 
11370.0  10424.0 
11371.0  10425.0 
11372.0  10426.0 
11373.0  10427.0 
11374.0  10428.0 
11375.0  10429.0 
11376.0  10430.0 
11377.0  10431.0 
11378.0  10432.0 
11379.0  10433.0 
11380.0  10434.0 
11381.0  10435.0 
11382.0  10436.0 
11383.0  10437.0 
11384.0  10438.0 
11385.0  10439.0 
11386.0  10440.0 
11387.0  10441.0 
11388.0  10442.0 
11389.0  10443.0 
11390.0  10444.0 
11391.0  10445.0 
11392.0  10446.0 
11393.0  10447.0 
11394.0  10448.0 
11395.0  10449.0 
11396.0  10450.0 
11397.0  10451.0 
11398.0  10452.0 
11399.0  10453.0 
11400.0  10454.0 
11401.0  10455.0 
11402.0  10456.0 
11403.0  10457.0 
11404.0  10458.0 
11405.0  10459.0 
11406.0  10460.0 
11407.1  11514.15 
11408.0  10462.0 
11409.0  10463.0 
11410.0  10464.0 
11411.0  10465.0 
11412.0  10466.0 
11413.0  10467.0 
11414.0  10468.0 
11415.0  10469.0 
11416.0  10470.0 
11417.0  10471.0 
11418.0  10472.0 
11419.0  10473.0 
11420.0  10474.0 
11421.0  10475.0 
11422.9  11514.16 
11422.9  10476.9 
11423.9  11514.16 
11423.9  10477.9 
11424.0  10478.0 
11425.0  10479.0 
11426.0  10480.0 
11427.0  10481.0 
11428.0  10482.0 
11429.0  10483.0 
11430.0  10484.0 
11431.0  10485.0 
11432.0  10486.0 
11433.0  10487.0 
11434.0  10488.0 
11435.0  10489.0 
11436.0  10490.0 
11437.0  10491.0 
11438.0  10492.0 
11439.0  10493.0 
11440.0  10494.0 
11441.0  10495.0 
11442.0  10496.0 
11443.0  10497.0 
11444.0  10498.0 
11445.1  11069.1 
11445.2  11069.2 
11445.3  11069.3 
11445.4  11069.4 
11445.5  11069.8 
11445.6  11069.9 
11446.0  10500.0 
11447.0  10501.0 
11448.0  10502.0 
11449.0  10503.0 
11450.0  10504.0 
11451.0  10505.0 
11452.0  10506.0 
11453.0  10507.0 
11454.0  10508.0 
11455.0  10509.0 
11456.0  10510.0 
11457.0  10511.0 
11458.0  10512.0 
11459.0  10513.0 
11460.0  10514.0 
11461.1  11514.17 
11462.0  10516.0 
11463.18  11514.17 
11463.18  10517.18 
11463.19  11069.5 
11464.18  11514.17 
11464.18  10518.18 
11464.19  11069.6 
11465.0  10519.0 
11466.0  10520.0 
11467.0  10553.0 
11468.0  10554.0 
11469.0  10555.0 
11470.0  10556.0 
11471.0  10557.0 
11472.0  10521.0 
11473.0  10522.0 
11474.0  10523.0 
11475.0  10524.0 
11476.0  10525.0 
11477.0  10526.0 
11478.0  10527.0 
11479.0  10528.0 
11480.0  10529.0 
11481.1  11515.1 
11481.2  11516.1 
11481.3  11517.1 
11482.0  10531.0 
11483.0  10532.0 
11484.0  10533.0 
11485.0  10534.0 
11486.0  10535.0 
11487.0  10536.0 
11488.0  10537.0 
11489.0  10538.0 
11490.9  10539.9 
11490.10  11069.7 
11491.0  10540.0 
11492.0  10541.0 
11493.0  10542.0 
11494.0  10543.0 
11495.20  11514.11 
11495.21  11514.13 
11495.22  11514.16 
11495.22  10544.22 
11496.0  10545.0 
11498.1  11518.1 
11499.0  10548.0 
11500.0  10549.0 
11502.0  10551.0 
11503.0  10552.0 
11504.0  10562.0 
11505.0  10563.0 
11506.0  10564.0 
11507.0  10565.0 
11508.1  11520.0 
11508.1  11075.0 
11508.1  11510.0 
11508.1  11080.0 
11508.1  11096.0 
11508.1  11116.0 
11508.1  11236.0 
11508.1  11121.0 
11508.1  11521.1 
11508.1  11522.1 
11508.1  11523.1 
11508.1  11524.1 
11508.1  11525.1 
11509.0  10567.0 
11510.0  10568.0 
11511.1  11526.1 
11512.1  11527.1 
11513.1  11528.1 
11514.11  10587.0 
11514.12  11529.0 
11514.13  10544.20 
11514.14  10499.9 
11514.15  11530.0 
11514.16  10544.21 
11514.17  11531.1 
11514.18  10499.10 
11514.18  10123.18 
11515.1  11533.0 
11515.1  11075.0 
11515.1  11534.0 
11515.1  11535.0 
11515.1  11096.0 
11515.1  11536.0 
11515.1  11278.0 
11515.1  11537.0 
11515.1  11080.0 
11515.1  11290.0 
11515.1  11538.0 
11515.1  11116.0 
11515.1  11539.2 
11516.1  11541.0 
11516.1  11075.0 
11516.1  11534.0 
11516.1  11535.0 
11516.1  11278.0 
11516.1  11096.0 
11516.1  11536.0 
11516.1  11080.0 
11516.1  11537.0 
11516.1  11290.0 
11516.1  11542.0 
11516.1  11116.0 
11516.1  11481.1 
11517.1  11543.0 
11517.1  11075.0 
11517.1  11096.0 
11517.1  11481.2 
11518.1  11545.0 
11518.1  11075.0 
11518.1  11546.0 
11518.1  11096.0 
11518.1  11116.0 
11518.1  11121.0 
11518.1  11115.0 
11518.1  11547.1 
11518.1  11547.2 
11518.1  11547.3 
11518.1  11547.4 
11518.1  11547.5 
11518.1  11547.6 
11518.1  11547.7 
11519.1  11548.0 
11519.1  11075.0 
11519.1  11096.0 
11520.0  10578.0 
11521.1  11549.1 
11522.1  11550.1 
11523.1  11551.1 
11524.1  11552.1 
11525.1  11553.1 
11526.1  11554.0 
11526.1  11075.0 
11526.1  11096.0 
11526.1  11116.0 
11527.1  11555.0 
11527.1  11075.0 
11527.1  11096.0 
11527.1  11116.0 
11528.1  11557.0 
11528.1  11075.0 
11528.1  11096.0 
11529.0  7775.0 
11530.0  9650.0 
11531.1  11514.13 
11532.1  11075.0 
11532.1  11510.0 
11532.1  11080.0 
11532.1  11096.0 
11532.1  11116.0 
11532.1  11236.0 
11532.1  11121.0 
11533.0  10590.0 
11534.0  10591.0 
11535.0  10592.0 
11536.0  10593.0 
11537.0  10594.0 
11539.1  11558.1 
11539.2  11559.1 
11540.1  11561.0 
11540.1  11075.0 
11540.1  11510.0 
11540.1  11080.0 
11540.1  11096.0 
11540.1  11116.0 
11540.1  11236.0 
11540.1  11121.0 
11540.1  11122.0 
11540.1  11123.0 
11540.1  11124.0 
11540.1  11562.1 
11540.1  11563.1 
11540.2  11564.1 
11540.3  11565.1 
11541.0  10598.0 
11543.0  10600.0 
11544.1  11566.0 
11544.1  11075.0 
11544.1  11510.0 
11544.1  11080.0 
11544.1  11096.0 
11544.1  11116.0 
11544.1  11236.0 
11544.1  11121.0 
11545.0  10602.0 
11546.0  10603.0 
11547.1  11567.1 
11547.2  11567.2 
11547.3  11567.3 
11547.4  11567.4 
11547.5  11567.5 
11547.6  11567.6 
11547.7  11567.7 
11548.0  10605.0 
11549.1  11555.0 
11549.1  11075.0 
11549.1  11096.0 
11549.1  11116.0 
11550.1  11554.0 
11550.1  11075.0 
11550.1  11096.0 
11550.1  11116.0 
11551.1  11568.0 
11551.1  11075.0 
11551.1  11096.0 
11551.1  11116.0 
11552.1  11568.0 
11552.1  11075.0 
11552.1  11096.0 
11552.1  11116.0 
11553.1  11568.0 
11553.1  11075.0 
11553.1  11096.0 
11553.1  11116.0 
11554.0  10611.0 
11555.0  10612.0 
11557.0  10614.0 
11558.1  11533.0 
11558.1  11075.0 
11558.1  11534.0 
11558.1  11535.0 
11558.1  11096.0 
11558.1  11536.0 
11558.1  11278.0 
11558.1  11537.0 
11558.1  11080.0 
11558.1  11290.0 
11558.1  11570.0 
11558.1  11116.0 
11558.1  11571.1 
11559.1  11541.0 
11559.1  11075.0 
11559.1  11534.0 
11559.1  11535.0 
11559.1  11278.0 
11559.1  11096.0 
11559.1  11536.0 
11559.1  11080.0 
11559.1  11537.0 
11559.1  11290.0 
11559.1  11573.0 
11559.1  11116.0 
11559.1  11539.1 
11560.1  11541.0 
11560.1  11075.0 
11560.1  11534.0 
11560.1  11535.0 
11560.1  11278.0 
11560.1  11096.0 
11560.1  11536.0 
11560.1  11080.0 
11560.1  11537.0 
11560.1  11290.0 
11560.1  11574.0 
11560.1  11116.0 
11561.0  10618.0 
11562.1  11575.0 
11563.1  11576.1 
11564.1  11577.1 
11565.1  11578.1 
11566.0  10623.0 
11567.1  11579.0 
11567.1  11075.0 
11567.1  11580.0 
11567.1  11080.0 
11567.1  11096.0 
11567.1  11581.0 
11567.1  11116.0 
11567.1  11582.0 
11567.1  11583.0 
11567.1  11236.0 
11567.1  11584.0 
11567.1  11585.0 
11567.1  11586.0 
11567.1  11121.0 
11567.1  11587.0 
11567.1  11588.0 
11567.1  11589.0 
11567.1  11590.0 
11567.1  11591.0 
11567.1  11592.0 
11567.1  11593.0 
11567.1  11594.0 
11567.1  11595.0 
11567.1  11596.0 
11567.1  11597.0 
11567.1  11598.0 
11567.1  11599.0 
11567.1  11600.0 
11567.1  11601.0 
11567.1  11602.0 
11567.1  11603.0 
11567.1  11604.0 
11567.1  11605.0 
11567.1  11606.0 
11567.1  11607.0 
11567.1  11608.0 
11567.1  11609.0 
11567.1  11610.0 
11567.1  11611.0 
11567.1  11612.0 
11567.1  11613.0 
11567.1  11614.0 
11567.1  11615.0 
11567.1  11616.0 
11567.1  11617.0 
11567.1  11618.0 
11567.1  11619.0 
11567.1  11620.0 
11567.1  11621.0 
11567.1  11622.0 
11567.1  11623.0 
11567.1  11624.0 
11567.1  11625.0 
11567.1  11626.0 
11567.1  11627.0 
11567.1  11628.0 
11567.1  11629.0 
11567.1  11630.0 
11567.1  11631.0 
11567.1  11632.0 
11567.1  11633.0 
11567.1  11634.0 
11567.1  11635.0 
11567.1  11636.0 
11567.1  11637.0 
11567.1  11638.0 
11567.1  11639.0 
11567.1  11640.0 
11567.1  11641.0 
11567.1  11642.0 
11567.1  11643.0 
11567.1  11644.0 
11567.1  11645.0 
11567.1  11646.0 
11567.1  11647.0 
11567.1  11648.0 
11567.1  11649.0 
11567.1  11650.0 
11567.1  11651.0 
11567.1  11652.0 
11567.1  11653.0 
11567.1  11654.0 
11567.1  11655.0 
11567.1  11656.0 
11567.1  11657.0 
11567.1  11658.0 
11567.2  11659.0 
11567.2  11660.0 
11567.2  11661.0 
11567.2  11662.0 
11567.2  11663.0 
11567.2  11664.0 
11567.2  11665.0 
11567.2  11666.0 
11567.2  11667.0 
11567.2  11668.0 
11567.2  11669.0 
11567.2  11670.0 
11567.2  11671.0 
11567.2  11672.0 
11567.2  11673.0 
11567.2  11674.0 
11567.2  11675.0 
11567.2  11676.0 
11567.2  11677.0 
11567.2  11678.0 
11567.2  11679.0 
11567.2  11680.0 
11567.2  11681.0 
11567.2  11682.0 
11567.2  11683.0 
11567.2  11684.0 
11567.2  11685.0 
11567.2  11686.0 
11567.2  11687.0 
11567.2  11688.0 
11567.2  11689.0 
11567.2  11690.0 
11567.2  11691.0 
11567.2  11692.0 
11567.2  11693.0 
11567.2  11694.0 
11567.2  11695.0 
11567.2  11696.0 
11567.2  11697.0 
11567.2  11698.0 
11567.2  11699.0 
11567.2  11700.0 
11567.2  11701.0 
11567.2  11702.0 
11567.2  11703.0 
11567.2  11704.0 
11567.2  11705.0 
11567.2  11706.0 
11567.2  11707.0 
11567.2  11708.0 
11567.2  11709.0 
11567.2  11710.0 
11567.2  11711.0 
11567.2  11712.0 
11567.2  11713.0 
11567.2  11714.0 
11567.2  11715.0 
11567.2  11716.0 
11567.2  11717.0 
11567.2  11718.0 
11567.2  11719.0 
11567.2  11720.0 
11567.2  11721.0 
11567.2  11722.0 
11567.2  11723.0 
11567.2  11724.0 
11567.2  11725.0 
11567.2  11726.0 
11567.2  11727.0 
11567.2  11728.0 
11567.2  11729.0 
11567.2  11730.0 
11567.2  11731.0 
11567.2  11732.0 
11567.2  11733.0 
11567.2  11734.0 
11567.2  11735.0 
11567.2  11736.0 
11567.2  11737.0 
11567.2  11738.0 
11567.2  11739.0 
11567.2  11740.0 
11567.2  11741.0 
11567.2  11742.0 
11567.3  11743.0 
11567.3  11744.0 
11567.3  11745.0 
11567.3  11746.0 
11567.3  11747.0 
11567.3  11748.0 
11567.3  11749.0 
11567.3  11750.0 
11567.3  11751.0 
11567.3  11752.0 
11567.3  11753.0 
11567.3  11754.0 
11567.3  11755.0 
11567.3  11756.0 
11567.3  11757.0 
11567.3  11758.0 
11567.3  11759.0 
11567.3  11760.0 
11567.3  11761.0 
11567.3  11762.0 
11567.3  11763.0 
11567.3  11764.0 
11567.3  11765.0 
11567.3  11766.0 
11567.3  11767.0 
11567.3  11768.0 
11567.3  11769.0 
11567.3  11770.0 
11567.3  11771.0 
11567.3  11772.0 
11567.3  11773.0 
11567.3  11774.0 
11567.3  11775.0 
11567.3  11776.0 
11567.3  11777.0 
11567.3  11778.0 
11567.3  11779.0 
11567.3  11780.0 
11567.3  11781.0 
11567.3  11782.0 
11567.3  11783.0 
11567.3  11784.0 
11567.3  11785.0 
11567.3  11786.0 
11567.3  11787.0 
11567.3  11788.0 
11567.3  11789.0 
11567.3  11790.0 
11567.3  11791.0 
11567.3  11792.0 
11567.3  11793.0 
11567.3  11794.0 
11567.3  11795.0 
11567.3  11796.0 
11567.3  11797.0 
11567.3  11798.0 
11567.3  11799.0 
11567.3  11800.0 
11567.3  11801.0 
11567.3  11802.0 
11567.3  11803.0 
11567.3  11804.0 
11567.3  11805.0 
11567.3  11806.0 
11567.3  11807.0 
11567.3  11808.0 
11567.3  11809.0 
11567.3  11810.0 
11567.3  11811.0 
11567.3  11812.0 
11567.4  11813.0 
11567.4  11814.0 
11567.4  11815.0 
11567.4  11816.0 
11567.4  11817.0 
11567.4  11818.0 
11567.4  11819.0 
11567.4  11820.0 
11567.4  11821.0 
11567.4  11822.0 
11567.4  11823.0 
11567.4  11824.0 
11567.4  11825.0 
11567.4  11826.0 
11567.4  11827.0 
11567.4  11828.0 
11567.4  11829.0 
11567.4  11830.0 
11567.4  11831.0 
11567.4  11832.0 
11567.4  11833.0 
11567.4  11834.0 
11567.4  11835.0 
11567.4  11836.0 
11567.4  11837.0 
11567.4  11838.0 
11567.4  11839.0 
11567.4  11840.0 
11567.4  11841.0 
11567.4  11842.0 
11567.4  11843.0 
11567.4  11844.0 
11567.4  11845.0 
11567.4  11846.0 
11567.4  11847.0 
11567.4  11848.0 
11567.4  11849.0 
11567.4  11850.0 
11567.4  11851.0 
11567.5  11852.0 
11567.5  11853.0 
11567.5  11854.0 
11567.5  11855.0 
11567.5  11856.0 
11567.5  11857.0 
11567.5  11858.0 
11567.5  11859.0 
11567.5  11860.0 
11567.5  11861.0 
11567.5  11862.0 
11567.5  11863.0 
11567.5  11864.0 
11567.5  11865.0 
11567.5  11866.0 
11567.5  11867.0 
11567.5  11868.0 
11567.5  11869.0 
11567.5  11870.0 
11567.5  11871.0 
11567.5  11872.0 
11567.5  11873.0 
11567.5  11874.0 
11567.5  11875.0 
11567.5  11876.0 
11567.5  11877.0 
11567.5  11878.0 
11567.5  11879.0 
11567.5  11880.0 
11567.5  11881.0 
11567.5  11882.0 
11567.5  11883.0 
11567.5  11884.0 
11567.5  11885.0 
11567.5  11886.0 
11567.5  11887.0 
11567.5  11888.0 
11567.5  11889.0 
11567.5  11890.0 
11567.5  11891.0 
11567.5  11892.0 
11567.5  11893.0 
11567.5  11894.0 
11567.5  11895.0 
11567.5  11896.0 
11567.5  11897.0 
11567.5  11898.0 
11567.5  11899.0 
11567.6  11900.0 
11567.6  11901.0 
11567.6  11902.0 
11567.6  11903.0 
11567.6  11904.0 
11567.6  11905.0 
11567.6  11906.0 
11567.6  11907.0 
11567.6  11908.0 
11567.6  11909.0 
11567.6  11910.0 
11567.6  11911.0 
11567.6  11912.0 
11567.6  11913.0 
11567.6  11914.0 
11567.6  11915.0 
11567.6  11916.0 
11567.6  11917.0 
11567.6  11918.0 
11567.6  11919.0 
11567.6  11920.0 
11567.6  11921.0 
11567.6  11922.0 
11567.6  11923.0 
11567.6  11924.0 
11567.6  11925.0 
11567.6  11926.0 
11567.6  11927.0 
11567.6  11928.0 
11567.6  11929.0 
11567.7  11930.0 
11567.7  11931.0 
11567.7  11932.0 
11567.7  11933.0 
11567.7  11934.0 
11567.7  11935.0 
11567.7  11936.0 
11567.7  11937.0 
11567.7  11938.0 
11567.7  11939.0 
11567.7  11940.0 
11567.7  11941.0 
11567.7  11942.0 
11567.7  11943.0 
11567.7  11944.0 
11567.7  11945.0 
11567.7  11946.0 
11567.7  11947.0 
11567.7  11948.0 
11567.7  11949.0 
11567.7  11950.0 
11567.7  11951.0 
11567.7  11952.0 
11567.7  11953.0 
11567.7  11954.0 
11567.7  11955.0 
11567.7  11956.0 
11567.7  11957.0 
11567.7  11958.0 
11567.7  11959.0 
11567.7  11960.0 
11567.7  11961.0 
11567.7  11962.0 
11567.7  11963.0 
11567.7  11964.0 
11567.7  11965.0 
11567.7  11966.0 
11567.7  11967.0 
11567.7  11968.0 
11567.7  11969.0 
11567.7  11970.0 
11567.7  11971.0 
11567.7  11972.0 
11567.7  11973.0 
11567.7  11974.0 
11567.7  11975.0 
11567.7  11976.0 
11568.0  10625.0 
11569.1  11038.0 
11569.1  10129.0 
11569.1  10568.0 
11569.1  10134.0 
11569.1  10150.0 
11569.1  10170.0 
11569.1  10290.0 
11569.1  10175.0 
11569.1  10176.0 
11569.1  10177.0 
11569.1  10178.0 
11569.1  11978.1 
11569.1  11979.1 
11569.1  10169.0 
11569.1  10183.0 
11569.1  11980.1 
11571.1  11981.1 
11572.1  10589.1 
11576.1  11983.0 
11576.1  11075.0 
11576.1  11096.0 
11576.1  11116.0 
11576.1  11121.0 
11576.1  11984.1 
11577.1  11983.0 
11577.1  11075.0 
11577.1  11096.0 
11577.1  11116.0 
11577.1  11121.0 
11577.1  11986.1 
11578.1  11983.0 
11578.1  11075.0 
11578.1  11096.0 
11578.1  11116.0 
11578.1  11121.0 
11578.1  11988.1 
11579.0  10636.0 
11580.0  10637.0 
11581.0  10638.0 
11583.0  10640.0 
11584.0  10641.0 
11585.0  10642.0 
11586.0  10643.0 
11587.0  10644.0 
11588.0  10645.0 
11589.0  10646.0 
11590.0  10647.0 
11591.0  10648.0 
11592.0  10649.0 
11593.0  10650.0 
11594.0  10651.0 
11595.0  10652.0 
11596.0  10653.0 
11597.0  10654.0 
11598.0  10655.0 
11599.0  10656.0 
11600.0  10657.0 
11601.0  10658.0 
11602.0  10659.0 
11603.0  10660.0 
11604.0  10661.0 
11605.0  10662.0 
11606.0  10663.0 
11607.0  10664.0 
11608.0  10665.0 
11609.0  10666.0 
11610.0  10667.0 
11611.0  10668.0 
11612.0  10669.0 
11613.0  10670.0 
11614.0  10671.0 
11615.0  10672.0 
11616.0  10673.0 
11617.0  10674.0 
11618.0  10675.0 
11619.0  10676.0 
11620.0  10677.0 
11621.0  10678.0 
11622.0  10679.0 
11623.0  10680.0 
11624.0  10681.0 
11625.0  10682.0 
11626.0  10683.0 
11627.0  10684.0 
11628.0  10685.0 
11629.0  10686.0 
11630.0  10687.0 
11631.0  10688.0 
11632.0  10689.0 
11633.0  10690.0 
11634.0  10691.0 
11635.0  10692.0 
11636.0  10693.0 
11637.0  10694.0 
11638.0  10695.0 
11639.0  10696.0 
11640.0  10697.0 
11641.0  10698.0 
11642.0  10699.0 
11643.0  10700.0 
11644.0  10701.0 
11645.0  10702.0 
11646.0  10703.0 
11647.0  10704.0 
11648.0  10705.0 
11649.0  10706.0 
11650.0  10707.0 
11651.0  10708.0 
11652.0  10709.0 
11653.0  10710.0 
11654.0  10711.0 
11655.0  10712.0 
11656.0  10713.0 
11657.0  10714.0 
11658.0  10715.0 
11659.0  10716.0 
11660.0  10717.0 
11661.0  10718.0 
11662.0  10719.0 
11663.0  10720.0 
11664.0  10721.0 
11665.0  10722.0 
11666.0  10723.0 
11667.0  10724.0 
11668.0  10725.0 
11669.0  10726.0 
11670.0  10727.0 
11671.0  10728.0 
11672.0  10729.0 
11673.0  10730.0 
11674.0  10731.0 
11675.0  10732.0 
11676.0  10733.0 
11677.0  10734.0 
11678.0  10735.0 
11679.0  10736.0 
11680.0  10737.0 
11681.0  10738.0 
11682.0  10739.0 
11683.0  10740.0 
11684.0  10741.0 
11685.0  10742.0 
11686.0  10743.0 
11687.0  10744.0 
11688.0  10745.0 
11689.0  10746.0 
11690.0  10747.0 
11691.0  10748.0 
11692.0  10749.0 
11693.0  10750.0 
11694.0  10751.0 
11695.0  10752.0 
11696.0  10753.0 
11697.0  10754.0 
11698.0  10755.0 
11699.0  10756.0 
11700.0  10757.0 
11701.0  10758.0 
11702.0  10759.0 
11703.0  10760.0 
11704.0  10761.0 
11705.0  10762.0 
11706.0  10763.0 
11707.0  10764.0 
11708.0  10765.0 
11709.0  10766.0 
11710.0  10767.0 
11711.0  10768.0 
11712.0  10769.0 
11713.0  10770.0 
11714.0  10771.0 
11715.0  10772.0 
11716.0  10773.0 
11717.0  10774.0 
11718.0  10775.0 
11719.0  10776.0 
11720.0  10777.0 
11721.0  10778.0 
11722.0  10779.0 
11723.0  10780.0 
11724.0  10781.0 
11725.0  10782.0 
11726.0  10783.0 
11727.0  10784.0 
11728.0  10785.0 
11729.0  10786.0 
11730.0  10787.0 
11731.0  10788.0 
11732.0  10789.0 
11733.0  10790.0 
11734.0  10791.0 
11735.0  10792.0 
11736.0  10793.0 
11737.0  10794.0 
11738.0  10795.0 
11739.0  10796.0 
11740.0  10797.0 
11741.0  10798.0 
11742.0  10799.0 
11743.0  10800.0 
11744.0  10801.0 
11745.0  10802.0 
11746.0  10803.0 
11747.0  10804.0 
11748.0  10805.0 
11749.0  10806.0 
11750.0  10807.0 
11751.0  10808.0 
11752.0  10809.0 
11753.0  10810.0 
11754.0  10811.0 
11755.0  10812.0 
11756.0  10813.0 
11757.0  10814.0 
11758.0  10815.0 
11759.0  10816.0 
11760.0  10817.0 
11761.0  10818.0 
11762.0  10819.0 
11763.0  10820.0 
11764.0  10821.0 
11765.0  10822.0 
11766.0  10823.0 
11767.0  10824.0 
11768.0  10825.0 
11769.0  10826.0 
11770.0  10827.0 
11771.0  10828.0 
11772.0  10829.0 
11773.0  10830.0 
11774.0  10831.0 
11775.0  10832.0 
11777.0  10834.0 
11778.0  10835.0 
11779.0  10836.0 
11780.0  10837.0 
11781.0  10838.0 
11782.0  10839.0 
11783.0  10840.0 
11784.0  10841.0 
11785.0  10842.0 
11786.0  10843.0 
11787.0  10844.0 
11788.0  10845.0 
11789.0  10846.0 
11790.0  10847.0 
11791.0  10848.0 
11792.0  10849.0 
11793.0  10850.0 
11794.0  10851.0 
11795.0  10852.0 
11796.0  10853.0 
11797.0  10854.0 
11798.0  10855.0 
11799.0  10856.0 
11800.0  10857.0 
11801.0  10858.0 
11802.0  10859.0 
11803.0  10860.0 
11804.0  10861.0 
11805.0  10862.0 
11806.0  10863.0 
11807.0  10864.0 
11808.0  10865.0 
11809.0  10866.0 
11810.0  10867.0 
11811.0  10868.0 
11812.0  10869.0 
11813.0  10870.0 
11814.0  10871.0 
11815.0  10872.0 
11816.0  10873.0 
11817.0  10874.0 
11818.0  10875.0 
11819.0  10876.0 
11820.0  10877.0 
11821.0  10878.0 
11822.0  10879.0 
11823.0  10880.0 
11824.0  10881.0 
11825.0  10882.0 
11826.0  10883.0 
11827.0  10884.0 
11828.0  10885.0 
11829.0  10886.0 
11830.0  10887.0 
11831.0  10888.0 
11832.0  10889.0 
11833.0  10890.0 
11834.0  10891.0 
11835.0  10892.0 
11836.0  10893.0 
11837.0  10894.0 
11838.0  10895.0 
11839.0  10896.0 
11840.0  10897.0 
11841.0  10898.0 
11842.0  10899.0 
11843.0  10900.0 
11844.0  10901.0 
11845.0  10902.0 
11846.0  10903.0 
11847.0  10904.0 
11848.0  10905.0 
11849.0  10906.0 
11850.0  10907.0 
11851.0  10908.0 
11852.0  10909.0 
11853.0  10910.0 
11854.0  10911.0 
11855.0  10912.0 
11856.0  10913.0 
11857.0  10914.0 
11858.0  10915.0 
11859.0  10916.0 
11860.0  10917.0 
11861.0  10918.0 
11862.0  10919.0 
11863.0  10920.0 
11864.0  10921.0 
11865.0  10922.0 
11866.0  10923.0 
11867.0  10924.0 
11868.0  10925.0 
11869.0  10926.0 
11870.0  10927.0 
11871.0  10928.0 
11872.0  10929.0 
11873.0  10930.0 
11874.0  10931.0 
11875.0  10932.0 
11876.0  10933.0 
11877.0  10934.0 
11878.0  10935.0 
11879.0  10936.0 
11880.0  10937.0 
11881.0  10938.0 
11882.0  10939.0 
11883.0  10940.0 
11884.0  10941.0 
11885.0  10942.0 
11886.0  10943.0 
11887.0  10944.0 
11888.0  10945.0 
11889.0  10946.0 
11890.0  10947.0 
11891.0  10948.0 
11892.0  10949.0 
11893.0  10950.0 
11894.0  10951.0 
11895.0  10952.0 
11896.0  10953.0 
11897.0  10954.0 
11898.0  10955.0 
11899.0  10956.0 
11900.0  10957.0 
11901.0  10958.0 
11902.0  10959.0 
11903.0  10960.0 
11904.0  10961.0 
11905.0  10962.0 
11906.0  10963.0 
11907.0  10964.0 
11908.0  10965.0 
11909.0  10966.0 
11910.0  10967.0 
11911.0  10968.0 
11912.0  10969.0 
11913.0  10970.0 
11914.0  10971.0 
11915.0  10972.0 
11916.0  10973.0 
11917.0  10974.0 
11918.0  10975.0 
11919.0  10976.0 
11920.0  10977.0 
11921.0  10978.0 
11922.0  10979.0 
11923.0  10980.0 
11924.0  10981.0 
11925.0  10982.0 
11926.0  10983.0 
11927.0  10984.0 
11928.0  10985.0 
11929.0  10986.0 
11930.0  10987.0 
11931.0  10988.0 
11932.0  10989.0 
11933.0  10990.0 
11934.0  10991.0 
11935.0  10992.0 
11936.0  10993.0 
11937.0  10994.0 
11938.0  10995.0 
11939.0  10996.0 
11940.0  10997.0 
11941.0  10998.0 
11942.0  10999.0 
11943.0  11000.0 
11944.0  11001.0 
11945.0  11002.0 
11946.0  11003.0 
11947.0  11004.0 
11977.1  10590.0 
11977.1  10129.0 
11977.1  10591.0 
11977.1  10592.0 
11977.1  10150.0 
11977.1  10593.0 
11977.1  10332.0 
11977.1  10594.0 
11977.1  10134.0 
11977.1  10344.0 
11977.1  11989.0 
11977.1  10170.0 
11977.1  10530.3 
11978.1  11990.1 
11979.1  11991.1 
11980.1  11992.1 
11981.1  11054.0 
11981.1  10129.0 
11981.1  10150.0 
11981.1  11993.3 
11983.0  11044.0 
11984.1  11994.0 
11986.1  11995.0 
11988.1  11996.0 
11990.1  11044.0 
11990.1  10129.0 
11990.1  10150.0 
11990.1  10170.0 
11990.1  10175.0 
11990.1  11998.1 
11991.1  11061.0 
11991.1  10129.0 
11991.1  10150.0 
11991.1  10170.0 
11991.1  11062.4 
11992.1  11061.0 
11992.1  10129.0 
11992.1  10150.0 
11992.1  10170.0 
11992.1  11063.4 
11993.3  10530.3 
11998.1  11999.0 
11069.0  11070.0 
11070.0  11508.0 
11508.0  11519.0 
11515.0  11532.0 
11516.0  11540.0 
11517.0  11540.0 
11518.0  11544.0 
11519.0  11532.0 
11526.0  11070.0 
11527.0  11070.0 
11528.0  11556.0 
11540.0  11560.0 
11544.0  11069.0 
11549.0  11508.0 
11550.0  11508.0 
11551.0  11508.0 
11552.0  11508.0 
11553.0  11508.0 
11556.0  11070.0 
11558.0  11569.0 
11559.0  11572.0 
11560.0  11532.0 
11567.0  11544.0 
11569.0  11977.0 
11575.0  11540.0 
11576.0  11982.0 
11577.0  11985.0 
11578.0  11987.0 
11977.0  11572.0 
11981.0  11569.0 
11982.0  11540.0 
11985.0  11540.0 
11987.0  11540.0 
11990.0  11997.0 
11991.0  11569.0 
11992.0  11569.0 
11994.0  11982.0 
11995.0  11985.0 
11996.0  11987.0 
11997.0  11569.0 
11999.0  11997.0 
11068.1  11069.10 
12000.1  11069.10 
12001.1  11069.10 
