302.1  304.0 
302.1  305.0 
302.1  306.0 
302.1  307.0 
302.1  308.0 
302.1  309.0 
302.1  310.0 
302.1  311.0 
302.1  312.0 
302.1  313.0 
302.1  314.0 
302.1  315.0 
303.1  317.0 
303.1  305.0 
303.1  308.0 
304.0  284.0 
305.0  285.0 
306.0  286.0 
307.0  287.0 
308.0  288.0 
309.0  289.0 
310.0  290.0 
311.0  291.0 
314.0  294.0 
315.0  310.0 
316.1  305.0 
316.1  318.0 
316.1  309.0 
316.1  308.0 
316.1  314.0 
316.1  319.0 
316.1  320.0 
317.0  297.0 
318.0  298.0 
319.0  299.0 
320.0  300.0 
301.1  302.1 
302.0  303.0 
303.0  316.0 
