78597.1  78599.0 
78597.1  78600.0 
78597.1  78601.0 
78597.1  78602.0 
78597.1  78603.0 
78597.1  78604.0 
78597.1  78605.0 
78597.1  78606.0 
78597.1  78607.0 
78597.1  78608.0 
78597.1  78609.0 
78597.1  78610.0 
78598.1  78612.0 
78598.1  78600.0 
78598.1  78603.0 
78599.0  77437.0 
78600.0  77438.0 
78601.0  77439.0 
78602.0  77440.0 
78603.0  77441.0 
78604.0  77442.0 
78605.0  77443.0 
78606.0  77444.0 
78609.0  77447.0 
78610.0  63091.0 
78611.1  78600.0 
78611.1  78613.0 
78611.1  78604.0 
78611.1  78603.0 
78611.1  78609.0 
78611.1  78614.0 
78611.1  78615.0 
78612.0  77450.0 
78613.0  77451.0 
78614.0  77452.0 
78615.0  77453.0 
78596.1  78597.1 
78617.1  78619.0 
78617.1  78620.0 
78617.1  78621.0 
78617.1  78622.0 
78617.1  78600.0 
78617.1  78623.0 
78617.1  78624.0 
78617.1  78625.0 
78617.1  78626.0 
78617.1  78604.0 
78617.1  78627.0 
78617.1  78628.0 
78617.1  78629.0 
78617.1  78630.0 
78617.1  78631.0 
78617.1  78632.0 
78617.1  78633.0 
78617.1  78634.0 
78617.1  78635.0 
78617.1  78636.0 
78617.1  78637.0 
78617.1  78638.0 
78617.1  78639.0 
78617.1  78640.0 
78617.1  78641.0 
78617.1  78603.0 
78617.1  78642.0 
78617.1  78643.0 
78617.1  78644.0 
78617.1  78645.0 
78617.1  78646.0 
78617.1  78647.0 
78617.1  78648.0 
78617.1  78649.0 
78617.1  78650.0 
78617.1  78651.0 
78617.1  78652.0 
78617.1  78653.0 
78617.1  78654.0 
78617.1  78655.0 
78617.1  78656.0 
78617.1  78657.0 
78617.1  78658.0 
78617.1  78659.0 
78617.1  78660.0 
78617.1  78609.0 
78617.1  78661.0 
78617.1  78662.0 
78617.1  78663.0 
78617.1  78664.0 
78617.1  78615.0 
78617.1  78665.0 
78617.1  78666.0 
78617.1  78667.0 
78617.1  78668.0 
78617.1  78669.0 
78617.1  78670.0 
78617.1  78671.0 
78617.1  78672.0 
78617.1  78673.0 
78617.1  78674.0 
78617.1  78675.0 
78617.1  78676.0 
78617.1  78677.0 
78617.1  78678.0 
78617.1  78679.0 
78617.1  78680.0 
78617.1  78681.0 
78617.1  78682.0 
78617.1  78683.0 
78617.1  78684.0 
78617.1  78685.0 
78617.1  78686.0 
78617.1  78687.0 
78617.1  78688.0 
78617.1  78689.0 
78617.1  78690.0 
78617.1  78691.0 
78617.1  78692.0 
78617.1  78693.0 
78617.1  78694.0 
78617.1  78695.0 
78617.1  78696.0 
78617.1  78697.0 
78617.1  78698.0 
78617.1  78699.0 
78617.1  78700.0 
78617.1  78701.0 
78617.1  78702.0 
78617.1  78703.0 
78617.1  78704.0 
78617.1  78705.0 
78617.1  78706.0 
78617.1  78707.0 
78617.1  78708.0 
78617.1  78709.0 
78617.1  78710.0 
78617.1  78711.0 
78617.1  78712.0 
78617.1  78713.0 
78617.1  78714.0 
78617.1  78715.0 
78617.1  78716.0 
78617.1  78717.0 
78617.1  78718.0 
78617.1  78719.0 
78617.1  78720.0 
78617.1  78721.0 
78617.1  78722.0 
78617.1  78723.0 
78617.1  78724.0 
78617.1  78725.0 
78617.1  78726.0 
78617.1  78727.0 
78617.1  78728.0 
78617.1  78729.0 
78617.1  78730.0 
78617.1  78731.0 
78617.1  78732.0 
78617.1  78733.0 
78617.1  78734.0 
78617.1  78735.0 
78617.1  78736.0 
78617.1  78737.0 
78617.1  78738.0 
78617.1  78739.0 
78617.1  78740.0 
78617.1  78741.0 
78617.1  78742.0 
78617.1  78743.0 
78617.1  78744.0 
78617.1  78745.0 
78617.1  78746.0 
78617.1  78747.0 
78617.1  78748.0 
78617.1  78749.0 
78617.1  78750.0 
78617.1  78751.0 
78617.1  78752.0 
78617.1  78753.0 
78617.1  78754.0 
78617.1  78755.0 
78617.1  78756.0 
78617.1  78757.0 
78617.1  78758.0 
78617.1  78759.0 
78617.1  78760.0 
78617.1  78761.0 
78617.1  78762.0 
78617.1  78763.0 
78617.1  78764.0 
78617.1  78765.0 
78617.1  78766.0 
78617.1  78767.0 
78617.1  78768.0 
78617.1  78769.0 
78617.1  78770.0 
78617.1  78771.0 
78617.1  78772.0 
78617.1  78773.0 
78617.1  78774.0 
78617.1  78775.0 
78617.1  78776.0 
78617.1  78777.0 
78617.1  78778.0 
78617.1  78614.0 
78617.1  78779.0 
78617.1  78780.0 
78617.1  78781.0 
78617.1  78782.1 
78617.1  78783.0 
78617.1  78784.0 
78617.1  78785.0 
78617.1  78786.0 
78617.1  78787.0 
78617.1  78788.0 
78617.2  78789.0 
78617.2  78790.0 
78617.2  78791.0 
78617.2  78792.0 
78617.2  78793.0 
78617.2  78794.0 
78617.2  78795.0 
78617.2  78796.0 
78617.2  78797.0 
78617.2  78798.0 
78617.2  78799.0 
78617.2  78800.0 
78617.2  78801.0 
78617.2  78802.0 
78617.2  78803.0 
78617.2  78804.0 
78617.2  78805.0 
78617.2  78806.0 
78617.2  78807.0 
78617.2  78808.0 
78617.2  78809.0 
78617.2  78810.0 
78617.2  78811.0 
78617.2  78812.0 
78617.2  78813.0 
78617.2  78814.0 
78617.2  78815.0 
78617.2  78816.0 
78617.2  78817.0 
78617.2  78818.0 
78617.2  78819.0 
78617.2  78601.0 
78617.2  78820.0 
78617.2  78821.0 
78617.2  78822.0 
78617.2  78823.0 
78617.2  78824.0 
78617.2  78825.0 
78617.2  78826.0 
78617.2  78827.0 
78617.2  78828.0 
78617.2  78829.0 
78617.2  78830.0 
78617.2  78606.0 
78617.2  78831.0 
78617.2  78832.0 
78617.2  78833.0 
78617.2  78834.0 
78617.2  78835.0 
78617.2  78836.0 
78617.2  78837.0 
78617.2  78838.0 
78617.2  78839.0 
78617.2  78840.0 
78617.2  78841.0 
78617.2  78842.0 
78617.2  78843.0 
78617.2  78844.0 
78617.2  78845.0 
78617.2  78846.0 
78617.2  78847.0 
78617.2  78848.0 
78617.2  78849.0 
78617.2  78850.0 
78617.2  78851.0 
78617.2  78852.0 
78617.2  78853.0 
78617.2  78854.0 
78617.2  78855.0 
78617.2  78856.0 
78617.2  78857.0 
78617.2  78858.0 
78617.2  78859.0 
78617.2  78860.0 
78617.2  78861.0 
78617.2  78862.0 
78617.2  78863.0 
78617.2  78864.0 
78617.2  78865.0 
78617.2  78866.0 
78617.2  78867.0 
78617.2  78868.0 
78617.2  78869.0 
78617.2  78870.0 
78617.2  78871.0 
78617.2  78872.0 
78617.2  78873.0 
78617.2  78874.0 
78617.2  78875.0 
78617.2  78876.0 
78617.2  78877.0 
78617.2  78878.0 
78617.2  78879.0 
78617.2  78880.0 
78617.2  78881.0 
78617.2  78882.0 
78617.2  78883.0 
78617.2  78884.0 
78617.2  78885.0 
78617.2  78886.0 
78617.2  78887.0 
78617.2  78888.0 
78617.2  78889.0 
78617.2  78890.0 
78617.2  78891.0 
78617.2  78892.0 
78617.2  78893.0 
78617.2  78894.0 
78617.2  78895.0 
78617.2  78896.0 
78617.2  78897.0 
78617.2  78898.0 
78617.2  78899.0 
78617.2  78900.0 
78617.2  78901.0 
78617.2  78902.0 
78617.2  78903.0 
78617.2  78904.0 
78617.2  78905.0 
78617.2  78906.0 
78617.2  78907.0 
78617.2  78908.0 
78617.2  78909.0 
78617.2  78910.0 
78617.2  78911.0 
78617.2  78912.0 
78617.2  78913.0 
78617.2  78914.0 
78617.2  78915.0 
78617.2  78916.0 
78617.2  78917.0 
78617.2  78918.0 
78617.2  78919.0 
78617.2  78920.0 
78617.2  78921.0 
78617.2  78922.0 
78617.2  78923.0 
78617.2  78924.0 
78617.2  78925.0 
78617.2  78926.0 
78617.2  78927.0 
78617.2  78928.0 
78617.2  78929.0 
78617.2  78930.0 
78617.2  78931.0 
78617.2  78932.0 
78617.2  78933.0 
78617.2  78934.0 
78617.2  78935.0 
78617.2  78936.0 
78617.2  78937.0 
78617.2  78938.0 
78617.2  78939.0 
78617.2  78940.0 
78617.2  78941.0 
78617.2  78942.0 
78617.2  78943.0 
78617.2  78944.0 
78617.2  78945.0 
78617.2  78946.0 
78617.2  78947.1 
78617.2  78948.0 
78617.2  78949.0 
78617.2  78950.0 
78617.2  78951.0 
78617.2  78952.0 
78617.2  78953.0 
78617.2  78954.0 
78617.2  78955.0 
78617.2  78956.0 
78617.2  78957.0 
78617.2  78958.0 
78617.2  78959.0 
78617.2  78960.0 
78617.2  78961.0 
78617.2  78962.32 
78617.2  78963.32 
78617.2  78964.0 
78617.2  78965.0 
78617.2  78966.0 
78617.2  78967.0 
78617.2  78968.0 
78617.2  78969.0 
78617.2  78970.0 
78617.2  78971.0 
78617.2  78972.0 
78617.2  78973.0 
78617.2  78974.0 
78617.2  78975.0 
78617.2  78976.0 
78617.3  78977.0 
78617.3  78978.0 
78617.3  78979.0 
78617.3  78980.0 
78617.3  78981.0 
78617.3  78982.0 
78617.3  78983.0 
78617.3  78984.0 
78617.3  78985.2 
78617.3  78986.0 
78617.3  78987.0 
78617.3  78988.0 
78617.3  78989.0 
78617.3  78990.0 
78617.3  78991.0 
78617.4  78992.0 
78617.4  78993.0 
78617.4  78994.0 
78617.4  78995.0 
78617.4  78596.1 
78617.5  78996.0 
78617.5  78997.0 
78617.5  78998.0 
78617.5  78999.0 
78617.5  79000.0 
78617.5  79001.1 
78617.5  79002.0 
78617.5  79003.64 
78617.5  79004.64 
78617.5  79005.0 
78617.5  79006.2 
78617.6  79007.0 
78617.6  79008.0 
78617.6  79009.0 
78617.6  79010.0 
78617.6  79011.0 
78617.6  79012.0 
78617.6  78605.0 
78617.6  78602.0 
78617.6  79013.0 
78617.6  79014.3 
78617.6  79015.0 
78617.6  79016.0 
78617.6  79017.0 
78617.6  79018.0 
78617.6  79019.0 
78617.6  79020.0 
78617.6  79021.0 
78617.6  79022.0 
78617.6  79023.32 
78617.6  79024.0 
78617.6  79025.0 
78617.7  79026.0 
78617.7  79027.0 
78617.7  79028.74 
78617.7  79029.0 
78617.7  79030.0 
78617.7  79031.1 
78617.7  79032.0 
78617.7  79033.0 
78617.7  79034.0 
78617.7  79035.0 
78617.7  79036.0 
78617.8  79037.0 
78617.8  79038.0 
78617.8  79039.0 
78617.8  79040.0 
78617.8  79041.0 
78617.9  79042.0 
78617.9  79043.0 
78617.9  79044.0 
78617.9  78985.5 
78617.10  79045.0 
78618.1  79047.0 
78618.1  78600.0 
78618.1  78613.0 
78618.1  78604.0 
78618.1  78603.0 
78618.1  78609.0 
78618.1  78614.0 
78618.1  78615.0 
78618.1  79048.1 
78618.1  79049.1 
78618.1  79050.1 
78619.0  77457.0 
78620.0  77458.0 
78621.0  77459.0 
78622.0  77460.0 
78623.0  77461.0 
78624.0  77462.0 
78625.0  77463.0 
78626.0  77464.0 
78627.0  77465.0 
78628.0  77466.0 
78629.0  77467.0 
78630.0  77468.0 
78631.0  77469.0 
78632.0  77470.0 
78633.0  77471.0 
78634.0  77472.0 
78635.0  77473.0 
78636.0  77474.0 
78637.0  77475.0 
78638.0  77476.0 
78639.0  77477.0 
78640.0  77478.0 
78641.0  77479.0 
78642.0  77480.0 
78643.0  77481.0 
78644.0  77482.0 
78645.0  77483.0 
78646.0  77484.0 
78647.0  77485.0 
78648.0  77486.0 
78649.0  77487.0 
78650.0  77488.0 
78651.0  77489.0 
78652.0  77490.0 
78653.0  77491.0 
78654.0  77492.0 
78655.0  77493.0 
78656.0  77494.0 
78657.0  77495.0 
78658.0  77496.0 
78659.0  77497.0 
78660.0  77498.0 
78661.0  77499.0 
78662.0  77500.0 
78663.0  77501.0 
78664.0  77502.0 
78665.0  77503.0 
78666.0  77504.0 
78667.0  77505.0 
78668.0  77506.0 
78669.0  77507.0 
78670.0  77508.0 
78671.0  77509.0 
78672.0  77510.0 
78673.0  77511.0 
78674.0  77512.0 
78675.0  77513.0 
78676.0  77514.0 
78677.0  77515.0 
78678.0  77516.0 
78679.0  77517.0 
78680.0  77518.0 
78681.0  77519.0 
78682.0  77520.0 
78683.0  77521.0 
78684.0  77522.0 
78685.0  77523.0 
78686.0  77524.0 
78687.0  77525.0 
78688.0  77526.0 
78689.0  77527.0 
78690.0  77528.0 
78691.0  77529.0 
78692.0  77530.0 
78693.0  77531.0 
78694.0  77532.0 
78695.0  77533.0 
78696.0  77534.0 
78697.0  77535.0 
78698.0  77536.0 
78699.0  77537.0 
78700.0  77538.0 
78701.0  77539.0 
78702.0  77540.0 
78703.0  77541.0 
78704.0  77542.0 
78705.0  77543.0 
78706.0  77544.0 
78707.0  77545.0 
78708.0  77546.0 
78709.0  77547.0 
78710.0  77548.0 
78711.0  77549.0 
78712.0  77550.0 
78713.0  77551.0 
78714.0  77552.0 
78715.0  77553.0 
78716.0  77554.0 
78717.0  77555.0 
78718.0  77556.0 
78719.0  77557.0 
78720.0  77558.0 
78721.0  77559.0 
78722.0  77560.0 
78723.0  77561.0 
78724.0  77562.0 
78725.0  77563.0 
78726.0  77564.0 
78727.0  77565.0 
78728.0  77566.0 
78729.0  77567.0 
78730.0  77568.0 
78731.0  77569.0 
78732.0  77570.0 
78733.0  77571.0 
78734.0  77572.0 
78735.0  77573.0 
78736.0  77574.0 
78737.0  77575.0 
78738.0  77576.0 
78739.0  77577.0 
78740.0  77578.0 
78741.0  77579.0 
78742.0  77580.0 
78743.0  77581.0 
78744.0  77582.0 
78745.0  77583.0 
78746.0  77584.0 
78747.0  77585.0 
78748.0  77586.0 
78749.0  77587.0 
78750.0  77588.0 
78751.0  77589.0 
78752.0  77590.0 
78753.0  77591.0 
78754.0  77592.0 
78755.0  77593.0 
78756.0  77594.0 
78757.0  77595.0 
78758.0  77596.0 
78759.0  77597.0 
78760.0  77598.0 
78761.0  77599.0 
78762.0  77600.0 
78763.0  77601.0 
78764.0  77602.0 
78765.0  77603.0 
78766.0  77604.0 
78767.0  77605.0 
78768.0  77606.0 
78769.0  77607.0 
78770.0  77608.0 
78771.0  77609.0 
78772.0  77610.0 
78773.0  77611.0 
78774.0  77612.0 
78775.0  77613.0 
78776.0  77614.0 
78777.0  77615.0 
78778.0  77616.0 
78779.0  77617.0 
78780.0  77618.0 
78781.0  77619.0 
78782.1  79051.14 
78783.0  77621.0 
78784.0  77622.0 
78785.0  77623.0 
78786.0  77624.0 
78787.0  77625.0 
78788.0  77626.0 
78789.0  77627.0 
78790.0  77628.0 
78791.0  77629.0 
78792.0  77630.0 
78793.0  77631.0 
78794.0  77632.0 
78795.0  77633.0 
78796.0  77634.0 
78797.0  77635.0 
78798.0  77636.0 
78799.0  77637.0 
78800.0  77638.0 
78801.0  77639.0 
78802.0  77640.0 
78803.0  77641.0 
78804.0  77642.0 
78805.0  77643.0 
78806.0  77644.0 
78807.0  77645.0 
78808.0  77646.0 
78809.0  77647.0 
78810.0  77648.0 
78811.0  77649.0 
78812.0  77650.0 
78813.0  77651.0 
78814.0  77652.0 
78815.0  77653.0 
78816.0  77654.0 
78817.0  77655.0 
78818.0  77656.0 
78819.0  77657.0 
78820.0  77658.0 
78821.0  77659.0 
78822.0  77660.0 
78823.0  77661.0 
78824.0  77662.0 
78825.0  77663.0 
78826.0  77664.0 
78827.0  77665.0 
78828.0  77666.0 
78829.0  77667.0 
78830.0  77668.0 
78832.0  77670.0 
78833.0  77671.0 
78834.0  77672.0 
78835.0  77673.0 
78836.0  77674.0 
78837.0  77675.0 
78838.0  77676.0 
78839.0  77677.0 
78840.0  77678.0 
78841.0  77679.0 
78842.0  77680.0 
78843.0  77681.0 
78844.0  77682.0 
78845.0  77683.0 
78846.0  77684.0 
78847.0  77685.0 
78848.0  77686.0 
78849.0  77687.0 
78850.0  77688.0 
78851.0  77689.0 
78852.0  77690.0 
78853.0  77691.0 
78854.0  77692.0 
78855.0  77693.0 
78856.0  77694.0 
78857.0  77695.0 
78858.0  77696.0 
78859.0  77697.0 
78860.0  77698.0 
78861.0  77699.0 
78862.0  77700.0 
78863.0  77701.0 
78864.0  77702.0 
78865.0  77703.0 
78866.0  77704.0 
78867.0  77705.0 
78868.0  77706.0 
78869.0  77707.0 
78870.0  77708.0 
78871.0  77709.0 
78872.0  77710.0 
78873.0  77711.0 
78874.0  77712.0 
78875.0  77713.0 
78876.0  77714.0 
78877.0  77715.0 
78878.0  77716.0 
78879.0  77717.0 
78880.0  77718.0 
78881.0  77719.0 
78882.0  77720.0 
78883.0  77721.0 
78884.0  77722.0 
78885.0  77723.0 
78886.0  77724.0 
78887.0  77725.0 
78888.0  77726.0 
78889.0  77727.0 
78890.0  77728.0 
78891.0  77729.0 
78892.0  77730.0 
78893.0  77731.0 
78894.0  77732.0 
78895.0  77733.0 
78896.0  77734.0 
78897.0  77735.0 
78898.0  77736.0 
78899.0  77737.0 
78900.0  77738.0 
78901.0  77739.0 
78902.0  77740.0 
78903.0  77741.0 
78904.0  77742.0 
78905.0  77743.0 
78906.0  77744.0 
78907.0  77745.0 
78908.0  77746.0 
78909.0  77747.0 
78910.0  77748.0 
78911.0  77749.0 
78912.0  77750.0 
78913.0  77751.0 
78914.0  77752.0 
78915.0  77753.0 
78916.0  77754.0 
78917.0  77755.0 
78918.0  77756.0 
78919.0  77757.0 
78920.0  77758.0 
78921.0  77759.0 
78922.0  77760.0 
78923.0  77761.0 
78924.0  77762.0 
78925.0  77763.0 
78926.0  77764.0 
78927.0  77765.0 
78928.0  77766.0 
78929.0  77767.0 
78930.0  77768.0 
78931.0  77769.0 
78932.0  77770.0 
78933.0  77771.0 
78934.0  77772.0 
78935.0  77773.0 
78936.0  77774.0 
78937.0  77775.0 
78938.0  77776.0 
78939.0  77777.0 
78940.0  77778.0 
78941.0  77779.0 
78942.0  77780.0 
78943.0  77781.0 
78944.0  77782.0 
78945.0  77783.0 
78946.0  77784.0 
78947.1  79051.12 
78948.0  77786.0 
78949.0  77787.0 
78950.0  77788.0 
78951.0  77789.0 
78952.0  77790.0 
78953.0  77791.0 
78954.0  77792.0 
78955.0  77793.0 
78956.0  77794.0 
78957.0  77795.0 
78958.0  77796.0 
78959.0  77797.0 
78960.0  77798.0 
78961.0  77799.0 
78962.32  79051.13 
78962.32  77800.32 
78963.32  79051.13 
78963.32  77801.32 
78964.0  77802.0 
78965.0  77803.0 
78966.0  77804.0 
78967.0  77805.0 
78968.0  77806.0 
78969.0  77807.0 
78970.0  77808.0 
78971.0  77809.0 
78972.0  77810.0 
78973.0  77811.0 
78974.0  77812.0 
78975.0  77813.0 
78976.0  77814.0 
78977.0  77815.0 
78978.0  77816.0 
78979.0  77817.0 
78980.0  77818.0 
78981.0  77819.0 
78982.0  77820.0 
78983.0  77821.0 
78984.0  77822.0 
78985.1  78617.1 
78985.2  78617.2 
78985.3  78617.3 
78985.4  78617.4 
78985.5  78617.8 
78985.6  78617.9 
78986.0  77824.0 
78987.0  77825.0 
78988.0  77826.0 
78989.0  77827.0 
78990.0  77828.0 
78991.0  77829.0 
78992.0  77830.0 
78993.0  77831.0 
78994.0  77832.0 
78995.0  77833.0 
78996.0  77834.0 
78997.0  77835.0 
78998.0  77836.0 
78999.0  77837.0 
79000.0  77838.0 
79001.1  79051.14 
79002.0  77840.0 
79003.64  79051.14 
79003.64  77841.64 
79003.65  78617.5 
79004.64  79051.14 
79004.64  77842.64 
79004.65  78617.7 
79005.0  77843.0 
79006.2  77844.2 
79007.0  77845.0 
79008.0  77846.0 
79009.0  77847.0 
79010.0  77848.0 
79011.0  77849.0 
79012.0  77850.0 
79013.0  77851.0 
79014.1  79052.1 
79014.2  79053.1 
79014.3  79054.1 
79015.0  77853.0 
79016.0  77854.0 
79017.0  77855.0 
79018.0  77856.0 
79019.0  77857.0 
79020.0  77858.0 
79021.0  77859.0 
79022.0  77860.0 
79023.32  77861.32 
79023.33  78617.6 
79024.0  77862.0 
79025.0  77863.0 
79026.0  77864.0 
79027.0  77865.0 
79028.73  79051.11 
79028.74  79051.13 
79028.74  77866.74 
79029.0  77867.0 
79031.1  79055.1 
79032.0  77870.0 
79033.0  77871.0 
79035.0  77873.0 
79036.0  77874.0 
79037.0  77875.0 
79038.0  77876.0 
79039.0  77877.0 
79040.0  77878.0 
79041.0  77879.0 
79042.0  77880.0 
79043.0  77881.0 
79044.0  77882.0 
79045.0  77883.0 
79046.1  79057.0 
79046.1  78600.0 
79046.1  78613.0 
79046.1  78604.0 
79046.1  78603.0 
79046.1  78609.0 
79046.1  78614.0 
79046.1  78615.0 
79046.1  79058.1 
79046.1  79059.1 
79046.1  79060.1 
79046.1  79061.1 
79046.1  79062.1 
79047.0  77885.0 
79048.1  79063.1 
79049.1  79064.1 
79050.1  79065.1 
79051.12  77916.0 
79051.13  77866.73 
79051.14  79066.1 
79051.15  77823.8 
79051.15  77455.15 
79052.1  79067.0 
79052.1  78600.0 
79052.1  79068.0 
79052.1  79069.0 
79052.1  78603.0 
79052.1  79070.0 
79052.1  78601.0 
79052.1  79071.0 
79052.1  78604.0 
79052.1  78606.0 
79052.1  79072.0 
79052.1  78609.0 
79052.1  79073.2 
79053.1  79075.0 
79053.1  78600.0 
79053.1  79068.0 
79053.1  79069.0 
79053.1  78601.0 
79053.1  78603.0 
79053.1  79070.0 
79053.1  78604.0 
79053.1  79071.0 
79053.1  78606.0 
79053.1  79076.0 
79053.1  78609.0 
79053.1  79014.1 
79054.1  79077.0 
79054.1  78600.0 
79054.1  78603.0 
79054.1  79014.2 
79055.1  79079.0 
79055.1  78600.0 
79055.1  79080.0 
79055.1  78603.0 
79055.1  78609.0 
79055.1  78615.0 
79055.1  78660.0 
79055.1  79081.4 
79055.1  79081.5 
79055.1  79081.6 
79055.1  79081.7 
79056.1  78612.0 
79056.1  78600.0 
79056.1  78603.0 
79057.0  77897.0 
79058.1  79082.1 
79059.1  79083.1 
79060.1  79084.1 
79061.1  79085.1 
79062.1  79086.1 
79063.1  79087.0 
79063.1  78600.0 
79063.1  78603.0 
79063.1  78609.0 
79064.1  79088.0 
79064.1  78600.0 
79064.1  78603.0 
79064.1  78609.0 
79065.1  79090.0 
79065.1  78600.0 
79065.1  78603.0 
79066.1  79051.11 
79067.0  77930.0 
79068.0  77931.0 
79069.0  77932.0 
79070.0  77933.0 
79071.0  77934.0 
79073.1  79091.1 
79073.2  79092.1 
79074.1  79094.0 
79074.1  78600.0 
79074.1  78613.0 
79074.1  78604.0 
79074.1  78603.0 
79074.1  78609.0 
79074.1  78614.0 
79074.1  78615.0 
79074.1  78665.0 
79074.1  78666.0 
79074.1  78667.0 
79074.1  79095.1 
79074.1  79096.1 
79074.2  79097.1 
79074.3  79098.1 
79075.0  77938.0 
79077.0  77940.0 
79078.1  79099.0 
79078.1  78600.0 
79078.1  78613.0 
79078.1  78604.0 
79078.1  78603.0 
79078.1  78609.0 
79078.1  78614.0 
79078.1  78615.0 
79079.0  77942.0 
79080.0  77943.0 
79081.1  79100.1 
79081.2  79100.2 
79081.3  79100.3 
79081.4  79100.4 
79081.5  79100.5 
79081.6  79100.6 
79081.7  79100.7 
79082.1  79088.0 
79082.1  78600.0 
79082.1  78603.0 
79082.1  78609.0 
79083.1  79087.0 
79083.1  78600.0 
79083.1  78603.0 
79083.1  78609.0 
79084.1  79101.0 
79084.1  78600.0 
79084.1  78603.0 
79084.1  78609.0 
79085.1  79101.0 
79085.1  78600.0 
79085.1  78603.0 
79085.1  78609.0 
79086.1  79101.0 
79086.1  78600.0 
79086.1  78603.0 
79086.1  78609.0 
79087.0  77950.0 
79088.0  77951.0 
79090.0  77953.0 
79091.1  79067.0 
79091.1  78600.0 
79091.1  79068.0 
79091.1  79069.0 
79091.1  78603.0 
79091.1  79070.0 
79091.1  78601.0 
79091.1  79071.0 
79091.1  78604.0 
79091.1  78606.0 
79091.1  79103.0 
79091.1  78609.0 
79091.1  79104.1 
79092.1  79075.0 
79092.1  78600.0 
79092.1  79068.0 
79092.1  79069.0 
79092.1  78601.0 
79092.1  78603.0 
79092.1  79070.0 
79092.1  78604.0 
79092.1  79071.0 
79092.1  78606.0 
79092.1  79106.0 
79092.1  78609.0 
79092.1  79073.1 
79093.1  79075.0 
79093.1  78600.0 
79093.1  79068.0 
79093.1  79069.0 
79093.1  78601.0 
79093.1  78603.0 
79093.1  79070.0 
79093.1  78604.0 
79093.1  79071.0 
79093.1  78606.0 
79093.1  79107.0 
79093.1  78609.0 
79094.0  77973.0 
79095.1  79108.0 
79096.1  79109.1 
79097.1  79110.1 
79098.1  79111.1 
79099.0  77978.0 
79100.1  79112.0 
79100.1  78600.0 
79100.1  79113.0 
79100.1  78604.0 
79100.1  78603.0 
79100.1  79114.0 
79100.1  78609.0 
79100.1  79115.0 
79100.1  79116.0 
79100.1  78614.0 
79100.1  79117.0 
79100.1  79118.0 
79100.1  79119.0 
79100.1  78615.0 
79100.1  79120.0 
79100.1  79121.0 
79100.1  79122.0 
79100.1  79123.0 
79100.1  79124.0 
79100.1  79125.0 
79100.1  79126.0 
79100.1  79127.0 
79100.1  79128.0 
79100.1  79129.0 
79100.1  79130.0 
79100.1  79131.0 
79100.1  79132.0 
79100.1  79133.0 
79100.1  79134.0 
79100.1  79135.0 
79100.1  79136.0 
79100.1  79137.0 
79100.1  79138.0 
79100.1  79139.0 
79100.1  79140.0 
79100.1  79141.0 
79100.1  79142.0 
79100.1  79143.0 
79100.1  79144.0 
79100.1  79145.0 
79100.1  79146.0 
79100.1  79147.0 
79100.1  79148.0 
79100.1  79149.0 
79100.1  79150.0 
79100.1  79151.0 
79100.1  79152.0 
79100.1  79153.0 
79100.1  79154.0 
79100.1  79155.0 
79100.1  79156.0 
79100.1  79157.0 
79100.1  79158.0 
79100.1  79159.0 
79100.1  79160.0 
79100.1  79161.0 
79100.1  79162.0 
79100.1  79163.0 
79100.1  79164.0 
79100.1  79165.0 
79100.1  79166.0 
79100.1  79167.0 
79100.1  79168.0 
79100.1  79169.0 
79100.1  79170.0 
79100.1  79171.0 
79100.1  79172.0 
79100.1  79173.0 
79100.1  79174.0 
79100.1  79175.0 
79100.1  79176.0 
79100.1  79177.0 
79100.1  79178.0 
79100.1  79179.0 
79100.1  79180.0 
79100.1  79181.0 
79100.1  79182.0 
79100.1  79183.0 
79100.1  79184.0 
79100.1  79185.0 
79100.1  79186.0 
79100.1  79187.0 
79100.1  79188.0 
79100.1  79189.0 
79100.1  79190.0 
79100.1  79191.0 
79100.2  79192.0 
79100.2  79193.0 
79100.2  79194.0 
79100.2  79195.0 
79100.2  79196.0 
79100.2  79197.0 
79100.2  79198.0 
79100.2  79199.0 
79100.2  79200.0 
79100.2  79201.0 
79100.2  79202.0 
79100.2  79203.0 
79100.2  79204.0 
79100.2  79205.0 
79100.2  79206.0 
79100.2  79207.0 
79100.2  79208.0 
79100.2  79209.0 
79100.2  79210.0 
79100.2  79211.0 
79100.2  79212.0 
79100.2  79213.0 
79100.2  79214.0 
79100.2  79215.0 
79100.2  79216.0 
79100.2  79217.0 
79100.2  79218.0 
79100.2  79219.0 
79100.2  79220.0 
79100.2  79221.0 
79100.2  79222.0 
79100.2  79223.0 
79100.2  79224.0 
79100.2  79225.0 
79100.2  79226.0 
79100.2  79227.0 
79100.2  79228.0 
79100.2  79229.0 
79100.2  79230.0 
79100.2  79231.0 
79100.2  79232.0 
79100.2  79233.0 
79100.2  79234.0 
79100.2  79235.0 
79100.2  79236.0 
79100.2  79237.0 
79100.2  79238.0 
79100.2  79239.0 
79100.2  79240.0 
79100.2  79241.0 
79100.2  79242.0 
79100.2  79243.0 
79100.2  79244.0 
79100.2  79245.0 
79100.2  79246.0 
79100.2  79247.0 
79100.2  79248.0 
79100.2  79249.0 
79100.2  79250.0 
79100.2  79251.0 
79100.2  79252.0 
79100.2  79253.0 
79100.2  79254.0 
79100.2  79255.0 
79100.2  79256.0 
79100.2  79257.0 
79100.2  79258.0 
79100.2  79259.0 
79100.2  79260.0 
79100.2  79261.0 
79100.2  79262.0 
79100.2  79263.0 
79100.2  79264.0 
79100.2  79265.0 
79100.2  79266.0 
79100.2  79267.0 
79100.2  79268.0 
79100.2  79269.0 
79100.3  79270.0 
79100.3  79271.0 
79100.3  79272.0 
79100.3  79273.0 
79100.3  79274.0 
79100.3  79275.0 
79100.3  79276.0 
79100.3  79277.0 
79100.3  79278.0 
79100.3  79279.0 
79100.3  79280.0 
79100.3  79281.0 
79100.3  79282.0 
79100.3  79283.0 
79100.3  79284.0 
79100.3  79285.0 
79100.3  79286.0 
79100.3  79287.0 
79100.3  79288.0 
79100.3  79289.0 
79100.3  79290.0 
79100.3  79291.0 
79100.3  79292.0 
79100.3  79293.0 
79100.3  79294.0 
79100.3  79295.0 
79100.3  79296.0 
79100.3  79297.0 
79100.3  79298.0 
79100.3  79299.0 
79100.3  79300.0 
79100.3  79301.0 
79100.3  79302.0 
79100.3  79303.0 
79100.3  79304.0 
79100.3  79305.0 
79100.3  79306.0 
79100.3  79307.0 
79100.3  79308.0 
79100.3  79309.0 
79100.3  79310.0 
79100.3  79311.0 
79100.3  79312.0 
79100.3  79313.0 
79100.3  79314.0 
79100.3  79315.0 
79100.3  79316.0 
79100.3  79317.0 
79100.3  79318.0 
79100.3  79319.0 
79100.3  79320.0 
79100.3  79321.0 
79100.3  79322.0 
79100.3  79323.0 
79100.3  79324.0 
79100.3  79325.0 
79100.3  79326.0 
79100.3  79327.0 
79100.3  79328.0 
79100.3  79329.0 
79100.3  79330.0 
79100.3  79331.0 
79100.3  79332.0 
79100.3  79333.0 
79100.3  79334.0 
79100.3  79335.0 
79100.3  79336.0 
79100.3  79337.0 
79100.3  79338.0 
79100.3  79339.0 
79100.3  79340.0 
79100.3  79341.0 
79100.3  79342.0 
79100.3  79343.0 
79100.3  79344.0 
79100.3  79345.0 
79100.3  79346.0 
79100.3  79347.0 
79100.3  79348.0 
79100.4  79349.0 
79100.4  79350.0 
79100.4  79351.0 
79100.4  79352.0 
79100.4  79353.0 
79100.4  79354.0 
79100.4  79355.0 
79100.4  79356.0 
79100.4  79357.0 
79100.4  79358.0 
79100.4  79359.0 
79100.4  79360.0 
79100.4  79361.0 
79100.4  79362.0 
79100.4  79363.0 
79100.4  79364.0 
79100.4  79365.0 
79100.4  79366.0 
79100.4  79367.0 
79100.4  79368.0 
79100.4  79369.0 
79100.4  79370.0 
79100.4  79371.0 
79100.4  79372.0 
79100.4  79373.0 
79100.4  79374.0 
79100.4  79375.0 
79100.4  79376.0 
79100.4  79377.0 
79100.4  79378.0 
79100.4  79379.0 
79100.4  79380.0 
79100.4  79381.0 
79100.4  79382.0 
79100.4  79383.0 
79100.4  79384.0 
79100.4  79385.0 
79100.4  79386.0 
79100.4  79387.0 
79100.5  79388.0 
79100.5  79389.0 
79100.5  79390.0 
79100.5  79391.0 
79100.5  79392.0 
79100.5  79393.0 
79100.5  79394.0 
79100.5  79395.0 
79100.5  79396.0 
79100.5  79397.0 
79100.5  79398.0 
79100.5  79399.0 
79100.5  79400.0 
79100.5  79401.0 
79100.5  79402.0 
79100.5  79403.0 
79100.5  79404.0 
79100.5  79405.0 
79100.5  79406.0 
79100.5  79407.0 
79100.5  79408.0 
79100.5  79409.0 
79100.5  79410.0 
79100.5  79411.0 
79100.5  79412.0 
79100.5  79413.0 
79100.5  79414.0 
79100.5  79415.0 
79100.5  79416.0 
79100.5  79417.0 
79100.5  79418.0 
79100.5  79419.0 
79100.5  79420.0 
79100.5  79421.0 
79100.5  79422.0 
79100.5  79423.0 
79100.5  79424.0 
79100.5  79425.0 
79100.5  79426.0 
79100.5  79427.0 
79100.5  79428.0 
79100.5  79429.0 
79100.5  79430.0 
79100.5  79431.0 
79100.5  79432.0 
79100.5  79433.0 
79100.5  79434.0 
79100.5  79435.0 
79100.6  79436.0 
79100.6  79437.0 
79100.6  79438.0 
79100.6  79439.0 
79100.6  79440.0 
79100.6  79441.0 
79100.6  79442.0 
79100.6  79443.0 
79100.6  79444.0 
79100.6  79445.0 
79100.6  79446.0 
79100.6  79447.0 
79100.6  79448.0 
79100.6  79449.0 
79100.6  79450.0 
79100.6  79451.0 
79100.6  79452.0 
79100.6  79453.0 
79100.6  79454.0 
79100.6  79455.0 
79100.6  79456.0 
79100.6  79457.0 
79100.6  79458.0 
79100.6  79459.0 
79100.6  79460.0 
79100.6  79461.0 
79100.6  79462.0 
79100.7  79463.0 
79100.7  79464.0 
79100.7  79465.0 
79100.7  79466.0 
79100.7  79467.0 
79100.7  79468.0 
79100.7  79469.0 
79100.7  79470.0 
79100.7  79471.0 
79100.7  79472.0 
79100.7  79473.0 
79100.7  79474.0 
79100.7  79475.0 
79100.7  79476.0 
79100.7  79477.0 
79100.7  79478.0 
79100.7  79479.0 
79100.7  79480.0 
79100.7  79481.0 
79100.7  79482.0 
79100.7  79483.0 
79100.7  79484.0 
79100.7  79485.0 
79100.7  79486.0 
79100.7  79487.0 
79100.7  79488.0 
79100.7  79489.0 
79100.7  79490.0 
79100.7  79491.0 
79100.7  79492.0 
79100.7  79493.0 
79100.7  79494.0 
79100.7  79495.0 
79100.7  79496.0 
79100.7  79497.0 
79100.7  79498.0 
79100.7  79499.0 
79100.7  79500.0 
79100.7  79501.0 
79100.7  79502.0 
79100.7  79503.0 
79101.0  77980.0 
79102.1  78443.0 
79102.1  77438.0 
79102.1  77451.0 
79102.1  77442.0 
79102.1  77441.0 
79102.1  77447.0 
79102.1  77452.0 
79102.1  77453.0 
79102.1  77503.0 
79102.1  77504.0 
79102.1  77505.0 
79102.1  79505.1 
79102.1  79506.1 
79102.1  77498.0 
79102.1  77510.0 
79102.1  79507.1 
79104.1  79508.1 
79105.1  77449.1 
79109.1  79510.0 
79109.1  78600.0 
79109.1  78603.0 
79109.1  78609.0 
79109.1  78615.0 
79109.1  79511.1 
79110.1  79510.0 
79110.1  78600.0 
79110.1  78603.0 
79110.1  78609.0 
79110.1  78615.0 
79110.1  79513.1 
79111.1  79510.0 
79111.1  78600.0 
79111.1  78603.0 
79111.1  78609.0 
79111.1  78615.0 
79111.1  79515.1 
79112.0  78022.0 
79113.0  78023.0 
79114.0  78024.0 
79116.0  78026.0 
79117.0  78027.0 
79118.0  78028.0 
79119.0  78029.0 
79120.0  78030.0 
79121.0  78031.0 
79122.0  78032.0 
79123.0  78033.0 
79124.0  78034.0 
79125.0  78035.0 
79126.0  78036.0 
79127.0  78037.0 
79128.0  78038.0 
79129.0  78039.0 
79130.0  78040.0 
79131.0  78041.0 
79132.0  78042.0 
79133.0  78043.0 
79134.0  78044.0 
79135.0  78045.0 
79136.0  78046.0 
79137.0  78047.0 
79138.0  78048.0 
79139.0  78049.0 
79140.0  78050.0 
79141.0  78051.0 
79142.0  78052.0 
79143.0  78053.0 
79144.0  78054.0 
79145.0  78055.0 
79146.0  78056.0 
79147.0  78057.0 
79148.0  78058.0 
79149.0  78059.0 
79150.0  78060.0 
79151.0  78061.0 
79152.0  78062.0 
79153.0  78063.0 
79154.0  78064.0 
79155.0  78065.0 
79156.0  78066.0 
79157.0  78067.0 
79158.0  78068.0 
79159.0  78069.0 
79160.0  78070.0 
79161.0  78071.0 
79162.0  78072.0 
79163.0  78073.0 
79164.0  78074.0 
79165.0  78075.0 
79166.0  78076.0 
79167.0  78077.0 
79168.0  78078.0 
79169.0  78079.0 
79170.0  78080.0 
79171.0  78081.0 
79172.0  78082.0 
79173.0  78083.0 
79174.0  78084.0 
79175.0  78085.0 
79176.0  78086.0 
79177.0  78087.0 
79178.0  78088.0 
79179.0  78089.0 
79180.0  78090.0 
79181.0  78091.0 
79182.0  78092.0 
79183.0  78093.0 
79184.0  78094.0 
79185.0  78095.0 
79186.0  78096.0 
79187.0  78097.0 
79188.0  78098.0 
79189.0  78099.0 
79190.0  78100.0 
79191.0  78101.0 
79192.0  78102.0 
79193.0  78103.0 
79194.0  78104.0 
79195.0  78105.0 
79196.0  78106.0 
79197.0  78107.0 
79198.0  78108.0 
79199.0  78109.0 
79200.0  78110.0 
79201.0  78111.0 
79202.0  78112.0 
79203.0  78113.0 
79204.0  78114.0 
79205.0  78115.0 
79206.0  78116.0 
79207.0  78117.0 
79208.0  78118.0 
79209.0  78119.0 
79210.0  78120.0 
79211.0  78121.0 
79212.0  78122.0 
79213.0  78123.0 
79214.0  78124.0 
79215.0  78125.0 
79216.0  78126.0 
79217.0  78127.0 
79218.0  78128.0 
79219.0  78129.0 
79220.0  78130.0 
79221.0  78131.0 
79222.0  78132.0 
79223.0  78133.0 
79224.0  78134.0 
79225.0  78135.0 
79226.0  78136.0 
79227.0  78137.0 
79228.0  78138.0 
79229.0  78139.0 
79230.0  78140.0 
79231.0  78141.0 
79232.0  78142.0 
79233.0  78143.0 
79234.0  78144.0 
79235.0  78145.0 
79236.0  78146.0 
79237.0  78147.0 
79238.0  78148.0 
79239.0  78149.0 
79240.0  78150.0 
79241.0  78151.0 
79242.0  78152.0 
79243.0  78153.0 
79244.0  78154.0 
79245.0  78155.0 
79246.0  78156.0 
79247.0  78157.0 
79248.0  78158.0 
79249.0  78159.0 
79250.0  78160.0 
79251.0  78161.0 
79252.0  78162.0 
79253.0  78163.0 
79254.0  78164.0 
79255.0  78165.0 
79256.0  78166.0 
79257.0  78167.0 
79258.0  78168.0 
79259.0  78169.0 
79260.0  78170.0 
79261.0  78171.0 
79262.0  78172.0 
79263.0  78173.0 
79264.0  78174.0 
79265.0  78175.0 
79266.0  78176.0 
79267.0  78177.0 
79268.0  78178.0 
79269.0  78179.0 
79270.0  78180.0 
79271.0  78181.0 
79272.0  78182.0 
79273.0  78183.0 
79274.0  78184.0 
79275.0  78185.0 
79276.0  78186.0 
79277.0  78187.0 
79278.0  78188.0 
79279.0  78189.0 
79280.0  78190.0 
79281.0  78191.0 
79282.0  78192.0 
79283.0  78193.0 
79284.0  78194.0 
79285.0  78195.0 
79286.0  78196.0 
79287.0  78197.0 
79288.0  78198.0 
79289.0  78199.0 
79290.0  78200.0 
79291.0  78201.0 
79292.0  78202.0 
79293.0  78203.0 
79294.0  78204.0 
79295.0  78205.0 
79296.0  78206.0 
79297.0  78207.0 
79298.0  78208.0 
79299.0  78209.0 
79300.0  78210.0 
79301.0  78211.0 
79302.0  78212.0 
79303.0  78213.0 
79304.0  78214.0 
79305.0  78215.0 
79306.0  78216.0 
79307.0  78217.0 
79308.0  78218.0 
79309.0  78219.0 
79310.0  78220.0 
79311.0  78221.0 
79312.0  78222.0 
79313.0  78223.0 
79314.0  78224.0 
79315.0  78225.0 
79316.0  78226.0 
79317.0  78227.0 
79319.0  78229.0 
79320.0  78230.0 
79321.0  78231.0 
79322.0  78232.0 
79323.0  78233.0 
79324.0  78234.0 
79325.0  78235.0 
79326.0  78236.0 
79327.0  78237.0 
79328.0  78238.0 
79329.0  78239.0 
79330.0  78240.0 
79331.0  78241.0 
79332.0  78242.0 
79333.0  78243.0 
79334.0  78244.0 
79335.0  78245.0 
79336.0  78246.0 
79337.0  78247.0 
79338.0  78248.0 
79339.0  78249.0 
79340.0  78250.0 
79341.0  78251.0 
79342.0  78252.0 
79343.0  78253.0 
79344.0  78254.0 
79345.0  78255.0 
79346.0  78256.0 
79347.0  78257.0 
79348.0  78258.0 
79349.0  78259.0 
79350.0  78260.0 
79351.0  78261.0 
79352.0  78262.0 
79353.0  78263.0 
79354.0  78264.0 
79355.0  78265.0 
79356.0  78266.0 
79357.0  78267.0 
79358.0  78268.0 
79359.0  78269.0 
79360.0  78270.0 
79361.0  78271.0 
79362.0  78272.0 
79363.0  78273.0 
79364.0  78274.0 
79365.0  78275.0 
79366.0  78276.0 
79367.0  78277.0 
79368.0  78278.0 
79369.0  78279.0 
79370.0  78280.0 
79371.0  78281.0 
79372.0  78282.0 
79373.0  78283.0 
79374.0  78284.0 
79375.0  78285.0 
79376.0  78286.0 
79377.0  78287.0 
79378.0  78288.0 
79379.0  78289.0 
79380.0  78290.0 
79381.0  78291.0 
79382.0  78292.0 
79383.0  78293.0 
79384.0  78294.0 
79385.0  78295.0 
79386.0  78296.0 
79387.0  78297.0 
79388.0  78298.0 
79389.0  78299.0 
79390.0  78300.0 
79391.0  78301.0 
79392.0  78302.0 
79393.0  78303.0 
79394.0  78304.0 
79395.0  78305.0 
79396.0  78306.0 
79397.0  78307.0 
79398.0  78308.0 
79399.0  78309.0 
79400.0  78310.0 
79401.0  78311.0 
79402.0  78312.0 
79403.0  78313.0 
79404.0  78314.0 
79405.0  78315.0 
79406.0  78316.0 
79407.0  78317.0 
79408.0  78318.0 
79409.0  78319.0 
79410.0  78320.0 
79411.0  78321.0 
79412.0  78322.0 
79413.0  78323.0 
79414.0  78324.0 
79415.0  78325.0 
79416.0  78326.0 
79417.0  78327.0 
79418.0  78328.0 
79419.0  78329.0 
79420.0  78330.0 
79421.0  78331.0 
79422.0  78332.0 
79423.0  78333.0 
79424.0  78334.0 
79425.0  78335.0 
79426.0  78336.0 
79427.0  78337.0 
79428.0  78338.0 
79429.0  78339.0 
79430.0  78340.0 
79431.0  78341.0 
79432.0  78342.0 
79433.0  78343.0 
79434.0  78344.0 
79435.0  78345.0 
79436.0  78346.0 
79437.0  78347.0 
79438.0  78348.0 
79439.0  78349.0 
79440.0  78350.0 
79441.0  78351.0 
79442.0  78352.0 
79443.0  78353.0 
79444.0  78354.0 
79445.0  78355.0 
79446.0  78356.0 
79447.0  78357.0 
79448.0  78358.0 
79449.0  78359.0 
79450.0  78360.0 
79451.0  78361.0 
79452.0  78362.0 
79453.0  78363.0 
79454.0  78364.0 
79455.0  78365.0 
79456.0  78366.0 
79457.0  78367.0 
79458.0  78368.0 
79459.0  78369.0 
79460.0  78370.0 
79461.0  78371.0 
79462.0  78372.0 
79463.0  78373.0 
79464.0  78374.0 
79465.0  78375.0 
79466.0  78376.0 
79467.0  78377.0 
79468.0  78378.0 
79469.0  78379.0 
79470.0  78380.0 
79471.0  78381.0 
79472.0  78382.0 
79473.0  78383.0 
79474.0  78384.0 
79504.1  77930.0 
79504.1  77438.0 
79504.1  77931.0 
79504.1  77932.0 
79504.1  77441.0 
79504.1  77933.0 
79504.1  77439.0 
79504.1  77934.0 
79504.1  77442.0 
79504.1  77444.0 
79504.1  79516.0 
79504.1  77447.0 
79504.1  77852.3 
79505.1  79517.1 
79506.1  79518.1 
79507.1  79519.1 
79508.1  78540.0 
79508.1  77438.0 
79508.1  77441.0 
79508.1  79520.3 
79510.0  78449.0 
79511.1  79521.0 
79513.1  79522.0 
79515.1  79523.0 
79517.1  78449.0 
79517.1  77438.0 
79517.1  77441.0 
79517.1  77447.0 
79517.1  77453.0 
79517.1  79525.1 
79518.1  78568.0 
79518.1  77438.0 
79518.1  77441.0 
79518.1  77447.0 
79518.1  78569.41 
79519.1  78568.0 
79519.1  77438.0 
79519.1  77441.0 
79519.1  77447.0 
79519.1  78570.41 
79520.3  77852.3 
79525.1  79526.0 
78617.11  78985.6 
78597.0  78598.0 
78598.0  78611.0 
78617.0  78618.0 
78618.0  79046.0 
79046.0  79056.0 
79052.0  78611.0 
79053.0  79074.0 
79054.0  79074.0 
79055.0  79078.0 
79056.0  78611.0 
79063.0  78618.0 
79064.0  78618.0 
79065.0  79089.0 
79074.0  79093.0 
79078.0  78617.0 
79082.0  79046.0 
79083.0  79046.0 
79084.0  79046.0 
79085.0  79046.0 
79086.0  79046.0 
79089.0  78618.0 
79091.0  79102.0 
79092.0  79105.0 
79093.0  78611.0 
79100.0  79078.0 
79102.0  79504.0 
79108.0  79074.0 
79109.0  79509.0 
79110.0  79512.0 
79111.0  79514.0 
79504.0  79105.0 
79508.0  79102.0 
79509.0  79074.0 
79512.0  79074.0 
79514.0  79074.0 
79517.0  79524.0 
79518.0  79102.0 
79519.0  79102.0 
79521.0  79509.0 
79522.0  79512.0 
79523.0  79514.0 
79524.0  79102.0 
79526.0  79524.0 
78616.1  78617.10 
79527.1  78617.11 
79528.1  78617.11 
78616.2  78617.11 
