53743.1  53745.0 
53743.1  53746.0 
53743.1  53747.0 
53743.1  53748.0 
53743.1  53749.0 
53743.1  53750.0 
53743.1  53751.0 
53743.1  53752.0 
53743.1  53753.0 
53743.1  53754.0 
53743.1  53755.0 
53743.1  53756.0 
53744.1  53758.0 
53744.1  53746.0 
53744.1  53749.0 
53745.0  53717.0 
53746.0  53718.0 
53747.0  53719.0 
53748.0  53720.0 
53749.0  53721.0 
53750.0  53722.0 
53751.0  53723.0 
53752.0  53724.0 
53755.0  53727.0 
53756.0  53024.0 
53757.1  53746.0 
53757.1  53759.0 
53757.1  53750.0 
53757.1  53749.0 
53757.1  53755.0 
53757.1  53760.0 
53757.1  53761.0 
53758.0  53730.0 
53759.0  53731.0 
53760.0  53732.0 
53761.0  53733.0 
53742.1  53743.1 
53763.1  53745.0 
53763.1  53746.0 
53763.1  53747.0 
53763.1  53748.0 
53763.1  53749.0 
53763.1  53750.0 
53763.1  53751.0 
53763.1  53752.0 
53763.1  53765.0 
53763.1  53766.0 
53763.1  53755.0 
53763.1  53767.0 
53764.1  53758.0 
53764.1  53746.0 
53764.1  53749.0 
53767.0  53494.0 
53762.1  53763.1 
53769.5  53741.5 
53743.0  53744.0 
53744.0  53757.0 
53763.0  53764.0 
53764.0  53757.0 
53768.1  53769.5 
