63078.1  63080.0 
63078.1  63081.0 
63078.1  63082.0 
63078.1  63083.0 
63078.1  63084.0 
63078.1  63085.0 
63078.1  63086.0 
63078.1  63087.0 
63078.1  63088.0 
63078.1  63089.0 
63078.1  63090.0 
63078.1  63091.0 
63079.1  63093.0 
63079.1  63081.0 
63079.1  63084.0 
63080.0  61918.0 
63081.0  61919.0 
63082.0  61920.0 
63083.0  61921.0 
63084.0  61922.0 
63085.0  61923.0 
63086.0  61924.0 
63087.0  61925.0 
63090.0  61928.0 
63092.1  63081.0 
63092.1  63094.0 
63092.1  63085.0 
63092.1  63084.0 
63092.1  63090.0 
63092.1  63095.0 
63092.1  63096.0 
63093.0  61931.0 
63094.0  61932.0 
63095.0  61933.0 
63096.0  61934.0 
63077.1  63078.1 
63098.1  63100.0 
63098.1  63101.0 
63098.1  63102.0 
63098.1  63103.0 
63098.1  63081.0 
63098.1  63104.0 
63098.1  63105.0 
63098.1  63106.0 
63098.1  63107.0 
63098.1  63085.0 
63098.1  63108.0 
63098.1  63109.0 
63098.1  63110.0 
63098.1  63111.0 
63098.1  63112.0 
63098.1  63113.0 
63098.1  63114.0 
63098.1  63115.0 
63098.1  63116.0 
63098.1  63117.0 
63098.1  63118.0 
63098.1  63119.0 
63098.1  63120.0 
63098.1  63121.0 
63098.1  63122.0 
63098.1  63084.0 
63098.1  63123.0 
63098.1  63124.0 
63098.1  63125.0 
63098.1  63126.0 
63098.1  63127.0 
63098.1  63128.0 
63098.1  63129.0 
63098.1  63130.0 
63098.1  63131.0 
63098.1  63132.0 
63098.1  63133.0 
63098.1  63134.0 
63098.1  63135.0 
63098.1  63136.0 
63098.1  63137.0 
63098.1  63138.0 
63098.1  63139.0 
63098.1  63140.0 
63098.1  63141.0 
63098.1  63090.0 
63098.1  63142.0 
63098.1  63143.0 
63098.1  63144.0 
63098.1  63145.0 
63098.1  63096.0 
63098.1  63146.0 
63098.1  63147.0 
63098.1  63148.0 
63098.1  63149.0 
63098.1  63150.0 
63098.1  63151.0 
63098.1  63152.0 
63098.1  63153.0 
63098.1  63154.0 
63098.1  63155.0 
63098.1  63156.0 
63098.1  63157.0 
63098.1  63158.0 
63098.1  63159.0 
63098.1  63160.0 
63098.1  63161.0 
63098.1  63162.0 
63098.1  63163.0 
63098.1  63164.0 
63098.1  63165.0 
63098.1  63166.0 
63098.1  63167.0 
63098.1  63168.0 
63098.1  63169.0 
63098.1  63170.0 
63098.1  63171.0 
63098.1  63172.0 
63098.1  63173.0 
63098.1  63174.0 
63098.1  63175.0 
63098.1  63176.0 
63098.1  63177.0 
63098.1  63178.0 
63098.1  63179.0 
63098.1  63180.0 
63098.1  63181.0 
63098.1  63182.0 
63098.1  63183.0 
63098.1  63184.0 
63098.1  63185.0 
63098.1  63186.0 
63098.1  63187.0 
63098.1  63188.0 
63098.1  63189.0 
63098.1  63190.0 
63098.1  63191.0 
63098.1  63192.0 
63098.1  63193.0 
63098.1  63194.0 
63098.1  63195.0 
63098.1  63196.0 
63098.1  63197.0 
63098.1  63198.0 
63098.1  63199.0 
63098.1  63200.0 
63098.1  63201.0 
63098.1  63202.0 
63098.1  63203.0 
63098.1  63204.0 
63098.1  63205.0 
63098.1  63206.0 
63098.1  63207.0 
63098.1  63208.0 
63098.1  63209.0 
63098.1  63210.0 
63098.1  63211.0 
63098.1  63212.0 
63098.1  63213.0 
63098.1  63214.0 
63098.1  63215.0 
63098.1  63216.0 
63098.1  63217.0 
63098.1  63218.0 
63098.1  63219.0 
63098.1  63220.0 
63098.1  63221.0 
63098.1  63222.0 
63098.1  63223.0 
63098.1  63224.0 
63098.1  63225.0 
63098.1  63226.0 
63098.1  63227.0 
63098.1  63228.0 
63098.1  63229.0 
63098.1  63230.0 
63098.1  63231.0 
63098.1  63232.0 
63098.1  63233.0 
63098.1  63234.0 
63098.1  63235.0 
63098.1  63236.0 
63098.1  63237.0 
63098.1  63238.0 
63098.1  63239.0 
63098.1  63240.0 
63098.1  63241.0 
63098.1  63242.0 
63098.1  63243.0 
63098.1  63244.0 
63098.1  63245.0 
63098.1  63246.0 
63098.1  63247.0 
63098.1  63248.0 
63098.1  63249.0 
63098.1  63250.0 
63098.1  63251.0 
63098.1  63252.0 
63098.1  63253.0 
63098.1  63254.0 
63098.1  63255.0 
63098.1  63256.0 
63098.1  63257.0 
63098.1  63258.0 
63098.1  63259.0 
63098.1  63095.0 
63098.1  63260.0 
63098.1  63261.0 
63098.1  63262.0 
63098.1  63263.1 
63098.1  63264.0 
63098.1  63265.0 
63098.1  63266.0 
63098.1  63267.0 
63098.1  63268.0 
63098.1  63269.0 
63098.2  63270.0 
63098.2  63271.0 
63098.2  63272.0 
63098.2  63273.0 
63098.2  63274.0 
63098.2  63275.0 
63098.2  63276.0 
63098.2  63277.0 
63098.2  63278.0 
63098.2  63279.0 
63098.2  63280.0 
63098.2  63281.0 
63098.2  63282.0 
63098.2  63283.0 
63098.2  63284.0 
63098.2  63285.0 
63098.2  63286.0 
63098.2  63287.0 
63098.2  63288.0 
63098.2  63289.0 
63098.2  63290.0 
63098.2  63291.0 
63098.2  63292.0 
63098.2  63293.0 
63098.2  63294.0 
63098.2  63295.0 
63098.2  63296.0 
63098.2  63297.0 
63098.2  63298.0 
63098.2  63299.0 
63098.2  63300.0 
63098.2  63082.0 
63098.2  63301.0 
63098.2  63302.0 
63098.2  63303.0 
63098.2  63304.0 
63098.2  63305.0 
63098.2  63306.0 
63098.2  63307.0 
63098.2  63308.0 
63098.2  63309.0 
63098.2  63310.0 
63098.2  63311.0 
63098.2  63087.0 
63098.2  63312.0 
63098.2  63313.0 
63098.2  63314.0 
63098.2  63315.0 
63098.2  63316.0 
63098.2  63317.0 
63098.2  63318.0 
63098.2  63319.0 
63098.2  63320.0 
63098.2  63321.0 
63098.2  63322.0 
63098.2  63323.0 
63098.2  63324.0 
63098.2  63325.0 
63098.2  63326.0 
63098.2  63327.0 
63098.2  63328.0 
63098.2  63329.0 
63098.2  63330.0 
63098.2  63331.0 
63098.2  63332.0 
63098.2  63333.0 
63098.2  63334.0 
63098.2  63335.0 
63098.2  63336.0 
63098.2  63337.0 
63098.2  63338.0 
63098.2  63339.0 
63098.2  63340.0 
63098.2  63341.0 
63098.2  63342.0 
63098.2  63343.0 
63098.2  63344.0 
63098.2  63345.0 
63098.2  63346.0 
63098.2  63347.0 
63098.2  63348.0 
63098.2  63349.0 
63098.2  63350.0 
63098.2  63351.0 
63098.2  63352.0 
63098.2  63353.0 
63098.2  63354.0 
63098.2  63355.0 
63098.2  63356.0 
63098.2  63357.0 
63098.2  63358.0 
63098.2  63359.0 
63098.2  63360.0 
63098.2  63361.0 
63098.2  63362.0 
63098.2  63363.0 
63098.2  63364.0 
63098.2  63365.0 
63098.2  63366.0 
63098.2  63367.0 
63098.2  63368.0 
63098.2  63369.0 
63098.2  63370.0 
63098.2  63371.0 
63098.2  63372.0 
63098.2  63373.0 
63098.2  63374.0 
63098.2  63375.0 
63098.2  63376.0 
63098.2  63377.0 
63098.2  63378.0 
63098.2  63379.0 
63098.2  63380.0 
63098.2  63381.0 
63098.2  63382.0 
63098.2  63383.0 
63098.2  63384.0 
63098.2  63385.0 
63098.2  63386.0 
63098.2  63387.0 
63098.2  63388.0 
63098.2  63389.0 
63098.2  63390.0 
63098.2  63391.0 
63098.2  63392.0 
63098.2  63393.0 
63098.2  63394.0 
63098.2  63395.0 
63098.2  63396.0 
63098.2  63397.0 
63098.2  63398.0 
63098.2  63399.0 
63098.2  63400.0 
63098.2  63401.0 
63098.2  63402.0 
63098.2  63403.0 
63098.2  63404.0 
63098.2  63405.0 
63098.2  63406.0 
63098.2  63407.0 
63098.2  63408.0 
63098.2  63409.0 
63098.2  63410.0 
63098.2  63411.0 
63098.2  63412.0 
63098.2  63413.0 
63098.2  63414.0 
63098.2  63415.0 
63098.2  63416.0 
63098.2  63417.0 
63098.2  63418.0 
63098.2  63419.0 
63098.2  63420.0 
63098.2  63421.0 
63098.2  63422.0 
63098.2  63423.0 
63098.2  63424.0 
63098.2  63425.0 
63098.2  63426.0 
63098.2  63427.0 
63098.2  63428.1 
63098.2  63429.0 
63098.2  63430.0 
63098.2  63431.0 
63098.2  63432.0 
63098.2  63433.0 
63098.2  63434.0 
63098.2  63435.0 
63098.2  63436.0 
63098.2  63437.0 
63098.2  63438.0 
63098.2  63439.0 
63098.2  63440.0 
63098.2  63441.0 
63098.2  63442.0 
63098.2  63443.12 
63098.2  63444.12 
63098.2  63445.0 
63098.2  63446.0 
63098.2  63447.0 
63098.2  63448.0 
63098.2  63449.0 
63098.2  63450.0 
63098.2  63451.0 
63098.2  63452.0 
63098.2  63453.0 
63098.2  63454.0 
63098.2  63455.0 
63098.2  63456.0 
63098.2  63457.0 
63098.3  63458.0 
63098.3  63459.0 
63098.3  63460.0 
63098.3  63461.0 
63098.3  63462.0 
63098.3  63463.0 
63098.3  63464.0 
63098.3  63465.0 
63098.3  63466.2 
63098.3  63467.0 
63098.3  63468.0 
63098.3  63469.0 
63098.3  63470.0 
63098.3  63471.0 
63098.3  63472.0 
63098.4  63473.0 
63098.4  63474.0 
63098.4  63475.0 
63098.4  63476.0 
63098.4  63077.1 
63098.5  63477.0 
63098.5  63478.0 
63098.5  63479.0 
63098.5  63480.0 
63098.5  63481.0 
63098.5  63482.1 
63098.5  63483.0 
63098.5  63484.24 
63098.5  63485.24 
63098.5  63486.0 
63098.5  63487.2 
63098.6  63488.0 
63098.6  63489.0 
63098.6  63490.0 
63098.6  63491.0 
63098.6  63492.0 
63098.6  63493.0 
63098.6  63086.0 
63098.6  63083.0 
63098.6  63494.0 
63098.6  63495.3 
63098.6  63496.0 
63098.6  63497.0 
63098.6  63498.0 
63098.6  63499.0 
63098.6  63500.0 
63098.6  63501.0 
63098.6  63502.0 
63098.6  63503.0 
63098.6  63504.12 
63098.6  63505.0 
63098.6  63506.0 
63098.7  63507.0 
63098.7  63508.0 
63098.7  63509.28 
63098.7  63510.0 
63098.7  63511.0 
63098.7  63512.1 
63098.7  63513.0 
63098.7  63514.0 
63098.7  63515.0 
63098.7  63516.0 
63098.7  63517.0 
63098.8  63518.0 
63098.8  63519.0 
63098.8  63520.0 
63098.8  63521.0 
63098.8  63522.0 
63098.9  63523.0 
63098.9  63524.0 
63098.9  63525.0 
63098.9  63466.5 
63098.10  63526.0 
63099.1  63528.0 
63099.1  63081.0 
63099.1  63094.0 
63099.1  63085.0 
63099.1  63084.0 
63099.1  63090.0 
63099.1  63095.0 
63099.1  63096.0 
63099.1  63529.1 
63099.1  63530.1 
63099.1  63531.1 
63100.0  61938.0 
63101.0  61939.0 
63102.0  61940.0 
63103.0  61941.0 
63104.0  61942.0 
63105.0  61943.0 
63106.0  61944.0 
63107.0  61945.0 
63108.0  61946.0 
63109.0  61947.0 
63110.0  61948.0 
63111.0  61949.0 
63112.0  61950.0 
63113.0  61951.0 
63114.0  61952.0 
63115.0  61953.0 
63116.0  61954.0 
63117.0  61955.0 
63118.0  61956.0 
63119.0  61957.0 
63120.0  61958.0 
63121.0  61959.0 
63122.0  61960.0 
63123.0  61961.0 
63124.0  61962.0 
63125.0  61963.0 
63126.0  61964.0 
63127.0  61965.0 
63128.0  61966.0 
63129.0  61967.0 
63130.0  61968.0 
63131.0  61969.0 
63132.0  61970.0 
63133.0  61971.0 
63134.0  61972.0 
63135.0  61973.0 
63136.0  61974.0 
63137.0  61975.0 
63138.0  61976.0 
63139.0  61977.0 
63140.0  61978.0 
63141.0  61979.0 
63142.0  61980.0 
63143.0  61981.0 
63144.0  61982.0 
63145.0  61983.0 
63146.0  61984.0 
63147.0  61985.0 
63148.0  61986.0 
63149.0  61987.0 
63150.0  61988.0 
63151.0  61989.0 
63152.0  61990.0 
63153.0  61991.0 
63154.0  61992.0 
63155.0  61993.0 
63156.0  61994.0 
63157.0  61995.0 
63158.0  61996.0 
63159.0  61997.0 
63160.0  61998.0 
63161.0  61999.0 
63162.0  62000.0 
63163.0  62001.0 
63164.0  62002.0 
63165.0  62003.0 
63166.0  62004.0 
63167.0  62005.0 
63168.0  62006.0 
63169.0  62007.0 
63170.0  62008.0 
63171.0  62009.0 
63172.0  62010.0 
63173.0  62011.0 
63174.0  62012.0 
63175.0  62013.0 
63176.0  62014.0 
63177.0  62015.0 
63178.0  62016.0 
63179.0  62017.0 
63180.0  62018.0 
63181.0  62019.0 
63182.0  62020.0 
63183.0  62021.0 
63184.0  62022.0 
63185.0  62023.0 
63186.0  62024.0 
63187.0  62025.0 
63188.0  62026.0 
63189.0  62027.0 
63190.0  62028.0 
63191.0  62029.0 
63192.0  62030.0 
63193.0  62031.0 
63194.0  62032.0 
63195.0  62033.0 
63196.0  62034.0 
63197.0  62035.0 
63198.0  62036.0 
63199.0  62037.0 
63200.0  62038.0 
63201.0  62039.0 
63202.0  62040.0 
63203.0  62041.0 
63204.0  62042.0 
63205.0  62043.0 
63206.0  62044.0 
63207.0  62045.0 
63208.0  62046.0 
63209.0  62047.0 
63210.0  62048.0 
63211.0  62049.0 
63212.0  62050.0 
63213.0  62051.0 
63214.0  62052.0 
63215.0  62053.0 
63216.0  62054.0 
63217.0  62055.0 
63218.0  62056.0 
63219.0  62057.0 
63220.0  62058.0 
63221.0  62059.0 
63222.0  62060.0 
63223.0  62061.0 
63224.0  62062.0 
63225.0  62063.0 
63226.0  62064.0 
63227.0  62065.0 
63228.0  62066.0 
63229.0  62067.0 
63230.0  62068.0 
63231.0  62069.0 
63232.0  62070.0 
63233.0  62071.0 
63234.0  62072.0 
63235.0  62073.0 
63236.0  62074.0 
63237.0  62075.0 
63238.0  62076.0 
63239.0  62077.0 
63240.0  62078.0 
63241.0  62079.0 
63242.0  62080.0 
63243.0  62081.0 
63244.0  62082.0 
63245.0  62083.0 
63246.0  62084.0 
63247.0  62085.0 
63248.0  62086.0 
63249.0  62087.0 
63250.0  62088.0 
63251.0  62089.0 
63252.0  62090.0 
63253.0  62091.0 
63254.0  62092.0 
63255.0  62093.0 
63256.0  62094.0 
63257.0  62095.0 
63258.0  62096.0 
63259.0  62097.0 
63260.0  62098.0 
63261.0  62099.0 
63262.0  62100.0 
63263.1  63532.13 
63264.0  62102.0 
63265.0  62103.0 
63266.0  62104.0 
63267.0  62105.0 
63268.0  62106.0 
63269.0  62107.0 
63270.0  62108.0 
63271.0  62109.0 
63272.0  62110.0 
63273.0  62111.0 
63274.0  62112.0 
63275.0  62113.0 
63276.0  62114.0 
63277.0  62115.0 
63278.0  62116.0 
63279.0  62117.0 
63280.0  62118.0 
63281.0  62119.0 
63282.0  62120.0 
63283.0  62121.0 
63284.0  62122.0 
63285.0  62123.0 
63286.0  62124.0 
63287.0  62125.0 
63288.0  62126.0 
63289.0  62127.0 
63290.0  62128.0 
63291.0  62129.0 
63292.0  62130.0 
63293.0  62131.0 
63294.0  62132.0 
63295.0  62133.0 
63296.0  62134.0 
63297.0  62135.0 
63298.0  62136.0 
63299.0  62137.0 
63300.0  62138.0 
63301.0  62139.0 
63302.0  62140.0 
63303.0  62141.0 
63304.0  62142.0 
63305.0  62143.0 
63306.0  62144.0 
63307.0  62145.0 
63308.0  62146.0 
63309.0  62147.0 
63310.0  62148.0 
63311.0  62149.0 
63313.0  62151.0 
63314.0  62152.0 
63315.0  62153.0 
63316.0  62154.0 
63317.0  62155.0 
63318.0  62156.0 
63319.0  62157.0 
63320.0  62158.0 
63321.0  62159.0 
63322.0  62160.0 
63323.0  62161.0 
63324.0  62163.0 
63325.0  62162.0 
63326.0  62164.0 
63327.0  62165.0 
63328.0  62166.0 
63329.0  62167.0 
63330.0  62168.0 
63331.0  62169.0 
63332.0  62170.0 
63333.0  62171.0 
63334.0  62172.0 
63335.0  62173.0 
63336.0  62174.0 
63337.0  62175.0 
63338.0  62176.0 
63339.0  62177.0 
63340.0  62178.0 
63341.0  62179.0 
63342.0  62180.0 
63343.0  62181.0 
63344.0  62182.0 
63345.0  62183.0 
63346.0  62184.0 
63347.0  62185.0 
63348.0  62186.0 
63349.0  62187.0 
63350.0  62188.0 
63351.0  62189.0 
63352.0  62190.0 
63353.0  62191.0 
63354.0  62192.0 
63355.0  62193.0 
63356.0  62194.0 
63357.0  62195.0 
63358.0  62196.0 
63359.0  62197.0 
63360.0  62198.0 
63361.0  62199.0 
63362.0  62200.0 
63363.0  62201.0 
63364.0  62202.0 
63365.0  62203.0 
63366.0  62204.0 
63367.0  62205.0 
63368.0  62206.0 
63369.0  62207.0 
63370.0  62208.0 
63371.0  62209.0 
63372.0  62210.0 
63373.0  62211.0 
63374.0  62212.0 
63375.0  62213.0 
63376.0  62214.0 
63377.0  62215.0 
63378.0  62216.0 
63379.0  62217.0 
63380.0  62218.0 
63381.0  62219.0 
63382.0  62220.0 
63383.0  62221.0 
63384.0  62222.0 
63385.0  62223.0 
63386.0  62224.0 
63387.0  62225.0 
63388.0  62226.0 
63389.0  62227.0 
63390.0  62228.0 
63391.0  62229.0 
63392.0  62230.0 
63393.0  62231.0 
63394.0  62232.0 
63395.0  62233.0 
63396.0  62234.0 
63397.0  62235.0 
63398.0  62236.0 
63399.0  62237.0 
63400.0  62238.0 
63401.0  62239.0 
63402.0  62240.0 
63403.0  62241.0 
63404.0  62242.0 
63405.0  62243.0 
63406.0  62244.0 
63407.0  62245.0 
63408.0  62246.0 
63409.0  62247.0 
63410.0  62248.0 
63411.0  62249.0 
63412.0  62250.0 
63413.0  62251.0 
63414.0  62252.0 
63415.0  62253.0 
63416.0  62254.0 
63417.0  62255.0 
63418.0  62256.0 
63419.0  62257.0 
63420.0  62258.0 
63421.0  62259.0 
63422.0  62260.0 
63423.0  62261.0 
63424.0  62262.0 
63425.0  62263.0 
63426.0  62264.0 
63427.0  62265.0 
63428.1  63532.11 
63429.0  62267.0 
63430.0  62268.0 
63431.0  62269.0 
63432.0  62270.0 
63433.0  62271.0 
63434.0  62272.0 
63435.0  62273.0 
63436.0  62274.0 
63437.0  62275.0 
63438.0  62276.0 
63439.0  62277.0 
63440.0  62278.0 
63441.0  62279.0 
63442.0  62280.0 
63443.12  63532.12 
63443.12  62281.12 
63444.12  63532.12 
63444.12  62282.12 
63445.0  62283.0 
63446.0  62284.0 
63447.0  62285.0 
63448.0  62286.0 
63449.0  62287.0 
63450.0  62288.0 
63451.0  62289.0 
63452.0  62290.0 
63453.0  62291.0 
63454.0  62292.0 
63455.0  62293.0 
63456.0  62294.0 
63457.0  62295.0 
63458.0  62296.0 
63459.0  62297.0 
63460.0  62298.0 
63461.0  62299.0 
63462.0  62300.0 
63463.0  62301.0 
63464.0  62302.0 
63465.0  62303.0 
63466.1  63098.1 
63466.2  63098.2 
63466.3  63098.3 
63466.4  63098.4 
63466.5  63098.8 
63466.6  63098.9 
63467.0  62305.0 
63468.0  62306.0 
63469.0  62307.0 
63470.0  62308.0 
63471.0  62309.0 
63472.0  62310.0 
63473.0  62311.0 
63474.0  62312.0 
63475.0  62313.0 
63476.0  62314.0 
63477.0  62315.0 
63478.0  62316.0 
63479.0  62317.0 
63480.0  62318.0 
63481.0  62319.0 
63482.1  63532.13 
63483.0  62321.0 
63484.24  63532.13 
63484.24  62322.24 
63484.25  63098.5 
63485.24  63532.13 
63485.24  62323.24 
63485.25  63098.7 
63486.0  62324.0 
63487.2  62325.2 
63488.0  62326.0 
63489.0  62327.0 
63490.0  62328.0 
63491.0  62329.0 
63492.0  62330.0 
63493.0  62331.0 
63494.0  62332.0 
63495.1  63533.1 
63495.2  63534.1 
63495.3  63535.1 
63496.0  62334.0 
63497.0  62335.0 
63498.0  62336.0 
63499.0  62337.0 
63500.0  62338.0 
63501.0  62339.0 
63502.0  62340.0 
63503.0  62341.0 
63504.12  62342.12 
63504.13  63098.6 
63505.0  62343.0 
63506.0  62344.0 
63507.0  62345.0 
63508.0  62346.0 
63509.27  63532.10 
63509.28  63532.12 
63509.28  62347.28 
63510.0  62348.0 
63512.1  63536.1 
63513.0  62351.0 
63514.0  62352.0 
63516.0  62354.0 
63517.0  62355.0 
63518.0  62356.0 
63519.0  62357.0 
63520.0  62358.0 
63521.0  62359.0 
63522.0  62360.0 
63523.0  62361.0 
63524.0  62362.0 
63525.0  62363.0 
63526.0  62364.0 
63527.1  63538.0 
63527.1  63081.0 
63527.1  63094.0 
63527.1  63085.0 
63527.1  63084.0 
63527.1  63090.0 
63527.1  63095.0 
63527.1  63096.0 
63527.1  63539.1 
63527.1  63540.1 
63527.1  63541.1 
63527.1  63542.1 
63527.1  63543.1 
63528.0  62366.0 
63529.1  63544.1 
63530.1  63545.1 
63531.1  63546.1 
63532.11  62398.0 
63532.12  62347.27 
63532.13  63547.1 
63532.13  61936.13 
63533.1  63548.0 
63533.1  63081.0 
63533.1  63549.0 
63533.1  63550.0 
63533.1  63084.0 
63533.1  63551.0 
63533.1  63082.0 
63533.1  63552.0 
63533.1  63085.0 
63533.1  63087.0 
63533.1  63553.0 
63533.1  63090.0 
63533.1  63554.2 
63534.1  63556.0 
63534.1  63081.0 
63534.1  63549.0 
63534.1  63550.0 
63534.1  63082.0 
63534.1  63084.0 
63534.1  63551.0 
63534.1  63085.0 
63534.1  63552.0 
63534.1  63087.0 
63534.1  63557.0 
63534.1  63090.0 
63534.1  63495.1 
63535.1  63558.0 
63535.1  63081.0 
63535.1  63084.0 
63535.1  63495.2 
63536.1  63560.0 
63536.1  63081.0 
63536.1  63561.0 
63536.1  63084.0 
63536.1  63090.0 
63536.1  63096.0 
63536.1  63141.0 
63536.1  63562.4 
63536.1  63562.5 
63536.1  63562.6 
63536.1  63562.7 
63537.1  63093.0 
63537.1  63081.0 
63537.1  63084.0 
63538.0  62378.0 
63539.1  63563.1 
63540.1  63564.1 
63541.1  63565.1 
63542.1  63566.1 
63543.1  63567.1 
63544.1  63568.0 
63544.1  63081.0 
63544.1  63084.0 
63544.1  63090.0 
63545.1  63569.0 
63545.1  63081.0 
63545.1  63084.0 
63545.1  63090.0 
63546.1  63571.0 
63546.1  63081.0 
63546.1  63084.0 
63547.1  63532.10 
63548.0  62413.0 
63549.0  62414.0 
63550.0  62415.0 
63551.0  62416.0 
63552.0  62417.0 
63554.1  63572.1 
63554.2  63573.1 
63555.1  63575.0 
63555.1  63081.0 
63555.1  63094.0 
63555.1  63085.0 
63555.1  63084.0 
63555.1  63090.0 
63555.1  63095.0 
63555.1  63096.0 
63555.1  63146.0 
63555.1  63147.0 
63555.1  63148.0 
63555.1  63576.1 
63555.1  63577.1 
63555.2  63578.1 
63555.3  63579.1 
63556.0  62421.0 
63558.0  62423.0 
63559.1  63580.0 
63559.1  63081.0 
63559.1  63094.0 
63559.1  63085.0 
63559.1  63084.0 
63559.1  63090.0 
63559.1  63095.0 
63559.1  63096.0 
63560.0  62425.0 
63561.0  62426.0 
63562.1  63581.1 
63562.2  63581.2 
63562.3  63581.3 
63562.4  63581.4 
63562.5  63581.5 
63562.6  63581.6 
63562.7  63581.7 
63563.1  63569.0 
63563.1  63081.0 
63563.1  63084.0 
63563.1  63090.0 
63564.1  63568.0 
63564.1  63081.0 
63564.1  63084.0 
63564.1  63090.0 
63565.1  63582.0 
63565.1  63081.0 
63565.1  63084.0 
63565.1  63090.0 
63566.1  63582.0 
63566.1  63081.0 
63566.1  63084.0 
63566.1  63090.0 
63567.1  63582.0 
63567.1  63081.0 
63567.1  63084.0 
63567.1  63090.0 
63568.0  62433.0 
63569.0  62434.0 
63571.0  62436.0 
63572.1  63548.0 
63572.1  63081.0 
63572.1  63549.0 
63572.1  63550.0 
63572.1  63084.0 
63572.1  63551.0 
63572.1  63082.0 
63572.1  63552.0 
63572.1  63085.0 
63572.1  63087.0 
63572.1  63584.0 
63572.1  63090.0 
63572.1  63585.1 
63573.1  63556.0 
63573.1  63081.0 
63573.1  63549.0 
63573.1  63550.0 
63573.1  63082.0 
63573.1  63084.0 
63573.1  63551.0 
63573.1  63085.0 
63573.1  63552.0 
63573.1  63087.0 
63573.1  63587.0 
63573.1  63090.0 
63573.1  63554.1 
63574.1  63556.0 
63574.1  63081.0 
63574.1  63549.0 
63574.1  63550.0 
63574.1  63082.0 
63574.1  63084.0 
63574.1  63551.0 
63574.1  63085.0 
63574.1  63552.0 
63574.1  63087.0 
63574.1  63588.0 
63574.1  63090.0 
63575.0  62456.0 
63576.1  63589.0 
63577.1  63590.1 
63578.1  63591.1 
63579.1  63592.1 
63580.0  62461.0 
63581.1  63593.0 
63581.1  63081.0 
63581.1  63594.0 
63581.1  63085.0 
63581.1  63084.0 
63581.1  63595.0 
63581.1  63090.0 
63581.1  63596.0 
63581.1  63597.0 
63581.1  63095.0 
63581.1  63598.0 
63581.1  63599.0 
63581.1  63600.0 
63581.1  63096.0 
63581.1  63601.0 
63581.1  63602.0 
63581.1  63603.0 
63581.1  63604.0 
63581.1  63605.0 
63581.1  63606.0 
63581.1  63607.0 
63581.1  63608.0 
63581.1  63609.0 
63581.1  63610.0 
63581.1  63611.0 
63581.1  63612.0 
63581.1  63613.0 
63581.1  63614.0 
63581.1  63615.0 
63581.1  63616.0 
63581.1  63617.0 
63581.1  63618.0 
63581.1  63619.0 
63581.1  63620.0 
63581.1  63621.0 
63581.1  63622.0 
63581.1  63623.0 
63581.1  63624.0 
63581.1  63625.0 
63581.1  63626.0 
63581.1  63627.0 
63581.1  63628.0 
63581.1  63629.0 
63581.1  63630.0 
63581.1  63631.0 
63581.1  63632.0 
63581.1  63633.0 
63581.1  63634.0 
63581.1  63635.0 
63581.1  63636.0 
63581.1  63637.0 
63581.1  63638.0 
63581.1  63639.0 
63581.1  63640.0 
63581.1  63641.0 
63581.1  63642.0 
63581.1  63643.0 
63581.1  63644.0 
63581.1  63645.0 
63581.1  63646.0 
63581.1  63647.0 
63581.1  63648.0 
63581.1  63649.0 
63581.1  63650.0 
63581.1  63651.0 
63581.1  63652.0 
63581.1  63653.0 
63581.1  63654.0 
63581.1  63655.0 
63581.1  63656.0 
63581.1  63657.0 
63581.1  63658.0 
63581.1  63659.0 
63581.1  63660.0 
63581.1  63661.0 
63581.1  63662.0 
63581.1  63663.0 
63581.1  63664.0 
63581.1  63665.0 
63581.1  63666.0 
63581.1  63667.0 
63581.1  63668.0 
63581.1  63669.0 
63581.1  63670.0 
63581.1  63671.0 
63581.1  63672.0 
63581.2  63673.0 
63581.2  63674.0 
63581.2  63675.0 
63581.2  63676.0 
63581.2  63677.0 
63581.2  63678.0 
63581.2  63679.0 
63581.2  63680.0 
63581.2  63681.0 
63581.2  63682.0 
63581.2  63683.0 
63581.2  63684.0 
63581.2  63685.0 
63581.2  63686.0 
63581.2  63687.0 
63581.2  63688.0 
63581.2  63689.0 
63581.2  63690.0 
63581.2  63691.0 
63581.2  63692.0 
63581.2  63693.0 
63581.2  63694.0 
63581.2  63695.0 
63581.2  63696.0 
63581.2  63697.0 
63581.2  63698.0 
63581.2  63699.0 
63581.2  63700.0 
63581.2  63701.0 
63581.2  63702.0 
63581.2  63703.0 
63581.2  63704.0 
63581.2  63705.0 
63581.2  63706.0 
63581.2  63707.0 
63581.2  63708.0 
63581.2  63709.0 
63581.2  63710.0 
63581.2  63711.0 
63581.2  63712.0 
63581.2  63713.0 
63581.2  63714.0 
63581.2  63715.0 
63581.2  63716.0 
63581.2  63717.0 
63581.2  63718.0 
63581.2  63719.0 
63581.2  63720.0 
63581.2  63721.0 
63581.2  63722.0 
63581.2  63723.0 
63581.2  63724.0 
63581.2  63725.0 
63581.2  63726.0 
63581.2  63727.0 
63581.2  63728.0 
63581.2  63729.0 
63581.2  63730.0 
63581.2  63731.0 
63581.2  63732.0 
63581.2  63733.0 
63581.2  63734.0 
63581.2  63735.0 
63581.2  63736.0 
63581.2  63737.0 
63581.2  63738.0 
63581.2  63739.0 
63581.2  63740.0 
63581.2  63741.0 
63581.2  63742.0 
63581.2  63743.0 
63581.2  63744.0 
63581.2  63745.0 
63581.2  63746.0 
63581.2  63747.0 
63581.2  63748.0 
63581.2  63749.0 
63581.2  63750.0 
63581.3  63751.0 
63581.3  63752.0 
63581.3  63753.0 
63581.3  63754.0 
63581.3  63755.0 
63581.3  63756.0 
63581.3  63757.0 
63581.3  63758.0 
63581.3  63759.0 
63581.3  63760.0 
63581.3  63761.0 
63581.3  63762.0 
63581.3  63763.0 
63581.3  63764.0 
63581.3  63765.0 
63581.3  63766.0 
63581.3  63767.0 
63581.3  63768.0 
63581.3  63769.0 
63581.3  63770.0 
63581.3  63771.0 
63581.3  63772.0 
63581.3  63773.0 
63581.3  63774.0 
63581.3  63775.0 
63581.3  63776.0 
63581.3  63777.0 
63581.3  63778.0 
63581.3  63779.0 
63581.3  63780.0 
63581.3  63781.0 
63581.3  63782.0 
63581.3  63783.0 
63581.3  63784.0 
63581.3  63785.0 
63581.3  63786.0 
63581.3  63787.0 
63581.3  63788.0 
63581.3  63789.0 
63581.3  63790.0 
63581.3  63791.0 
63581.3  63792.0 
63581.3  63793.0 
63581.3  63794.0 
63581.3  63795.0 
63581.3  63796.0 
63581.3  63797.0 
63581.3  63798.0 
63581.3  63799.0 
63581.3  63800.0 
63581.3  63801.0 
63581.3  63802.0 
63581.3  63803.0 
63581.3  63804.0 
63581.3  63805.0 
63581.3  63806.0 
63581.3  63807.0 
63581.3  63808.0 
63581.3  63809.0 
63581.3  63810.0 
63581.3  63811.0 
63581.3  63812.0 
63581.3  63813.0 
63581.3  63814.0 
63581.3  63815.0 
63581.3  63816.0 
63581.3  63817.0 
63581.3  63818.0 
63581.3  63819.0 
63581.3  63820.0 
63581.3  63821.0 
63581.3  63822.0 
63581.3  63823.0 
63581.3  63824.0 
63581.3  63825.0 
63581.3  63826.0 
63581.3  63827.0 
63581.3  63828.0 
63581.3  63829.0 
63581.4  63830.0 
63581.4  63831.0 
63581.4  63832.0 
63581.4  63833.0 
63581.4  63834.0 
63581.4  63835.0 
63581.4  63836.0 
63581.4  63837.0 
63581.4  63838.0 
63581.4  63839.0 
63581.4  63840.0 
63581.4  63841.0 
63581.4  63842.0 
63581.4  63843.0 
63581.4  63844.0 
63581.4  63845.0 
63581.4  63846.0 
63581.4  63847.0 
63581.4  63848.0 
63581.4  63849.0 
63581.4  63850.0 
63581.4  63851.0 
63581.4  63852.0 
63581.4  63853.0 
63581.4  63854.0 
63581.4  63855.0 
63581.4  63856.0 
63581.4  63857.0 
63581.4  63858.0 
63581.4  63859.0 
63581.4  63860.0 
63581.4  63861.0 
63581.4  63862.0 
63581.4  63863.0 
63581.4  63864.0 
63581.4  63865.0 
63581.4  63866.0 
63581.4  63867.0 
63581.4  63868.0 
63581.5  63869.0 
63581.5  63870.0 
63581.5  63871.0 
63581.5  63872.0 
63581.5  63873.0 
63581.5  63874.0 
63581.5  63875.0 
63581.5  63876.0 
63581.5  63877.0 
63581.5  63878.0 
63581.5  63879.0 
63581.5  63880.0 
63581.5  63881.0 
63581.5  63882.0 
63581.5  63883.0 
63581.5  63884.0 
63581.5  63885.0 
63581.5  63886.0 
63581.5  63887.0 
63581.5  63888.0 
63581.5  63889.0 
63581.5  63890.0 
63581.5  63891.0 
63581.5  63892.0 
63581.5  63893.0 
63581.5  63894.0 
63581.5  63895.0 
63581.5  63896.0 
63581.5  63897.0 
63581.5  63898.0 
63581.5  63899.0 
63581.5  63900.0 
63581.5  63901.0 
63581.5  63902.0 
63581.5  63903.0 
63581.5  63904.0 
63581.5  63905.0 
63581.5  63906.0 
63581.5  63907.0 
63581.5  63908.0 
63581.5  63909.0 
63581.5  63910.0 
63581.5  63911.0 
63581.5  63912.0 
63581.5  63913.0 
63581.5  63914.0 
63581.5  63915.0 
63581.5  63916.0 
63581.6  63917.0 
63581.6  63918.0 
63581.6  63919.0 
63581.6  63920.0 
63581.6  63921.0 
63581.6  63922.0 
63581.6  63923.0 
63581.6  63924.0 
63581.6  63925.0 
63581.6  63926.0 
63581.6  63927.0 
63581.6  63928.0 
63581.6  63929.0 
63581.6  63930.0 
63581.6  63931.0 
63581.6  63932.0 
63581.6  63933.0 
63581.6  63934.0 
63581.6  63935.0 
63581.6  63936.0 
63581.6  63937.0 
63581.6  63938.0 
63581.6  63939.0 
63581.6  63940.0 
63581.6  63941.0 
63581.6  63942.0 
63581.6  63943.0 
63581.7  63944.0 
63581.7  63945.0 
63581.7  63946.0 
63581.7  63947.0 
63581.7  63948.0 
63581.7  63949.0 
63581.7  63950.0 
63581.7  63951.0 
63581.7  63952.0 
63581.7  63953.0 
63581.7  63954.0 
63581.7  63955.0 
63581.7  63956.0 
63581.7  63957.0 
63581.7  63958.0 
63581.7  63959.0 
63581.7  63960.0 
63581.7  63961.0 
63581.7  63962.0 
63581.7  63963.0 
63581.7  63964.0 
63581.7  63965.0 
63581.7  63966.0 
63581.7  63967.0 
63581.7  63968.0 
63581.7  63969.0 
63581.7  63970.0 
63581.7  63971.0 
63581.7  63972.0 
63581.7  63973.0 
63581.7  63974.0 
63581.7  63975.0 
63581.7  63976.0 
63581.7  63977.0 
63581.7  63978.0 
63581.7  63979.0 
63581.7  63980.0 
63581.7  63981.0 
63581.7  63982.0 
63581.7  63983.0 
63581.7  63984.0 
63582.0  62463.0 
63583.1  62926.0 
63583.1  61919.0 
63583.1  61932.0 
63583.1  61923.0 
63583.1  61922.0 
63583.1  61928.0 
63583.1  61933.0 
63583.1  61934.0 
63583.1  61984.0 
63583.1  61985.0 
63583.1  61986.0 
63583.1  63986.1 
63583.1  63987.1 
63583.1  61979.0 
63583.1  61991.0 
63583.1  63988.1 
63585.1  63989.1 
63586.1  61930.1 
63590.1  63991.0 
63590.1  63081.0 
63590.1  63084.0 
63590.1  63090.0 
63590.1  63096.0 
63590.1  63992.1 
63591.1  63991.0 
63591.1  63081.0 
63591.1  63084.0 
63591.1  63090.0 
63591.1  63096.0 
63591.1  63994.1 
63592.1  63991.0 
63592.1  63081.0 
63592.1  63084.0 
63592.1  63090.0 
63592.1  63096.0 
63592.1  63996.1 
63593.0  62505.0 
63594.0  62506.0 
63595.0  62507.0 
63597.0  62509.0 
63598.0  62510.0 
63599.0  62511.0 
63600.0  62512.0 
63601.0  62513.0 
63602.0  62514.0 
63603.0  62515.0 
63604.0  62516.0 
63605.0  62517.0 
63606.0  62518.0 
63607.0  62519.0 
63608.0  62520.0 
63609.0  62521.0 
63610.0  62522.0 
63611.0  62523.0 
63612.0  62524.0 
63613.0  62525.0 
63614.0  62526.0 
63615.0  62527.0 
63616.0  62528.0 
63617.0  62529.0 
63618.0  62530.0 
63619.0  62531.0 
63620.0  62532.0 
63621.0  62533.0 
63622.0  62534.0 
63623.0  62535.0 
63624.0  62536.0 
63625.0  62537.0 
63626.0  62538.0 
63627.0  62539.0 
63628.0  62540.0 
63629.0  62541.0 
63630.0  62542.0 
63631.0  62543.0 
63632.0  62544.0 
63633.0  62545.0 
63634.0  62546.0 
63635.0  62547.0 
63636.0  62548.0 
63637.0  62549.0 
63638.0  62550.0 
63639.0  62551.0 
63640.0  62552.0 
63641.0  62553.0 
63642.0  62554.0 
63643.0  62555.0 
63644.0  62556.0 
63645.0  62557.0 
63646.0  62558.0 
63647.0  62559.0 
63648.0  62560.0 
63649.0  62561.0 
63650.0  62562.0 
63651.0  62563.0 
63652.0  62564.0 
63653.0  62565.0 
63654.0  62566.0 
63655.0  62567.0 
63656.0  62568.0 
63657.0  62569.0 
63658.0  62570.0 
63659.0  62571.0 
63660.0  62572.0 
63661.0  62573.0 
63662.0  62574.0 
63663.0  62575.0 
63664.0  62576.0 
63665.0  62577.0 
63666.0  62578.0 
63667.0  62579.0 
63668.0  62580.0 
63669.0  62581.0 
63670.0  62582.0 
63671.0  62583.0 
63672.0  62584.0 
63673.0  62585.0 
63674.0  62586.0 
63675.0  62587.0 
63676.0  62588.0 
63677.0  62589.0 
63678.0  62590.0 
63679.0  62591.0 
63680.0  62592.0 
63681.0  62593.0 
63682.0  62594.0 
63683.0  62595.0 
63684.0  62596.0 
63685.0  62597.0 
63686.0  62598.0 
63687.0  62599.0 
63688.0  62600.0 
63689.0  62601.0 
63690.0  62602.0 
63691.0  62603.0 
63692.0  62604.0 
63693.0  62605.0 
63694.0  62606.0 
63695.0  62607.0 
63696.0  62608.0 
63697.0  62609.0 
63698.0  62610.0 
63699.0  62611.0 
63700.0  62612.0 
63701.0  62613.0 
63702.0  62614.0 
63703.0  62615.0 
63704.0  62616.0 
63705.0  62617.0 
63706.0  62618.0 
63707.0  62619.0 
63708.0  62620.0 
63709.0  62621.0 
63710.0  62622.0 
63711.0  62623.0 
63712.0  62624.0 
63713.0  62625.0 
63714.0  62626.0 
63715.0  62627.0 
63716.0  62628.0 
63717.0  62629.0 
63718.0  62630.0 
63719.0  62631.0 
63720.0  62632.0 
63721.0  62633.0 
63722.0  62634.0 
63723.0  62635.0 
63724.0  62636.0 
63725.0  62637.0 
63726.0  62638.0 
63727.0  62639.0 
63728.0  62640.0 
63729.0  62641.0 
63730.0  62642.0 
63731.0  62643.0 
63732.0  62644.0 
63733.0  62645.0 
63734.0  62646.0 
63735.0  62647.0 
63736.0  62648.0 
63737.0  62649.0 
63738.0  62650.0 
63739.0  62651.0 
63740.0  62652.0 
63741.0  62653.0 
63742.0  62654.0 
63743.0  62655.0 
63744.0  62656.0 
63745.0  62657.0 
63746.0  62658.0 
63747.0  62659.0 
63748.0  62660.0 
63749.0  62661.0 
63750.0  62662.0 
63751.0  62663.0 
63752.0  62664.0 
63753.0  62665.0 
63754.0  62666.0 
63755.0  62667.0 
63756.0  62668.0 
63757.0  62669.0 
63758.0  62670.0 
63759.0  62671.0 
63760.0  62672.0 
63761.0  62673.0 
63762.0  62674.0 
63763.0  62675.0 
63764.0  62676.0 
63765.0  62677.0 
63766.0  62678.0 
63767.0  62679.0 
63768.0  62680.0 
63769.0  62681.0 
63770.0  62682.0 
63771.0  62683.0 
63772.0  62684.0 
63773.0  62685.0 
63774.0  62686.0 
63775.0  62687.0 
63776.0  62688.0 
63777.0  62689.0 
63778.0  62690.0 
63779.0  62691.0 
63780.0  62692.0 
63781.0  62693.0 
63782.0  62694.0 
63783.0  62695.0 
63784.0  62696.0 
63785.0  62697.0 
63786.0  62698.0 
63787.0  62699.0 
63788.0  62700.0 
63789.0  62701.0 
63790.0  62702.0 
63791.0  62703.0 
63792.0  62704.0 
63793.0  62705.0 
63794.0  62706.0 
63795.0  62707.0 
63796.0  62708.0 
63797.0  62709.0 
63798.0  62710.0 
63800.0  62712.0 
63801.0  62713.0 
63802.0  62714.0 
63803.0  62715.0 
63804.0  62716.0 
63805.0  62717.0 
63806.0  62718.0 
63807.0  62719.0 
63808.0  62720.0 
63809.0  62721.0 
63810.0  62722.0 
63811.0  62723.0 
63812.0  62724.0 
63813.0  62725.0 
63814.0  62726.0 
63815.0  62727.0 
63816.0  62728.0 
63817.0  62729.0 
63818.0  62730.0 
63819.0  62731.0 
63820.0  62732.0 
63821.0  62733.0 
63822.0  62734.0 
63823.0  62735.0 
63824.0  62736.0 
63825.0  62737.0 
63826.0  62738.0 
63827.0  62739.0 
63828.0  62740.0 
63829.0  62741.0 
63830.0  62742.0 
63831.0  62743.0 
63832.0  62744.0 
63833.0  62745.0 
63834.0  62746.0 
63835.0  62747.0 
63836.0  62748.0 
63837.0  62749.0 
63838.0  62750.0 
63839.0  62751.0 
63840.0  62752.0 
63841.0  62753.0 
63842.0  62754.0 
63843.0  62755.0 
63844.0  62756.0 
63845.0  62757.0 
63846.0  62758.0 
63847.0  62759.0 
63848.0  62760.0 
63849.0  62761.0 
63850.0  62762.0 
63851.0  62763.0 
63852.0  62764.0 
63853.0  62765.0 
63854.0  62766.0 
63855.0  62767.0 
63856.0  62768.0 
63857.0  62769.0 
63858.0  62770.0 
63859.0  62771.0 
63860.0  62772.0 
63861.0  62773.0 
63862.0  62774.0 
63863.0  62775.0 
63864.0  62776.0 
63865.0  62777.0 
63866.0  62778.0 
63867.0  62779.0 
63868.0  62780.0 
63869.0  62781.0 
63870.0  62782.0 
63871.0  62783.0 
63872.0  62784.0 
63873.0  62785.0 
63874.0  62786.0 
63875.0  62787.0 
63876.0  62788.0 
63877.0  62789.0 
63878.0  62790.0 
63879.0  62791.0 
63880.0  62792.0 
63881.0  62793.0 
63882.0  62794.0 
63883.0  62795.0 
63884.0  62796.0 
63885.0  62797.0 
63886.0  62798.0 
63887.0  62799.0 
63888.0  62800.0 
63889.0  62801.0 
63890.0  62802.0 
63891.0  62803.0 
63892.0  62804.0 
63893.0  62805.0 
63894.0  62806.0 
63895.0  62807.0 
63896.0  62808.0 
63897.0  62809.0 
63898.0  62810.0 
63899.0  62811.0 
63900.0  62812.0 
63901.0  62813.0 
63902.0  62814.0 
63903.0  62815.0 
63904.0  62816.0 
63905.0  62817.0 
63906.0  62818.0 
63907.0  62819.0 
63908.0  62820.0 
63909.0  62821.0 
63910.0  62822.0 
63911.0  62823.0 
63912.0  62824.0 
63913.0  62825.0 
63914.0  62826.0 
63915.0  62827.0 
63916.0  62828.0 
63917.0  62829.0 
63918.0  62830.0 
63919.0  62831.0 
63920.0  62832.0 
63921.0  62833.0 
63922.0  62834.0 
63923.0  62835.0 
63924.0  62836.0 
63925.0  62837.0 
63926.0  62838.0 
63927.0  62839.0 
63928.0  62840.0 
63929.0  62841.0 
63930.0  62842.0 
63931.0  62843.0 
63932.0  62844.0 
63933.0  62845.0 
63934.0  62846.0 
63935.0  62847.0 
63936.0  62848.0 
63937.0  62849.0 
63938.0  62850.0 
63939.0  62851.0 
63940.0  62852.0 
63941.0  62853.0 
63942.0  62854.0 
63943.0  62855.0 
63944.0  62856.0 
63945.0  62857.0 
63946.0  62858.0 
63947.0  62859.0 
63948.0  62860.0 
63949.0  62861.0 
63950.0  62862.0 
63951.0  62863.0 
63952.0  62864.0 
63953.0  62865.0 
63954.0  62866.0 
63955.0  62867.0 
63985.1  62413.0 
63985.1  61919.0 
63985.1  62414.0 
63985.1  62415.0 
63985.1  61922.0 
63985.1  62416.0 
63985.1  61920.0 
63985.1  62417.0 
63985.1  61923.0 
63985.1  61925.0 
63985.1  63997.0 
63985.1  61928.0 
63985.1  62333.3 
63986.1  63998.1 
63987.1  63999.1 
63988.1  64000.1 
63989.1  63023.0 
63989.1  61919.0 
63989.1  61922.0 
63989.1  64001.3 
63991.0  62932.0 
63992.1  64002.0 
63994.1  64003.0 
63996.1  64004.0 
63998.1  62932.0 
63998.1  61919.0 
63998.1  61922.0 
63998.1  61928.0 
63998.1  61934.0 
63998.1  64006.1 
63999.1  63051.0 
63999.1  61919.0 
63999.1  61922.0 
63999.1  61928.0 
63999.1  63052.21 
64000.1  63051.0 
64000.1  61919.0 
64000.1  61922.0 
64000.1  61928.0 
64000.1  63053.21 
64001.3  62333.3 
64006.1  64007.0 
63078.0  63079.0 
63079.0  63092.0 
63098.0  63099.0 
63099.0  63527.0 
63527.0  63537.0 
63533.0  63092.0 
63534.0  63555.0 
63535.0  63555.0 
63536.0  63559.0 
63537.0  63092.0 
63544.0  63099.0 
63545.0  63099.0 
63546.0  63570.0 
63555.0  63574.0 
63559.0  63098.0 
63563.0  63527.0 
63564.0  63527.0 
63565.0  63527.0 
63566.0  63527.0 
63567.0  63527.0 
63570.0  63099.0 
63572.0  63583.0 
63573.0  63586.0 
63574.0  63092.0 
63581.0  63559.0 
63583.0  63985.0 
63589.0  63555.0 
63590.0  63990.0 
63591.0  63993.0 
63592.0  63995.0 
63985.0  63586.0 
63989.0  63583.0 
63990.0  63555.0 
63993.0  63555.0 
63995.0  63555.0 
63998.0  64005.0 
63999.0  63583.0 
64000.0  63583.0 
64002.0  63990.0 
64003.0  63993.0 
64004.0  63995.0 
64005.0  63583.0 
64007.0  64005.0 
63097.1  63098.10 
64008.1  63098.10 
64009.1  63098.10 
