76451.1  76453.0 
76451.1  76454.0 
76451.1  76455.0 
76451.1  76456.0 
76451.1  76457.0 
76451.1  76458.0 
76451.1  76459.0 
76451.1  76460.0 
76451.1  76461.0 
76451.1  76462.0 
76451.1  76463.0 
76451.1  76464.0 
76452.1  76466.0 
76452.1  76454.0 
76452.1  76457.0 
76453.0  75523.0 
76454.0  75524.0 
76455.0  75525.0 
76456.0  75526.0 
76457.0  75527.0 
76458.0  75528.0 
76459.0  75529.0 
76460.0  75530.0 
76463.0  75533.0 
76464.0  60835.0 
76465.1  76454.0 
76465.1  76467.0 
76465.1  76458.0 
76465.1  76457.0 
76465.1  76463.0 
76465.1  76468.0 
76465.1  76469.0 
76466.0  75536.0 
76467.0  75537.0 
76468.0  75538.0 
76469.0  75539.0 
76450.1  76451.1 
76471.1  76473.0 
76471.1  76474.0 
76471.1  76475.0 
76471.1  76476.0 
76471.1  76454.0 
76471.1  76477.0 
76471.1  76478.0 
76471.1  76479.0 
76471.1  76480.0 
76471.1  76458.0 
76471.1  76481.0 
76471.1  76482.0 
76471.1  76483.0 
76471.1  76484.0 
76471.1  76485.0 
76471.1  76486.0 
76471.1  76487.0 
76471.1  76488.0 
76471.1  76489.0 
76471.1  76490.0 
76471.1  76491.0 
76471.1  76492.0 
76471.1  76493.0 
76471.1  76494.0 
76471.1  76495.0 
76471.1  76457.0 
76471.1  76496.0 
76471.1  76497.0 
76471.1  76498.0 
76471.1  76499.0 
76471.1  76500.0 
76471.1  76501.0 
76471.1  76502.0 
76471.1  76503.0 
76471.1  76504.0 
76471.1  76505.0 
76471.1  76506.0 
76471.1  76507.0 
76471.1  76508.0 
76471.1  76509.0 
76471.1  76510.0 
76471.1  76511.0 
76471.1  76512.0 
76471.1  76513.0 
76471.1  76514.0 
76471.1  76463.0 
76471.1  76515.0 
76471.1  76516.0 
76471.1  76517.0 
76471.1  76518.0 
76471.1  76469.0 
76471.1  76519.0 
76471.1  76520.0 
76471.1  76521.0 
76471.1  76522.0 
76471.1  76523.0 
76471.1  76524.0 
76471.1  76525.0 
76471.1  76526.0 
76471.1  76527.0 
76471.1  76528.0 
76471.1  76529.0 
76471.1  76530.0 
76471.1  76531.0 
76471.1  76532.0 
76471.1  76533.0 
76471.1  76534.0 
76471.1  76535.0 
76471.1  76536.0 
76471.1  76537.0 
76471.1  76538.0 
76471.1  76539.0 
76471.1  76540.0 
76471.1  76541.0 
76471.1  76542.0 
76471.1  76543.0 
76471.1  76544.0 
76471.1  76545.0 
76471.1  76546.0 
76471.1  76547.0 
76471.1  76548.0 
76471.1  76549.0 
76471.1  76550.0 
76471.1  76551.0 
76471.1  76552.0 
76471.1  76553.0 
76471.1  76554.0 
76471.1  76555.0 
76471.1  76556.0 
76471.1  76557.0 
76471.1  76558.0 
76471.1  76559.0 
76471.1  76560.0 
76471.1  76561.0 
76471.1  76562.0 
76471.1  76563.0 
76471.1  76564.0 
76471.1  76565.0 
76471.1  76566.0 
76471.1  76567.0 
76471.1  76568.0 
76471.1  76569.0 
76471.1  76570.0 
76471.1  76571.0 
76471.1  76572.0 
76471.1  76573.0 
76471.1  76574.0 
76471.1  76575.0 
76471.1  76576.0 
76471.1  76577.0 
76471.1  76578.0 
76471.1  76579.0 
76471.1  76580.0 
76471.1  76581.0 
76471.1  76582.0 
76471.1  76583.0 
76471.1  76584.0 
76471.1  76585.0 
76471.1  76586.0 
76471.1  76587.0 
76471.1  76588.0 
76471.1  76589.0 
76471.1  76590.0 
76471.1  76591.0 
76471.1  76592.0 
76471.1  76593.0 
76471.1  76594.0 
76471.1  76595.0 
76471.1  76596.0 
76471.1  76597.0 
76471.1  76598.0 
76471.1  76599.0 
76471.1  76600.0 
76471.1  76601.0 
76471.1  76602.0 
76471.1  76603.0 
76471.1  76604.0 
76471.1  76605.0 
76471.1  76606.0 
76471.1  76607.0 
76471.1  76608.0 
76471.1  76609.0 
76471.1  76610.0 
76471.1  76611.0 
76471.1  76612.0 
76471.1  76613.0 
76471.1  76614.0 
76471.1  76615.0 
76471.1  76616.0 
76471.1  76617.0 
76471.1  76618.0 
76471.1  76619.0 
76471.1  76620.0 
76471.1  76621.0 
76471.1  76622.0 
76471.1  76623.0 
76471.1  76624.0 
76471.1  76625.0 
76471.1  76626.0 
76471.1  76627.0 
76471.1  76628.0 
76471.1  76629.0 
76471.1  76630.0 
76471.1  76631.0 
76471.1  76632.0 
76471.1  76468.0 
76471.1  76633.0 
76471.1  76634.0 
76471.1  76635.0 
76471.1  76636.1 
76471.1  76637.0 
76471.1  76638.0 
76471.1  76639.0 
76471.1  76640.0 
76471.1  76641.0 
76471.1  76642.0 
76471.2  76643.0 
76471.2  76644.0 
76471.2  76645.0 
76471.2  76646.0 
76471.2  76647.0 
76471.2  76648.0 
76471.2  76649.0 
76471.2  76650.0 
76471.2  76651.0 
76471.2  76652.0 
76471.2  76653.0 
76471.2  76654.0 
76471.2  76655.0 
76471.2  76656.0 
76471.2  76657.0 
76471.2  76658.0 
76471.2  76659.0 
76471.2  76660.0 
76471.2  76661.0 
76471.2  76662.0 
76471.2  76663.0 
76471.2  76664.0 
76471.2  76665.0 
76471.2  76666.0 
76471.2  76667.0 
76471.2  76668.0 
76471.2  76669.0 
76471.2  76670.0 
76471.2  76671.0 
76471.2  76672.0 
76471.2  76673.0 
76471.2  76455.0 
76471.2  76674.0 
76471.2  76675.0 
76471.2  76676.0 
76471.2  76677.0 
76471.2  76678.0 
76471.2  76679.0 
76471.2  76680.0 
76471.2  76681.0 
76471.2  76682.0 
76471.2  76683.0 
76471.2  76684.0 
76471.2  76460.0 
76471.2  76685.0 
76471.2  76686.0 
76471.2  76687.0 
76471.2  76688.0 
76471.2  76689.0 
76471.2  76690.0 
76471.2  76691.0 
76471.2  76692.0 
76471.2  76693.0 
76471.2  76694.0 
76471.2  76695.0 
76471.2  76696.0 
76471.2  76697.0 
76471.2  76698.0 
76471.2  76699.0 
76471.2  76700.0 
76471.2  76701.0 
76471.2  76702.0 
76471.2  76703.0 
76471.2  76704.0 
76471.2  76705.0 
76471.2  76706.0 
76471.2  76707.0 
76471.2  76708.0 
76471.2  76709.0 
76471.2  76710.0 
76471.2  76711.0 
76471.2  76712.0 
76471.2  76713.0 
76471.2  76714.0 
76471.2  76715.0 
76471.2  76716.0 
76471.2  76717.0 
76471.2  76718.0 
76471.2  76719.0 
76471.2  76720.0 
76471.2  76721.0 
76471.2  76722.0 
76471.2  76723.0 
76471.2  76724.0 
76471.2  76725.0 
76471.2  76726.0 
76471.2  76727.0 
76471.2  76728.0 
76471.2  76729.0 
76471.2  76730.0 
76471.2  76731.0 
76471.2  76732.0 
76471.2  76733.0 
76471.2  76734.0 
76471.2  76735.0 
76471.2  76736.0 
76471.2  76737.0 
76471.2  76738.0 
76471.2  76739.0 
76471.2  76740.0 
76471.2  76741.0 
76471.2  76742.0 
76471.2  76743.0 
76471.2  76744.0 
76471.2  76745.0 
76471.2  76746.0 
76471.2  76747.0 
76471.2  76748.0 
76471.2  76749.0 
76471.2  76750.0 
76471.2  76751.0 
76471.2  76752.0 
76471.2  76753.0 
76471.2  76754.0 
76471.2  76755.0 
76471.2  76756.0 
76471.2  76757.0 
76471.2  76758.0 
76471.2  76759.0 
76471.2  76760.0 
76471.2  76761.0 
76471.2  76762.0 
76471.2  76763.0 
76471.2  76764.0 
76471.2  76765.0 
76471.2  76766.0 
76471.2  76767.0 
76471.2  76768.0 
76471.2  76769.0 
76471.2  76770.0 
76471.2  76771.0 
76471.2  76772.0 
76471.2  76773.0 
76471.2  76774.0 
76471.2  76775.0 
76471.2  76776.0 
76471.2  76777.0 
76471.2  76778.0 
76471.2  76779.0 
76471.2  76780.0 
76471.2  76781.0 
76471.2  76782.0 
76471.2  76783.0 
76471.2  76784.0 
76471.2  76785.0 
76471.2  76786.0 
76471.2  76787.0 
76471.2  76788.0 
76471.2  76789.0 
76471.2  76790.0 
76471.2  76791.0 
76471.2  76792.0 
76471.2  76793.0 
76471.2  76794.0 
76471.2  76795.0 
76471.2  76796.0 
76471.2  76797.0 
76471.2  76798.0 
76471.2  76799.0 
76471.2  76800.0 
76471.2  76801.1 
76471.2  76802.0 
76471.2  76803.0 
76471.2  76804.0 
76471.2  76805.0 
76471.2  76806.0 
76471.2  76807.0 
76471.2  76808.0 
76471.2  76809.0 
76471.2  76810.0 
76471.2  76811.0 
76471.2  76812.0 
76471.2  76813.0 
76471.2  76814.0 
76471.2  76815.0 
76471.2  76816.28 
76471.2  76817.28 
76471.2  76818.0 
76471.2  76819.0 
76471.2  76820.0 
76471.2  76821.0 
76471.2  76822.0 
76471.2  76823.0 
76471.2  76824.0 
76471.2  76825.0 
76471.2  76826.0 
76471.2  76827.0 
76471.2  76828.0 
76471.2  76829.0 
76471.2  76830.0 
76471.3  76831.0 
76471.3  76832.0 
76471.3  76833.0 
76471.3  76834.0 
76471.3  76835.0 
76471.3  76836.0 
76471.3  76837.0 
76471.3  76838.0 
76471.3  76839.2 
76471.3  76840.0 
76471.3  76841.0 
76471.3  76842.0 
76471.3  76843.0 
76471.3  76844.0 
76471.3  76845.0 
76471.4  76846.0 
76471.4  76847.0 
76471.4  76848.0 
76471.4  76849.0 
76471.4  76450.1 
76471.5  76850.0 
76471.5  76851.0 
76471.5  76852.0 
76471.5  76853.0 
76471.5  76854.0 
76471.5  76855.1 
76471.5  76856.0 
76471.5  76857.56 
76471.5  76858.56 
76471.5  76859.0 
76471.5  76860.2 
76471.6  76861.0 
76471.6  76862.0 
76471.6  76863.0 
76471.6  76864.0 
76471.6  76865.0 
76471.6  76866.0 
76471.6  76459.0 
76471.6  76456.0 
76471.6  76867.0 
76471.6  76868.3 
76471.6  76869.0 
76471.6  76870.0 
76471.6  76871.0 
76471.6  76872.0 
76471.6  76873.0 
76471.6  76874.0 
76471.6  76875.0 
76471.6  76876.0 
76471.6  76877.28 
76471.6  76878.0 
76471.6  76879.0 
76471.7  76880.0 
76471.7  76881.0 
76471.7  76882.66 
76471.7  76883.0 
76471.7  76884.0 
76471.7  76885.1 
76471.7  76886.0 
76471.7  76887.0 
76471.7  76888.0 
76471.7  76889.0 
76471.7  76890.0 
76471.8  76891.0 
76471.8  76892.0 
76471.8  76893.0 
76471.8  76894.0 
76471.8  76895.0 
76471.9  76896.0 
76471.9  76897.0 
76471.9  76898.0 
76471.9  76899.0 
76471.10  76900.0 
76471.10  76901.0 
76471.10  76902.0 
76471.10  76839.6 
76471.11  76903.0 
76472.1  76905.0 
76472.1  76454.0 
76472.1  76467.0 
76472.1  76458.0 
76472.1  76457.0 
76472.1  76463.0 
76472.1  76468.0 
76472.1  76469.0 
76472.1  76906.1 
76472.1  76907.1 
76472.1  76908.1 
76473.0  75543.0 
76474.0  75544.0 
76475.0  75545.0 
76476.0  75546.0 
76477.0  75547.0 
76478.0  75548.0 
76479.0  75549.0 
76480.0  75550.0 
76481.0  75551.0 
76482.0  75552.0 
76483.0  75553.0 
76484.0  75554.0 
76485.0  75555.0 
76486.0  75556.0 
76487.0  75557.0 
76488.0  75558.0 
76489.0  75559.0 
76490.0  75560.0 
76491.0  75561.0 
76492.0  75562.0 
76493.0  75563.0 
76494.0  75564.0 
76495.0  75565.0 
76496.0  75566.0 
76497.0  75567.0 
76498.0  75568.0 
76499.0  75569.0 
76500.0  75570.0 
76501.0  75571.0 
76502.0  75572.0 
76503.0  75573.0 
76504.0  75574.0 
76505.0  75575.0 
76506.0  75576.0 
76507.0  75577.0 
76508.0  75578.0 
76509.0  75579.0 
76510.0  75580.0 
76511.0  75581.0 
76512.0  75582.0 
76513.0  75583.0 
76514.0  75584.0 
76515.0  75585.0 
76516.0  75586.0 
76517.0  75587.0 
76518.0  75588.0 
76519.0  75589.0 
76520.0  75590.0 
76521.0  75591.0 
76522.0  75592.0 
76523.0  75593.0 
76524.0  75594.0 
76525.0  75595.0 
76526.0  75596.0 
76527.0  75597.0 
76528.0  75598.0 
76529.0  75599.0 
76530.0  75600.0 
76531.0  75601.0 
76532.0  75602.0 
76533.0  75603.0 
76534.0  75604.0 
76535.0  75605.0 
76536.0  75606.0 
76537.0  75607.0 
76538.0  75608.0 
76539.0  75609.0 
76540.0  75610.0 
76541.0  75611.0 
76542.0  75612.0 
76543.0  75613.0 
76544.0  75614.0 
76545.0  75615.0 
76546.0  75616.0 
76547.0  75617.0 
76548.0  75618.0 
76549.0  75619.0 
76550.0  75620.0 
76551.0  75621.0 
76552.0  75622.0 
76553.0  75623.0 
76554.0  75624.0 
76555.0  75625.0 
76556.0  75626.0 
76557.0  75627.0 
76558.0  75628.0 
76559.0  75629.0 
76560.0  75630.0 
76561.0  75631.0 
76562.0  75632.0 
76563.0  75633.0 
76564.0  75634.0 
76565.0  75635.0 
76566.0  75636.0 
76567.0  75637.0 
76568.0  75638.0 
76569.0  75639.0 
76570.0  75640.0 
76571.0  75641.0 
76572.0  75642.0 
76573.0  75643.0 
76574.0  75644.0 
76575.0  75645.0 
76576.0  75646.0 
76577.0  75647.0 
76578.0  75648.0 
76579.0  75649.0 
76580.0  75650.0 
76581.0  75651.0 
76582.0  75652.0 
76583.0  75653.0 
76584.0  75654.0 
76585.0  75655.0 
76586.0  75656.0 
76587.0  75657.0 
76588.0  75658.0 
76589.0  75659.0 
76590.0  75660.0 
76591.0  75661.0 
76592.0  75662.0 
76593.0  75663.0 
76594.0  75664.0 
76595.0  75665.0 
76596.0  75666.0 
76597.0  75667.0 
76598.0  75668.0 
76599.0  75669.0 
76600.0  75670.0 
76601.0  75671.0 
76602.0  75672.0 
76603.0  75673.0 
76604.0  75674.0 
76605.0  75675.0 
76606.0  75676.0 
76607.0  75677.0 
76608.0  75678.0 
76609.0  75679.0 
76610.0  75680.0 
76611.0  75681.0 
76612.0  75682.0 
76613.0  75683.0 
76614.0  75684.0 
76615.0  75685.0 
76616.0  75686.0 
76617.0  75687.0 
76618.0  75688.0 
76619.0  75689.0 
76620.0  75690.0 
76621.0  75691.0 
76622.0  75692.0 
76623.0  75693.0 
76624.0  75694.0 
76625.0  75695.0 
76626.0  75696.0 
76627.0  75697.0 
76628.0  75698.0 
76629.0  75699.0 
76630.0  75700.0 
76631.0  75701.0 
76632.0  75702.0 
76633.0  75703.0 
76634.0  75704.0 
76635.0  75705.0 
76636.1  76909.14 
76637.0  75707.0 
76638.0  75708.0 
76639.0  75709.0 
76640.0  75710.0 
76641.0  75711.0 
76642.0  75712.0 
76643.0  75713.0 
76644.0  75714.0 
76645.0  75715.0 
76646.0  75716.0 
76647.0  75717.0 
76648.0  75718.0 
76649.0  75719.0 
76650.0  75720.0 
76651.0  75721.0 
76652.0  75722.0 
76653.0  75723.0 
76654.0  75724.0 
76655.0  75725.0 
76656.0  75726.0 
76657.0  75727.0 
76658.0  75728.0 
76659.0  75729.0 
76660.0  75730.0 
76661.0  75731.0 
76662.0  75732.0 
76663.0  75733.0 
76664.0  75734.0 
76665.0  75735.0 
76666.0  75736.0 
76667.0  75737.0 
76668.0  75738.0 
76669.0  75739.0 
76670.0  75740.0 
76671.0  75741.0 
76672.0  75742.0 
76673.0  75743.0 
76674.0  75744.0 
76675.0  75745.0 
76676.0  75746.0 
76677.0  75747.0 
76678.0  75748.0 
76679.0  75749.0 
76680.0  75750.0 
76681.0  75751.0 
76682.0  75752.0 
76683.0  75753.0 
76684.0  75754.0 
76686.0  75756.0 
76687.0  75757.0 
76688.0  75758.0 
76689.0  75759.0 
76690.0  75760.0 
76691.0  75761.0 
76692.0  75762.0 
76693.0  75763.0 
76694.0  75764.0 
76695.0  75765.0 
76696.0  75766.0 
76697.0  75768.0 
76698.0  75767.0 
76699.0  75769.0 
76700.0  75770.0 
76701.0  75771.0 
76702.0  75772.0 
76703.0  75773.0 
76704.0  75774.0 
76705.0  75775.0 
76706.0  75776.0 
76707.0  75777.0 
76708.0  75778.0 
76709.0  75779.0 
76710.0  75780.0 
76711.0  75781.0 
76712.0  75782.0 
76713.0  75783.0 
76714.0  75784.0 
76715.0  75785.0 
76716.0  75786.0 
76717.0  75787.0 
76718.0  75788.0 
76719.0  75789.0 
76720.0  75790.0 
76721.0  75791.0 
76722.0  75792.0 
76723.0  75793.0 
76724.0  75794.0 
76725.0  75795.0 
76726.0  75796.0 
76727.0  75797.0 
76728.0  75798.0 
76729.0  75799.0 
76730.0  75800.0 
76731.0  75801.0 
76732.0  75802.0 
76733.0  75803.0 
76734.0  75804.0 
76735.0  75805.0 
76736.0  75806.0 
76737.0  75807.0 
76738.0  75808.0 
76739.0  75809.0 
76740.0  75810.0 
76741.0  75811.0 
76742.0  75812.0 
76743.0  75813.0 
76744.0  75814.0 
76745.0  75815.0 
76746.0  75816.0 
76747.0  75817.0 
76748.0  75818.0 
76749.0  75819.0 
76750.0  75820.0 
76751.0  75821.0 
76752.0  75822.0 
76753.0  75823.0 
76754.0  75824.0 
76755.0  75825.0 
76756.0  75826.0 
76757.0  75827.0 
76758.0  75828.0 
76759.0  75829.0 
76760.0  75830.0 
76761.0  75831.0 
76762.0  75832.0 
76763.0  75833.0 
76764.0  75834.0 
76765.0  75835.0 
76766.0  75836.0 
76767.0  75837.0 
76768.0  75838.0 
76769.0  75839.0 
76770.0  75840.0 
76771.0  75841.0 
76772.0  75842.0 
76773.0  75843.0 
76774.0  75844.0 
76775.0  75845.0 
76776.0  75846.0 
76777.0  75847.0 
76778.0  75848.0 
76779.0  75849.0 
76780.0  75850.0 
76781.0  75851.0 
76782.0  75852.0 
76783.0  75853.0 
76784.0  75854.0 
76785.0  75855.0 
76786.0  75856.0 
76787.0  75857.0 
76788.0  75858.0 
76789.0  75859.0 
76790.0  75860.0 
76791.0  75861.0 
76792.0  75862.0 
76793.0  75863.0 
76794.0  75864.0 
76795.0  75865.0 
76796.0  75866.0 
76797.0  75867.0 
76798.0  75868.0 
76799.0  75869.0 
76800.0  75870.0 
76801.1  76909.12 
76802.0  75872.0 
76803.0  75873.0 
76804.0  75874.0 
76805.0  75875.0 
76806.0  75876.0 
76807.0  75877.0 
76808.0  75878.0 
76809.0  75879.0 
76810.0  75880.0 
76811.0  75881.0 
76812.0  75882.0 
76813.0  75883.0 
76814.0  75884.0 
76815.0  75885.0 
76816.28  76909.13 
76816.28  75886.28 
76817.28  76909.13 
76817.28  75887.28 
76818.0  75888.0 
76819.0  75889.0 
76820.0  75890.0 
76821.0  75891.0 
76822.0  75892.0 
76823.0  75893.0 
76824.0  75894.0 
76825.0  75895.0 
76826.0  75896.0 
76827.0  75897.0 
76828.0  75898.0 
76829.0  75899.0 
76830.0  75900.0 
76831.0  75901.0 
76832.0  75902.0 
76833.0  75903.0 
76834.0  75904.0 
76835.0  75905.0 
76836.0  75906.0 
76837.0  75907.0 
76838.0  75908.0 
76839.1  76471.1 
76839.2  76471.2 
76839.3  76471.3 
76839.4  76471.4 
76839.5  76471.8 
76839.6  76471.9 
76839.7  76471.10 
76840.0  75910.0 
76841.0  75911.0 
76842.0  75912.0 
76843.0  75913.0 
76844.0  75914.0 
76845.0  75915.0 
76846.0  75916.0 
76847.0  75917.0 
76848.0  75918.0 
76849.0  75919.0 
76850.0  75920.0 
76851.0  75921.0 
76852.0  75922.0 
76853.0  75923.0 
76854.0  75924.0 
76855.1  76909.14 
76856.0  75926.0 
76857.56  76909.14 
76857.56  75927.56 
76857.57  76471.5 
76858.56  76909.14 
76858.56  75928.56 
76858.57  76471.7 
76859.0  75929.0 
76860.2  75930.2 
76861.0  75931.0 
76862.0  75932.0 
76863.0  75933.0 
76864.0  75934.0 
76865.0  75935.0 
76866.0  75936.0 
76867.0  75937.0 
76868.1  76910.1 
76868.2  76911.1 
76868.3  76912.1 
76869.0  75939.0 
76870.0  75940.0 
76871.0  75941.0 
76872.0  75942.0 
76873.0  75943.0 
76874.0  75944.0 
76875.0  75945.0 
76876.0  75946.0 
76877.28  75947.28 
76877.29  76471.6 
76878.0  75948.0 
76879.0  75949.0 
76880.0  75950.0 
76881.0  75951.0 
76882.65  76909.11 
76882.66  76909.13 
76882.66  75952.66 
76883.0  75953.0 
76885.1  76913.1 
76886.0  75956.0 
76887.0  75957.0 
76889.0  75959.0 
76890.0  75960.0 
76891.0  75961.0 
76892.0  75962.0 
76893.0  75963.0 
76894.0  75964.0 
76895.0  75965.0 
76896.0  71021.0 
76897.0  71022.0 
76898.0  71023.0 
76899.1  76471.9 
76900.0  75966.0 
76901.0  75967.0 
76902.0  75968.0 
76903.0  75969.0 
76904.1  76915.0 
76904.1  76454.0 
76904.1  76467.0 
76904.1  76458.0 
76904.1  76457.0 
76904.1  76463.0 
76904.1  76468.0 
76904.1  76469.0 
76904.1  76916.1 
76904.1  76917.1 
76904.1  76918.1 
76904.1  76919.1 
76904.1  76920.1 
76905.0  75971.0 
76906.1  76921.1 
76907.1  76922.1 
76908.1  76923.1 
76909.12  76924.0 
76909.13  75952.65 
76909.14  76925.1 
76909.14  75541.14 
76910.1  76926.0 
76910.1  76454.0 
76910.1  76927.0 
76910.1  76928.0 
76910.1  76457.0 
76910.1  76929.0 
76910.1  76455.0 
76910.1  76930.0 
76910.1  76458.0 
76910.1  76460.0 
76910.1  76931.0 
76910.1  76463.0 
76910.1  76932.2 
76911.1  76934.0 
76911.1  76454.0 
76911.1  76927.0 
76911.1  76928.0 
76911.1  76455.0 
76911.1  76457.0 
76911.1  76929.0 
76911.1  76458.0 
76911.1  76930.0 
76911.1  76460.0 
76911.1  76935.0 
76911.1  76463.0 
76911.1  76868.1 
76912.1  76936.0 
76912.1  76454.0 
76912.1  76457.0 
76912.1  76868.2 
76913.1  76938.0 
76913.1  76454.0 
76913.1  76939.0 
76913.1  76457.0 
76913.1  76463.0 
76913.1  76469.0 
76913.1  76514.0 
76913.1  76940.2 
76913.1  76940.3 
76913.1  76940.4 
76913.1  76940.5 
76913.1  76940.6 
76913.1  76940.7 
76914.1  76466.0 
76914.1  76454.0 
76914.1  76457.0 
76915.0  75981.0 
76916.1  76941.1 
76917.1  76942.1 
76918.1  76943.1 
76919.1  76944.1 
76920.1  76945.1 
76921.1  76946.0 
76921.1  76454.0 
76921.1  76457.0 
76921.1  76463.0 
76922.1  76947.0 
76922.1  76454.0 
76922.1  76457.0 
76922.1  76463.0 
76923.1  76949.0 
76923.1  76454.0 
76923.1  76457.0 
76924.0  74956.0 
76925.1  76909.11 
76926.0  75991.0 
76927.0  75992.0 
76928.0  75993.0 
76929.0  75994.0 
76930.0  75995.0 
76932.1  76950.1 
76932.2  76951.1 
76933.1  76953.0 
76933.1  76454.0 
76933.1  76467.0 
76933.1  76458.0 
76933.1  76457.0 
76933.1  76463.0 
76933.1  76468.0 
76933.1  76469.0 
76933.1  76519.0 
76933.1  76520.0 
76933.1  76521.0 
76933.1  76954.1 
76933.1  76955.1 
76933.2  76956.1 
76933.3  76957.1 
76934.0  75999.0 
76936.0  76001.0 
76937.1  76958.0 
76937.1  76454.0 
76937.1  76467.0 
76937.1  76458.0 
76937.1  76457.0 
76937.1  76463.0 
76937.1  76468.0 
76937.1  76469.0 
76938.0  76003.0 
76939.0  76004.0 
76940.1  76959.1 
76940.2  76959.2 
76940.3  76959.3 
76940.4  76959.4 
76940.5  76959.5 
76940.6  76959.6 
76940.7  76959.7 
76941.1  76947.0 
76941.1  76454.0 
76941.1  76457.0 
76941.1  76463.0 
76942.1  76946.0 
76942.1  76454.0 
76942.1  76457.0 
76942.1  76463.0 
76943.1  76960.0 
76943.1  76454.0 
76943.1  76457.0 
76943.1  76463.0 
76944.1  76960.0 
76944.1  76454.0 
76944.1  76457.0 
76944.1  76463.0 
76945.1  76960.0 
76945.1  76454.0 
76945.1  76457.0 
76945.1  76463.0 
76946.0  76011.0 
76947.0  76012.0 
76949.0  76014.0 
76950.1  76926.0 
76950.1  76454.0 
76950.1  76927.0 
76950.1  76928.0 
76950.1  76457.0 
76950.1  76929.0 
76950.1  76455.0 
76950.1  76930.0 
76950.1  76458.0 
76950.1  76460.0 
76950.1  76962.0 
76950.1  76463.0 
76950.1  76963.1 
76951.1  76934.0 
76951.1  76454.0 
76951.1  76927.0 
76951.1  76928.0 
76951.1  76455.0 
76951.1  76457.0 
76951.1  76929.0 
76951.1  76458.0 
76951.1  76930.0 
76951.1  76460.0 
76951.1  76965.0 
76951.1  76463.0 
76951.1  76932.1 
76952.1  76934.0 
76952.1  76454.0 
76952.1  76927.0 
76952.1  76928.0 
76952.1  76455.0 
76952.1  76457.0 
76952.1  76929.0 
76952.1  76458.0 
76952.1  76930.0 
76952.1  76460.0 
76952.1  76966.0 
76952.1  76463.0 
76953.0  76018.0 
76954.1  76967.0 
76955.1  76968.1 
76956.1  76969.1 
76957.1  76970.1 
76958.0  76023.0 
76959.1  76971.0 
76959.1  76454.0 
76959.1  76972.0 
76959.1  76458.0 
76959.1  76457.0 
76959.1  76973.0 
76959.1  76463.0 
76959.1  76974.0 
76959.1  76975.0 
76959.1  76468.0 
76959.1  76976.0 
76959.1  76977.0 
76959.1  76978.0 
76959.1  76469.0 
76959.1  76979.0 
76959.1  76980.0 
76959.1  76981.0 
76959.1  76982.0 
76959.1  76983.0 
76959.1  76984.0 
76959.1  76985.0 
76959.1  76986.0 
76959.1  76987.0 
76959.1  76988.0 
76959.1  76989.0 
76959.1  76990.0 
76959.1  76991.0 
76959.1  76992.0 
76959.1  76993.0 
76959.1  76994.0 
76959.1  76995.0 
76959.1  76996.0 
76959.1  76997.0 
76959.1  76998.0 
76959.1  76999.0 
76959.1  77000.0 
76959.1  77001.0 
76959.1  77002.0 
76959.1  77003.0 
76959.1  77004.0 
76959.1  77005.0 
76959.1  77006.0 
76959.1  77007.0 
76959.1  77008.0 
76959.1  77009.0 
76959.1  77010.0 
76959.1  77011.0 
76959.1  77012.0 
76959.1  77013.0 
76959.1  77014.0 
76959.1  77015.0 
76959.1  77016.0 
76959.1  77017.0 
76959.1  77018.0 
76959.1  77019.0 
76959.1  77020.0 
76959.1  77021.0 
76959.1  77022.0 
76959.1  77023.0 
76959.1  77024.0 
76959.1  77025.0 
76959.1  77026.0 
76959.1  77027.0 
76959.1  77028.0 
76959.1  77029.0 
76959.1  77030.0 
76959.1  77031.0 
76959.1  77032.0 
76959.1  77033.0 
76959.1  77034.0 
76959.1  77035.0 
76959.1  77036.0 
76959.1  77037.0 
76959.1  77038.0 
76959.1  77039.0 
76959.1  77040.0 
76959.1  77041.0 
76959.1  77042.0 
76959.1  77043.0 
76959.1  77044.0 
76959.1  77045.0 
76959.1  77046.0 
76959.1  77047.0 
76959.1  77048.0 
76959.1  77049.0 
76959.1  77050.0 
76959.2  77051.0 
76959.2  77052.0 
76959.2  77053.0 
76959.2  77054.0 
76959.2  77055.0 
76959.2  77056.0 
76959.2  77057.0 
76959.2  77058.0 
76959.2  77059.0 
76959.2  77060.0 
76959.2  77061.0 
76959.2  77062.0 
76959.2  77063.0 
76959.2  77064.0 
76959.2  77065.0 
76959.2  77066.0 
76959.2  77067.0 
76959.2  77068.0 
76959.2  77069.0 
76959.2  77070.0 
76959.2  77071.0 
76959.2  77072.0 
76959.2  77073.0 
76959.2  77074.0 
76959.2  77075.0 
76959.2  77076.0 
76959.2  77077.0 
76959.2  77078.0 
76959.2  77079.0 
76959.2  77080.0 
76959.2  77081.0 
76959.2  77082.0 
76959.2  77083.0 
76959.2  77084.0 
76959.2  77085.0 
76959.2  77086.0 
76959.2  77087.0 
76959.2  77088.0 
76959.2  77089.0 
76959.2  77090.0 
76959.2  77091.0 
76959.2  77092.0 
76959.2  77093.0 
76959.2  77094.0 
76959.2  77095.0 
76959.2  77096.0 
76959.2  77097.0 
76959.2  77098.0 
76959.2  77099.0 
76959.2  77100.0 
76959.2  77101.0 
76959.2  77102.0 
76959.2  77103.0 
76959.2  77104.0 
76959.2  77105.0 
76959.2  77106.0 
76959.2  77107.0 
76959.2  77108.0 
76959.2  77109.0 
76959.2  77110.0 
76959.2  77111.0 
76959.2  77112.0 
76959.2  77113.0 
76959.2  77114.0 
76959.2  77115.0 
76959.2  77116.0 
76959.2  77117.0 
76959.2  77118.0 
76959.2  77119.0 
76959.2  77120.0 
76959.2  77121.0 
76959.2  77122.0 
76959.2  77123.0 
76959.2  77124.0 
76959.2  77125.0 
76959.2  77126.0 
76959.2  77127.0 
76959.2  77128.0 
76959.3  77129.0 
76959.3  77130.0 
76959.3  77131.0 
76959.3  77132.0 
76959.3  77133.0 
76959.3  77134.0 
76959.3  77135.0 
76959.3  77136.0 
76959.3  77137.0 
76959.3  77138.0 
76959.3  77139.0 
76959.3  77140.0 
76959.3  77141.0 
76959.3  77142.0 
76959.3  77143.0 
76959.3  77144.0 
76959.3  77145.0 
76959.3  77146.0 
76959.3  77147.0 
76959.3  77148.0 
76959.3  77149.0 
76959.3  77150.0 
76959.3  77151.0 
76959.3  77152.0 
76959.3  77153.0 
76959.3  77154.0 
76959.3  77155.0 
76959.3  77156.0 
76959.3  77157.0 
76959.3  77158.0 
76959.3  77159.0 
76959.3  77160.0 
76959.3  77161.0 
76959.3  77162.0 
76959.3  77163.0 
76959.3  77164.0 
76959.3  77165.0 
76959.3  77166.0 
76959.3  77167.0 
76959.3  77168.0 
76959.3  77169.0 
76959.3  77170.0 
76959.3  77171.0 
76959.3  77172.0 
76959.3  77173.0 
76959.3  77174.0 
76959.3  77175.0 
76959.3  77176.0 
76959.3  77177.0 
76959.3  77178.0 
76959.3  77179.0 
76959.3  77180.0 
76959.3  77181.0 
76959.3  77182.0 
76959.3  77183.0 
76959.3  77184.0 
76959.3  77185.0 
76959.3  77186.0 
76959.3  77187.0 
76959.3  77188.0 
76959.3  77189.0 
76959.3  77190.0 
76959.3  77191.0 
76959.3  77192.0 
76959.3  77193.0 
76959.3  77194.0 
76959.3  77195.0 
76959.3  77196.0 
76959.3  77197.0 
76959.3  77198.0 
76959.3  77199.0 
76959.3  77200.0 
76959.3  77201.0 
76959.3  77202.0 
76959.3  77203.0 
76959.3  77204.0 
76959.3  77205.0 
76959.3  77206.0 
76959.3  77207.0 
76959.4  77208.0 
76959.4  77209.0 
76959.4  77210.0 
76959.4  77211.0 
76959.4  77212.0 
76959.4  77213.0 
76959.4  77214.0 
76959.4  77215.0 
76959.4  77216.0 
76959.4  77217.0 
76959.4  77218.0 
76959.4  77219.0 
76959.4  77220.0 
76959.4  77221.0 
76959.4  77222.0 
76959.4  77223.0 
76959.4  77224.0 
76959.4  77225.0 
76959.4  77226.0 
76959.4  77227.0 
76959.4  77228.0 
76959.4  77229.0 
76959.4  77230.0 
76959.4  77231.0 
76959.4  77232.0 
76959.4  77233.0 
76959.4  77234.0 
76959.4  77235.0 
76959.4  77236.0 
76959.4  77237.0 
76959.4  77238.0 
76959.4  77239.0 
76959.4  77240.0 
76959.4  77241.0 
76959.4  77242.0 
76959.4  77243.0 
76959.4  77244.0 
76959.4  77245.0 
76959.4  77246.0 
76959.5  77247.0 
76959.5  77248.0 
76959.5  77249.0 
76959.5  77250.0 
76959.5  77251.0 
76959.5  77252.0 
76959.5  77253.0 
76959.5  77254.0 
76959.5  77255.0 
76959.5  77256.0 
76959.5  77257.0 
76959.5  77258.0 
76959.5  77259.0 
76959.5  77260.0 
76959.5  77261.0 
76959.5  77262.0 
76959.5  77263.0 
76959.5  77264.0 
76959.5  77265.0 
76959.5  77266.0 
76959.5  77267.0 
76959.5  77268.0 
76959.5  77269.0 
76959.5  77270.0 
76959.5  77271.0 
76959.5  77272.0 
76959.5  77273.0 
76959.5  77274.0 
76959.5  77275.0 
76959.5  77276.0 
76959.5  77277.0 
76959.5  77278.0 
76959.5  77279.0 
76959.5  77280.0 
76959.5  77281.0 
76959.5  77282.0 
76959.5  77283.0 
76959.5  77284.0 
76959.5  77285.0 
76959.5  77286.0 
76959.5  77287.0 
76959.5  77288.0 
76959.5  77289.0 
76959.5  77290.0 
76959.5  77291.0 
76959.5  77292.0 
76959.5  77293.0 
76959.5  77294.0 
76959.6  77295.0 
76959.6  77296.0 
76959.6  77297.0 
76959.6  77298.0 
76959.6  77299.0 
76959.6  77300.0 
76959.6  77301.0 
76959.6  77302.0 
76959.6  77303.0 
76959.6  77304.0 
76959.6  77305.0 
76959.6  77306.0 
76959.6  77307.0 
76959.6  77308.0 
76959.6  77309.0 
76959.6  77310.0 
76959.6  77311.0 
76959.6  77312.0 
76959.6  77313.0 
76959.6  77314.0 
76959.6  77315.0 
76959.6  77316.0 
76959.6  77317.0 
76959.6  77318.0 
76959.6  77319.0 
76959.6  77320.0 
76959.6  77321.0 
76959.7  77322.0 
76959.7  77323.0 
76959.7  77324.0 
76959.7  77325.0 
76959.7  77326.0 
76959.7  77327.0 
76959.7  77328.0 
76959.7  77329.0 
76959.7  77330.0 
76959.7  77331.0 
76959.7  77332.0 
76959.7  77333.0 
76959.7  77334.0 
76959.7  77335.0 
76959.7  77336.0 
76959.7  77337.0 
76959.7  77338.0 
76959.7  77339.0 
76959.7  77340.0 
76959.7  77341.0 
76959.7  77342.0 
76959.7  77343.0 
76959.7  77344.0 
76959.7  77345.0 
76959.7  77346.0 
76959.7  77347.0 
76959.7  77348.0 
76959.7  77349.0 
76959.7  77350.0 
76959.7  77351.0 
76959.7  77352.0 
76959.7  77353.0 
76959.7  77354.0 
76959.7  77355.0 
76959.7  77356.0 
76959.7  77357.0 
76959.7  77358.0 
76959.7  77359.0 
76959.7  77360.0 
76959.7  77361.0 
76959.7  77362.0 
76960.0  76025.0 
76961.1  77364.0 
76961.1  75524.0 
76961.1  75537.0 
76961.1  75528.0 
76961.1  75527.0 
76961.1  75533.0 
76961.1  75538.0 
76961.1  75539.0 
76961.1  75589.0 
76961.1  75590.0 
76961.1  75591.0 
76961.1  77365.1 
76961.1  77366.1 
76961.1  75584.0 
76961.1  75596.0 
76961.1  77367.1 
76963.1  77368.1 
76964.1  75535.1 
76968.1  77370.0 
76968.1  76454.0 
76968.1  76457.0 
76968.1  76463.0 
76968.1  76469.0 
76968.1  77371.1 
76969.1  77370.0 
76969.1  76454.0 
76969.1  76457.0 
76969.1  76463.0 
76969.1  76469.0 
76969.1  77373.1 
76970.1  77370.0 
76970.1  76454.0 
76970.1  76457.0 
76970.1  76463.0 
76970.1  76469.0 
76970.1  77375.1 
76971.0  76036.0 
76972.0  76037.0 
76973.0  76038.0 
76975.0  76040.0 
76976.0  76041.0 
76977.0  76042.0 
76978.0  76043.0 
76979.0  76044.0 
76980.0  76045.0 
76981.0  76046.0 
76982.0  76047.0 
76983.0  76048.0 
76984.0  76049.0 
76985.0  76050.0 
76986.0  76051.0 
76987.0  76052.0 
76988.0  76053.0 
76989.0  76054.0 
76990.0  76055.0 
76991.0  76056.0 
76992.0  76057.0 
76993.0  76058.0 
76994.0  76059.0 
76995.0  76060.0 
76996.0  76061.0 
76997.0  76062.0 
76998.0  76063.0 
76999.0  76064.0 
77000.0  76065.0 
77001.0  76066.0 
77002.0  76067.0 
77003.0  76068.0 
77004.0  76069.0 
77005.0  76070.0 
77006.0  76071.0 
77007.0  76072.0 
77008.0  76073.0 
77009.0  76074.0 
77010.0  76075.0 
77011.0  76076.0 
77012.0  76077.0 
77013.0  76078.0 
77014.0  76079.0 
77015.0  76080.0 
77016.0  76081.0 
77017.0  76082.0 
77018.0  76083.0 
77019.0  76084.0 
77020.0  76085.0 
77021.0  76086.0 
77022.0  76087.0 
77023.0  76088.0 
77024.0  76089.0 
77025.0  76090.0 
77026.0  76091.0 
77027.0  76092.0 
77028.0  76093.0 
77029.0  76094.0 
77030.0  76095.0 
77031.0  76096.0 
77032.0  76097.0 
77033.0  76098.0 
77034.0  76099.0 
77035.0  76100.0 
77036.0  76101.0 
77037.0  76102.0 
77038.0  76103.0 
77039.0  76104.0 
77040.0  76105.0 
77041.0  76106.0 
77042.0  76107.0 
77043.0  76108.0 
77044.0  76109.0 
77045.0  76110.0 
77046.0  76111.0 
77047.0  76112.0 
77048.0  76113.0 
77049.0  76114.0 
77050.0  76115.0 
77051.0  76116.0 
77052.0  76117.0 
77053.0  76118.0 
77054.0  76119.0 
77055.0  76120.0 
77056.0  76121.0 
77057.0  76122.0 
77058.0  76123.0 
77059.0  76124.0 
77060.0  76125.0 
77061.0  76126.0 
77062.0  76127.0 
77063.0  76128.0 
77064.0  76129.0 
77065.0  76130.0 
77066.0  76131.0 
77067.0  76132.0 
77068.0  76133.0 
77069.0  76134.0 
77070.0  76135.0 
77071.0  76136.0 
77072.0  76137.0 
77073.0  76138.0 
77074.0  76139.0 
77075.0  76140.0 
77076.0  76141.0 
77077.0  76142.0 
77078.0  76143.0 
77079.0  76144.0 
77080.0  76145.0 
77081.0  76146.0 
77082.0  76147.0 
77083.0  76148.0 
77084.0  76149.0 
77085.0  76150.0 
77086.0  76151.0 
77087.0  76152.0 
77088.0  76153.0 
77089.0  76154.0 
77090.0  76155.0 
77091.0  76156.0 
77092.0  76157.0 
77093.0  76158.0 
77094.0  76159.0 
77095.0  76160.0 
77096.0  76161.0 
77097.0  76162.0 
77098.0  76163.0 
77099.0  76164.0 
77100.0  76165.0 
77101.0  76166.0 
77102.0  76167.0 
77103.0  76168.0 
77104.0  76169.0 
77105.0  76170.0 
77106.0  76171.0 
77107.0  76172.0 
77108.0  76173.0 
77109.0  76174.0 
77110.0  76175.0 
77111.0  76176.0 
77112.0  76177.0 
77113.0  76178.0 
77114.0  76179.0 
77115.0  76180.0 
77116.0  76181.0 
77117.0  76182.0 
77118.0  76183.0 
77119.0  76184.0 
77120.0  76185.0 
77121.0  76186.0 
77122.0  76187.0 
77123.0  76188.0 
77124.0  76189.0 
77125.0  76190.0 
77126.0  76191.0 
77127.0  76192.0 
77128.0  76193.0 
77129.0  76194.0 
77130.0  76195.0 
77131.0  76196.0 
77132.0  76197.0 
77133.0  76198.0 
77134.0  76199.0 
77135.0  76200.0 
77136.0  76201.0 
77137.0  76202.0 
77138.0  76203.0 
77139.0  76204.0 
77140.0  76205.0 
77141.0  76206.0 
77142.0  76207.0 
77143.0  76208.0 
77144.0  76209.0 
77145.0  76210.0 
77146.0  76211.0 
77147.0  76212.0 
77148.0  76213.0 
77149.0  76214.0 
77150.0  76215.0 
77151.0  76216.0 
77152.0  76217.0 
77153.0  76218.0 
77154.0  76219.0 
77155.0  76220.0 
77156.0  76221.0 
77157.0  76222.0 
77158.0  76223.0 
77159.0  76224.0 
77160.0  76225.0 
77161.0  76226.0 
77162.0  76227.0 
77163.0  76228.0 
77164.0  76229.0 
77165.0  76230.0 
77166.0  76231.0 
77167.0  76232.0 
77168.0  76233.0 
77169.0  76234.0 
77170.0  76235.0 
77171.0  76236.0 
77172.0  76237.0 
77173.0  76238.0 
77174.0  76239.0 
77175.0  76240.0 
77176.0  76241.0 
77178.0  76243.0 
77179.0  76244.0 
77180.0  76245.0 
77181.0  76246.0 
77182.0  76247.0 
77183.0  76248.0 
77184.0  76249.0 
77185.0  76250.0 
77186.0  76251.0 
77187.0  76252.0 
77188.0  76253.0 
77189.0  76254.0 
77190.0  76255.0 
77191.0  76256.0 
77192.0  76257.0 
77193.0  76258.0 
77194.0  76259.0 
77195.0  76260.0 
77196.0  76261.0 
77197.0  76262.0 
77198.0  76263.0 
77199.0  76264.0 
77200.0  76265.0 
77201.0  76266.0 
77202.0  76267.0 
77203.0  76268.0 
77204.0  76269.0 
77205.0  76270.0 
77206.0  76271.0 
77207.0  76272.0 
77208.0  76273.0 
77209.0  76274.0 
77210.0  76275.0 
77211.0  76276.0 
77212.0  76277.0 
77213.0  76278.0 
77214.0  76279.0 
77215.0  76280.0 
77216.0  76281.0 
77217.0  76282.0 
77218.0  76283.0 
77219.0  76284.0 
77220.0  76285.0 
77221.0  76286.0 
77222.0  76287.0 
77223.0  76288.0 
77224.0  76289.0 
77225.0  76290.0 
77226.0  76291.0 
77227.0  76292.0 
77228.0  76293.0 
77229.0  76294.0 
77230.0  76295.0 
77231.0  76296.0 
77232.0  76297.0 
77233.0  76298.0 
77234.0  76299.0 
77235.0  76300.0 
77236.0  76301.0 
77237.0  76302.0 
77238.0  76303.0 
77239.0  76304.0 
77240.0  76305.0 
77241.0  76306.0 
77242.0  76307.0 
77243.0  76308.0 
77244.0  76309.0 
77245.0  76310.0 
77246.0  76311.0 
77247.0  76312.0 
77248.0  76313.0 
77249.0  76314.0 
77250.0  76315.0 
77251.0  76316.0 
77252.0  76317.0 
77253.0  76318.0 
77254.0  76319.0 
77255.0  76320.0 
77256.0  76321.0 
77257.0  76322.0 
77258.0  76323.0 
77259.0  76324.0 
77260.0  76325.0 
77261.0  76326.0 
77262.0  76327.0 
77263.0  76328.0 
77264.0  76329.0 
77265.0  76330.0 
77266.0  76331.0 
77267.0  76332.0 
77268.0  76333.0 
77269.0  76334.0 
77270.0  76335.0 
77271.0  76336.0 
77272.0  76337.0 
77273.0  76338.0 
77274.0  76339.0 
77275.0  76340.0 
77276.0  76341.0 
77277.0  76342.0 
77278.0  76343.0 
77279.0  76344.0 
77280.0  76345.0 
77281.0  76346.0 
77282.0  76347.0 
77283.0  76348.0 
77284.0  76349.0 
77285.0  76350.0 
77286.0  76351.0 
77287.0  76352.0 
77288.0  76353.0 
77289.0  76354.0 
77290.0  76355.0 
77291.0  76356.0 
77292.0  76357.0 
77293.0  76358.0 
77294.0  76359.0 
77295.0  76360.0 
77296.0  76361.0 
77297.0  76362.0 
77298.0  76363.0 
77299.0  76364.0 
77300.0  76365.0 
77301.0  76366.0 
77302.0  76367.0 
77303.0  76368.0 
77304.0  76369.0 
77305.0  76370.0 
77306.0  76371.0 
77307.0  76372.0 
77308.0  76373.0 
77309.0  76374.0 
77310.0  76375.0 
77311.0  76376.0 
77312.0  76377.0 
77313.0  76378.0 
77314.0  76379.0 
77315.0  76380.0 
77316.0  76381.0 
77317.0  76382.0 
77318.0  76383.0 
77319.0  76384.0 
77320.0  76385.0 
77321.0  76386.0 
77322.0  76387.0 
77323.0  76388.0 
77324.0  76389.0 
77325.0  76390.0 
77326.0  76391.0 
77327.0  76392.0 
77328.0  76393.0 
77329.0  76394.0 
77330.0  76395.0 
77331.0  76396.0 
77332.0  76397.0 
77333.0  76398.0 
77363.1  75991.0 
77363.1  75524.0 
77363.1  75992.0 
77363.1  75993.0 
77363.1  75527.0 
77363.1  75994.0 
77363.1  75525.0 
77363.1  75995.0 
77363.1  75528.0 
77363.1  75530.0 
77363.1  77376.0 
77363.1  75533.0 
77363.1  75938.3 
77364.0  75431.0 
77365.1  77377.1 
77366.1  77378.1 
77367.1  77379.1 
77368.1  77380.0 
77368.1  75524.0 
77368.1  75527.0 
77368.1  77381.3 
77370.0  76431.0 
77371.1  77382.0 
77373.1  77383.0 
77375.1  77384.0 
77377.1  76431.0 
77377.1  75524.0 
77377.1  75527.0 
77377.1  75533.0 
77377.1  75539.0 
77377.1  77386.1 
77378.1  77387.0 
77378.1  75524.0 
77378.1  75527.0 
77378.1  75533.0 
77378.1  77388.37 
77379.1  77387.0 
77379.1  75524.0 
77379.1  75527.0 
77379.1  75533.0 
77379.1  77389.37 
77380.0  75488.0 
77381.3  75938.3 
77386.1  77390.0 
77387.0  75505.0 
77388.36  75506.36 
77388.37  77391.1 
77388.38  76933.1 
77389.36  75507.36 
77389.37  77391.2 
77389.38  76933.2 
77391.3  75998.3 
76471.12  76839.7 
76451.0  76452.0 
76452.0  76465.0 
76471.0  76472.0 
76472.0  76904.0 
76904.0  76914.0 
76910.0  76465.0 
76911.0  76933.0 
76912.0  76933.0 
76913.0  76937.0 
76914.0  76465.0 
76921.0  76472.0 
76922.0  76472.0 
76923.0  76948.0 
76933.0  76952.0 
76937.0  76471.0 
76941.0  76904.0 
76942.0  76904.0 
76943.0  76904.0 
76944.0  76904.0 
76945.0  76904.0 
76948.0  76472.0 
76950.0  76961.0 
76951.0  76964.0 
76952.0  76465.0 
76959.0  76937.0 
76961.0  77363.0 
76967.0  76933.0 
76968.0  77369.0 
76969.0  77372.0 
76970.0  77374.0 
77363.0  76964.0 
77368.0  76961.0 
77369.0  76933.0 
77372.0  76933.0 
77374.0  76933.0 
77377.0  77385.0 
77378.0  76961.0 
77379.0  76961.0 
77382.0  77369.0 
77383.0  77372.0 
77384.0  77374.0 
77385.0  76961.0 
77390.0  77385.0 
76470.1  76471.11 
77392.1  76471.12 
77393.1  76471.12 
