43001.1  43003.0 
43001.1  43004.0 
43001.1  43005.0 
43001.1  43006.0 
43001.1  43007.0 
43001.1  43008.0 
43001.1  43009.0 
43001.1  43010.0 
43001.1  43011.0 
43001.1  43012.0 
43001.1  43013.0 
43001.1  43014.0 
43001.1  43015.0 
43001.1  43016.0 
43001.1  43017.0 
43001.1  43018.0 
43001.1  43019.0 
43001.1  43020.0 
43001.1  43021.0 
43001.1  43022.0 
43001.1  43023.0 
43001.1  43024.0 
43001.1  43025.0 
43001.1  43026.0 
43001.1  43027.0 
43001.1  43028.0 
43001.1  43029.0 
43001.1  43030.0 
43001.1  43031.0 
43001.1  43032.0 
43001.1  43033.0 
43001.1  43034.0 
43001.1  43035.0 
43001.1  43036.0 
43001.1  43037.0 
43001.1  43038.0 
43001.1  43039.0 
43001.1  43040.0 
43001.1  43041.0 
43001.1  43042.0 
43001.1  43043.0 
43001.1  43044.0 
43001.1  43045.0 
43001.1  43046.0 
43001.1  43047.0 
43001.1  43048.0 
43001.1  43049.0 
43001.1  43050.0 
43001.1  43051.0 
43001.1  43052.0 
43001.1  43053.0 
43001.1  43054.0 
43001.1  43055.0 
43001.1  43056.0 
43001.1  43057.0 
43001.1  43058.0 
43001.1  43059.0 
43001.1  43060.0 
43001.1  43061.0 
43001.1  43062.0 
43001.1  43063.0 
43001.1  43064.0 
43001.1  43065.0 
43001.1  43066.0 
43001.1  43067.0 
43001.1  43068.0 
43001.1  43069.0 
43001.1  43070.0 
43001.1  43071.0 
43001.1  43072.0 
43001.1  43073.0 
43001.1  43074.0 
43001.1  43075.0 
43001.1  43076.0 
43001.1  43077.0 
43001.1  43078.0 
43001.1  43079.0 
43001.1  43080.0 
43001.1  43081.0 
43001.1  43082.0 
43001.1  43083.0 
43001.1  43084.0 
43001.1  43085.0 
43001.1  43086.0 
43001.1  43087.0 
43001.1  43088.0 
43001.1  43089.0 
43001.1  43090.0 
43001.1  43091.0 
43001.1  43092.0 
43001.1  43093.0 
43001.1  43094.0 
43001.1  43095.0 
43001.1  43096.0 
43001.1  43097.0 
43001.1  43098.0 
43001.1  43099.0 
43001.1  43100.0 
43001.1  43101.0 
43001.1  43102.0 
43001.1  43103.0 
43001.1  43104.0 
43001.1  43105.0 
43001.1  43106.0 
43001.1  43107.0 
43001.1  43108.0 
43001.1  43109.0 
43001.1  43110.0 
43001.1  43111.0 
43001.1  43112.0 
43001.1  43113.0 
43001.1  43114.0 
43001.1  43115.0 
43001.1  43116.0 
43001.1  43117.0 
43001.1  43118.0 
43001.1  43119.0 
43001.1  43120.0 
43001.1  43121.0 
43001.1  43122.0 
43001.1  43123.0 
43001.1  43124.0 
43001.1  43125.0 
43001.1  43126.0 
43001.1  43127.0 
43001.1  43128.0 
43001.1  43129.0 
43001.1  43130.0 
43001.1  43131.0 
43001.1  43132.0 
43001.1  43133.0 
43001.1  43134.0 
43001.1  43135.0 
43001.1  43136.0 
43001.1  43137.0 
43001.1  43138.0 
43001.1  43139.0 
43001.1  43140.0 
43001.1  43141.0 
43001.1  43142.0 
43001.1  43143.0 
43001.1  43144.0 
43001.1  43145.0 
43001.1  43146.0 
43001.1  43147.0 
43001.1  43148.0 
43001.1  43149.0 
43001.1  43150.0 
43001.1  43151.0 
43001.1  43152.0 
43001.1  43153.0 
43001.1  43154.0 
43001.1  43155.0 
43001.1  43156.0 
43001.1  43157.0 
43001.1  43158.0 
43001.1  43159.0 
43001.1  43160.0 
43001.1  43161.0 
43001.1  43162.0 
43001.1  43163.0 
43001.1  43164.0 
43001.1  43165.0 
43001.1  43166.0 
43001.1  43167.0 
43001.1  43168.0 
43001.1  43169.0 
43001.1  43170.0 
43001.1  43171.0 
43001.1  43172.1 
43001.1  43173.0 
43001.1  43174.0 
43001.1  43175.0 
43001.1  43176.0 
43001.1  43177.0 
43001.1  43178.0 
43001.2  43179.0 
43001.2  43180.0 
43001.2  43181.0 
43001.2  43182.0 
43001.2  43183.0 
43001.2  43184.0 
43001.2  43185.0 
43001.2  43186.0 
43001.2  43187.0 
43001.2  43188.0 
43001.2  43189.0 
43001.2  43190.0 
43001.2  43191.0 
43001.2  43192.0 
43001.2  43193.0 
43001.2  43194.0 
43001.2  43195.0 
43001.2  43196.0 
43001.2  43197.0 
43001.2  43198.0 
43001.2  43199.0 
43001.2  43200.0 
43001.2  43201.0 
43001.2  43202.0 
43001.2  43203.0 
43001.2  43204.0 
43001.2  43205.0 
43001.2  43206.0 
43001.2  43207.0 
43001.2  43208.0 
43001.2  43209.0 
43001.2  43210.0 
43001.2  43211.0 
43001.2  43212.0 
43001.2  43213.0 
43001.2  43214.0 
43001.2  43215.0 
43001.2  43216.0 
43001.2  43217.0 
43001.2  43218.0 
43001.2  43219.0 
43001.2  43220.0 
43001.2  43221.0 
43001.2  43222.0 
43001.2  43223.0 
43001.2  43224.0 
43001.2  43225.0 
43001.2  43226.0 
43001.2  43227.0 
43001.2  43228.0 
43001.2  43229.0 
43001.2  43230.0 
43001.2  43231.0 
43001.2  43232.0 
43001.2  43233.0 
43001.2  43234.0 
43001.2  43235.0 
43001.2  43236.0 
43001.2  43237.0 
43001.2  43238.0 
43001.2  43239.0 
43001.2  43240.0 
43001.2  43241.0 
43001.2  43242.0 
43001.2  43243.0 
43001.2  43244.0 
43001.2  43245.0 
43001.2  43246.0 
43001.2  43247.0 
43001.2  43248.0 
43001.2  43249.0 
43001.2  43250.0 
43001.2  43251.0 
43001.2  43252.0 
43001.2  43253.0 
43001.2  43254.0 
43001.2  43255.0 
43001.2  43256.0 
43001.2  43257.0 
43001.2  43258.0 
43001.2  43259.0 
43001.2  43260.0 
43001.2  43261.0 
43001.2  43262.0 
43001.2  43263.0 
43001.2  43264.0 
43001.2  43265.0 
43001.2  43266.0 
43001.2  43267.0 
43001.2  43268.0 
43001.2  43269.0 
43001.2  43270.0 
43001.2  43271.0 
43001.2  43272.0 
43001.2  43273.0 
43001.2  43274.0 
43001.2  43275.0 
43001.2  43276.0 
43001.2  43277.0 
43001.2  43278.0 
43001.2  43279.0 
43001.2  43280.0 
43001.2  43281.0 
43001.2  43282.0 
43001.2  43283.0 
43001.2  43284.0 
43001.2  43285.0 
43001.2  43286.0 
43001.2  43287.0 
43001.2  43288.0 
43001.2  43289.0 
43001.2  43290.0 
43001.2  43291.0 
43001.2  43292.0 
43001.2  43293.0 
43001.2  43294.0 
43001.2  43295.0 
43001.2  43296.0 
43001.2  43297.0 
43001.2  43298.0 
43001.2  43299.0 
43001.2  43300.0 
43001.2  43301.0 
43001.2  43302.0 
43001.2  43303.0 
43001.2  43304.0 
43001.2  43305.0 
43001.2  43306.0 
43001.2  43307.0 
43001.2  43308.0 
43001.2  43309.0 
43001.2  43310.0 
43001.2  43311.0 
43001.2  43312.0 
43001.2  43313.0 
43001.2  43314.0 
43001.2  43315.0 
43001.2  43316.0 
43001.2  43317.0 
43001.2  43318.0 
43001.2  43319.0 
43001.2  43320.0 
43001.2  43321.0 
43001.2  43322.0 
43001.2  43323.0 
43001.2  43324.0 
43001.2  43325.0 
43001.2  43326.0 
43001.2  43327.0 
43001.2  43328.0 
43001.2  43329.0 
43001.2  43330.0 
43001.2  43331.0 
43001.2  43332.0 
43001.2  43333.0 
43001.2  43334.0 
43001.2  43335.0 
43001.2  43336.0 
43001.2  43337.0 
43001.2  43338.0 
43001.2  43339.1 
43001.2  43340.0 
43001.2  43341.0 
43001.2  43342.0 
43001.2  43343.0 
43001.2  43344.0 
43001.2  43345.0 
43001.2  43346.0 
43001.2  43347.0 
43001.2  43348.0 
43001.2  43349.0 
43001.2  43350.0 
43001.2  43351.0 
43001.2  43352.0 
43001.2  43353.0 
43001.2  43354.48 
43001.2  43355.48 
43001.2  43356.0 
43001.2  43357.0 
43001.2  43358.0 
43001.2  43359.0 
43001.2  43360.0 
43001.2  43361.0 
43001.2  43362.0 
43001.2  43363.0 
43001.2  43364.0 
43001.2  43365.0 
43001.2  43366.0 
43001.2  43367.0 
43001.2  43368.0 
43001.3  43369.0 
43001.3  43370.0 
43001.3  43371.0 
43001.3  43372.0 
43001.3  43373.0 
43001.3  43374.0 
43001.3  43375.0 
43001.3  43376.0 
43001.3  43377.2 
43001.3  43378.0 
43001.3  43379.0 
43001.3  43380.0 
43001.3  43381.0 
43001.3  43382.0 
43001.3  43383.0 
43001.4  43384.0 
43001.4  43385.0 
43001.4  43386.0 
43001.4  43387.0 
43001.4  26285.1 
43001.4  43388.0 
43001.4  43389.0 
43001.4  43390.0 
43001.4  43391.0 
43001.4  43392.0 
43001.4  43393.1 
43001.4  43394.0 
43001.4  43395.96 
43001.4  43396.96 
43001.4  43397.0 
43001.4  43398.0 
43001.5  43399.0 
43001.5  43400.0 
43001.5  43401.0 
43001.5  43402.0 
43001.5  43403.0 
43001.5  43404.0 
43001.5  43405.0 
43001.5  43406.0 
43001.5  43407.0 
43001.5  43408.3 
43001.5  43409.0 
43001.5  43410.0 
43001.5  43411.0 
43001.5  43412.0 
43001.5  43413.0 
43001.5  43414.0 
43001.5  43415.0 
43001.5  43416.0 
43001.5  43417.47 
43001.5  43418.0 
43001.5  43419.0 
43001.6  43420.0 
43001.6  43421.0 
43001.6  43422.114 
43001.6  43423.0 
43001.6  43424.0 
43001.6  43425.1 
43001.6  43426.0 
43001.6  43427.0 
43001.6  43428.0 
43001.6  43429.0 
43001.6  43430.0 
43001.7  43431.0 
43001.7  43432.0 
43001.7  43433.0 
43001.7  43434.0 
43001.7  43435.0 
43001.8  43436.0 
43001.8  43437.0 
43001.8  43438.0 
43001.8  43377.4 
43001.9  43439.0 
43001.10  43440.0 
43002.1  43442.0 
43002.1  43007.0 
43002.1  43443.0 
43002.1  43012.0 
43002.1  43028.0 
43002.1  43048.0 
43002.1  43168.0 
43002.1  43053.0 
43002.1  43444.1 
43002.1  43445.1 
43002.1  43446.1 
43003.0  41951.0 
43004.0  41952.0 
43005.0  41953.0 
43006.0  41954.0 
43007.0  41955.0 
43008.0  41956.0 
43009.0  41957.0 
43010.0  41958.0 
43011.0  41959.0 
43012.0  41960.0 
43013.0  41961.0 
43014.0  41962.0 
43015.0  41963.0 
43016.0  41964.0 
43017.0  41965.0 
43018.0  41966.0 
43019.0  41967.0 
43020.0  41968.0 
43021.0  41969.0 
43022.0  41970.0 
43023.0  41971.0 
43024.0  41972.0 
43025.0  41973.0 
43026.0  41974.0 
43027.0  41975.0 
43028.0  41976.0 
43029.0  41977.0 
43030.0  41978.0 
43031.0  41979.0 
43032.0  41980.0 
43033.0  41981.0 
43034.0  41982.0 
43035.0  41983.0 
43036.0  41984.0 
43037.0  41985.0 
43038.0  41986.0 
43039.0  41987.0 
43040.0  41988.0 
43041.0  41989.0 
43042.0  41990.0 
43043.0  41991.0 
43044.0  41992.0 
43045.0  41993.0 
43046.0  41994.0 
43047.0  41995.0 
43048.0  41996.0 
43049.0  41997.0 
43050.0  41998.0 
43051.0  41999.0 
43052.0  42000.0 
43053.0  42001.0 
43054.0  42002.0 
43055.0  42003.0 
43056.0  42004.0 
43057.0  42005.0 
43058.0  42006.0 
43059.0  42007.0 
43060.0  42008.0 
43061.0  42009.0 
43062.0  42010.0 
43063.0  42011.0 
43064.0  42012.0 
43065.0  42013.0 
43066.0  42014.0 
43067.0  42015.0 
43068.0  42016.0 
43069.0  42017.0 
43070.0  42018.0 
43071.0  42019.0 
43072.0  42020.0 
43073.0  42021.0 
43074.0  42022.0 
43075.0  42023.0 
43076.0  42024.0 
43077.0  42025.0 
43078.0  42026.0 
43079.0  42027.0 
43080.0  42028.0 
43081.0  42029.0 
43082.0  42030.0 
43083.0  42031.0 
43084.0  42032.0 
43085.0  42033.0 
43086.0  42034.0 
43087.0  42035.0 
43088.0  42036.0 
43089.0  42037.0 
43090.0  42038.0 
43091.0  42039.0 
43092.0  42040.0 
43093.0  42041.0 
43094.0  42042.0 
43095.0  42043.0 
43096.0  42044.0 
43097.0  42045.0 
43098.0  42046.0 
43099.0  42047.0 
43100.0  42048.0 
43101.0  42049.0 
43102.0  42050.0 
43103.0  42051.0 
43104.0  42052.0 
43105.0  42053.0 
43106.0  42054.0 
43107.0  42055.0 
43108.0  42056.0 
43109.0  42057.0 
43110.0  42058.0 
43111.0  42059.0 
43112.0  42060.0 
43113.0  42061.0 
43114.0  42062.0 
43115.0  42063.0 
43116.0  42064.0 
43117.0  42065.0 
43118.0  42066.0 
43119.0  42067.0 
43120.0  42068.0 
43121.0  42069.0 
43122.0  42070.0 
43123.0  42071.0 
43124.0  42072.0 
43125.0  42073.0 
43126.0  42074.0 
43127.0  42075.0 
43128.0  42076.0 
43129.0  42077.0 
43130.0  42078.0 
43131.0  42079.0 
43132.0  42080.0 
43133.0  42081.0 
43134.0  42082.0 
43135.0  42083.0 
43136.0  42084.0 
43137.0  42085.0 
43138.0  42086.0 
43139.0  42087.0 
43140.0  42088.0 
43141.0  42089.0 
43142.0  42090.0 
43143.0  42091.0 
43144.0  42092.0 
43145.0  42093.0 
43146.0  42094.0 
43147.0  42095.0 
43148.0  42096.0 
43149.0  42097.0 
43150.0  42098.0 
43151.0  42099.0 
43152.0  42100.0 
43153.0  42101.0 
43154.0  42102.0 
43155.0  42103.0 
43156.0  42104.0 
43157.0  42105.0 
43158.0  42106.0 
43159.0  42107.0 
43160.0  42108.0 
43161.0  42109.0 
43162.0  42110.0 
43163.0  42111.0 
43164.0  42112.0 
43165.0  42113.0 
43166.0  42114.0 
43167.0  42115.0 
43168.0  42116.0 
43169.0  42117.0 
43170.0  42118.0 
43171.0  42119.0 
43172.1  43447.17 
43173.0  42121.0 
43174.0  42122.0 
43175.0  42123.0 
43176.0  42124.0 
43177.0  42125.0 
43178.0  42126.0 
43179.0  42127.0 
43180.0  42128.0 
43181.0  42129.0 
43182.0  42130.0 
43183.0  42131.0 
43184.0  42132.0 
43185.0  42133.0 
43186.0  42134.0 
43187.0  42135.0 
43188.0  42136.0 
43189.0  42137.0 
43190.0  42138.0 
43191.0  42139.0 
43192.0  42140.0 
43193.0  42141.0 
43194.0  42142.0 
43195.0  42143.0 
43196.0  42144.0 
43197.0  42145.0 
43198.0  42146.0 
43199.0  42147.0 
43200.0  42148.0 
43201.0  42149.0 
43202.0  42150.0 
43203.0  42151.0 
43204.0  42152.0 
43205.0  42153.0 
43206.0  42154.0 
43207.0  42155.0 
43208.0  42156.0 
43209.0  42157.0 
43210.0  42158.0 
43211.0  42159.0 
43212.0  42160.0 
43213.0  42161.0 
43214.0  42162.0 
43215.0  42163.0 
43216.0  42164.0 
43217.0  42165.0 
43218.0  42166.0 
43219.0  42167.0 
43220.0  42168.0 
43221.0  42169.0 
43222.0  42170.0 
43224.0  42172.0 
43225.0  42173.0 
43226.0  42174.0 
43227.0  42175.0 
43228.0  42176.0 
43229.0  42177.0 
43230.0  42178.0 
43231.0  42179.0 
43232.0  42180.0 
43233.0  42181.0 
43234.0  42182.0 
43235.0  42183.0 
43236.0  42184.0 
43237.0  42185.0 
43238.0  42186.0 
43239.0  42187.0 
43240.0  42188.0 
43241.0  42189.0 
43242.0  42190.0 
43243.0  42191.0 
43244.0  42192.0 
43245.0  42193.0 
43246.0  42194.0 
43247.0  42195.0 
43248.0  42196.0 
43249.0  42197.0 
43250.0  42198.0 
43251.0  42199.0 
43252.0  42200.0 
43253.0  42201.0 
43254.0  42202.0 
43255.0  42203.0 
43256.0  42204.0 
43257.0  42205.0 
43258.0  42206.0 
43259.0  42207.0 
43260.0  42208.0 
43261.0  42209.0 
43262.0  42210.0 
43263.0  42211.0 
43264.0  42212.0 
43265.0  42213.0 
43266.0  42214.0 
43267.0  42215.0 
43268.0  42216.0 
43269.0  42217.0 
43270.0  42218.0 
43271.0  42219.0 
43272.0  42220.0 
43273.0  42221.0 
43274.0  42222.0 
43275.0  42223.0 
43276.0  42224.0 
43277.0  42225.0 
43278.0  42226.0 
43279.0  42227.0 
43280.0  42228.0 
43281.0  42229.0 
43282.0  42230.0 
43283.0  42231.0 
43284.0  42232.0 
43285.0  42233.0 
43286.0  42234.0 
43287.0  42235.0 
43288.0  42236.0 
43289.0  42237.0 
43290.0  42238.0 
43291.0  42239.0 
43292.0  42240.0 
43293.0  42241.0 
43294.0  42242.0 
43295.0  42243.0 
43296.0  42244.0 
43297.0  42245.0 
43298.0  42246.0 
43299.0  42247.0 
43300.0  42248.0 
43301.0  42249.0 
43302.0  42250.0 
43303.0  42251.0 
43304.0  42252.0 
43305.0  42253.0 
43306.0  42254.0 
43307.0  42255.0 
43308.0  42256.0 
43309.0  42257.0 
43310.0  42258.0 
43311.0  42259.0 
43312.0  42260.0 
43313.0  42261.0 
43314.0  42262.0 
43315.0  42263.0 
43316.0  42264.0 
43317.0  42265.0 
43318.0  42266.0 
43319.0  42267.0 
43320.0  42268.0 
43321.0  42269.0 
43322.0  42270.0 
43323.0  42271.0 
43324.0  42272.0 
43325.0  42273.0 
43326.0  42274.0 
43327.0  42275.0 
43328.0  42276.0 
43329.0  42277.0 
43330.0  42278.0 
43331.0  42279.0 
43332.0  42280.0 
43333.0  42281.0 
43334.0  42282.0 
43335.0  42283.0 
43336.0  42284.0 
43337.0  42285.0 
43338.0  42286.0 
43339.1  43447.15 
43340.0  42288.0 
43341.0  42289.0 
43342.0  42290.0 
43343.0  42291.0 
43344.0  42292.0 
43345.0  42293.0 
43346.0  42294.0 
43347.0  42295.0 
43348.0  42296.0 
43349.0  42297.0 
43350.0  42298.0 
43351.0  42299.0 
43352.0  42300.0 
43353.0  42301.0 
43354.48  43447.16 
43354.48  42302.48 
43355.48  43447.16 
43355.48  42303.48 
43356.0  42304.0 
43357.0  42305.0 
43358.0  42306.0 
43359.0  42307.0 
43360.0  42308.0 
43361.0  42309.0 
43362.0  42310.0 
43363.0  42311.0 
43364.0  42312.0 
43365.0  42313.0 
43366.0  42314.0 
43367.0  42315.0 
43368.0  42316.0 
43369.0  42317.0 
43370.0  42318.0 
43371.0  42319.0 
43372.0  42320.0 
43373.0  42321.0 
43374.0  42322.0 
43375.0  42323.0 
43376.0  42324.0 
43377.1  43001.1 
43377.2  43001.2 
43377.3  43001.3 
43377.4  43001.7 
43377.5  43001.8 
43377.6  43001.9 
43378.0  42326.0 
43379.0  42327.0 
43380.0  42328.0 
43381.0  42329.0 
43382.0  42330.0 
43383.0  42331.0 
43384.0  42332.0 
43385.0  42333.0 
43386.0  42334.0 
43387.0  42335.0 
43388.0  42336.0 
43389.0  42337.0 
43390.0  42338.0 
43391.0  42339.0 
43392.0  42340.0 
43393.1  43447.17 
43394.0  42342.0 
43395.96  43447.17 
43395.96  42343.96 
43395.97  43001.4 
43396.96  43447.17 
43396.96  42344.96 
43396.97  43001.6 
43397.0  42345.0 
43398.0  42346.0 
43399.0  42347.0 
43400.0  42348.0 
43401.0  42349.0 
43402.0  42350.0 
43403.0  42351.0 
43404.0  42352.0 
43405.0  42353.0 
43406.0  42354.0 
43407.0  42355.0 
43408.1  43448.1 
43408.2  43449.1 
43408.3  43450.1 
43409.0  42357.0 
43410.0  42358.0 
43411.0  42359.0 
43412.0  42360.0 
43413.0  42361.0 
43414.0  42362.0 
43415.0  42363.0 
43416.0  42364.0 
43417.47  42365.47 
43417.48  43001.5 
43418.0  42366.0 
43419.0  42367.0 
43420.0  42368.0 
43421.0  42369.0 
43422.112  43447.10 
43422.113  43447.13 
43422.114  43447.16 
43422.114  42370.114 
43423.0  42371.0 
43425.1  43451.1 
43426.0  42374.0 
43427.0  42375.0 
43429.0  42377.0 
43430.0  42378.0 
43431.0  42379.0 
43432.0  42380.0 
43433.0  42381.0 
43434.0  42382.0 
43435.0  42383.0 
43436.0  42384.0 
43437.0  42385.0 
43438.0  42386.0 
43439.0  42999.0 
43440.0  42387.0 
43441.1  43453.0 
43441.1  43007.0 
43441.1  43443.0 
43441.1  43012.0 
43441.1  43028.0 
43441.1  43048.0 
43441.1  43168.0 
43441.1  43053.0 
43441.1  43454.1 
43441.1  43455.1 
43441.1  43456.1 
43441.1  43457.1 
43441.1  43458.1 
43442.0  42389.0 
43443.0  42390.0 
43444.1  43459.1 
43445.1  43460.1 
43446.1  43461.1 
43447.13  42370.112 
43447.14  42325.9 
43447.15  42421.0 
43447.16  42370.113 
43447.17  43462.1 
43447.17  41949.17 
43448.1  43464.0 
43448.1  43007.0 
43448.1  43465.0 
43448.1  43466.0 
43448.1  43028.0 
43448.1  43467.0 
43448.1  43210.0 
43448.1  43468.0 
43448.1  43012.0 
43448.1  43222.0 
43448.1  43469.0 
43448.1  43048.0 
43448.1  43470.2 
43449.1  43472.0 
43449.1  43007.0 
43449.1  43465.0 
43449.1  43466.0 
43449.1  43210.0 
43449.1  43028.0 
43449.1  43467.0 
43449.1  43012.0 
43449.1  43468.0 
43449.1  43222.0 
43449.1  43473.0 
43449.1  43048.0 
43449.1  43408.1 
43450.1  43474.0 
43450.1  43007.0 
43450.1  43028.0 
43450.1  43408.2 
43451.1  43476.0 
43451.1  43007.0 
43451.1  43477.0 
43451.1  43028.0 
43451.1  43048.0 
43451.1  43053.0 
43451.1  43047.0 
43451.1  43478.2 
43451.1  43478.3 
43451.1  43478.4 
43451.1  43478.5 
43451.1  43478.6 
43451.1  43478.7 
43452.1  43479.0 
43452.1  43007.0 
43452.1  43028.0 
43453.0  42401.0 
43454.1  43480.1 
43455.1  43481.1 
43456.1  43482.1 
43457.1  43483.1 
43458.1  43484.1 
43459.1  43485.0 
43459.1  43007.0 
43459.1  43028.0 
43459.1  43048.0 
43460.1  43486.0 
43460.1  43007.0 
43460.1  43028.0 
43460.1  43048.0 
43461.1  43488.0 
43461.1  43007.0 
43461.1  43028.0 
43462.1  43447.13 
43463.1  43007.0 
43463.1  43443.0 
43463.1  43012.0 
43463.1  43028.0 
43463.1  43048.0 
43463.1  43168.0 
43463.1  43053.0 
43464.0  42425.0 
43465.0  42426.0 
43466.0  42427.0 
43467.0  42428.0 
43468.0  42429.0 
43470.1  43489.1 
43470.2  43490.1 
43471.1  43492.0 
43471.1  43007.0 
43471.1  43443.0 
43471.1  43012.0 
43471.1  43028.0 
43471.1  43048.0 
43471.1  43168.0 
43471.1  43053.0 
43471.1  43054.0 
43471.1  43055.0 
43471.1  43056.0 
43471.1  43493.1 
43471.1  43494.1 
43471.2  43495.1 
43471.3  43496.1 
43472.0  42433.0 
43474.0  42435.0 
43475.1  43497.0 
43475.1  43007.0 
43475.1  43443.0 
43475.1  43012.0 
43475.1  43028.0 
43475.1  43048.0 
43475.1  43168.0 
43475.1  43053.0 
43476.0  42437.0 
43477.0  42438.0 
43478.1  43498.1 
43478.2  43498.2 
43478.3  43498.3 
43478.4  43498.4 
43478.5  43498.5 
43478.6  43498.6 
43478.7  43498.7 
43479.0  42440.0 
43480.1  43486.0 
43480.1  43007.0 
43480.1  43028.0 
43480.1  43048.0 
43481.1  43485.0 
43481.1  43007.0 
43481.1  43028.0 
43481.1  43048.0 
43482.1  43499.0 
43482.1  43007.0 
43482.1  43028.0 
43482.1  43048.0 
43483.1  43499.0 
43483.1  43007.0 
43483.1  43028.0 
43483.1  43048.0 
43484.1  43499.0 
43484.1  43007.0 
43484.1  43028.0 
43484.1  43048.0 
43485.0  42446.0 
43486.0  42447.0 
43488.0  42449.0 
43489.1  43464.0 
43489.1  43007.0 
43489.1  43465.0 
43489.1  43466.0 
43489.1  43028.0 
43489.1  43467.0 
43489.1  43210.0 
43489.1  43468.0 
43489.1  43012.0 
43489.1  43222.0 
43489.1  43501.0 
43489.1  43048.0 
43489.1  43502.1 
43490.1  43472.0 
43490.1  43007.0 
43490.1  43465.0 
43490.1  43466.0 
43490.1  43210.0 
43490.1  43028.0 
43490.1  43467.0 
43490.1  43012.0 
43490.1  43468.0 
43490.1  43222.0 
43490.1  43504.0 
43490.1  43048.0 
43490.1  43470.1 
43491.1  43472.0 
43491.1  43007.0 
43491.1  43465.0 
43491.1  43466.0 
43491.1  43210.0 
43491.1  43028.0 
43491.1  43467.0 
43491.1  43012.0 
43491.1  43468.0 
43491.1  43222.0 
43491.1  43505.0 
43491.1  43048.0 
43492.0  42461.0 
43493.1  43506.0 
43494.1  43507.1 
43495.1  43508.1 
43496.1  43509.1 
43497.0  42466.0 
43498.1  43510.0 
43498.1  43007.0 
43498.1  43511.0 
43498.1  43012.0 
43498.1  43028.0 
43498.1  43512.0 
43498.1  43048.0 
43498.1  43513.0 
43498.1  43514.0 
43498.1  43168.0 
43498.1  43515.0 
43498.1  43516.0 
43498.1  43517.0 
43498.1  43053.0 
43498.1  43518.0 
43498.1  43519.0 
43498.1  43520.0 
43498.1  43521.0 
43498.1  43522.0 
43498.1  43523.0 
43498.1  43524.0 
43498.1  43525.0 
43498.1  43526.0 
43498.1  43527.0 
43498.1  43528.0 
43498.1  43529.0 
43498.1  43530.0 
43498.1  43531.0 
43498.1  43532.0 
43498.1  43533.0 
43498.1  43534.0 
43498.1  43535.0 
43498.1  43536.0 
43498.1  43537.0 
43498.1  43538.0 
43498.1  43539.0 
43498.1  43540.0 
43498.1  43541.0 
43498.1  43542.0 
43498.1  43543.0 
43498.1  43544.0 
43498.1  43545.0 
43498.1  43546.0 
43498.1  43547.0 
43498.1  43548.0 
43498.1  43549.0 
43498.1  43550.0 
43498.1  43551.0 
43498.1  43552.0 
43498.1  43553.0 
43498.1  43554.0 
43498.1  43555.0 
43498.1  43556.0 
43498.1  43557.0 
43498.1  43558.0 
43498.1  43559.0 
43498.1  43560.0 
43498.1  43561.0 
43498.1  43562.0 
43498.1  43563.0 
43498.1  43564.0 
43498.1  43565.0 
43498.1  43566.0 
43498.1  43567.0 
43498.1  43568.0 
43498.1  43569.0 
43498.1  43570.0 
43498.1  43571.0 
43498.1  43572.0 
43498.1  43573.0 
43498.1  43574.0 
43498.1  43575.0 
43498.1  43576.0 
43498.1  43577.0 
43498.1  43578.0 
43498.1  43579.0 
43498.1  43580.0 
43498.1  43581.0 
43498.1  43582.0 
43498.1  43583.0 
43498.1  43584.0 
43498.1  43585.0 
43498.1  43586.0 
43498.1  43587.0 
43498.1  43588.0 
43498.1  43589.0 
43498.2  43590.0 
43498.2  43591.0 
43498.2  43592.0 
43498.2  43593.0 
43498.2  43594.0 
43498.2  43595.0 
43498.2  43596.0 
43498.2  43597.0 
43498.2  43598.0 
43498.2  43599.0 
43498.2  43600.0 
43498.2  43601.0 
43498.2  43602.0 
43498.2  43603.0 
43498.2  43604.0 
43498.2  43605.0 
43498.2  43606.0 
43498.2  43607.0 
43498.2  43608.0 
43498.2  43609.0 
43498.2  43610.0 
43498.2  43611.0 
43498.2  43612.0 
43498.2  43613.0 
43498.2  43614.0 
43498.2  43615.0 
43498.2  43616.0 
43498.2  43617.0 
43498.2  43618.0 
43498.2  43619.0 
43498.2  43620.0 
43498.2  43621.0 
43498.2  43622.0 
43498.2  43623.0 
43498.2  43624.0 
43498.2  43625.0 
43498.2  43626.0 
43498.2  43627.0 
43498.2  43628.0 
43498.2  43629.0 
43498.2  43630.0 
43498.2  43631.0 
43498.2  43632.0 
43498.2  43633.0 
43498.2  43634.0 
43498.2  43635.0 
43498.2  43636.0 
43498.2  43637.0 
43498.2  43638.0 
43498.2  43639.0 
43498.2  43640.0 
43498.2  43641.0 
43498.2  43642.0 
43498.2  43643.0 
43498.2  43644.0 
43498.2  43645.0 
43498.2  43646.0 
43498.2  43647.0 
43498.2  43648.0 
43498.2  43649.0 
43498.2  43650.0 
43498.2  43651.0 
43498.2  43652.0 
43498.2  43653.0 
43498.2  43654.0 
43498.2  43655.0 
43498.2  43656.0 
43498.2  43657.0 
43498.2  43658.0 
43498.2  43659.0 
43498.2  43660.0 
43498.2  43661.0 
43498.2  43662.0 
43498.2  43663.0 
43498.2  43664.0 
43498.2  43665.0 
43498.2  43666.0 
43498.2  43667.0 
43498.2  43668.0 
43498.2  43669.0 
43498.2  43670.0 
43498.2  43671.0 
43498.2  43672.0 
43498.2  43673.0 
43498.3  43674.0 
43498.3  43675.0 
43498.3  43676.0 
43498.3  43677.0 
43498.3  43678.0 
43498.3  43679.0 
43498.3  43680.0 
43498.3  43681.0 
43498.3  43682.0 
43498.3  43683.0 
43498.3  43684.0 
43498.3  43685.0 
43498.3  43686.0 
43498.3  43687.0 
43498.3  43688.0 
43498.3  43689.0 
43498.3  43690.0 
43498.3  43691.0 
43498.3  43692.0 
43498.3  43693.0 
43498.3  43694.0 
43498.3  43695.0 
43498.3  43696.0 
43498.3  43697.0 
43498.3  43698.0 
43498.3  43699.0 
43498.3  43700.0 
43498.3  43701.0 
43498.3  43702.0 
43498.3  43703.0 
43498.3  43704.0 
43498.3  43705.0 
43498.3  43706.0 
43498.3  43707.0 
43498.3  43708.0 
43498.3  43709.0 
43498.3  43710.0 
43498.3  43711.0 
43498.3  43712.0 
43498.3  43713.0 
43498.3  43714.0 
43498.3  43715.0 
43498.3  43716.0 
43498.3  43717.0 
43498.3  43718.0 
43498.3  43719.0 
43498.3  43720.0 
43498.3  43721.0 
43498.3  43722.0 
43498.3  43723.0 
43498.3  43724.0 
43498.3  43725.0 
43498.3  43726.0 
43498.3  43727.0 
43498.3  43728.0 
43498.3  43729.0 
43498.3  43730.0 
43498.3  43731.0 
43498.3  43732.0 
43498.3  43733.0 
43498.3  43734.0 
43498.3  43735.0 
43498.3  43736.0 
43498.3  43737.0 
43498.3  43738.0 
43498.3  43739.0 
43498.3  43740.0 
43498.3  43741.0 
43498.3  43742.0 
43498.3  43743.0 
43498.4  43744.0 
43498.4  43745.0 
43498.4  43746.0 
43498.4  43747.0 
43498.4  43748.0 
43498.4  43749.0 
43498.4  43750.0 
43498.4  43751.0 
43498.4  43752.0 
43498.4  43753.0 
43498.4  43754.0 
43498.4  43755.0 
43498.4  43756.0 
43498.4  43757.0 
43498.4  43758.0 
43498.4  43759.0 
43498.4  43760.0 
43498.4  43761.0 
43498.4  43762.0 
43498.4  43763.0 
43498.4  43764.0 
43498.4  43765.0 
43498.4  43766.0 
43498.4  43767.0 
43498.4  43768.0 
43498.4  43769.0 
43498.4  43770.0 
43498.4  43771.0 
43498.4  43772.0 
43498.4  43773.0 
43498.4  43774.0 
43498.4  43775.0 
43498.4  43776.0 
43498.4  43777.0 
43498.4  43778.0 
43498.4  43779.0 
43498.4  43780.0 
43498.4  43781.0 
43498.4  43782.0 
43498.5  43783.0 
43498.5  43784.0 
43498.5  43785.0 
43498.5  43786.0 
43498.5  43787.0 
43498.5  43788.0 
43498.5  43789.0 
43498.5  43790.0 
43498.5  43791.0 
43498.5  43792.0 
43498.5  43793.0 
43498.5  43794.0 
43498.5  43795.0 
43498.5  43796.0 
43498.5  43797.0 
43498.5  43798.0 
43498.5  43799.0 
43498.5  43800.0 
43498.5  43801.0 
43498.5  43802.0 
43498.5  43803.0 
43498.5  43804.0 
43498.5  43805.0 
43498.5  43806.0 
43498.5  43807.0 
43498.5  43808.0 
43498.5  43809.0 
43498.5  43810.0 
43498.5  43811.0 
43498.5  43812.0 
43498.5  43813.0 
43498.5  43814.0 
43498.5  43815.0 
43498.5  43816.0 
43498.5  43817.0 
43498.5  43818.0 
43498.5  43819.0 
43498.5  43820.0 
43498.5  43821.0 
43498.5  43822.0 
43498.5  43823.0 
43498.5  43824.0 
43498.5  43825.0 
43498.5  43826.0 
43498.5  43827.0 
43498.5  43828.0 
43498.5  43829.0 
43498.5  43830.0 
43498.6  43831.0 
43498.6  43832.0 
43498.6  43833.0 
43498.6  43834.0 
43498.6  43835.0 
43498.6  43836.0 
43498.6  43837.0 
43498.6  43838.0 
43498.6  43839.0 
43498.6  43840.0 
43498.6  43841.0 
43498.6  43842.0 
43498.6  43843.0 
43498.6  43844.0 
43498.6  43845.0 
43498.6  43846.0 
43498.6  43847.0 
43498.6  43848.0 
43498.6  43849.0 
43498.6  43850.0 
43498.6  43851.0 
43498.6  43852.0 
43498.6  43853.0 
43498.6  43854.0 
43498.6  43855.0 
43498.6  43856.0 
43498.6  43857.0 
43498.6  43858.0 
43498.6  43859.0 
43498.6  43860.0 
43498.7  43861.0 
43498.7  43862.0 
43498.7  43863.0 
43498.7  43864.0 
43498.7  43865.0 
43498.7  43866.0 
43498.7  43867.0 
43498.7  43868.0 
43498.7  43869.0 
43498.7  43870.0 
43498.7  43871.0 
43498.7  43872.0 
43498.7  43873.0 
43498.7  43874.0 
43498.7  43875.0 
43498.7  43876.0 
43498.7  43877.0 
43498.7  43878.0 
43498.7  43879.0 
43498.7  43880.0 
43498.7  43881.0 
43498.7  43882.0 
43498.7  43883.0 
43498.7  43884.0 
43498.7  43885.0 
43498.7  43886.0 
43498.7  43887.0 
43498.7  43888.0 
43498.7  43889.0 
43498.7  43890.0 
43498.7  43891.0 
43498.7  43892.0 
43498.7  43893.0 
43498.7  43894.0 
43498.7  43895.0 
43498.7  43896.0 
43498.7  43897.0 
43498.7  43898.0 
43498.7  43899.0 
43498.7  43900.0 
43498.7  43901.0 
43498.7  43902.0 
43498.7  43903.0 
43498.7  43904.0 
43498.7  43905.0 
43498.7  43906.0 
43498.7  43907.0 
43499.0  42468.0 
43500.1  42907.0 
43500.1  41955.0 
43500.1  42390.0 
43500.1  41960.0 
43500.1  41976.0 
43500.1  41996.0 
43500.1  42116.0 
43500.1  42001.0 
43500.1  42002.0 
43500.1  42003.0 
43500.1  42004.0 
43500.1  43909.1 
43500.1  43910.1 
43500.1  41995.0 
43500.1  42009.0 
43500.1  43911.1 
43502.1  43912.1 
43503.1  42424.1 
43507.1  43914.0 
43507.1  43007.0 
43507.1  43028.0 
43507.1  43048.0 
43507.1  43053.0 
43507.1  43915.1 
43508.1  43914.0 
43508.1  43007.0 
43508.1  43028.0 
43508.1  43048.0 
43508.1  43053.0 
43508.1  43917.1 
43509.1  43914.0 
43509.1  43007.0 
43509.1  43028.0 
43509.1  43048.0 
43509.1  43053.0 
43509.1  43919.1 
43510.0  42494.0 
43511.0  42495.0 
43512.0  42496.0 
43514.0  42498.0 
43515.0  42499.0 
43516.0  42500.0 
43517.0  42501.0 
43518.0  42502.0 
43519.0  42503.0 
43520.0  42504.0 
43521.0  42505.0 
43522.0  42506.0 
43523.0  42507.0 
43524.0  42508.0 
43525.0  42509.0 
43526.0  42510.0 
43527.0  42511.0 
43528.0  42512.0 
43529.0  42513.0 
43530.0  42514.0 
43531.0  42515.0 
43532.0  42516.0 
43533.0  42517.0 
43534.0  42518.0 
43535.0  42519.0 
43536.0  42520.0 
43537.0  42521.0 
43538.0  42522.0 
43539.0  42523.0 
43540.0  42524.0 
43541.0  42525.0 
43542.0  42526.0 
43543.0  42527.0 
43544.0  42528.0 
43545.0  42529.0 
43546.0  42530.0 
43547.0  42531.0 
43548.0  42532.0 
43549.0  42533.0 
43550.0  42534.0 
43551.0  42535.0 
43552.0  42536.0 
43553.0  42537.0 
43554.0  42538.0 
43555.0  42539.0 
43556.0  42540.0 
43557.0  42541.0 
43558.0  42542.0 
43559.0  42543.0 
43560.0  42544.0 
43561.0  42545.0 
43562.0  42546.0 
43563.0  42547.0 
43564.0  42548.0 
43565.0  42549.0 
43566.0  42550.0 
43567.0  42551.0 
43568.0  42552.0 
43569.0  42553.0 
43570.0  42554.0 
43571.0  42555.0 
43572.0  42556.0 
43573.0  42557.0 
43574.0  42558.0 
43575.0  42559.0 
43576.0  42560.0 
43577.0  42561.0 
43578.0  42562.0 
43579.0  42563.0 
43580.0  42564.0 
43581.0  42565.0 
43582.0  42566.0 
43583.0  42567.0 
43584.0  42568.0 
43585.0  42569.0 
43586.0  42570.0 
43587.0  42571.0 
43588.0  42572.0 
43589.0  42573.0 
43590.0  42574.0 
43591.0  42575.0 
43592.0  42576.0 
43593.0  42577.0 
43594.0  42578.0 
43595.0  42579.0 
43596.0  42580.0 
43597.0  42581.0 
43598.0  42582.0 
43599.0  42583.0 
43600.0  42584.0 
43601.0  42585.0 
43602.0  42586.0 
43603.0  42587.0 
43604.0  42588.0 
43605.0  42589.0 
43606.0  42590.0 
43607.0  42591.0 
43608.0  42592.0 
43609.0  42593.0 
43610.0  42594.0 
43611.0  42595.0 
43612.0  42596.0 
43613.0  42597.0 
43614.0  42598.0 
43615.0  42599.0 
43616.0  42600.0 
43617.0  42601.0 
43618.0  42602.0 
43619.0  42603.0 
43620.0  42604.0 
43621.0  42605.0 
43622.0  42606.0 
43623.0  42607.0 
43624.0  42608.0 
43625.0  42609.0 
43626.0  42610.0 
43627.0  42611.0 
43628.0  42612.0 
43629.0  42613.0 
43630.0  42614.0 
43631.0  42615.0 
43632.0  42616.0 
43633.0  42617.0 
43634.0  42618.0 
43635.0  42619.0 
43636.0  42620.0 
43637.0  42621.0 
43638.0  42622.0 
43639.0  42623.0 
43640.0  42624.0 
43641.0  42625.0 
43642.0  42626.0 
43643.0  42627.0 
43644.0  42628.0 
43645.0  42629.0 
43646.0  42630.0 
43647.0  42631.0 
43648.0  42632.0 
43649.0  42633.0 
43650.0  42634.0 
43651.0  42635.0 
43652.0  42636.0 
43653.0  42637.0 
43654.0  42638.0 
43655.0  42639.0 
43656.0  42640.0 
43657.0  42641.0 
43658.0  42642.0 
43659.0  42643.0 
43660.0  42644.0 
43661.0  42645.0 
43662.0  42646.0 
43663.0  42647.0 
43664.0  42648.0 
43665.0  42649.0 
43666.0  42650.0 
43667.0  42651.0 
43668.0  42652.0 
43669.0  42653.0 
43670.0  42654.0 
43671.0  42655.0 
43672.0  42656.0 
43673.0  42657.0 
43674.0  42658.0 
43675.0  42659.0 
43676.0  42660.0 
43677.0  42661.0 
43678.0  42662.0 
43679.0  42663.0 
43680.0  42664.0 
43681.0  42665.0 
43682.0  42666.0 
43683.0  42667.0 
43684.0  42668.0 
43685.0  42669.0 
43686.0  42670.0 
43687.0  42671.0 
43688.0  42672.0 
43689.0  42673.0 
43690.0  42674.0 
43691.0  42675.0 
43692.0  42676.0 
43693.0  42677.0 
43694.0  42678.0 
43695.0  42679.0 
43696.0  42680.0 
43697.0  42681.0 
43698.0  42682.0 
43699.0  42683.0 
43700.0  42684.0 
43701.0  42685.0 
43702.0  42686.0 
43703.0  42687.0 
43704.0  42688.0 
43705.0  42689.0 
43706.0  42690.0 
43708.0  42692.0 
43709.0  42693.0 
43710.0  42694.0 
43711.0  42695.0 
43712.0  42696.0 
43713.0  42697.0 
43714.0  42698.0 
43715.0  42699.0 
43716.0  42700.0 
43717.0  42701.0 
43718.0  42702.0 
43719.0  42703.0 
43720.0  42704.0 
43721.0  42705.0 
43722.0  42706.0 
43723.0  42707.0 
43724.0  42708.0 
43725.0  42709.0 
43726.0  42710.0 
43727.0  42711.0 
43728.0  42712.0 
43729.0  42713.0 
43730.0  42714.0 
43731.0  42715.0 
43732.0  42716.0 
43733.0  42717.0 
43734.0  42718.0 
43735.0  42719.0 
43736.0  42720.0 
43737.0  42721.0 
43738.0  42722.0 
43739.0  42723.0 
43740.0  42724.0 
43741.0  42725.0 
43742.0  42726.0 
43743.0  42727.0 
43744.0  42728.0 
43745.0  42729.0 
43746.0  42730.0 
43747.0  42731.0 
43748.0  42732.0 
43749.0  42733.0 
43750.0  42734.0 
43751.0  42735.0 
43752.0  42736.0 
43753.0  42737.0 
43754.0  42738.0 
43755.0  42739.0 
43756.0  42740.0 
43757.0  42741.0 
43758.0  42742.0 
43759.0  42743.0 
43760.0  42744.0 
43761.0  42745.0 
43762.0  42746.0 
43763.0  42747.0 
43764.0  42748.0 
43765.0  42749.0 
43766.0  42750.0 
43767.0  42751.0 
43768.0  42752.0 
43769.0  42753.0 
43770.0  42754.0 
43771.0  42755.0 
43772.0  42756.0 
43773.0  42757.0 
43774.0  42758.0 
43775.0  42759.0 
43776.0  42760.0 
43777.0  42761.0 
43778.0  42762.0 
43779.0  42763.0 
43780.0  42764.0 
43781.0  42765.0 
43782.0  42766.0 
43783.0  42767.0 
43784.0  42768.0 
43785.0  42769.0 
43786.0  42770.0 
43787.0  42771.0 
43788.0  42772.0 
43789.0  42773.0 
43790.0  42774.0 
43791.0  42775.0 
43792.0  42776.0 
43793.0  42777.0 
43794.0  42778.0 
43795.0  42779.0 
43796.0  42780.0 
43797.0  42781.0 
43798.0  42782.0 
43799.0  42783.0 
43800.0  42784.0 
43801.0  42785.0 
43802.0  42786.0 
43803.0  42787.0 
43804.0  42788.0 
43805.0  42789.0 
43806.0  42790.0 
43807.0  42791.0 
43808.0  42792.0 
43809.0  42793.0 
43810.0  42794.0 
43811.0  42795.0 
43812.0  42796.0 
43813.0  42797.0 
43814.0  42798.0 
43815.0  42799.0 
43816.0  42800.0 
43817.0  42801.0 
43818.0  42802.0 
43819.0  42803.0 
43820.0  42804.0 
43821.0  42805.0 
43822.0  42806.0 
43823.0  42807.0 
43824.0  42808.0 
43825.0  42809.0 
43826.0  42810.0 
43827.0  42811.0 
43828.0  42812.0 
43829.0  42813.0 
43830.0  42814.0 
43831.0  42815.0 
43832.0  42816.0 
43833.0  42817.0 
43834.0  42818.0 
43835.0  42819.0 
43836.0  42820.0 
43837.0  42821.0 
43838.0  42822.0 
43839.0  42823.0 
43840.0  42824.0 
43841.0  42825.0 
43842.0  42826.0 
43843.0  42827.0 
43844.0  42828.0 
43845.0  42829.0 
43846.0  42830.0 
43847.0  42831.0 
43848.0  42832.0 
43849.0  42833.0 
43850.0  42834.0 
43851.0  42835.0 
43852.0  42836.0 
43853.0  42837.0 
43854.0  42838.0 
43855.0  42839.0 
43856.0  42840.0 
43857.0  42841.0 
43858.0  42842.0 
43859.0  42843.0 
43860.0  42844.0 
43861.0  42845.0 
43862.0  42846.0 
43863.0  42847.0 
43864.0  42848.0 
43865.0  42849.0 
43866.0  42850.0 
43867.0  42851.0 
43868.0  42852.0 
43869.0  42853.0 
43870.0  42854.0 
43871.0  42855.0 
43872.0  42856.0 
43873.0  42857.0 
43874.0  42858.0 
43875.0  42859.0 
43876.0  42860.0 
43877.0  42861.0 
43878.0  42862.0 
43908.1  42425.0 
43908.1  41955.0 
43908.1  42426.0 
43908.1  42427.0 
43908.1  41976.0 
43908.1  42428.0 
43908.1  42158.0 
43908.1  42429.0 
43908.1  41960.0 
43908.1  42170.0 
43908.1  43920.0 
43908.1  41996.0 
43908.1  42356.3 
43909.1  43921.1 
43910.1  43922.1 
43911.1  43923.1 
43912.1  42964.0 
43912.1  41955.0 
43912.1  41976.0 
43912.1  43924.3 
43914.0  42913.0 
43915.1  43925.0 
43917.1  43926.0 
43919.1  43927.0 
43921.1  42913.0 
43921.1  41955.0 
43921.1  41976.0 
43921.1  41996.0 
43921.1  42001.0 
43921.1  43929.1 
43922.1  42981.0 
43922.1  41955.0 
43922.1  41976.0 
43922.1  41996.0 
43922.1  42982.49 
43923.1  42981.0 
43923.1  41955.0 
43923.1  41976.0 
43923.1  41996.0 
43923.1  42983.14 
43924.3  42356.3 
43929.1  43930.0 
43001.0  43002.0 
43002.0  43441.0 
43441.0  43452.0 
43448.0  43463.0 
43449.0  43471.0 
43450.0  43471.0 
43451.0  43475.0 
43452.0  43463.0 
43459.0  43002.0 
43460.0  43002.0 
43461.0  43487.0 
43471.0  43491.0 
43475.0  43001.0 
43480.0  43441.0 
43481.0  43441.0 
43482.0  43441.0 
43483.0  43441.0 
43484.0  43441.0 
43487.0  43002.0 
43489.0  43500.0 
43490.0  43503.0 
43491.0  43463.0 
43498.0  43475.0 
43500.0  43908.0 
43506.0  43471.0 
43507.0  43913.0 
43508.0  43916.0 
43509.0  43918.0 
43908.0  43503.0 
43912.0  43500.0 
43913.0  43471.0 
43916.0  43471.0 
43918.0  43471.0 
43921.0  43928.0 
43922.0  43500.0 
43923.0  43500.0 
43925.0  43913.0 
43926.0  43916.0 
43927.0  43918.0 
43928.0  43500.0 
43930.0  43928.0 
43000.1  43001.10 
