26286.1  26288.0 
26286.1  26289.0 
26286.1  26290.0 
26286.1  26291.0 
26286.1  26292.0 
26286.1  26293.0 
26286.1  26294.0 
26286.1  26295.0 
26286.1  26296.0 
26286.1  26297.0 
26286.1  26298.0 
26286.1  26299.0 
26287.1  26301.0 
26287.1  26289.0 
26287.1  26292.0 
26288.0  25341.0 
26289.0  25342.0 
26290.0  25343.0 
26291.0  25344.0 
26292.0  25345.0 
26293.0  25346.0 
26294.0  25347.0 
26295.0  25348.0 
26298.0  25351.0 
26299.0  115.0 
26300.1  26289.0 
26300.1  26302.0 
26300.1  26293.0 
26300.1  26292.0 
26300.1  26298.0 
26300.1  26303.0 
26300.1  26304.0 
26301.0  25354.0 
26302.0  25355.0 
26303.0  25356.0 
26304.0  25357.0 
26285.1  26286.1 
26286.0  26287.0 
26287.0  26300.0 
