222.1  224.0 
222.1  225.0 
222.1  226.0 
222.1  227.0 
222.1  228.0 
222.1  229.0 
222.1  230.0 
222.1  231.0 
222.1  232.0 
222.1  233.0 
222.1  234.0 
222.1  235.0 
223.1  237.0 
223.1  225.0 
223.1  228.0 
224.0  204.0 
225.0  205.0 
226.0  206.0 
227.0  207.0 
228.0  208.0 
229.0  209.0 
230.0  210.0 
231.0  211.0 
234.0  214.0 
235.0  230.0 
236.1  225.0 
236.1  238.0 
236.1  229.0 
236.1  228.0 
236.1  234.0 
236.1  239.0 
236.1  240.0 
237.0  217.0 
238.0  218.0 
239.0  219.0 
240.0  220.0 
221.1  222.1 
222.0  223.0 
223.0  236.0 
