53503.1  53505.0 
53503.1  53506.0 
53503.1  53507.0 
53503.1  53508.0 
53503.1  53509.0 
53503.1  53510.0 
53503.1  53511.0 
53503.1  53512.0 
53503.1  53513.0 
53503.1  53514.0 
53503.1  53515.0 
53503.1  53516.0 
53504.1  53518.0 
53504.1  53506.0 
53504.1  53509.0 
53505.0  53483.0 
53506.0  53484.0 
53507.0  53485.0 
53508.0  53486.0 
53509.0  53487.0 
53510.0  53488.0 
53511.0  53489.0 
53512.0  53490.0 
53515.0  53493.0 
53516.0  52864.0 
53517.1  53506.0 
53517.1  53519.0 
53517.1  53510.0 
53517.1  53509.0 
53517.1  53515.0 
53517.1  53520.0 
53517.1  53521.0 
53518.0  53496.0 
53519.0  53497.0 
53520.0  53498.0 
53521.0  53499.0 
53502.1  53503.1 
53523.5  53501.5 
53503.0  53504.0 
53504.0  53517.0 
53522.1  53523.5 
