41017.1  41019.0 
41017.1  41020.0 
41017.1  41021.0 
41017.1  41022.0 
41017.1  41023.0 
41017.1  41024.0 
41017.1  41025.0 
41017.1  41026.0 
41017.1  41027.0 
41017.1  41028.0 
41017.1  41029.0 
41017.1  41030.0 
41017.1  41031.0 
41017.1  41032.0 
41017.1  41033.0 
41017.1  41034.0 
41017.1  41035.0 
41017.1  41036.0 
41017.1  41037.0 
41017.1  41038.0 
41017.1  41039.0 
41017.1  41040.0 
41017.1  41041.0 
41017.1  41042.0 
41017.1  41043.0 
41017.1  41044.0 
41017.1  41045.0 
41017.1  41046.0 
41017.1  41047.0 
41017.1  41048.0 
41017.1  41049.0 
41017.1  41050.0 
41017.1  41051.0 
41017.1  41052.0 
41017.1  41053.0 
41017.1  41054.0 
41017.1  41055.0 
41017.1  41056.0 
41017.1  41057.0 
41017.1  41058.0 
41017.1  41059.0 
41017.1  41060.0 
41017.1  41061.0 
41017.1  41062.0 
41017.1  41063.0 
41017.1  41064.0 
41017.1  41065.0 
41017.1  41066.0 
41017.1  41067.0 
41017.1  41068.0 
41017.1  41069.0 
41017.1  41070.0 
41017.1  41071.0 
41017.1  41072.0 
41017.1  41073.0 
41017.1  41074.0 
41017.1  41075.0 
41017.1  41076.0 
41017.1  41077.0 
41017.1  41078.0 
41017.1  41079.0 
41017.1  41080.0 
41017.1  41081.0 
41017.1  41082.0 
41017.1  41083.0 
41017.1  41084.0 
41017.1  41085.0 
41017.1  41086.0 
41017.1  41087.0 
41017.1  41088.0 
41017.1  41089.0 
41017.1  41090.0 
41017.1  41091.0 
41017.1  41092.0 
41017.1  41093.0 
41017.1  41094.0 
41017.1  41095.0 
41017.1  41096.0 
41017.1  41097.0 
41017.1  41098.0 
41017.1  41099.0 
41017.1  41100.0 
41017.1  41101.0 
41017.1  41102.0 
41017.1  41103.0 
41017.1  41104.0 
41017.1  41105.0 
41017.1  41106.0 
41017.1  41107.0 
41017.1  41108.0 
41017.1  41109.0 
41017.1  41110.0 
41017.1  41111.0 
41017.1  41112.0 
41017.1  41113.0 
41017.1  41114.0 
41017.1  41115.0 
41017.1  41116.0 
41017.1  41117.0 
41017.1  41118.0 
41017.1  41119.0 
41017.1  41120.0 
41017.1  41121.0 
41017.1  41122.0 
41017.1  41123.0 
41017.1  41124.0 
41017.1  41125.0 
41017.1  41126.0 
41017.1  41127.0 
41017.1  41128.0 
41017.1  41129.0 
41017.1  41130.0 
41017.1  41131.0 
41017.1  41132.0 
41017.1  41133.0 
41017.1  41134.0 
41017.1  41135.0 
41017.1  41136.0 
41017.1  41137.0 
41017.1  41138.0 
41017.1  41139.0 
41017.1  41140.0 
41017.1  41141.0 
41017.1  41142.0 
41017.1  41143.0 
41017.1  41144.0 
41017.1  41145.0 
41017.1  41146.0 
41017.1  41147.0 
41017.1  41148.0 
41017.1  41149.0 
41017.1  41150.0 
41017.1  41151.0 
41017.1  41152.0 
41017.1  41153.0 
41017.1  41154.0 
41017.1  41155.0 
41017.1  41156.0 
41017.1  41157.0 
41017.1  41158.0 
41017.1  41159.0 
41017.1  41160.0 
41017.1  41161.0 
41017.1  41162.0 
41017.1  41163.0 
41017.1  41164.0 
41017.1  41165.0 
41017.1  41166.0 
41017.1  41167.0 
41017.1  41168.0 
41017.1  41169.0 
41017.1  41170.0 
41017.1  41171.0 
41017.1  41172.0 
41017.1  41173.0 
41017.1  41174.0 
41017.1  41175.0 
41017.1  41176.0 
41017.1  41177.0 
41017.1  41178.0 
41017.1  41179.0 
41017.1  41180.0 
41017.1  41181.0 
41017.1  41182.0 
41017.1  41183.0 
41017.1  41184.0 
41017.1  41185.0 
41017.1  41186.0 
41017.1  41187.0 
41017.1  41188.1 
41017.1  41189.0 
41017.1  41190.0 
41017.1  41191.0 
41017.1  41192.0 
41017.1  41193.0 
41017.1  41194.0 
41017.2  41195.0 
41017.2  41196.0 
41017.2  41197.0 
41017.2  41198.0 
41017.2  41199.0 
41017.2  41200.0 
41017.2  41201.0 
41017.2  41202.0 
41017.2  41203.0 
41017.2  41204.0 
41017.2  41205.0 
41017.2  41206.0 
41017.2  41207.0 
41017.2  41208.0 
41017.2  41209.0 
41017.2  41210.0 
41017.2  41211.0 
41017.2  41212.0 
41017.2  41213.0 
41017.2  41214.0 
41017.2  41215.0 
41017.2  41216.0 
41017.2  41217.0 
41017.2  41218.0 
41017.2  41219.0 
41017.2  41220.0 
41017.2  41221.0 
41017.2  41222.0 
41017.2  41223.0 
41017.2  41224.0 
41017.2  41225.0 
41017.2  41226.0 
41017.2  41227.0 
41017.2  41228.0 
41017.2  41229.0 
41017.2  41230.0 
41017.2  41231.0 
41017.2  41232.0 
41017.2  41233.0 
41017.2  41234.0 
41017.2  41235.0 
41017.2  41236.0 
41017.2  41237.0 
41017.2  41238.0 
41017.2  41239.0 
41017.2  41240.0 
41017.2  41241.0 
41017.2  41242.0 
41017.2  41243.0 
41017.2  41244.0 
41017.2  41245.0 
41017.2  41246.0 
41017.2  41247.0 
41017.2  41248.0 
41017.2  41249.0 
41017.2  41250.0 
41017.2  41251.0 
41017.2  41252.0 
41017.2  41253.0 
41017.2  41254.0 
41017.2  41255.0 
41017.2  41256.0 
41017.2  41257.0 
41017.2  41258.0 
41017.2  41259.0 
41017.2  41260.0 
41017.2  41261.0 
41017.2  41262.0 
41017.2  41263.0 
41017.2  41264.0 
41017.2  41265.0 
41017.2  41266.0 
41017.2  41267.0 
41017.2  41268.0 
41017.2  41269.0 
41017.2  41270.0 
41017.2  41271.0 
41017.2  41272.0 
41017.2  41273.0 
41017.2  41274.0 
41017.2  41275.0 
41017.2  41276.0 
41017.2  41277.0 
41017.2  41278.0 
41017.2  41279.0 
41017.2  41280.0 
41017.2  41281.0 
41017.2  41282.0 
41017.2  41283.0 
41017.2  41284.0 
41017.2  41285.0 
41017.2  41286.0 
41017.2  41287.0 
41017.2  41288.0 
41017.2  41289.0 
41017.2  41290.0 
41017.2  41291.0 
41017.2  41292.0 
41017.2  41293.0 
41017.2  41294.0 
41017.2  41295.0 
41017.2  41296.0 
41017.2  41297.0 
41017.2  41298.0 
41017.2  41299.0 
41017.2  41300.0 
41017.2  41301.0 
41017.2  41302.0 
41017.2  41303.0 
41017.2  41304.0 
41017.2  41305.0 
41017.2  41306.0 
41017.2  41307.0 
41017.2  41308.0 
41017.2  41309.0 
41017.2  41310.0 
41017.2  41311.0 
41017.2  41312.0 
41017.2  41313.0 
41017.2  41314.0 
41017.2  41315.0 
41017.2  41316.0 
41017.2  41317.0 
41017.2  41318.0 
41017.2  41319.0 
41017.2  41320.0 
41017.2  41321.0 
41017.2  41322.0 
41017.2  41323.0 
41017.2  41324.0 
41017.2  41325.0 
41017.2  41326.0 
41017.2  41327.0 
41017.2  41328.0 
41017.2  41329.0 
41017.2  41330.0 
41017.2  41331.0 
41017.2  41332.0 
41017.2  41333.0 
41017.2  41334.0 
41017.2  41335.0 
41017.2  41336.0 
41017.2  41337.0 
41017.2  41338.0 
41017.2  41339.0 
41017.2  41340.0 
41017.2  41341.0 
41017.2  41342.0 
41017.2  41343.0 
41017.2  41344.0 
41017.2  41345.0 
41017.2  41346.0 
41017.2  41347.0 
41017.2  41348.0 
41017.2  41349.0 
41017.2  41350.0 
41017.2  41351.0 
41017.2  41352.0 
41017.2  41353.0 
41017.2  41354.0 
41017.2  41355.1 
41017.2  41356.0 
41017.2  41357.0 
41017.2  41358.0 
41017.2  41359.0 
41017.2  41360.0 
41017.2  41361.0 
41017.2  41362.0 
41017.2  41363.0 
41017.2  41364.0 
41017.2  41365.0 
41017.2  41366.0 
41017.2  41367.0 
41017.2  41368.0 
41017.2  41369.0 
41017.2  41370.45 
41017.2  41371.45 
41017.2  41372.0 
41017.2  41373.0 
41017.2  41374.0 
41017.2  41375.0 
41017.2  41376.0 
41017.2  41377.0 
41017.2  41378.0 
41017.2  41379.0 
41017.2  41380.0 
41017.2  41381.0 
41017.2  41382.0 
41017.2  41383.0 
41017.2  41384.0 
41017.3  41385.0 
41017.3  41386.0 
41017.3  41387.0 
41017.3  41388.0 
41017.3  41389.0 
41017.3  41390.0 
41017.3  41391.0 
41017.3  41392.0 
41017.3  41393.2 
41017.3  41394.0 
41017.3  41395.0 
41017.3  41396.0 
41017.3  41397.0 
41017.3  41398.0 
41017.3  41399.0 
41017.4  41400.0 
41017.4  41401.0 
41017.4  41402.0 
41017.4  41403.0 
41017.4  23341.1 
41017.5  41404.0 
41017.5  41405.0 
41017.5  41406.0 
41017.5  41407.0 
41017.5  41408.0 
41017.5  41409.1 
41017.5  41410.0 
41017.5  41411.90 
41017.5  41412.90 
41017.5  41413.0 
41017.5  41414.0 
41017.6  41415.0 
41017.6  41416.0 
41017.6  41417.0 
41017.6  41418.0 
41017.6  41419.0 
41017.6  41420.0 
41017.6  41421.0 
41017.6  41422.0 
41017.6  41423.0 
41017.6  41424.3 
41017.6  41425.0 
41017.6  41426.0 
41017.6  41427.0 
41017.6  41428.0 
41017.6  41429.0 
41017.6  41430.0 
41017.6  41431.0 
41017.6  41432.0 
41017.6  41433.44 
41017.6  41434.0 
41017.6  41435.0 
41017.7  41436.0 
41017.7  41437.0 
41017.7  41438.107 
41017.7  41439.0 
41017.7  41440.0 
41017.7  41441.1 
41017.7  41442.0 
41017.7  41443.0 
41017.7  41444.0 
41017.7  41445.0 
41017.7  41446.0 
41017.8  41447.0 
41017.8  41448.0 
41017.8  41449.0 
41017.8  41450.0 
41017.8  41451.0 
41017.9  41452.0 
41017.9  41453.0 
41017.9  41454.0 
41017.9  41393.5 
41017.10  41455.0 
41017.11  41456.0 
41018.1  41458.0 
41018.1  41023.0 
41018.1  41459.0 
41018.1  41028.0 
41018.1  41044.0 
41018.1  41064.0 
41018.1  41184.0 
41018.1  41069.0 
41018.1  41460.1 
41018.1  41461.1 
41018.1  41462.1 
41019.0  40048.0 
41020.0  40049.0 
41021.0  40050.0 
41022.0  40051.0 
41023.0  40052.0 
41024.0  40053.0 
41025.0  40054.0 
41026.0  40055.0 
41027.0  40056.0 
41028.0  40057.0 
41029.0  40058.0 
41030.0  40059.0 
41031.0  40060.0 
41032.0  40061.0 
41033.0  40062.0 
41034.0  40063.0 
41035.0  40064.0 
41036.0  40065.0 
41037.0  40066.0 
41038.0  40067.0 
41039.0  40068.0 
41040.0  40069.0 
41041.0  40070.0 
41042.0  40071.0 
41043.0  40072.0 
41044.0  40073.0 
41045.0  40074.0 
41046.0  40075.0 
41047.0  40076.0 
41048.0  40077.0 
41049.0  40078.0 
41050.0  40079.0 
41051.0  40080.0 
41052.0  40081.0 
41053.0  40082.0 
41054.0  40083.0 
41055.0  40084.0 
41056.0  40085.0 
41057.0  40086.0 
41058.0  40087.0 
41059.0  40088.0 
41060.0  40089.0 
41061.0  40090.0 
41062.0  40091.0 
41063.0  40092.0 
41064.0  40093.0 
41065.0  40094.0 
41066.0  40095.0 
41067.0  40096.0 
41068.0  40097.0 
41069.0  40098.0 
41070.0  40099.0 
41071.0  40100.0 
41072.0  40101.0 
41073.0  40102.0 
41074.0  40103.0 
41075.0  40104.0 
41076.0  40105.0 
41077.0  40106.0 
41078.0  40107.0 
41079.0  40108.0 
41080.0  40109.0 
41081.0  40110.0 
41082.0  40111.0 
41083.0  40112.0 
41084.0  40113.0 
41085.0  40114.0 
41086.0  40115.0 
41087.0  40116.0 
41088.0  40117.0 
41089.0  40118.0 
41090.0  40119.0 
41091.0  40120.0 
41092.0  40121.0 
41093.0  40122.0 
41094.0  40123.0 
41095.0  40124.0 
41096.0  40125.0 
41097.0  40126.0 
41098.0  40127.0 
41099.0  40128.0 
41100.0  40129.0 
41101.0  40130.0 
41102.0  40131.0 
41103.0  40132.0 
41104.0  40133.0 
41105.0  40134.0 
41106.0  40135.0 
41107.0  40136.0 
41108.0  40137.0 
41109.0  40138.0 
41110.0  40139.0 
41111.0  40140.0 
41112.0  40141.0 
41113.0  40142.0 
41114.0  40143.0 
41115.0  40144.0 
41116.0  40145.0 
41117.0  40146.0 
41118.0  40147.0 
41119.0  40148.0 
41120.0  40149.0 
41121.0  40150.0 
41122.0  40151.0 
41123.0  40152.0 
41124.0  40153.0 
41125.0  40154.0 
41126.0  40155.0 
41127.0  40156.0 
41128.0  40157.0 
41129.0  40158.0 
41130.0  40159.0 
41131.0  40160.0 
41132.0  40161.0 
41133.0  40162.0 
41134.0  40163.0 
41135.0  40164.0 
41136.0  40165.0 
41137.0  40166.0 
41138.0  40167.0 
41139.0  40168.0 
41140.0  40169.0 
41141.0  40170.0 
41142.0  40171.0 
41143.0  40172.0 
41144.0  40173.0 
41145.0  40174.0 
41146.0  40175.0 
41147.0  40176.0 
41148.0  40177.0 
41149.0  40178.0 
41150.0  40179.0 
41151.0  40180.0 
41152.0  40181.0 
41153.0  40182.0 
41154.0  40183.0 
41155.0  40184.0 
41156.0  40185.0 
41157.0  40186.0 
41158.0  40187.0 
41159.0  40188.0 
41160.0  40189.0 
41161.0  40190.0 
41162.0  40191.0 
41163.0  40192.0 
41164.0  40193.0 
41165.0  40194.0 
41166.0  40195.0 
41167.0  40196.0 
41168.0  40197.0 
41169.0  40198.0 
41170.0  40199.0 
41171.0  40200.0 
41172.0  40201.0 
41173.0  40202.0 
41174.0  40203.0 
41175.0  40204.0 
41176.0  40205.0 
41177.0  40206.0 
41178.0  40207.0 
41179.0  40208.0 
41180.0  40209.0 
41181.0  40210.0 
41182.0  40211.0 
41183.0  40212.0 
41184.0  40213.0 
41185.0  40214.0 
41186.0  40215.0 
41187.0  40216.0 
41188.1  41463.17 
41189.0  40218.0 
41190.0  40219.0 
41191.0  40220.0 
41192.0  40221.0 
41193.0  40222.0 
41194.0  40223.0 
41195.0  40224.0 
41196.0  40225.0 
41197.0  40226.0 
41198.0  40227.0 
41199.0  40228.0 
41200.0  40229.0 
41201.0  40230.0 
41202.0  40231.0 
41203.0  40232.0 
41204.0  40233.0 
41205.0  40234.0 
41206.0  40235.0 
41207.0  40236.0 
41208.0  40237.0 
41209.0  40238.0 
41210.0  40239.0 
41211.0  40240.0 
41212.0  40241.0 
41213.0  40242.0 
41214.0  40243.0 
41215.0  40244.0 
41216.0  40245.0 
41217.0  40246.0 
41218.0  40247.0 
41219.0  40248.0 
41220.0  40249.0 
41221.0  40250.0 
41222.0  40251.0 
41223.0  40252.0 
41224.0  40253.0 
41225.0  40254.0 
41226.0  40255.0 
41227.0  40256.0 
41228.0  40257.0 
41229.0  40258.0 
41230.0  40259.0 
41231.0  40260.0 
41232.0  40261.0 
41233.0  40262.0 
41234.0  40263.0 
41235.0  40264.0 
41236.0  40265.0 
41237.0  40266.0 
41238.0  40267.0 
41240.0  40269.0 
41241.0  40270.0 
41242.0  40271.0 
41243.0  40272.0 
41244.0  40273.0 
41245.0  40274.0 
41246.0  40275.0 
41247.0  40276.0 
41248.0  40277.0 
41249.0  40278.0 
41250.0  40279.0 
41251.0  40280.0 
41252.0  40281.0 
41253.0  40282.0 
41254.0  40283.0 
41255.0  40284.0 
41256.0  40285.0 
41257.0  40286.0 
41258.0  40287.0 
41259.0  40288.0 
41260.0  40289.0 
41261.0  40290.0 
41262.0  40291.0 
41263.0  40292.0 
41264.0  40293.0 
41265.0  40294.0 
41266.0  40295.0 
41267.0  40296.0 
41268.0  40297.0 
41269.0  40298.0 
41270.0  40299.0 
41271.0  40300.0 
41272.0  40301.0 
41273.0  40302.0 
41274.0  40303.0 
41275.0  40304.0 
41276.0  40305.0 
41277.0  40306.0 
41278.0  40307.0 
41279.0  40308.0 
41280.0  40309.0 
41281.0  40310.0 
41282.0  40311.0 
41283.0  40312.0 
41284.0  40313.0 
41285.0  40314.0 
41286.0  40315.0 
41287.0  40316.0 
41288.0  40317.0 
41289.0  40318.0 
41290.0  40319.0 
41291.0  40320.0 
41292.0  40321.0 
41293.0  40322.0 
41294.0  40323.0 
41295.0  40324.0 
41296.0  40325.0 
41297.0  40326.0 
41298.0  40327.0 
41299.0  40328.0 
41300.0  40329.0 
41301.0  40330.0 
41302.0  40331.0 
41303.0  40332.0 
41304.0  40333.0 
41305.0  40334.0 
41306.0  40335.0 
41307.0  40336.0 
41308.0  40337.0 
41309.0  40338.0 
41310.0  40339.0 
41311.0  40340.0 
41312.0  40341.0 
41313.0  40342.0 
41314.0  40343.0 
41315.0  40344.0 
41316.0  40345.0 
41317.0  40346.0 
41318.0  40347.0 
41319.0  40348.0 
41320.0  40349.0 
41321.0  40350.0 
41322.0  40351.0 
41323.0  40352.0 
41324.0  40353.0 
41325.0  40354.0 
41326.0  40355.0 
41327.0  40356.0 
41328.0  40357.0 
41329.0  40358.0 
41330.0  40359.0 
41331.0  40360.0 
41332.0  40361.0 
41333.0  40362.0 
41334.0  40363.0 
41335.0  40364.0 
41336.0  40365.0 
41337.0  40366.0 
41338.0  40367.0 
41339.0  40368.0 
41340.0  40369.0 
41341.0  40370.0 
41342.0  40371.0 
41343.0  40372.0 
41344.0  40373.0 
41345.0  40374.0 
41346.0  40375.0 
41347.0  40376.0 
41348.0  40377.0 
41349.0  40378.0 
41350.0  40379.0 
41351.0  40380.0 
41352.0  40381.0 
41353.0  40382.0 
41354.0  40383.0 
41355.1  41463.15 
41356.0  40385.0 
41357.0  40386.0 
41358.0  40387.0 
41359.0  40388.0 
41360.0  40389.0 
41361.0  40390.0 
41362.0  40391.0 
41363.0  40392.0 
41364.0  40393.0 
41365.0  40394.0 
41366.0  40395.0 
41367.0  40396.0 
41368.0  40397.0 
41369.0  40398.0 
41370.45  41463.16 
41370.45  40399.45 
41371.45  41463.16 
41371.45  40400.45 
41372.0  40401.0 
41373.0  40402.0 
41374.0  40403.0 
41375.0  40404.0 
41376.0  40405.0 
41377.0  40406.0 
41378.0  40407.0 
41379.0  40408.0 
41380.0  40409.0 
41381.0  40410.0 
41382.0  40411.0 
41383.0  40412.0 
41384.0  40413.0 
41385.0  40414.0 
41386.0  40415.0 
41387.0  40416.0 
41388.0  40417.0 
41389.0  40418.0 
41390.0  40419.0 
41391.0  40420.0 
41392.0  40421.0 
41393.1  41017.1 
41393.2  41017.2 
41393.3  41017.3 
41393.4  41017.4 
41393.5  41017.8 
41393.6  41017.9 
41393.7  41017.10 
41394.0  40423.0 
41395.0  40424.0 
41396.0  40425.0 
41397.0  40426.0 
41398.0  40427.0 
41399.0  40428.0 
41400.0  40429.0 
41401.0  40430.0 
41402.0  40431.0 
41403.0  40432.0 
41404.0  40433.0 
41405.0  40434.0 
41406.0  40435.0 
41407.0  40436.0 
41408.0  40437.0 
41409.1  41463.17 
41410.0  40439.0 
41411.90  41463.17 
41411.90  40440.90 
41411.91  41017.5 
41412.90  41463.17 
41412.90  40441.90 
41412.91  41017.7 
41413.0  40442.0 
41414.0  40443.0 
41415.0  40444.0 
41416.0  40445.0 
41417.0  40446.0 
41418.0  40447.0 
41419.0  40448.0 
41420.0  40449.0 
41421.0  40450.0 
41422.0  40451.0 
41423.0  40452.0 
41424.1  41464.1 
41424.2  41465.1 
41424.3  41466.1 
41425.0  40454.0 
41426.0  40455.0 
41427.0  40456.0 
41428.0  40457.0 
41429.0  40458.0 
41430.0  40459.0 
41431.0  40460.0 
41432.0  40461.0 
41433.44  40462.44 
41433.45  41017.6 
41434.0  40463.0 
41435.0  40464.0 
41436.0  40465.0 
41437.0  40466.0 
41438.105  41463.11 
41438.106  41463.13 
41438.107  41463.16 
41438.107  40467.107 
41439.0  40468.0 
41441.1  41467.1 
41442.0  40471.0 
41443.0  40472.0 
41445.0  40474.0 
41446.0  40475.0 
41447.0  40476.0 
41448.0  40477.0 
41449.0  40478.0 
41450.0  40479.0 
41451.0  40480.0 
41452.0  40481.0 
41453.0  40482.0 
41454.0  40483.0 
41455.0  40484.0 
41456.0  40485.0 
41457.1  41469.0 
41457.1  41023.0 
41457.1  41459.0 
41457.1  41028.0 
41457.1  41044.0 
41457.1  41064.0 
41457.1  41184.0 
41457.1  41069.0 
41457.1  41470.1 
41457.1  41471.1 
41457.1  41472.1 
41457.1  41473.1 
41457.1  41474.1 
41458.0  40487.0 
41459.0  40488.0 
41460.1  41475.1 
41461.1  41476.1 
41462.1  41477.1 
41463.13  40467.105 
41463.14  40422.9 
41463.15  41478.0 
41463.16  40467.106 
41463.17  41479.1 
41463.17  40046.17 
41464.1  41481.0 
41464.1  41023.0 
41464.1  41482.0 
41464.1  41483.0 
41464.1  41044.0 
41464.1  41484.0 
41464.1  41226.0 
41464.1  41485.0 
41464.1  41028.0 
41464.1  41238.0 
41464.1  41486.0 
41464.1  41064.0 
41464.1  41487.2 
41465.1  41489.0 
41465.1  41023.0 
41465.1  41482.0 
41465.1  41483.0 
41465.1  41226.0 
41465.1  41044.0 
41465.1  41484.0 
41465.1  41028.0 
41465.1  41485.0 
41465.1  41238.0 
41465.1  41490.0 
41465.1  41064.0 
41465.1  41424.1 
41466.1  41491.0 
41466.1  41023.0 
41466.1  41044.0 
41466.1  41424.2 
41467.1  41493.0 
41467.1  41023.0 
41467.1  41494.0 
41467.1  41044.0 
41467.1  41064.0 
41467.1  41069.0 
41467.1  41063.0 
41467.1  41495.1 
41467.1  41495.2 
41467.1  41495.3 
41467.1  41495.4 
41467.1  41495.5 
41467.1  41495.6 
41467.1  41495.7 
41468.1  41496.0 
41468.1  41023.0 
41468.1  41044.0 
41469.0  40498.0 
41470.1  41497.1 
41471.1  41498.1 
41472.1  41499.1 
41473.1  41500.1 
41474.1  41501.1 
41475.1  41502.0 
41475.1  41023.0 
41475.1  41044.0 
41475.1  41064.0 
41476.1  41503.0 
41476.1  41023.0 
41476.1  41044.0 
41476.1  41064.0 
41477.1  41505.0 
41477.1  41023.0 
41477.1  41044.0 
41478.0  39583.0 
41479.1  41463.13 
41480.1  41023.0 
41480.1  41459.0 
41480.1  41028.0 
41480.1  41044.0 
41480.1  41064.0 
41480.1  41184.0 
41480.1  41069.0 
41481.0  40509.0 
41482.0  40510.0 
41483.0  40511.0 
41484.0  40512.0 
41485.0  40513.0 
41487.1  41506.1 
41487.2  41507.1 
41488.1  41509.0 
41488.1  41023.0 
41488.1  41459.0 
41488.1  41028.0 
41488.1  41044.0 
41488.1  41064.0 
41488.1  41184.0 
41488.1  41069.0 
41488.1  41070.0 
41488.1  41071.0 
41488.1  41072.0 
41488.1  41510.1 
41488.1  41511.1 
41488.2  41512.1 
41488.3  41513.1 
41489.0  40517.0 
41491.0  40519.0 
41492.1  41514.0 
41492.1  41023.0 
41492.1  41459.0 
41492.1  41028.0 
41492.1  41044.0 
41492.1  41064.0 
41492.1  41184.0 
41492.1  41069.0 
41493.0  40521.0 
41494.0  40522.0 
41495.1  41515.1 
41495.2  41515.2 
41495.3  41515.3 
41495.4  41515.4 
41495.5  41515.5 
41495.6  41515.6 
41495.7  41515.7 
41496.0  40524.0 
41497.1  41503.0 
41497.1  41023.0 
41497.1  41044.0 
41497.1  41064.0 
41498.1  41502.0 
41498.1  41023.0 
41498.1  41044.0 
41498.1  41064.0 
41499.1  41516.0 
41499.1  41023.0 
41499.1  41044.0 
41499.1  41064.0 
41500.1  41516.0 
41500.1  41023.0 
41500.1  41044.0 
41500.1  41064.0 
41501.1  41516.0 
41501.1  41023.0 
41501.1  41044.0 
41501.1  41064.0 
41502.0  40530.0 
41503.0  40531.0 
41505.0  40533.0 
41506.1  41481.0 
41506.1  41023.0 
41506.1  41482.0 
41506.1  41483.0 
41506.1  41044.0 
41506.1  41484.0 
41506.1  41226.0 
41506.1  41485.0 
41506.1  41028.0 
41506.1  41238.0 
41506.1  41518.0 
41506.1  41064.0 
41506.1  41519.1 
41507.1  41489.0 
41507.1  41023.0 
41507.1  41482.0 
41507.1  41483.0 
41507.1  41226.0 
41507.1  41044.0 
41507.1  41484.0 
41507.1  41028.0 
41507.1  41485.0 
41507.1  41238.0 
41507.1  41521.0 
41507.1  41064.0 
41507.1  41487.1 
41508.1  41489.0 
41508.1  41023.0 
41508.1  41482.0 
41508.1  41483.0 
41508.1  41226.0 
41508.1  41044.0 
41508.1  41484.0 
41508.1  41028.0 
41508.1  41485.0 
41508.1  41238.0 
41508.1  41522.0 
41508.1  41064.0 
41509.0  40537.0 
41510.1  41523.0 
41511.1  41524.1 
41512.1  41525.1 
41513.1  41526.1 
41514.0  40542.0 
41515.1  41527.0 
41515.1  41023.0 
41515.1  41528.0 
41515.1  41028.0 
41515.1  41044.0 
41515.1  41529.0 
41515.1  41064.0 
41515.1  41530.0 
41515.1  41531.0 
41515.1  41184.0 
41515.1  41532.0 
41515.1  41533.0 
41515.1  41534.0 
41515.1  41069.0 
41515.1  41535.0 
41515.1  41536.0 
41515.1  41537.0 
41515.1  41538.0 
41515.1  41539.0 
41515.1  41540.0 
41515.1  41541.0 
41515.1  41542.0 
41515.1  41543.0 
41515.1  41544.0 
41515.1  41545.0 
41515.1  41546.0 
41515.1  41547.0 
41515.1  41548.0 
41515.1  41549.0 
41515.1  41550.0 
41515.1  41551.0 
41515.1  41552.0 
41515.1  41553.0 
41515.1  41554.0 
41515.1  41555.0 
41515.1  41556.0 
41515.1  41557.0 
41515.1  41558.0 
41515.1  41559.0 
41515.1  41560.0 
41515.1  41561.0 
41515.1  41562.0 
41515.1  41563.0 
41515.1  41564.0 
41515.1  41565.0 
41515.1  41566.0 
41515.1  41567.0 
41515.1  41568.0 
41515.1  41569.0 
41515.1  41570.0 
41515.1  41571.0 
41515.1  41572.0 
41515.1  41573.0 
41515.1  41574.0 
41515.1  41575.0 
41515.1  41576.0 
41515.1  41577.0 
41515.1  41578.0 
41515.1  41579.0 
41515.1  41580.0 
41515.1  41581.0 
41515.1  41582.0 
41515.1  41583.0 
41515.1  41584.0 
41515.1  41585.0 
41515.1  41586.0 
41515.1  41587.0 
41515.1  41588.0 
41515.1  41589.0 
41515.1  41590.0 
41515.1  41591.0 
41515.1  41592.0 
41515.1  41593.0 
41515.1  41594.0 
41515.1  41595.0 
41515.1  41596.0 
41515.1  41597.0 
41515.1  41598.0 
41515.1  41599.0 
41515.1  41600.0 
41515.1  41601.0 
41515.1  41602.0 
41515.1  41603.0 
41515.1  41604.0 
41515.1  41605.0 
41515.1  41606.0 
41515.2  41607.0 
41515.2  41608.0 
41515.2  41609.0 
41515.2  41610.0 
41515.2  41611.0 
41515.2  41612.0 
41515.2  41613.0 
41515.2  41614.0 
41515.2  41615.0 
41515.2  41616.0 
41515.2  41617.0 
41515.2  41618.0 
41515.2  41619.0 
41515.2  41620.0 
41515.2  41621.0 
41515.2  41622.0 
41515.2  41623.0 
41515.2  41624.0 
41515.2  41625.0 
41515.2  41626.0 
41515.2  41627.0 
41515.2  41628.0 
41515.2  41629.0 
41515.2  41630.0 
41515.2  41631.0 
41515.2  41632.0 
41515.2  41633.0 
41515.2  41634.0 
41515.2  41635.0 
41515.2  41636.0 
41515.2  41637.0 
41515.2  41638.0 
41515.2  41639.0 
41515.2  41640.0 
41515.2  41641.0 
41515.2  41642.0 
41515.2  41643.0 
41515.2  41644.0 
41515.2  41645.0 
41515.2  41646.0 
41515.2  41647.0 
41515.2  41648.0 
41515.2  41649.0 
41515.2  41650.0 
41515.2  41651.0 
41515.2  41652.0 
41515.2  41653.0 
41515.2  41654.0 
41515.2  41655.0 
41515.2  41656.0 
41515.2  41657.0 
41515.2  41658.0 
41515.2  41659.0 
41515.2  41660.0 
41515.2  41661.0 
41515.2  41662.0 
41515.2  41663.0 
41515.2  41664.0 
41515.2  41665.0 
41515.2  41666.0 
41515.2  41667.0 
41515.2  41668.0 
41515.2  41669.0 
41515.2  41670.0 
41515.2  41671.0 
41515.2  41672.0 
41515.2  41673.0 
41515.2  41674.0 
41515.2  41675.0 
41515.2  41676.0 
41515.2  41677.0 
41515.2  41678.0 
41515.2  41679.0 
41515.2  41680.0 
41515.2  41681.0 
41515.2  41682.0 
41515.2  41683.0 
41515.2  41684.0 
41515.2  41685.0 
41515.2  41686.0 
41515.2  41687.0 
41515.2  41688.0 
41515.2  41689.0 
41515.2  41690.0 
41515.3  41691.0 
41515.3  41692.0 
41515.3  41693.0 
41515.3  41694.0 
41515.3  41695.0 
41515.3  41696.0 
41515.3  41697.0 
41515.3  41698.0 
41515.3  41699.0 
41515.3  41700.0 
41515.3  41701.0 
41515.3  41702.0 
41515.3  41703.0 
41515.3  41704.0 
41515.3  41705.0 
41515.3  41706.0 
41515.3  41707.0 
41515.3  41708.0 
41515.3  41709.0 
41515.3  41710.0 
41515.3  41711.0 
41515.3  41712.0 
41515.3  41713.0 
41515.3  41714.0 
41515.3  41715.0 
41515.3  41716.0 
41515.3  41717.0 
41515.3  41718.0 
41515.3  41719.0 
41515.3  41720.0 
41515.3  41721.0 
41515.3  41722.0 
41515.3  41723.0 
41515.3  41724.0 
41515.3  41725.0 
41515.3  41726.0 
41515.3  41727.0 
41515.3  41728.0 
41515.3  41729.0 
41515.3  41730.0 
41515.3  41731.0 
41515.3  41732.0 
41515.3  41733.0 
41515.3  41734.0 
41515.3  41735.0 
41515.3  41736.0 
41515.3  41737.0 
41515.3  41738.0 
41515.3  41739.0 
41515.3  41740.0 
41515.3  41741.0 
41515.3  41742.0 
41515.3  41743.0 
41515.3  41744.0 
41515.3  41745.0 
41515.3  41746.0 
41515.3  41747.0 
41515.3  41748.0 
41515.3  41749.0 
41515.3  41750.0 
41515.3  41751.0 
41515.3  41752.0 
41515.3  41753.0 
41515.3  41754.0 
41515.3  41755.0 
41515.3  41756.0 
41515.3  41757.0 
41515.3  41758.0 
41515.3  41759.0 
41515.3  41760.0 
41515.4  41761.0 
41515.4  41762.0 
41515.4  41763.0 
41515.4  41764.0 
41515.4  41765.0 
41515.4  41766.0 
41515.4  41767.0 
41515.4  41768.0 
41515.4  41769.0 
41515.4  41770.0 
41515.4  41771.0 
41515.4  41772.0 
41515.4  41773.0 
41515.4  41774.0 
41515.4  41775.0 
41515.4  41776.0 
41515.4  41777.0 
41515.4  41778.0 
41515.4  41779.0 
41515.4  41780.0 
41515.4  41781.0 
41515.4  41782.0 
41515.4  41783.0 
41515.4  41784.0 
41515.4  41785.0 
41515.4  41786.0 
41515.4  41787.0 
41515.4  41788.0 
41515.4  41789.0 
41515.4  41790.0 
41515.4  41791.0 
41515.4  41792.0 
41515.4  41793.0 
41515.4  41794.0 
41515.4  41795.0 
41515.4  41796.0 
41515.4  41797.0 
41515.4  41798.0 
41515.4  41799.0 
41515.5  41800.0 
41515.5  41801.0 
41515.5  41802.0 
41515.5  41803.0 
41515.5  41804.0 
41515.5  41805.0 
41515.5  41806.0 
41515.5  41807.0 
41515.5  41808.0 
41515.5  41809.0 
41515.5  41810.0 
41515.5  41811.0 
41515.5  41812.0 
41515.5  41813.0 
41515.5  41814.0 
41515.5  41815.0 
41515.5  41816.0 
41515.5  41817.0 
41515.5  41818.0 
41515.5  41819.0 
41515.5  41820.0 
41515.5  41821.0 
41515.5  41822.0 
41515.5  41823.0 
41515.5  41824.0 
41515.5  41825.0 
41515.5  41826.0 
41515.5  41827.0 
41515.5  41828.0 
41515.5  41829.0 
41515.5  41830.0 
41515.5  41831.0 
41515.5  41832.0 
41515.5  41833.0 
41515.5  41834.0 
41515.5  41835.0 
41515.5  41836.0 
41515.5  41837.0 
41515.5  41838.0 
41515.5  41839.0 
41515.5  41840.0 
41515.5  41841.0 
41515.5  41842.0 
41515.5  41843.0 
41515.5  41844.0 
41515.5  41845.0 
41515.5  41846.0 
41515.5  41847.0 
41515.6  41848.0 
41515.6  41849.0 
41515.6  41850.0 
41515.6  41851.0 
41515.6  41852.0 
41515.6  41853.0 
41515.6  41854.0 
41515.6  41855.0 
41515.6  41856.0 
41515.6  41857.0 
41515.6  41858.0 
41515.6  41859.0 
41515.6  41860.0 
41515.6  41861.0 
41515.6  41862.0 
41515.6  41863.0 
41515.6  41864.0 
41515.6  41865.0 
41515.6  41866.0 
41515.6  41867.0 
41515.6  41868.0 
41515.6  41869.0 
41515.6  41870.0 
41515.6  41871.0 
41515.6  41872.0 
41515.6  41873.0 
41515.6  41874.0 
41515.6  41875.0 
41515.6  41876.0 
41515.6  41877.0 
41515.7  41878.0 
41515.7  41879.0 
41515.7  41880.0 
41515.7  41881.0 
41515.7  41882.0 
41515.7  41883.0 
41515.7  41884.0 
41515.7  41885.0 
41515.7  41886.0 
41515.7  41887.0 
41515.7  41888.0 
41515.7  41889.0 
41515.7  41890.0 
41515.7  41891.0 
41515.7  41892.0 
41515.7  41893.0 
41515.7  41894.0 
41515.7  41895.0 
41515.7  41896.0 
41515.7  41897.0 
41515.7  41898.0 
41515.7  41899.0 
41515.7  41900.0 
41515.7  41901.0 
41515.7  41902.0 
41515.7  41903.0 
41515.7  41904.0 
41515.7  41905.0 
41515.7  41906.0 
41515.7  41907.0 
41515.7  41908.0 
41515.7  41909.0 
41515.7  41910.0 
41515.7  41911.0 
41515.7  41912.0 
41515.7  41913.0 
41515.7  41914.0 
41515.7  41915.0 
41515.7  41916.0 
41515.7  41917.0 
41515.7  41918.0 
41515.7  41919.0 
41515.7  41920.0 
41515.7  41921.0 
41515.7  41922.0 
41515.7  41923.0 
41515.7  41924.0 
41516.0  40544.0 
41517.1  40954.0 
41517.1  40052.0 
41517.1  40488.0 
41517.1  40057.0 
41517.1  40073.0 
41517.1  40093.0 
41517.1  40213.0 
41517.1  40098.0 
41517.1  40099.0 
41517.1  40100.0 
41517.1  40101.0 
41517.1  41926.1 
41517.1  41927.1 
41517.1  40092.0 
41517.1  40106.0 
41517.1  41928.1 
41519.1  41929.1 
41520.1  40508.1 
41524.1  41931.0 
41524.1  41023.0 
41524.1  41044.0 
41524.1  41064.0 
41524.1  41069.0 
41524.1  41932.1 
41525.1  41931.0 
41525.1  41023.0 
41525.1  41044.0 
41525.1  41064.0 
41525.1  41069.0 
41525.1  41934.1 
41526.1  41931.0 
41526.1  41023.0 
41526.1  41044.0 
41526.1  41064.0 
41526.1  41069.0 
41526.1  41936.1 
41527.0  40555.0 
41528.0  40556.0 
41529.0  40557.0 
41531.0  40559.0 
41532.0  40560.0 
41533.0  40561.0 
41534.0  40562.0 
41535.0  40563.0 
41536.0  40564.0 
41537.0  40565.0 
41538.0  40566.0 
41539.0  40567.0 
41540.0  40568.0 
41541.0  40569.0 
41542.0  40570.0 
41543.0  40571.0 
41544.0  40572.0 
41545.0  40573.0 
41546.0  40574.0 
41547.0  40575.0 
41548.0  40576.0 
41549.0  40577.0 
41550.0  40578.0 
41551.0  40579.0 
41552.0  40580.0 
41553.0  40581.0 
41554.0  40582.0 
41555.0  40583.0 
41556.0  40584.0 
41557.0  40585.0 
41558.0  40586.0 
41559.0  40587.0 
41560.0  40588.0 
41561.0  40589.0 
41562.0  40590.0 
41563.0  40591.0 
41564.0  40592.0 
41565.0  40593.0 
41566.0  40594.0 
41567.0  40595.0 
41568.0  40596.0 
41569.0  40597.0 
41570.0  40598.0 
41571.0  40599.0 
41572.0  40600.0 
41573.0  40601.0 
41574.0  40602.0 
41575.0  40603.0 
41576.0  40604.0 
41577.0  40605.0 
41578.0  40606.0 
41579.0  40607.0 
41580.0  40608.0 
41581.0  40609.0 
41582.0  40610.0 
41583.0  40611.0 
41584.0  40612.0 
41585.0  40613.0 
41586.0  40614.0 
41587.0  40615.0 
41588.0  40616.0 
41589.0  40617.0 
41590.0  40618.0 
41591.0  40619.0 
41592.0  40620.0 
41593.0  40621.0 
41594.0  40622.0 
41595.0  40623.0 
41596.0  40624.0 
41597.0  40625.0 
41598.0  40626.0 
41599.0  40627.0 
41600.0  40628.0 
41601.0  40629.0 
41602.0  40630.0 
41603.0  40631.0 
41604.0  40632.0 
41605.0  40633.0 
41606.0  40634.0 
41607.0  40635.0 
41608.0  40636.0 
41609.0  40637.0 
41610.0  40638.0 
41611.0  40639.0 
41612.0  40640.0 
41613.0  40641.0 
41614.0  40642.0 
41615.0  40643.0 
41616.0  40644.0 
41617.0  40645.0 
41618.0  40646.0 
41619.0  40647.0 
41620.0  40648.0 
41621.0  40649.0 
41622.0  40650.0 
41623.0  40651.0 
41624.0  40652.0 
41625.0  40653.0 
41626.0  40654.0 
41627.0  40655.0 
41628.0  40656.0 
41629.0  40657.0 
41630.0  40658.0 
41631.0  40659.0 
41632.0  40660.0 
41633.0  40661.0 
41634.0  40662.0 
41635.0  40663.0 
41636.0  40664.0 
41637.0  40665.0 
41638.0  40666.0 
41639.0  40667.0 
41640.0  40668.0 
41641.0  40669.0 
41642.0  40670.0 
41643.0  40671.0 
41644.0  40672.0 
41645.0  40673.0 
41646.0  40674.0 
41647.0  40675.0 
41648.0  40676.0 
41649.0  40677.0 
41650.0  40678.0 
41651.0  40679.0 
41652.0  40680.0 
41653.0  40681.0 
41654.0  40682.0 
41655.0  40683.0 
41656.0  40684.0 
41657.0  40685.0 
41658.0  40686.0 
41659.0  40687.0 
41660.0  40688.0 
41661.0  40689.0 
41662.0  40690.0 
41663.0  40691.0 
41664.0  40692.0 
41665.0  40693.0 
41666.0  40694.0 
41667.0  40695.0 
41668.0  40696.0 
41669.0  40697.0 
41670.0  40698.0 
41671.0  40699.0 
41672.0  40700.0 
41673.0  40701.0 
41674.0  40702.0 
41675.0  40703.0 
41676.0  40704.0 
41677.0  40705.0 
41678.0  40706.0 
41679.0  40707.0 
41680.0  40708.0 
41681.0  40709.0 
41682.0  40710.0 
41683.0  40711.0 
41684.0  40712.0 
41685.0  40713.0 
41686.0  40714.0 
41687.0  40715.0 
41688.0  40716.0 
41689.0  40717.0 
41690.0  40718.0 
41691.0  40719.0 
41692.0  40720.0 
41693.0  40721.0 
41694.0  40722.0 
41695.0  40723.0 
41696.0  40724.0 
41697.0  40725.0 
41698.0  40726.0 
41699.0  40727.0 
41700.0  40728.0 
41701.0  40729.0 
41702.0  40730.0 
41703.0  40731.0 
41704.0  40732.0 
41705.0  40733.0 
41706.0  40734.0 
41707.0  40735.0 
41708.0  40736.0 
41709.0  40737.0 
41710.0  40738.0 
41711.0  40739.0 
41712.0  40740.0 
41713.0  40741.0 
41714.0  40742.0 
41715.0  40743.0 
41716.0  40744.0 
41717.0  40745.0 
41718.0  40746.0 
41719.0  40747.0 
41720.0  40748.0 
41721.0  40749.0 
41722.0  40750.0 
41723.0  40751.0 
41725.0  40753.0 
41726.0  40754.0 
41727.0  40755.0 
41728.0  40756.0 
41729.0  40757.0 
41730.0  40758.0 
41731.0  40759.0 
41732.0  40760.0 
41733.0  40761.0 
41734.0  40762.0 
41735.0  40763.0 
41736.0  40764.0 
41737.0  40765.0 
41738.0  40766.0 
41739.0  40767.0 
41740.0  40768.0 
41741.0  40769.0 
41742.0  40770.0 
41743.0  40771.0 
41744.0  40772.0 
41745.0  40773.0 
41746.0  40774.0 
41747.0  40775.0 
41748.0  40776.0 
41749.0  40777.0 
41750.0  40778.0 
41751.0  40779.0 
41752.0  40780.0 
41753.0  40781.0 
41754.0  40782.0 
41755.0  40783.0 
41756.0  40784.0 
41757.0  40785.0 
41758.0  40786.0 
41759.0  40787.0 
41760.0  40788.0 
41761.0  40789.0 
41762.0  40790.0 
41763.0  40791.0 
41764.0  40792.0 
41765.0  40793.0 
41766.0  40794.0 
41767.0  40795.0 
41768.0  40796.0 
41769.0  40797.0 
41770.0  40798.0 
41771.0  40799.0 
41772.0  40800.0 
41773.0  40801.0 
41774.0  40802.0 
41775.0  40803.0 
41776.0  40804.0 
41777.0  40805.0 
41778.0  40806.0 
41779.0  40807.0 
41780.0  40808.0 
41781.0  40809.0 
41782.0  40810.0 
41783.0  40811.0 
41784.0  40812.0 
41785.0  40813.0 
41786.0  40814.0 
41787.0  40815.0 
41788.0  40816.0 
41789.0  40817.0 
41790.0  40818.0 
41791.0  40819.0 
41792.0  40820.0 
41793.0  40821.0 
41794.0  40822.0 
41795.0  40823.0 
41796.0  40824.0 
41797.0  40825.0 
41798.0  40826.0 
41799.0  40827.0 
41800.0  40828.0 
41801.0  40829.0 
41802.0  40830.0 
41803.0  40831.0 
41804.0  40832.0 
41805.0  40833.0 
41806.0  40834.0 
41807.0  40835.0 
41808.0  40836.0 
41809.0  40837.0 
41810.0  40838.0 
41811.0  40839.0 
41812.0  40840.0 
41813.0  40841.0 
41814.0  40842.0 
41815.0  40843.0 
41816.0  40844.0 
41817.0  40845.0 
41818.0  40846.0 
41819.0  40847.0 
41820.0  40848.0 
41821.0  40849.0 
41822.0  40850.0 
41823.0  40851.0 
41824.0  40852.0 
41825.0  40853.0 
41826.0  40854.0 
41827.0  40855.0 
41828.0  40856.0 
41829.0  40857.0 
41830.0  40858.0 
41831.0  40859.0 
41832.0  40860.0 
41833.0  40861.0 
41834.0  40862.0 
41835.0  40863.0 
41836.0  40864.0 
41837.0  40865.0 
41838.0  40866.0 
41839.0  40867.0 
41840.0  40868.0 
41841.0  40869.0 
41842.0  40870.0 
41843.0  40871.0 
41844.0  40872.0 
41845.0  40873.0 
41846.0  40874.0 
41847.0  40875.0 
41848.0  40876.0 
41849.0  40877.0 
41850.0  40878.0 
41851.0  40879.0 
41852.0  40880.0 
41853.0  40881.0 
41854.0  40882.0 
41855.0  40883.0 
41856.0  40884.0 
41857.0  40885.0 
41858.0  40886.0 
41859.0  40887.0 
41860.0  40888.0 
41861.0  40889.0 
41862.0  40890.0 
41863.0  40891.0 
41864.0  40892.0 
41865.0  40893.0 
41866.0  40894.0 
41867.0  40895.0 
41868.0  40896.0 
41869.0  40897.0 
41870.0  40898.0 
41871.0  40899.0 
41872.0  40900.0 
41873.0  40901.0 
41874.0  40902.0 
41875.0  40903.0 
41876.0  40904.0 
41877.0  40905.0 
41878.0  40906.0 
41879.0  40907.0 
41880.0  40908.0 
41881.0  40909.0 
41882.0  40910.0 
41883.0  40911.0 
41884.0  40912.0 
41885.0  40913.0 
41886.0  40914.0 
41887.0  40915.0 
41888.0  40916.0 
41889.0  40917.0 
41890.0  40918.0 
41891.0  40919.0 
41892.0  40920.0 
41893.0  40921.0 
41894.0  40922.0 
41895.0  40923.0 
41925.1  40509.0 
41925.1  40052.0 
41925.1  40510.0 
41925.1  40511.0 
41925.1  40073.0 
41925.1  40512.0 
41925.1  40255.0 
41925.1  40513.0 
41925.1  40057.0 
41925.1  40267.0 
41925.1  41937.0 
41925.1  40093.0 
41925.1  40453.3 
41926.1  41938.1 
41927.1  41939.1 
41928.1  41940.1 
41929.1  40971.0 
41929.1  40052.0 
41929.1  40073.0 
41929.1  41941.3 
41931.0  40960.0 
41932.1  41942.0 
41934.1  41943.0 
41936.1  41944.0 
41938.1  40960.0 
41938.1  40052.0 
41938.1  40073.0 
41938.1  40093.0 
41938.1  40098.0 
41938.1  41946.1 
41939.1  40980.0 
41939.1  40052.0 
41939.1  40073.0 
41939.1  40093.0 
41939.1  40981.46 
41940.1  40980.0 
41940.1  40052.0 
41940.1  40073.0 
41940.1  40093.0 
41940.1  40982.11 
41941.3  40453.3 
41946.1  41947.0 
41017.0  41018.0 
41018.0  41457.0 
41457.0  41468.0 
41464.0  41480.0 
41465.0  41488.0 
41466.0  41488.0 
41467.0  41492.0 
41468.0  41480.0 
41475.0  41018.0 
41476.0  41018.0 
41477.0  41504.0 
41488.0  41508.0 
41492.0  41017.0 
41497.0  41457.0 
41498.0  41457.0 
41499.0  41457.0 
41500.0  41457.0 
41501.0  41457.0 
41504.0  41018.0 
41506.0  41517.0 
41507.0  41520.0 
41508.0  41480.0 
41515.0  41492.0 
41517.0  41925.0 
41523.0  41488.0 
41524.0  41930.0 
41525.0  41933.0 
41526.0  41935.0 
41925.0  41520.0 
41929.0  41517.0 
41930.0  41488.0 
41933.0  41488.0 
41935.0  41488.0 
41938.0  41945.0 
41939.0  41517.0 
41940.0  41517.0 
41942.0  41930.0 
41943.0  41933.0 
41944.0  41935.0 
41945.0  41517.0 
41947.0  41945.0 
41016.1  41017.11 
