52651.1  52653.0 
52651.1  52654.0 
52651.1  52655.0 
52651.1  52656.0 
52651.1  52657.0 
52651.1  52658.0 
52651.1  52659.0 
52651.1  52660.0 
52651.1  52661.0 
52651.1  52662.0 
52651.1  52663.0 
52651.1  52664.0 
52652.1  52666.0 
52652.1  52654.0 
52652.1  52657.0 
52653.0  52633.0 
52654.0  52634.0 
52655.0  52635.0 
52656.0  52636.0 
52657.0  52637.0 
52658.0  52638.0 
52659.0  52639.0 
52660.0  52640.0 
52663.0  52643.0 
52664.0  28543.0 
52665.1  52654.0 
52665.1  52667.0 
52665.1  52658.0 
52665.1  52657.0 
52665.1  52663.0 
52665.1  52668.0 
52665.1  52669.0 
52666.0  52646.0 
52667.0  52647.0 
52668.0  52648.0 
52669.0  52649.0 
52650.1  52651.1 
52651.0  52652.0 
52652.0  52665.0 
