28530.1  28532.0 
28530.1  28533.0 
28530.1  28534.0 
28530.1  28535.0 
28530.1  28536.0 
28530.1  28537.0 
28530.1  28538.0 
28530.1  28539.0 
28530.1  28540.0 
28530.1  28541.0 
28530.1  28542.0 
28530.1  28543.0 
28531.1  28545.0 
28531.1  28533.0 
28531.1  28536.0 
28532.0  27365.0 
28533.0  27366.0 
28534.0  27367.0 
28535.0  27368.0 
28536.0  27369.0 
28537.0  27370.0 
28538.0  27371.0 
28539.0  27372.0 
28542.0  27375.0 
28543.0  175.0 
28544.1  28533.0 
28544.1  28546.0 
28544.1  28537.0 
28544.1  28536.0 
28544.1  28542.0 
28544.1  28547.0 
28544.1  28548.0 
28545.0  27378.0 
28546.0  27379.0 
28547.0  27380.0 
28548.0  27381.0 
28529.1  28530.1 
28550.1  28552.0 
28550.1  28553.0 
28550.1  28554.0 
28550.1  28555.0 
28550.1  28533.0 
28550.1  28556.0 
28550.1  28557.0 
28550.1  28558.0 
28550.1  28559.0 
28550.1  28537.0 
28550.1  28560.0 
28550.1  28561.0 
28550.1  28562.0 
28550.1  28563.0 
28550.1  28564.0 
28550.1  28565.0 
28550.1  28566.0 
28550.1  28567.0 
28550.1  28568.0 
28550.1  28569.0 
28550.1  28570.0 
28550.1  28571.0 
28550.1  28572.0 
28550.1  28573.0 
28550.1  28574.0 
28550.1  28536.0 
28550.1  28575.0 
28550.1  28576.0 
28550.1  28577.0 
28550.1  28578.0 
28550.1  28579.0 
28550.1  28580.0 
28550.1  28581.0 
28550.1  28582.0 
28550.1  28583.0 
28550.1  28584.0 
28550.1  28585.0 
28550.1  28586.0 
28550.1  28587.0 
28550.1  28588.0 
28550.1  28589.0 
28550.1  28590.0 
28550.1  28591.0 
28550.1  28592.0 
28550.1  28593.0 
28550.1  28542.0 
28550.1  28594.0 
28550.1  28595.0 
28550.1  28596.0 
28550.1  28597.0 
28550.1  28548.0 
28550.1  28598.0 
28550.1  28599.0 
28550.1  28600.0 
28550.1  28601.0 
28550.1  28602.0 
28550.1  28603.0 
28550.1  28604.0 
28550.1  28605.0 
28550.1  28606.0 
28550.1  28607.0 
28550.1  28608.0 
28550.1  28609.0 
28550.1  28610.0 
28550.1  28611.0 
28550.1  28612.0 
28550.1  28613.0 
28550.1  28614.0 
28550.1  28615.0 
28550.1  28616.0 
28550.1  28617.0 
28550.1  28618.0 
28550.1  28619.0 
28550.1  28620.0 
28550.1  28621.0 
28550.1  28622.0 
28550.1  28623.0 
28550.1  28624.0 
28550.1  28625.0 
28550.1  28626.0 
28550.1  28627.0 
28550.1  28628.0 
28550.1  28629.0 
28550.1  28630.0 
28550.1  28631.0 
28550.1  28632.0 
28550.1  28633.0 
28550.1  28634.0 
28550.1  28635.0 
28550.1  28636.0 
28550.1  28637.0 
28550.1  28638.0 
28550.1  28639.0 
28550.1  28640.0 
28550.1  28641.0 
28550.1  28642.0 
28550.1  28643.0 
28550.1  28644.0 
28550.1  28645.0 
28550.1  28646.0 
28550.1  28647.0 
28550.1  28648.0 
28550.1  28649.0 
28550.1  28650.0 
28550.1  28651.0 
28550.1  28652.0 
28550.1  28653.0 
28550.1  28654.0 
28550.1  28655.0 
28550.1  28656.0 
28550.1  28657.0 
28550.1  28658.0 
28550.1  28659.0 
28550.1  28660.0 
28550.1  28661.0 
28550.1  28662.0 
28550.1  28663.0 
28550.1  28664.0 
28550.1  28665.0 
28550.1  28666.0 
28550.1  28667.0 
28550.1  28668.0 
28550.1  28669.0 
28550.1  28670.0 
28550.1  28671.0 
28550.1  28672.0 
28550.1  28673.0 
28550.1  28674.0 
28550.1  28675.0 
28550.1  28676.0 
28550.1  28677.0 
28550.1  28678.0 
28550.1  28679.0 
28550.1  28680.0 
28550.1  28681.0 
28550.1  28682.0 
28550.1  28683.0 
28550.1  28684.0 
28550.1  28685.0 
28550.1  28686.0 
28550.1  28687.0 
28550.1  28688.0 
28550.1  28689.0 
28550.1  28690.0 
28550.1  28691.0 
28550.1  28692.0 
28550.1  28693.0 
28550.1  28694.0 
28550.1  28695.0 
28550.1  28696.0 
28550.1  28697.0 
28550.1  28698.0 
28550.1  28699.0 
28550.1  28700.0 
28550.1  28701.0 
28550.1  28702.0 
28550.1  28703.0 
28550.1  28704.0 
28550.1  28705.0 
28550.1  28706.0 
28550.1  28707.0 
28550.1  28708.0 
28550.1  28709.0 
28550.1  28710.0 
28550.1  28711.0 
28550.1  28547.0 
28550.1  28712.0 
28550.1  28713.0 
28550.1  28714.0 
28550.1  28715.1 
28550.1  28716.0 
28550.1  28717.0 
28550.1  28718.0 
28550.1  28719.0 
28550.1  28720.0 
28550.1  28721.0 
28550.2  28722.0 
28550.2  28723.0 
28550.2  28724.0 
28550.2  28725.0 
28550.2  28726.0 
28550.2  28727.0 
28550.2  28728.0 
28550.2  28729.0 
28550.2  28730.0 
28550.2  28731.0 
28550.2  28732.0 
28550.2  28733.0 
28550.2  28734.0 
28550.2  28735.0 
28550.2  28736.0 
28550.2  28737.0 
28550.2  28738.0 
28550.2  28739.0 
28550.2  28740.0 
28550.2  28741.0 
28550.2  28742.0 
28550.2  28743.0 
28550.2  28744.0 
28550.2  28745.0 
28550.2  28746.0 
28550.2  28747.0 
28550.2  28748.0 
28550.2  28749.0 
28550.2  28750.0 
28550.2  28751.0 
28550.2  28752.0 
28550.2  28534.0 
28550.2  28753.0 
28550.2  28754.0 
28550.2  28755.0 
28550.2  28756.0 
28550.2  28757.0 
28550.2  28758.0 
28550.2  28759.0 
28550.2  28760.0 
28550.2  28761.0 
28550.2  28762.0 
28550.2  28763.0 
28550.2  28539.0 
28550.2  28764.0 
28550.2  28765.0 
28550.2  28766.0 
28550.2  28767.0 
28550.2  28768.0 
28550.2  28769.0 
28550.2  28770.0 
28550.2  28771.0 
28550.2  28772.0 
28550.2  28773.0 
28550.2  28774.0 
28550.2  28775.0 
28550.2  28776.0 
28550.2  28777.0 
28550.2  28778.0 
28550.2  28779.0 
28550.2  28780.0 
28550.2  28781.0 
28550.2  28782.0 
28550.2  28783.0 
28550.2  28784.0 
28550.2  28785.0 
28550.2  28786.0 
28550.2  28787.0 
28550.2  28788.0 
28550.2  28789.0 
28550.2  28790.0 
28550.2  28791.0 
28550.2  28792.0 
28550.2  28793.0 
28550.2  28794.0 
28550.2  28795.0 
28550.2  28796.0 
28550.2  28797.0 
28550.2  28798.0 
28550.2  28799.0 
28550.2  28800.0 
28550.2  28801.0 
28550.2  28802.0 
28550.2  28803.0 
28550.2  28804.0 
28550.2  28805.0 
28550.2  28806.0 
28550.2  28807.0 
28550.2  28808.0 
28550.2  28809.0 
28550.2  28810.0 
28550.2  28811.0 
28550.2  28812.0 
28550.2  28813.0 
28550.2  28814.0 
28550.2  28815.0 
28550.2  28816.0 
28550.2  28817.0 
28550.2  28818.0 
28550.2  28819.0 
28550.2  28820.0 
28550.2  28821.0 
28550.2  28822.0 
28550.2  28823.0 
28550.2  28824.0 
28550.2  28825.0 
28550.2  28826.0 
28550.2  28827.0 
28550.2  28828.0 
28550.2  28829.0 
28550.2  28830.0 
28550.2  28831.0 
28550.2  28832.0 
28550.2  28833.0 
28550.2  28834.0 
28550.2  28835.0 
28550.2  28836.0 
28550.2  28837.0 
28550.2  28838.0 
28550.2  28839.0 
28550.2  28840.0 
28550.2  28841.0 
28550.2  28842.0 
28550.2  28843.0 
28550.2  28844.0 
28550.2  28845.0 
28550.2  28846.0 
28550.2  28847.0 
28550.2  28848.0 
28550.2  28849.0 
28550.2  28850.0 
28550.2  28851.0 
28550.2  28852.0 
28550.2  28853.0 
28550.2  28854.0 
28550.2  28855.0 
28550.2  28856.0 
28550.2  28857.0 
28550.2  28858.0 
28550.2  28859.0 
28550.2  28860.0 
28550.2  28861.0 
28550.2  28862.0 
28550.2  28863.0 
28550.2  28864.0 
28550.2  28865.0 
28550.2  28866.0 
28550.2  28867.0 
28550.2  28868.0 
28550.2  28869.0 
28550.2  28870.0 
28550.2  28871.0 
28550.2  28872.0 
28550.2  28873.0 
28550.2  28874.0 
28550.2  28875.0 
28550.2  28876.0 
28550.2  28877.0 
28550.2  28878.0 
28550.2  28879.0 
28550.2  28880.1 
28550.2  28881.0 
28550.2  28882.0 
28550.2  28883.0 
28550.2  28884.0 
28550.2  28885.0 
28550.2  28886.0 
28550.2  28887.0 
28550.2  28888.0 
28550.2  28889.0 
28550.2  28890.0 
28550.2  28891.0 
28550.2  28892.0 
28550.2  28893.0 
28550.2  28894.0 
28550.2  28895.29 
28550.2  28896.29 
28550.2  28897.0 
28550.2  28898.0 
28550.2  28899.0 
28550.2  28900.0 
28550.2  28901.0 
28550.2  28902.0 
28550.2  28903.0 
28550.2  28904.0 
28550.2  28905.0 
28550.2  28906.0 
28550.2  28907.0 
28550.2  28908.0 
28550.2  28909.0 
28550.3  28910.0 
28550.3  28911.0 
28550.3  28912.0 
28550.3  28913.0 
28550.3  28914.0 
28550.3  28915.0 
28550.3  28916.0 
28550.3  28917.0 
28550.3  28918.2 
28550.3  28919.0 
28550.3  28920.0 
28550.3  28921.0 
28550.3  28922.0 
28550.3  28923.0 
28550.3  28924.0 
28550.4  28925.0 
28550.4  28926.0 
28550.4  28927.0 
28550.4  28928.0 
28550.4  28529.1 
28550.5  28929.0 
28550.5  28930.0 
28550.5  28931.0 
28550.5  28932.0 
28550.5  28933.0 
28550.5  28934.1 
28550.5  28935.0 
28550.5  28936.58 
28550.5  28937.58 
28550.5  28938.0 
28550.5  28939.0 
28550.6  28940.0 
28550.6  28941.0 
28550.6  28942.0 
28550.6  28943.0 
28550.6  28944.0 
28550.6  28945.0 
28550.6  28538.0 
28550.6  28535.0 
28550.6  28946.0 
28550.6  28947.3 
28550.6  28948.0 
28550.6  28949.0 
28550.6  28950.0 
28550.6  28951.0 
28550.6  28952.0 
28550.6  28953.0 
28550.6  28954.0 
28550.6  28955.0 
28550.6  28956.29 
28550.6  28957.0 
28550.6  28958.0 
28550.7  28959.0 
28550.7  28960.0 
28550.7  28961.70 
28550.7  28962.0 
28550.7  28963.0 
28550.7  28964.1 
28550.7  28965.0 
28550.7  28966.0 
28550.7  28967.0 
28550.7  28968.0 
28550.7  28969.0 
28550.8  28970.0 
28550.8  28971.0 
28550.8  28972.0 
28550.8  28973.0 
28550.8  28974.0 
28550.9  28975.0 
28550.9  28976.0 
28550.9  28977.0 
28550.9  28978.0 
28550.10  28979.0 
28550.10  28980.0 
28550.10  28981.0 
28550.10  28918.6 
28550.11  28982.0 
28551.1  28984.0 
28551.1  28533.0 
28551.1  28546.0 
28551.1  28537.0 
28551.1  28536.0 
28551.1  28542.0 
28551.1  28547.0 
28551.1  28548.0 
28551.1  28985.1 
28551.1  28986.1 
28551.1  28987.1 
28552.0  27385.0 
28553.0  27386.0 
28554.0  27387.0 
28555.0  27388.0 
28556.0  27389.0 
28557.0  27390.0 
28558.0  27391.0 
28559.0  27392.0 
28560.0  27393.0 
28561.0  27394.0 
28562.0  27395.0 
28563.0  27396.0 
28564.0  27397.0 
28565.0  27398.0 
28566.0  27399.0 
28567.0  27400.0 
28568.0  27401.0 
28569.0  27402.0 
28570.0  27403.0 
28571.0  27404.0 
28572.0  27405.0 
28573.0  27406.0 
28574.0  27407.0 
28575.0  27408.0 
28576.0  27409.0 
28577.0  27410.0 
28578.0  27411.0 
28579.0  27412.0 
28580.0  27413.0 
28581.0  27414.0 
28582.0  27415.0 
28583.0  27416.0 
28584.0  27417.0 
28585.0  27418.0 
28586.0  27419.0 
28587.0  27420.0 
28588.0  27421.0 
28589.0  27422.0 
28590.0  27423.0 
28591.0  27424.0 
28592.0  27425.0 
28593.0  27426.0 
28594.0  27427.0 
28595.0  27428.0 
28596.0  27429.0 
28597.0  27430.0 
28598.0  27431.0 
28599.0  27432.0 
28600.0  27433.0 
28601.0  27434.0 
28602.0  27435.0 
28603.0  27436.0 
28604.0  27437.0 
28605.0  27438.0 
28606.0  27439.0 
28607.0  27440.0 
28608.0  27441.0 
28609.0  27442.0 
28610.0  27443.0 
28611.0  27444.0 
28612.0  27445.0 
28613.0  27446.0 
28614.0  27447.0 
28615.0  27448.0 
28616.0  27449.0 
28617.0  27450.0 
28618.0  27451.0 
28619.0  27452.0 
28620.0  27453.0 
28621.0  27454.0 
28622.0  27455.0 
28623.0  27456.0 
28624.0  27457.0 
28625.0  27458.0 
28626.0  27459.0 
28627.0  27460.0 
28628.0  27461.0 
28629.0  27462.0 
28630.0  27463.0 
28631.0  27464.0 
28632.0  27465.0 
28633.0  27466.0 
28634.0  27467.0 
28635.0  27468.0 
28636.0  27469.0 
28637.0  27470.0 
28638.0  27471.0 
28639.0  27472.0 
28640.0  27473.0 
28641.0  27474.0 
28642.0  27475.0 
28643.0  27476.0 
28644.0  27477.0 
28645.0  27478.0 
28646.0  27479.0 
28647.0  27480.0 
28648.0  27481.0 
28649.0  27482.0 
28650.0  27483.0 
28651.0  27484.0 
28652.0  27485.0 
28653.0  27486.0 
28654.0  27487.0 
28655.0  27488.0 
28656.0  27489.0 
28657.0  27490.0 
28658.0  27491.0 
28659.0  27492.0 
28660.0  27493.0 
28661.0  27494.0 
28662.0  27495.0 
28663.0  27496.0 
28664.0  27497.0 
28665.0  27498.0 
28666.0  27499.0 
28667.0  27500.0 
28668.0  27501.0 
28669.0  27502.0 
28670.0  27503.0 
28671.0  27504.0 
28672.0  27505.0 
28673.0  27506.0 
28674.0  27507.0 
28675.0  27508.0 
28676.0  27509.0 
28677.0  27510.0 
28678.0  27511.0 
28679.0  27512.0 
28680.0  27513.0 
28681.0  27514.0 
28682.0  27515.0 
28683.0  27516.0 
28684.0  27517.0 
28685.0  27518.0 
28686.0  27519.0 
28687.0  27520.0 
28688.0  27521.0 
28689.0  27522.0 
28690.0  27523.0 
28691.0  27524.0 
28692.0  27525.0 
28693.0  27526.0 
28694.0  27527.0 
28695.0  27528.0 
28696.0  27529.0 
28697.0  27530.0 
28698.0  27531.0 
28699.0  27532.0 
28700.0  27533.0 
28701.0  27534.0 
28702.0  27535.0 
28703.0  27536.0 
28704.0  27537.0 
28705.0  27538.0 
28706.0  27539.0 
28707.0  27540.0 
28708.0  27541.0 
28709.0  27542.0 
28710.0  27543.0 
28711.0  27544.0 
28712.0  27545.0 
28713.0  27546.0 
28714.0  27547.0 
28715.1  28988.17 
28716.0  27549.0 
28717.0  27550.0 
28718.0  27551.0 
28719.0  27552.0 
28720.0  27553.0 
28721.0  27554.0 
28722.0  27555.0 
28723.0  27556.0 
28724.0  27557.0 
28725.0  27558.0 
28726.0  27559.0 
28727.0  27560.0 
28728.0  27561.0 
28729.0  27562.0 
28730.0  27563.0 
28731.0  27564.0 
28732.0  27565.0 
28733.0  27566.0 
28734.0  27567.0 
28735.0  27568.0 
28736.0  27569.0 
28737.0  27570.0 
28738.0  27571.0 
28739.0  27572.0 
28740.0  27573.0 
28741.0  27574.0 
28742.0  27575.0 
28743.0  27576.0 
28744.0  27577.0 
28745.0  27578.0 
28746.0  27579.0 
28747.0  27580.0 
28748.0  27581.0 
28749.0  27582.0 
28750.0  27583.0 
28751.0  27584.0 
28752.0  27585.0 
28753.0  27586.0 
28754.0  27587.0 
28755.0  27588.0 
28756.0  27589.0 
28757.0  27590.0 
28758.0  27591.0 
28759.0  27592.0 
28760.0  27593.0 
28761.0  27594.0 
28762.0  27595.0 
28763.0  27596.0 
28765.0  27598.0 
28766.0  27599.0 
28767.0  27600.0 
28768.0  27601.0 
28769.0  27602.0 
28770.0  27603.0 
28771.0  27604.0 
28772.0  27605.0 
28773.0  27606.0 
28774.0  27607.0 
28775.0  27608.0 
28776.0  27609.0 
28777.0  27610.0 
28778.0  27611.0 
28779.0  27612.0 
28780.0  27613.0 
28781.0  27614.0 
28782.0  27615.0 
28783.0  27616.0 
28784.0  27617.0 
28785.0  27618.0 
28786.0  27619.0 
28787.0  27620.0 
28788.0  27621.0 
28789.0  27622.0 
28790.0  27623.0 
28791.0  27624.0 
28792.0  27625.0 
28793.0  27626.0 
28794.0  27627.0 
28795.0  27628.0 
28796.0  27629.0 
28797.0  27630.0 
28798.0  27631.0 
28799.0  27632.0 
28800.0  27633.0 
28801.0  27634.0 
28802.0  27635.0 
28803.0  27636.0 
28804.0  27637.0 
28805.0  27638.0 
28806.0  27639.0 
28807.0  27640.0 
28808.0  27641.0 
28809.0  27642.0 
28810.0  27643.0 
28811.0  27644.0 
28812.0  27645.0 
28813.0  27646.0 
28814.0  27647.0 
28815.0  27648.0 
28816.0  27649.0 
28817.0  27650.0 
28818.0  27651.0 
28819.0  27652.0 
28820.0  27653.0 
28821.0  27654.0 
28822.0  27655.0 
28823.0  27656.0 
28824.0  27657.0 
28825.0  27658.0 
28826.0  27659.0 
28827.0  27660.0 
28828.0  27661.0 
28829.0  27662.0 
28830.0  27663.0 
28831.0  27664.0 
28832.0  27665.0 
28833.0  27666.0 
28834.0  27667.0 
28835.0  27668.0 
28836.0  27669.0 
28837.0  27670.0 
28838.0  27671.0 
28839.0  27672.0 
28840.0  27673.0 
28841.0  27674.0 
28842.0  27675.0 
28843.0  27676.0 
28844.0  27677.0 
28845.0  27678.0 
28846.0  27679.0 
28847.0  27680.0 
28848.0  27681.0 
28849.0  27682.0 
28850.0  27683.0 
28851.0  27684.0 
28852.0  27685.0 
28853.0  27686.0 
28854.0  27687.0 
28855.0  27688.0 
28856.0  27689.0 
28857.0  27690.0 
28858.0  27691.0 
28859.0  27692.0 
28860.0  27693.0 
28861.0  27694.0 
28862.0  27695.0 
28863.0  27696.0 
28864.0  27697.0 
28865.0  27698.0 
28866.0  27699.0 
28867.0  27700.0 
28868.0  27701.0 
28869.0  27702.0 
28870.0  27703.0 
28871.0  27704.0 
28872.0  27705.0 
28873.0  27706.0 
28874.0  27707.0 
28875.0  27708.0 
28876.0  27709.0 
28877.0  27710.0 
28878.0  27711.0 
28879.0  27712.0 
28880.1  28988.16 
28881.0  27714.0 
28882.0  27715.0 
28883.0  27716.0 
28884.0  27717.0 
28885.0  27718.0 
28886.0  27719.0 
28887.0  27720.0 
28888.0  27721.0 
28889.0  27722.0 
28890.0  27723.0 
28891.0  27724.0 
28892.0  27725.0 
28893.0  27726.0 
28894.0  27727.0 
28895.29  28988.17 
28895.29  27728.29 
28896.29  28988.17 
28896.29  27729.29 
28897.0  27730.0 
28898.0  27731.0 
28899.0  27732.0 
28900.0  27733.0 
28901.0  27734.0 
28902.0  27735.0 
28903.0  27736.0 
28904.0  27737.0 
28905.0  27738.0 
28906.0  27739.0 
28907.0  27740.0 
28908.0  27741.0 
28909.0  27742.0 
28910.0  27743.0 
28911.0  27744.0 
28912.0  27745.0 
28913.0  27746.0 
28914.0  27747.0 
28915.0  27748.0 
28916.0  27749.0 
28917.0  27750.0 
28918.1  28550.1 
28918.2  28550.2 
28918.3  28550.3 
28918.4  28550.4 
28918.5  28550.8 
28918.6  28550.9 
28918.7  28550.10 
28919.0  27752.0 
28920.0  27753.0 
28921.0  27754.0 
28922.0  27755.0 
28923.0  27756.0 
28924.0  27757.0 
28925.0  27758.0 
28926.0  27759.0 
28927.0  27760.0 
28928.0  27761.0 
28929.0  27762.0 
28930.0  27763.0 
28931.0  27764.0 
28932.0  27765.0 
28933.0  27766.0 
28934.1  28988.17 
28935.0  27768.0 
28936.58  28988.17 
28936.58  27769.58 
28936.59  28550.5 
28937.58  28988.17 
28937.58  27770.58 
28937.59  28550.7 
28938.0  27771.0 
28939.0  27772.0 
28940.0  27773.0 
28941.0  27774.0 
28942.0  27775.0 
28943.0  27776.0 
28944.0  27777.0 
28945.0  27778.0 
28946.0  27779.0 
28947.1  28989.1 
28947.2  28990.1 
28947.3  28991.1 
28948.0  27781.0 
28949.0  27782.0 
28950.0  27783.0 
28951.0  27784.0 
28952.0  27785.0 
28953.0  27786.0 
28954.0  27787.0 
28955.0  27788.0 
28956.29  27789.29 
28956.30  28550.6 
28957.0  27790.0 
28958.0  27791.0 
28959.0  27792.0 
28960.0  27793.0 
28961.68  28988.11 
28961.69  28988.13 
28961.70  28988.17 
28961.70  27794.70 
28962.0  27795.0 
28964.1  28992.1 
28965.0  27798.0 
28966.0  27799.0 
28968.0  27801.0 
28969.0  27802.0 
28970.0  27803.0 
28971.0  27804.0 
28972.0  27805.0 
28973.0  27806.0 
28974.0  27807.0 
28975.0  21820.0 
28976.0  21821.0 
28977.0  21822.0 
28978.1  28550.9 
28979.0  27809.0 
28980.0  27810.0 
28981.0  27811.0 
28982.0  27812.0 
28983.1  28994.0 
28983.1  28533.0 
28983.1  28546.0 
28983.1  28537.0 
28983.1  28536.0 
28983.1  28542.0 
28983.1  28547.0 
28983.1  28548.0 
28983.1  28995.1 
28983.1  28996.1 
28983.1  28997.1 
28983.1  28998.1 
28983.1  28999.1 
28984.0  27814.0 
28985.1  29000.1 
28986.1  29001.1 
28987.1  29002.1 
28988.16  29003.0 
28988.17  27794.69 
28988.18  27751.11 
28988.18  27383.18 
28989.1  29004.0 
28989.1  28533.0 
28989.1  29005.0 
28989.1  29006.0 
28989.1  28536.0 
28989.1  29007.0 
28989.1  28534.0 
28989.1  29008.0 
28989.1  28537.0 
28989.1  28539.0 
28989.1  29009.0 
28989.1  28542.0 
28989.1  29010.2 
28990.1  29012.0 
28990.1  28533.0 
28990.1  29005.0 
28990.1  29006.0 
28990.1  28534.0 
28990.1  28536.0 
28990.1  29007.0 
28990.1  28537.0 
28990.1  29008.0 
28990.1  28539.0 
28990.1  29013.0 
28990.1  28542.0 
28990.1  28947.1 
28991.1  29014.0 
28991.1  28533.0 
28991.1  28536.0 
28991.1  28947.2 
28992.1  29016.0 
28992.1  28533.0 
28992.1  29017.0 
28992.1  28536.0 
28992.1  28542.0 
28992.1  28548.0 
28992.1  28593.0 
28992.1  29018.3 
28992.1  29018.4 
28992.1  29018.5 
28992.1  29018.6 
28992.1  29018.7 
28993.1  28545.0 
28993.1  28533.0 
28993.1  28536.0 
28994.0  27824.0 
28995.1  29019.1 
28996.1  29020.1 
28997.1  29021.1 
28998.1  29022.1 
28999.1  29023.1 
29000.1  29024.0 
29000.1  28533.0 
29000.1  28536.0 
29000.1  28542.0 
29001.1  29025.0 
29001.1  28533.0 
29001.1  28536.0 
29001.1  28542.0 
29002.1  29027.0 
29002.1  28533.0 
29002.1  28536.0 
29003.0  26787.0 
29004.0  27835.0 
29005.0  27836.0 
29006.0  27837.0 
29007.0  27838.0 
29008.0  27839.0 
29010.1  29028.1 
29010.2  29029.1 
29011.1  29031.0 
29011.1  28533.0 
29011.1  28546.0 
29011.1  28537.0 
29011.1  28536.0 
29011.1  28542.0 
29011.1  28547.0 
29011.1  28548.0 
29011.1  28598.0 
29011.1  28599.0 
29011.1  28600.0 
29011.1  29032.1 
29011.1  29033.1 
29011.2  29034.1 
29011.3  29035.1 
29012.0  27843.0 
29014.0  27845.0 
29015.1  29036.0 
29015.1  28533.0 
29015.1  28546.0 
29015.1  28537.0 
29015.1  28536.0 
29015.1  28542.0 
29015.1  28547.0 
29015.1  28548.0 
29016.0  27847.0 
29017.0  27848.0 
29018.1  29037.1 
29018.2  29037.2 
29018.3  29037.3 
29018.4  29037.4 
29018.5  29037.5 
29018.6  29037.6 
29018.7  29037.7 
29019.1  29025.0 
29019.1  28533.0 
29019.1  28536.0 
29019.1  28542.0 
29020.1  29024.0 
29020.1  28533.0 
29020.1  28536.0 
29020.1  28542.0 
29021.1  29038.0 
29021.1  28533.0 
29021.1  28536.0 
29021.1  28542.0 
29022.1  29038.0 
29022.1  28533.0 
29022.1  28536.0 
29022.1  28542.0 
29023.1  29038.0 
29023.1  28533.0 
29023.1  28536.0 
29023.1  28542.0 
29024.0  27855.0 
29025.0  27856.0 
29027.0  27858.0 
29028.1  29004.0 
29028.1  28533.0 
29028.1  29005.0 
29028.1  29006.0 
29028.1  28536.0 
29028.1  29007.0 
29028.1  28534.0 
29028.1  29008.0 
29028.1  28537.0 
29028.1  28539.0 
29028.1  29040.0 
29028.1  28542.0 
29028.1  29041.1 
29029.1  29012.0 
29029.1  28533.0 
29029.1  29005.0 
29029.1  29006.0 
29029.1  28534.0 
29029.1  28536.0 
29029.1  29007.0 
29029.1  28537.0 
29029.1  29008.0 
29029.1  28539.0 
29029.1  29043.0 
29029.1  28542.0 
29029.1  29010.1 
29030.1  29012.0 
29030.1  28533.0 
29030.1  29005.0 
29030.1  29006.0 
29030.1  28534.0 
29030.1  28536.0 
29030.1  29007.0 
29030.1  28537.0 
29030.1  29008.0 
29030.1  28539.0 
29030.1  29044.0 
29030.1  28542.0 
29031.0  27862.0 
29032.1  29045.0 
29033.1  29046.1 
29034.1  29047.1 
29035.1  29048.1 
29036.0  27867.0 
29037.1  29049.0 
29037.1  28533.0 
29037.1  29050.0 
29037.1  28537.0 
29037.1  28536.0 
29037.1  29051.0 
29037.1  28542.0 
29037.1  29052.0 
29037.1  29053.0 
29037.1  28547.0 
29037.1  29054.0 
29037.1  29055.0 
29037.1  29056.0 
29037.1  28548.0 
29037.1  29057.0 
29037.1  29058.0 
29037.1  29059.0 
29037.1  29060.0 
29037.1  29061.0 
29037.1  29062.0 
29037.1  29063.0 
29037.1  29064.0 
29037.1  29065.0 
29037.1  29066.0 
29037.1  29067.0 
29037.1  29068.0 
29037.1  29069.0 
29037.1  29070.0 
29037.1  29071.0 
29037.1  29072.0 
29037.1  29073.0 
29037.1  29074.0 
29037.1  29075.0 
29037.1  29076.0 
29037.1  29077.0 
29037.1  29078.0 
29037.1  29079.0 
29037.1  29080.0 
29037.1  29081.0 
29037.1  29082.0 
29037.1  29083.0 
29037.1  29084.0 
29037.1  29085.0 
29037.1  29086.0 
29037.1  29087.0 
29037.1  29088.0 
29037.1  29089.0 
29037.1  29090.0 
29037.1  29091.0 
29037.1  29092.0 
29037.1  29093.0 
29037.1  29094.0 
29037.1  29095.0 
29037.1  29096.0 
29037.1  29097.0 
29037.1  29098.0 
29037.1  29099.0 
29037.1  29100.0 
29037.1  29101.0 
29037.1  29102.0 
29037.1  29103.0 
29037.1  29104.0 
29037.1  29105.0 
29037.1  29106.0 
29037.1  29107.0 
29037.1  29108.0 
29037.1  29109.0 
29037.1  29110.0 
29037.1  29111.0 
29037.1  29112.0 
29037.1  29113.0 
29037.1  29114.0 
29037.1  29115.0 
29037.1  29116.0 
29037.1  29117.0 
29037.1  29118.0 
29037.1  29119.0 
29037.1  29120.0 
29037.1  29121.0 
29037.1  29122.0 
29037.1  29123.0 
29037.1  29124.0 
29037.1  29125.0 
29037.1  29126.0 
29037.1  29127.0 
29037.1  29128.0 
29037.2  29129.0 
29037.2  29130.0 
29037.2  29131.0 
29037.2  29132.0 
29037.2  29133.0 
29037.2  29134.0 
29037.2  29135.0 
29037.2  29136.0 
29037.2  29137.0 
29037.2  29138.0 
29037.2  29139.0 
29037.2  29140.0 
29037.2  29141.0 
29037.2  29142.0 
29037.2  29143.0 
29037.2  29144.0 
29037.2  29145.0 
29037.2  29146.0 
29037.2  29147.0 
29037.2  29148.0 
29037.2  29149.0 
29037.2  29150.0 
29037.2  29151.0 
29037.2  29152.0 
29037.2  29153.0 
29037.2  29154.0 
29037.2  29155.0 
29037.2  29156.0 
29037.2  29157.0 
29037.2  29158.0 
29037.2  29159.0 
29037.2  29160.0 
29037.2  29161.0 
29037.2  29162.0 
29037.2  29163.0 
29037.2  29164.0 
29037.2  29165.0 
29037.2  29166.0 
29037.2  29167.0 
29037.2  29168.0 
29037.2  29169.0 
29037.2  29170.0 
29037.2  29171.0 
29037.2  29172.0 
29037.2  29173.0 
29037.2  29174.0 
29037.2  29175.0 
29037.2  29176.0 
29037.2  29177.0 
29037.2  29178.0 
29037.2  29179.0 
29037.2  29180.0 
29037.2  29181.0 
29037.2  29182.0 
29037.2  29183.0 
29037.2  29184.0 
29037.2  29185.0 
29037.2  29186.0 
29037.2  29187.0 
29037.2  29188.0 
29037.2  29189.0 
29037.2  29190.0 
29037.2  29191.0 
29037.2  29192.0 
29037.2  29193.0 
29037.2  29194.0 
29037.2  29195.0 
29037.2  29196.0 
29037.2  29197.0 
29037.2  29198.0 
29037.2  29199.0 
29037.2  29200.0 
29037.2  29201.0 
29037.2  29202.0 
29037.2  29203.0 
29037.2  29204.0 
29037.2  29205.0 
29037.2  29206.0 
29037.2  29207.0 
29037.2  29208.0 
29037.2  29209.0 
29037.2  29210.0 
29037.2  29211.0 
29037.2  29212.0 
29037.3  29213.0 
29037.3  29214.0 
29037.3  29215.0 
29037.3  29216.0 
29037.3  29217.0 
29037.3  29218.0 
29037.3  29219.0 
29037.3  29220.0 
29037.3  29221.0 
29037.3  29222.0 
29037.3  29223.0 
29037.3  29224.0 
29037.3  29225.0 
29037.3  29226.0 
29037.3  29227.0 
29037.3  29228.0 
29037.3  29229.0 
29037.3  29230.0 
29037.3  29231.0 
29037.3  29232.0 
29037.3  29233.0 
29037.3  29234.0 
29037.3  29235.0 
29037.3  29236.0 
29037.3  29237.0 
29037.3  29238.0 
29037.3  29239.0 
29037.3  29240.0 
29037.3  29241.0 
29037.3  29242.0 
29037.3  29243.0 
29037.3  29244.0 
29037.3  29245.0 
29037.3  29246.0 
29037.3  29247.0 
29037.3  29248.0 
29037.3  29249.0 
29037.3  29250.0 
29037.3  29251.0 
29037.3  29252.0 
29037.3  29253.0 
29037.3  29254.0 
29037.3  29255.0 
29037.3  29256.0 
29037.3  29257.0 
29037.3  29258.0 
29037.3  29259.0 
29037.3  29260.0 
29037.3  29261.0 
29037.3  29262.0 
29037.3  29263.0 
29037.3  29264.0 
29037.3  29265.0 
29037.3  29266.0 
29037.3  29267.0 
29037.3  29268.0 
29037.3  29269.0 
29037.3  29270.0 
29037.3  29271.0 
29037.3  29272.0 
29037.3  29273.0 
29037.3  29274.0 
29037.3  29275.0 
29037.3  29276.0 
29037.3  29277.0 
29037.3  29278.0 
29037.3  29279.0 
29037.3  29280.0 
29037.3  29281.0 
29037.3  29282.0 
29037.4  29283.0 
29037.4  29284.0 
29037.4  29285.0 
29037.4  29286.0 
29037.4  29287.0 
29037.4  29288.0 
29037.4  29289.0 
29037.4  29290.0 
29037.4  29291.0 
29037.4  29292.0 
29037.4  29293.0 
29037.4  29294.0 
29037.4  29295.0 
29037.4  29296.0 
29037.4  29297.0 
29037.4  29298.0 
29037.4  29299.0 
29037.4  29300.0 
29037.4  29301.0 
29037.4  29302.0 
29037.4  29303.0 
29037.4  29304.0 
29037.4  29305.0 
29037.4  29306.0 
29037.4  29307.0 
29037.4  29308.0 
29037.4  29309.0 
29037.4  29310.0 
29037.4  29311.0 
29037.4  29312.0 
29037.4  29313.0 
29037.4  29314.0 
29037.4  29315.0 
29037.4  29316.0 
29037.4  29317.0 
29037.4  29318.0 
29037.4  29319.0 
29037.4  29320.0 
29037.4  29321.0 
29037.5  29322.0 
29037.5  29323.0 
29037.5  29324.0 
29037.5  29325.0 
29037.5  29326.0 
29037.5  29327.0 
29037.5  29328.0 
29037.5  29329.0 
29037.5  29330.0 
29037.5  29331.0 
29037.5  29332.0 
29037.5  29333.0 
29037.5  29334.0 
29037.5  29335.0 
29037.5  29336.0 
29037.5  29337.0 
29037.5  29338.0 
29037.5  29339.0 
29037.5  29340.0 
29037.5  29341.0 
29037.5  29342.0 
29037.5  29343.0 
29037.5  29344.0 
29037.5  29345.0 
29037.5  29346.0 
29037.5  29347.0 
29037.5  29348.0 
29037.5  29349.0 
29037.5  29350.0 
29037.5  29351.0 
29037.5  29352.0 
29037.5  29353.0 
29037.5  29354.0 
29037.5  29355.0 
29037.5  29356.0 
29037.5  29357.0 
29037.5  29358.0 
29037.5  29359.0 
29037.5  29360.0 
29037.5  29361.0 
29037.5  29362.0 
29037.5  29363.0 
29037.5  29364.0 
29037.5  29365.0 
29037.5  29366.0 
29037.5  29367.0 
29037.5  29368.0 
29037.5  29369.0 
29037.6  29370.0 
29037.6  29371.0 
29037.6  29372.0 
29037.6  29373.0 
29037.6  29374.0 
29037.6  29375.0 
29037.6  29376.0 
29037.6  29377.0 
29037.6  29378.0 
29037.6  29379.0 
29037.6  29380.0 
29037.6  29381.0 
29037.6  29382.0 
29037.6  29383.0 
29037.6  29384.0 
29037.6  29385.0 
29037.6  29386.0 
29037.6  29387.0 
29037.6  29388.0 
29037.6  29389.0 
29037.6  29390.0 
29037.6  29391.0 
29037.6  29392.0 
29037.6  29393.0 
29037.6  29394.0 
29037.6  29395.0 
29037.6  29396.0 
29037.6  29397.0 
29037.6  29398.0 
29037.6  29399.0 
29037.7  29400.0 
29037.7  29401.0 
29037.7  29402.0 
29037.7  29403.0 
29037.7  29404.0 
29037.7  29405.0 
29037.7  29406.0 
29037.7  29407.0 
29037.7  29408.0 
29037.7  29409.0 
29037.7  29410.0 
29037.7  29411.0 
29037.7  29412.0 
29037.7  29413.0 
29037.7  29414.0 
29037.7  29415.0 
29037.7  29416.0 
29037.7  29417.0 
29037.7  29418.0 
29037.7  29419.0 
29037.7  29420.0 
29037.7  29421.0 
29037.7  29422.0 
29037.7  29423.0 
29037.7  29424.0 
29037.7  29425.0 
29037.7  29426.0 
29037.7  29427.0 
29037.7  29428.0 
29037.7  29429.0 
29037.7  29430.0 
29037.7  29431.0 
29037.7  29432.0 
29037.7  29433.0 
29037.7  29434.0 
29037.7  29435.0 
29037.7  29436.0 
29037.7  29437.0 
29037.7  29438.0 
29037.7  29439.0 
29037.7  29440.0 
29037.7  29441.0 
29037.7  29442.0 
29037.7  29443.0 
29037.7  29444.0 
29037.7  29445.0 
29037.7  29446.0 
29038.0  27869.0 
29039.1  29448.0 
29039.1  27366.0 
29039.1  27379.0 
29039.1  27370.0 
29039.1  27369.0 
29039.1  27375.0 
29039.1  27380.0 
29039.1  27381.0 
29039.1  27431.0 
29039.1  27432.0 
29039.1  27433.0 
29039.1  29449.1 
29039.1  29450.1 
29039.1  27426.0 
29039.1  27438.0 
29039.1  29451.1 
29041.1  29452.1 
29042.1  27377.1 
29046.1  29454.0 
29046.1  28533.0 
29046.1  28536.0 
29046.1  28542.0 
29046.1  28548.0 
29046.1  29455.1 
29047.1  29454.0 
29047.1  28533.0 
29047.1  28536.0 
29047.1  28542.0 
29047.1  28548.0 
29047.1  29457.1 
29048.1  29454.0 
29048.1  28533.0 
29048.1  28536.0 
29048.1  28542.0 
29048.1  28548.0 
29048.1  29459.1 
29049.0  27880.0 
29050.0  27881.0 
29051.0  27882.0 
29053.0  27884.0 
29054.0  27885.0 
29055.0  27886.0 
29056.0  27887.0 
29057.0  27888.0 
29058.0  27889.0 
29059.0  27890.0 
29060.0  27891.0 
29061.0  27892.0 
29062.0  27893.0 
29063.0  27894.0 
29064.0  27895.0 
29065.0  27896.0 
29066.0  27897.0 
29067.0  27898.0 
29068.0  27899.0 
29069.0  27900.0 
29070.0  27901.0 
29071.0  27902.0 
29072.0  27903.0 
29073.0  27904.0 
29074.0  27905.0 
29075.0  27906.0 
29076.0  27907.0 
29077.0  27908.0 
29078.0  27909.0 
29079.0  27910.0 
29080.0  27911.0 
29081.0  27912.0 
29082.0  27913.0 
29083.0  27914.0 
29084.0  27915.0 
29085.0  27916.0 
29086.0  27917.0 
29087.0  27918.0 
29088.0  27919.0 
29089.0  27920.0 
29090.0  27921.0 
29091.0  27922.0 
29092.0  27923.0 
29093.0  27924.0 
29094.0  27925.0 
29095.0  27926.0 
29096.0  27927.0 
29097.0  27928.0 
29098.0  27929.0 
29099.0  27930.0 
29100.0  27931.0 
29101.0  27932.0 
29102.0  27933.0 
29103.0  27934.0 
29104.0  27935.0 
29105.0  27936.0 
29106.0  27937.0 
29107.0  27938.0 
29108.0  27939.0 
29109.0  27940.0 
29110.0  27941.0 
29111.0  27942.0 
29112.0  27943.0 
29113.0  27944.0 
29114.0  27945.0 
29115.0  27946.0 
29116.0  27947.0 
29117.0  27948.0 
29118.0  27949.0 
29119.0  27950.0 
29120.0  27951.0 
29121.0  27952.0 
29122.0  27953.0 
29123.0  27954.0 
29124.0  27955.0 
29125.0  27956.0 
29126.0  27957.0 
29127.0  27958.0 
29128.0  27959.0 
29129.0  27960.0 
29130.0  27961.0 
29131.0  27962.0 
29132.0  27963.0 
29133.0  27964.0 
29134.0  27965.0 
29135.0  27966.0 
29136.0  27967.0 
29137.0  27968.0 
29138.0  27969.0 
29139.0  27970.0 
29140.0  27971.0 
29141.0  27972.0 
29142.0  27973.0 
29143.0  27974.0 
29144.0  27975.0 
29145.0  27976.0 
29146.0  27977.0 
29147.0  27978.0 
29148.0  27979.0 
29149.0  27980.0 
29150.0  27981.0 
29151.0  27982.0 
29152.0  27983.0 
29153.0  27984.0 
29154.0  27985.0 
29155.0  27986.0 
29156.0  27987.0 
29157.0  27988.0 
29158.0  27989.0 
29159.0  27990.0 
29160.0  27991.0 
29161.0  27992.0 
29162.0  27993.0 
29163.0  27994.0 
29164.0  27995.0 
29165.0  27996.0 
29166.0  27997.0 
29167.0  27998.0 
29168.0  27999.0 
29169.0  28000.0 
29170.0  28001.0 
29171.0  28002.0 
29172.0  28003.0 
29173.0  28004.0 
29174.0  28005.0 
29175.0  28006.0 
29176.0  28007.0 
29177.0  28008.0 
29178.0  28009.0 
29179.0  28010.0 
29180.0  28011.0 
29181.0  28012.0 
29182.0  28013.0 
29183.0  28014.0 
29184.0  28015.0 
29185.0  28016.0 
29186.0  28017.0 
29187.0  28018.0 
29188.0  28019.0 
29189.0  28020.0 
29190.0  28021.0 
29191.0  28022.0 
29192.0  28023.0 
29193.0  28024.0 
29194.0  28025.0 
29195.0  28026.0 
29196.0  28027.0 
29197.0  28028.0 
29198.0  28029.0 
29199.0  28030.0 
29200.0  28031.0 
29201.0  28032.0 
29202.0  28033.0 
29203.0  28034.0 
29204.0  28035.0 
29205.0  28036.0 
29206.0  28037.0 
29207.0  28038.0 
29208.0  28039.0 
29209.0  28040.0 
29210.0  28041.0 
29211.0  28042.0 
29212.0  28043.0 
29213.0  28044.0 
29214.0  28045.0 
29215.0  28046.0 
29216.0  28047.0 
29217.0  28048.0 
29218.0  28049.0 
29219.0  28050.0 
29220.0  28051.0 
29221.0  28052.0 
29222.0  28053.0 
29223.0  28054.0 
29224.0  28055.0 
29225.0  28056.0 
29226.0  28057.0 
29227.0  28058.0 
29228.0  28059.0 
29229.0  28060.0 
29230.0  28061.0 
29231.0  28062.0 
29232.0  28063.0 
29233.0  28064.0 
29234.0  28065.0 
29235.0  28066.0 
29236.0  28067.0 
29237.0  28068.0 
29238.0  28069.0 
29239.0  28070.0 
29240.0  28071.0 
29241.0  28072.0 
29242.0  28073.0 
29243.0  28074.0 
29244.0  28075.0 
29245.0  28076.0 
29247.0  28078.0 
29248.0  28079.0 
29249.0  28080.0 
29250.0  28081.0 
29251.0  28082.0 
29252.0  28083.0 
29253.0  28084.0 
29254.0  28085.0 
29255.0  28086.0 
29256.0  28087.0 
29257.0  28088.0 
29258.0  28089.0 
29259.0  28090.0 
29260.0  28091.0 
29261.0  28092.0 
29262.0  28093.0 
29263.0  28094.0 
29264.0  28095.0 
29265.0  28096.0 
29266.0  28097.0 
29267.0  28098.0 
29268.0  28099.0 
29269.0  28100.0 
29270.0  28101.0 
29271.0  28102.0 
29272.0  28103.0 
29273.0  28104.0 
29274.0  28105.0 
29275.0  28106.0 
29276.0  28107.0 
29277.0  28108.0 
29278.0  28109.0 
29279.0  28110.0 
29280.0  28111.0 
29281.0  28112.0 
29282.0  28113.0 
29283.0  28114.0 
29284.0  28115.0 
29285.0  28116.0 
29286.0  28117.0 
29287.0  28118.0 
29288.0  28119.0 
29289.0  28120.0 
29290.0  28121.0 
29291.0  28122.0 
29292.0  28123.0 
29293.0  28124.0 
29294.0  28125.0 
29295.0  28126.0 
29296.0  28127.0 
29297.0  28128.0 
29298.0  28129.0 
29299.0  28130.0 
29300.0  28131.0 
29301.0  28132.0 
29302.0  28133.0 
29303.0  28134.0 
29304.0  28135.0 
29305.0  28136.0 
29306.0  28137.0 
29307.0  28138.0 
29308.0  28139.0 
29309.0  28140.0 
29310.0  28141.0 
29311.0  28142.0 
29312.0  28143.0 
29313.0  28144.0 
29314.0  28145.0 
29315.0  28146.0 
29316.0  28147.0 
29317.0  28148.0 
29318.0  28149.0 
29319.0  28150.0 
29320.0  28151.0 
29321.0  28152.0 
29322.0  28153.0 
29323.0  28154.0 
29324.0  28155.0 
29325.0  28156.0 
29326.0  28157.0 
29327.0  28158.0 
29328.0  28159.0 
29329.0  28160.0 
29330.0  28161.0 
29331.0  28162.0 
29332.0  28163.0 
29333.0  28164.0 
29334.0  28165.0 
29335.0  28166.0 
29336.0  28167.0 
29337.0  28168.0 
29338.0  28169.0 
29339.0  28170.0 
29340.0  28171.0 
29341.0  28172.0 
29342.0  28173.0 
29343.0  28174.0 
29344.0  28175.0 
29345.0  28176.0 
29346.0  28177.0 
29347.0  28178.0 
29348.0  28179.0 
29349.0  28180.0 
29350.0  28181.0 
29351.0  28182.0 
29352.0  28183.0 
29353.0  28184.0 
29354.0  28185.0 
29355.0  28186.0 
29356.0  28187.0 
29357.0  28188.0 
29358.0  28189.0 
29359.0  28190.0 
29360.0  28191.0 
29361.0  28192.0 
29362.0  28193.0 
29363.0  28194.0 
29364.0  28195.0 
29365.0  28196.0 
29366.0  28197.0 
29367.0  28198.0 
29368.0  28199.0 
29369.0  28200.0 
29370.0  28201.0 
29371.0  28202.0 
29372.0  28203.0 
29373.0  28204.0 
29374.0  28205.0 
29375.0  28206.0 
29376.0  28207.0 
29377.0  28208.0 
29378.0  28209.0 
29379.0  28210.0 
29380.0  28211.0 
29381.0  28212.0 
29382.0  28213.0 
29383.0  28214.0 
29384.0  28215.0 
29385.0  28216.0 
29386.0  28217.0 
29387.0  28218.0 
29388.0  28219.0 
29389.0  28220.0 
29390.0  28221.0 
29391.0  28222.0 
29392.0  28223.0 
29393.0  28224.0 
29394.0  28225.0 
29395.0  28226.0 
29396.0  28227.0 
29397.0  28228.0 
29398.0  28229.0 
29399.0  28230.0 
29400.0  28231.0 
29401.0  28232.0 
29402.0  28233.0 
29403.0  28234.0 
29404.0  28235.0 
29405.0  28236.0 
29406.0  28237.0 
29407.0  28238.0 
29408.0  28239.0 
29409.0  28240.0 
29410.0  28241.0 
29411.0  28242.0 
29412.0  28243.0 
29413.0  28244.0 
29414.0  28245.0 
29415.0  28246.0 
29416.0  28247.0 
29417.0  28248.0 
29447.1  27835.0 
29447.1  27366.0 
29447.1  27836.0 
29447.1  27837.0 
29447.1  27369.0 
29447.1  27838.0 
29447.1  27367.0 
29447.1  27839.0 
29447.1  27370.0 
29447.1  27372.0 
29447.1  29460.0 
29447.1  27375.0 
29447.1  27780.3 
29448.0  27271.0 
29449.1  29461.1 
29450.1  29462.1 
29451.1  29463.1 
29452.1  29464.0 
29452.1  27366.0 
29452.1  27369.0 
29452.1  29465.3 
29454.0  28284.0 
29455.1  29466.0 
29457.1  29467.0 
29459.1  29468.0 
29461.1  28284.0 
29461.1  27366.0 
29461.1  27369.0 
29461.1  27375.0 
29461.1  27381.0 
29461.1  29470.1 
29462.1  29471.0 
29462.1  27366.0 
29462.1  27369.0 
29462.1  27375.0 
29462.1  29472.32 
29463.1  29471.0 
29463.1  27366.0 
29463.1  27369.0 
29463.1  27375.0 
29463.1  29473.8 
29464.0  27328.0 
29465.3  27780.3 
29470.1  29474.0 
29471.0  27345.0 
29472.31  27346.31 
29472.32  29475.1 
29472.33  29011.1 
29473.7  27347.7 
29473.8  29475.2 
29473.9  29011.2 
29475.3  27842.3 
28550.12  29477.0 
29477.0  27833.0 
28530.0  28531.0 
28531.0  28544.0 
28550.0  28551.0 
28551.0  28983.0 
28983.0  28993.0 
28989.0  28544.0 
28990.0  29011.0 
28991.0  29011.0 
28992.0  29015.0 
28993.0  28544.0 
29000.0  28551.0 
29001.0  28551.0 
29002.0  29026.0 
29011.0  29030.0 
29015.0  28550.0 
29019.0  28983.0 
29020.0  28983.0 
29021.0  28983.0 
29022.0  28983.0 
29023.0  28983.0 
29026.0  28551.0 
29028.0  29039.0 
29029.0  29042.0 
29030.0  28544.0 
29037.0  29015.0 
29039.0  29447.0 
29045.0  29011.0 
29046.0  29453.0 
29047.0  29456.0 
29048.0  29458.0 
29447.0  29042.0 
29452.0  29039.0 
29453.0  29011.0 
29456.0  29011.0 
29458.0  29011.0 
29461.0  29469.0 
29462.0  29039.0 
29463.0  29039.0 
29466.0  29453.0 
29467.0  29456.0 
29468.0  29458.0 
29469.0  29039.0 
29474.0  29469.0 
28549.1  28550.11 
29476.1  28550.12 
29478.1  28550.12 
