60822.1  60824.0 
60822.1  60825.0 
60822.1  60826.0 
60822.1  60827.0 
60822.1  60828.0 
60822.1  60829.0 
60822.1  60830.0 
60822.1  60831.0 
60822.1  60832.0 
60822.1  60833.0 
60822.1  60834.0 
60822.1  60835.0 
60823.1  60837.0 
60823.1  60825.0 
60823.1  60828.0 
60824.0  60804.0 
60825.0  60805.0 
60826.0  60806.0 
60827.0  60807.0 
60828.0  60808.0 
60829.0  60809.0 
60830.0  60810.0 
60831.0  60811.0 
60834.0  60814.0 
60836.1  60825.0 
60836.1  60838.0 
60836.1  60829.0 
60836.1  60828.0 
60836.1  60834.0 
60836.1  60839.0 
60836.1  60840.0 
60837.0  60817.0 
60838.0  60818.0 
60839.0  60819.0 
60840.0  60820.0 
60821.1  60822.1 
60842.1  60844.0 
60842.1  60845.0 
60842.1  60846.0 
60842.1  60847.0 
60842.1  60825.0 
60842.1  60848.0 
60842.1  60849.0 
60842.1  60850.0 
60842.1  60851.0 
60842.1  60829.0 
60842.1  60852.0 
60842.1  60853.0 
60842.1  60854.0 
60842.1  60855.0 
60842.1  60856.0 
60842.1  60857.0 
60842.1  60858.0 
60842.1  60859.0 
60842.1  60860.0 
60842.1  60861.0 
60842.1  60862.0 
60842.1  60863.0 
60842.1  60864.0 
60842.1  60865.0 
60842.1  60866.0 
60842.1  60828.0 
60842.1  60867.0 
60842.1  60868.0 
60842.1  60869.0 
60842.1  60870.0 
60842.1  60871.0 
60842.1  60872.0 
60842.1  60873.0 
60842.1  60874.0 
60842.1  60875.0 
60842.1  60876.0 
60842.1  60877.0 
60842.1  60878.0 
60842.1  60879.0 
60842.1  60880.0 
60842.1  60881.0 
60842.1  60882.0 
60842.1  60883.0 
60842.1  60884.0 
60842.1  60885.0 
60842.1  60834.0 
60842.1  60886.0 
60842.1  60887.0 
60842.1  60888.0 
60842.1  60889.0 
60842.1  60840.0 
60842.1  60890.0 
60842.1  60891.0 
60842.1  60892.0 
60842.1  60893.0 
60842.1  60894.0 
60842.1  60895.0 
60842.1  60896.0 
60842.1  60897.0 
60842.1  60898.0 
60842.1  60899.0 
60842.1  60900.0 
60842.1  60901.0 
60842.1  60902.0 
60842.1  60903.0 
60842.1  60904.0 
60842.1  60905.0 
60842.1  60906.0 
60842.1  60907.0 
60842.1  60908.0 
60842.1  60909.0 
60842.1  60910.0 
60842.1  60911.0 
60842.1  60912.0 
60842.1  60913.0 
60842.1  60914.0 
60842.1  60915.0 
60842.1  60916.0 
60842.1  60917.0 
60842.1  60918.0 
60842.1  60919.0 
60842.1  60920.0 
60842.1  60921.0 
60842.1  60922.0 
60842.1  60923.0 
60842.1  60924.0 
60842.1  60925.0 
60842.1  60926.0 
60842.1  60927.0 
60842.1  60928.0 
60842.1  60929.0 
60842.1  60930.0 
60842.1  60931.0 
60842.1  60932.0 
60842.1  60933.0 
60842.1  60934.0 
60842.1  60935.0 
60842.1  60936.0 
60842.1  60937.0 
60842.1  60938.0 
60842.1  60939.0 
60842.1  60940.0 
60842.1  60941.0 
60842.1  60942.0 
60842.1  60943.0 
60842.1  60944.0 
60842.1  60945.0 
60842.1  60946.0 
60842.1  60947.0 
60842.1  60948.0 
60842.1  60949.0 
60842.1  60950.0 
60842.1  60951.0 
60842.1  60952.0 
60842.1  60953.0 
60842.1  60954.0 
60842.1  60955.0 
60842.1  60956.0 
60842.1  60957.0 
60842.1  60958.0 
60842.1  60959.0 
60842.1  60960.0 
60842.1  60961.0 
60842.1  60962.0 
60842.1  60963.0 
60842.1  60964.0 
60842.1  60965.0 
60842.1  60966.0 
60842.1  60967.0 
60842.1  60968.0 
60842.1  60969.0 
60842.1  60970.0 
60842.1  60971.0 
60842.1  60972.0 
60842.1  60973.0 
60842.1  60974.0 
60842.1  60975.0 
60842.1  60976.0 
60842.1  60977.0 
60842.1  60978.0 
60842.1  60979.0 
60842.1  60980.0 
60842.1  60981.0 
60842.1  60982.0 
60842.1  60983.0 
60842.1  60984.0 
60842.1  60985.0 
60842.1  60986.0 
60842.1  60987.0 
60842.1  60988.0 
60842.1  60989.0 
60842.1  60990.0 
60842.1  60991.0 
60842.1  60992.0 
60842.1  60993.0 
60842.1  60994.0 
60842.1  60995.0 
60842.1  60996.0 
60842.1  60997.0 
60842.1  60998.0 
60842.1  60999.0 
60842.1  61000.0 
60842.1  61001.0 
60842.1  61002.0 
60842.1  61003.0 
60842.1  60839.0 
60842.1  61004.0 
60842.1  61005.0 
60842.1  61006.0 
60842.1  61007.1 
60842.1  61008.0 
60842.1  61009.0 
60842.1  61010.0 
60842.1  61011.0 
60842.1  61012.0 
60842.1  61013.0 
60842.2  61014.0 
60842.2  61015.0 
60842.2  61016.0 
60842.2  61017.0 
60842.2  61018.0 
60842.2  61019.0 
60842.2  61020.0 
60842.2  61021.0 
60842.2  61022.0 
60842.2  61023.0 
60842.2  61024.0 
60842.2  61025.0 
60842.2  61026.0 
60842.2  61027.0 
60842.2  61028.0 
60842.2  61029.0 
60842.2  61030.0 
60842.2  61031.0 
60842.2  61032.0 
60842.2  61033.0 
60842.2  61034.0 
60842.2  61035.0 
60842.2  61036.0 
60842.2  61037.0 
60842.2  61038.0 
60842.2  61039.0 
60842.2  61040.0 
60842.2  61041.0 
60842.2  61042.0 
60842.2  61043.0 
60842.2  61044.0 
60842.2  60826.0 
60842.2  61045.0 
60842.2  61046.0 
60842.2  61047.0 
60842.2  61048.0 
60842.2  61049.0 
60842.2  61050.0 
60842.2  61051.0 
60842.2  61052.0 
60842.2  61053.0 
60842.2  61054.0 
60842.2  61055.0 
60842.2  60831.0 
60842.2  61056.0 
60842.2  61057.0 
60842.2  61058.0 
60842.2  61059.0 
60842.2  61060.0 
60842.2  61061.0 
60842.2  61062.0 
60842.2  61063.0 
60842.2  61064.0 
60842.2  61065.0 
60842.2  61066.0 
60842.2  61067.0 
60842.2  61068.0 
60842.2  61069.0 
60842.2  61070.0 
60842.2  61071.0 
60842.2  61072.0 
60842.2  61073.0 
60842.2  61074.0 
60842.2  61075.0 
60842.2  61076.0 
60842.2  61077.0 
60842.2  61078.0 
60842.2  61079.0 
60842.2  61080.0 
60842.2  61081.0 
60842.2  61082.0 
60842.2  61083.0 
60842.2  61084.0 
60842.2  61085.0 
60842.2  61086.0 
60842.2  61087.0 
60842.2  61088.0 
60842.2  61089.0 
60842.2  61090.0 
60842.2  61091.0 
60842.2  61092.0 
60842.2  61093.0 
60842.2  61094.0 
60842.2  61095.0 
60842.2  61096.0 
60842.2  61097.0 
60842.2  61098.0 
60842.2  61099.0 
60842.2  61100.0 
60842.2  61101.0 
60842.2  61102.0 
60842.2  61103.0 
60842.2  61104.0 
60842.2  61105.0 
60842.2  61106.0 
60842.2  61107.0 
60842.2  61108.0 
60842.2  61109.0 
60842.2  61110.0 
60842.2  61111.0 
60842.2  61112.0 
60842.2  61113.0 
60842.2  61114.0 
60842.2  61115.0 
60842.2  61116.0 
60842.2  61117.0 
60842.2  61118.0 
60842.2  61119.0 
60842.2  61120.0 
60842.2  61121.0 
60842.2  61122.0 
60842.2  61123.0 
60842.2  61124.0 
60842.2  61125.0 
60842.2  61126.0 
60842.2  61127.0 
60842.2  61128.0 
60842.2  61129.0 
60842.2  61130.0 
60842.2  61131.0 
60842.2  61132.0 
60842.2  61133.0 
60842.2  61134.0 
60842.2  61135.0 
60842.2  61136.0 
60842.2  61137.0 
60842.2  61138.0 
60842.2  61139.0 
60842.2  61140.0 
60842.2  61141.0 
60842.2  61142.0 
60842.2  61143.0 
60842.2  61144.0 
60842.2  61145.0 
60842.2  61146.0 
60842.2  61147.0 
60842.2  61148.0 
60842.2  61149.0 
60842.2  61150.0 
60842.2  61151.0 
60842.2  61152.0 
60842.2  61153.0 
60842.2  61154.0 
60842.2  61155.0 
60842.2  61156.0 
60842.2  61157.0 
60842.2  61158.0 
60842.2  61159.0 
60842.2  61160.0 
60842.2  61161.0 
60842.2  61162.0 
60842.2  61163.0 
60842.2  61164.0 
60842.2  61165.0 
60842.2  61166.0 
60842.2  61167.0 
60842.2  61168.0 
60842.2  61169.0 
60842.2  61170.0 
60842.2  61171.0 
60842.2  61172.1 
60842.2  61173.0 
60842.2  61174.0 
60842.2  61175.0 
60842.2  61176.0 
60842.2  61177.0 
60842.2  61178.0 
60842.2  61179.0 
60842.2  61180.0 
60842.2  61181.0 
60842.2  61182.0 
60842.2  61183.0 
60842.2  61184.0 
60842.2  61185.0 
60842.2  61186.0 
60842.2  61187.8 
60842.2  61188.8 
60842.2  61189.0 
60842.2  61190.0 
60842.2  61191.0 
60842.2  61192.0 
60842.2  61193.0 
60842.2  61194.0 
60842.2  61195.0 
60842.2  61196.0 
60842.2  61197.0 
60842.2  61198.0 
60842.2  61199.0 
60842.2  61200.0 
60842.2  61201.0 
60842.3  61202.0 
60842.3  61203.0 
60842.3  61204.0 
60842.3  61205.0 
60842.3  61206.0 
60842.3  61207.0 
60842.3  61208.0 
60842.3  61209.0 
60842.3  61210.2 
60842.3  61211.0 
60842.3  61212.0 
60842.3  61213.0 
60842.3  61214.0 
60842.3  61215.0 
60842.3  61216.0 
60842.4  61217.0 
60842.4  61218.0 
60842.4  61219.0 
60842.4  61220.0 
60842.4  60821.1 
60842.5  61221.0 
60842.5  61222.0 
60842.5  61223.0 
60842.5  61224.0 
60842.5  61225.0 
60842.5  61226.1 
60842.5  61227.0 
60842.5  61228.16 
60842.5  61229.16 
60842.5  61230.0 
60842.5  61231.2 
60842.6  61232.0 
60842.6  61233.0 
60842.6  61234.0 
60842.6  61235.0 
60842.6  61236.0 
60842.6  61237.0 
60842.6  60830.0 
60842.6  60827.0 
60842.6  61238.0 
60842.6  61239.3 
60842.6  61240.0 
60842.6  61241.0 
60842.6  61242.0 
60842.6  61243.0 
60842.6  61244.0 
60842.6  61245.0 
60842.6  61246.0 
60842.6  61247.0 
60842.6  61248.8 
60842.6  61249.0 
60842.6  61250.0 
60842.7  61251.0 
60842.7  61252.0 
60842.7  61253.19 
60842.7  61254.0 
60842.7  61255.0 
60842.7  61256.1 
60842.7  61257.0 
60842.7  61258.0 
60842.7  61259.0 
60842.7  61260.0 
60842.7  61261.0 
60842.8  61262.0 
60842.8  61263.0 
60842.8  61264.0 
60842.8  61265.0 
60842.8  61266.0 
60842.9  61267.0 
60842.9  61268.0 
60842.9  61269.0 
60842.9  61270.0 
60842.10  61271.0 
60842.10  61272.0 
60842.10  61273.0 
60842.10  61210.6 
60842.11  61274.0 
60843.1  61276.0 
60843.1  60825.0 
60843.1  60838.0 
60843.1  60829.0 
60843.1  60828.0 
60843.1  60834.0 
60843.1  60839.0 
60843.1  60840.0 
60843.1  61277.1 
60843.1  61278.1 
60843.1  61279.1 
60844.0  59884.0 
60845.0  59885.0 
60846.0  59886.0 
60847.0  59887.0 
60848.0  59888.0 
60849.0  59889.0 
60850.0  59890.0 
60851.0  59891.0 
60852.0  59892.0 
60853.0  59893.0 
60854.0  59894.0 
60855.0  59895.0 
60856.0  59896.0 
60857.0  59897.0 
60858.0  59898.0 
60859.0  59899.0 
60860.0  59900.0 
60861.0  59901.0 
60862.0  59902.0 
60863.0  59903.0 
60864.0  59904.0 
60865.0  59905.0 
60866.0  59906.0 
60867.0  59907.0 
60868.0  59908.0 
60869.0  59909.0 
60870.0  59910.0 
60871.0  59911.0 
60872.0  59912.0 
60873.0  59913.0 
60874.0  59914.0 
60875.0  59915.0 
60876.0  59916.0 
60877.0  59917.0 
60878.0  59918.0 
60879.0  59919.0 
60880.0  59920.0 
60881.0  59921.0 
60882.0  59922.0 
60883.0  59923.0 
60884.0  59924.0 
60885.0  59925.0 
60886.0  59926.0 
60887.0  59927.0 
60888.0  59928.0 
60889.0  59929.0 
60890.0  59930.0 
60891.0  59931.0 
60892.0  59932.0 
60893.0  59933.0 
60894.0  59934.0 
60895.0  59935.0 
60896.0  59936.0 
60897.0  59937.0 
60898.0  59938.0 
60899.0  59939.0 
60900.0  59940.0 
60901.0  59941.0 
60902.0  59942.0 
60903.0  59943.0 
60904.0  59944.0 
60905.0  59945.0 
60906.0  59946.0 
60907.0  59947.0 
60908.0  59948.0 
60909.0  59949.0 
60910.0  59950.0 
60911.0  59951.0 
60912.0  59952.0 
60913.0  59953.0 
60914.0  59954.0 
60915.0  59955.0 
60916.0  59956.0 
60917.0  59957.0 
60918.0  59958.0 
60919.0  59959.0 
60920.0  59960.0 
60921.0  59961.0 
60922.0  59962.0 
60923.0  59963.0 
60924.0  59964.0 
60925.0  59965.0 
60926.0  59966.0 
60927.0  59967.0 
60928.0  59968.0 
60929.0  59969.0 
60930.0  59970.0 
60931.0  59971.0 
60932.0  59972.0 
60933.0  59973.0 
60934.0  59974.0 
60935.0  59975.0 
60936.0  59976.0 
60937.0  59977.0 
60938.0  59978.0 
60939.0  59979.0 
60940.0  59980.0 
60941.0  59981.0 
60942.0  59982.0 
60943.0  59983.0 
60944.0  59984.0 
60945.0  59985.0 
60946.0  59986.0 
60947.0  59987.0 
60948.0  59988.0 
60949.0  59989.0 
60950.0  59990.0 
60951.0  59991.0 
60952.0  59992.0 
60953.0  59993.0 
60954.0  59994.0 
60955.0  59995.0 
60956.0  59996.0 
60957.0  59997.0 
60958.0  59998.0 
60959.0  59999.0 
60960.0  60000.0 
60961.0  60001.0 
60962.0  60002.0 
60963.0  60003.0 
60964.0  60004.0 
60965.0  60005.0 
60966.0  60006.0 
60967.0  60007.0 
60968.0  60008.0 
60969.0  60009.0 
60970.0  60010.0 
60971.0  60011.0 
60972.0  60012.0 
60973.0  60013.0 
60974.0  60014.0 
60975.0  60015.0 
60976.0  60016.0 
60977.0  60017.0 
60978.0  60018.0 
60979.0  60019.0 
60980.0  60020.0 
60981.0  60021.0 
60982.0  60022.0 
60983.0  60023.0 
60984.0  60024.0 
60985.0  60025.0 
60986.0  60026.0 
60987.0  60027.0 
60988.0  60028.0 
60989.0  60029.0 
60990.0  60030.0 
60991.0  60031.0 
60992.0  60032.0 
60993.0  60033.0 
60994.0  60034.0 
60995.0  60035.0 
60996.0  60036.0 
60997.0  60037.0 
60998.0  60038.0 
60999.0  60039.0 
61000.0  60040.0 
61001.0  60041.0 
61002.0  60042.0 
61003.0  60043.0 
61004.0  60044.0 
61005.0  60045.0 
61006.0  60046.0 
61007.1  61280.12 
61008.0  60048.0 
61009.0  60049.0 
61010.0  60050.0 
61011.0  60051.0 
61012.0  60052.0 
61013.0  60053.0 
61014.0  60054.0 
61015.0  60055.0 
61016.0  60056.0 
61017.0  60057.0 
61018.0  60058.0 
61019.0  60059.0 
61020.0  60060.0 
61021.0  60061.0 
61022.0  60062.0 
61023.0  60063.0 
61024.0  60064.0 
61025.0  60065.0 
61026.0  60066.0 
61027.0  60067.0 
61028.0  60068.0 
61029.0  60069.0 
61030.0  60070.0 
61031.0  60071.0 
61032.0  60072.0 
61033.0  60073.0 
61034.0  60074.0 
61035.0  60075.0 
61036.0  60076.0 
61037.0  60077.0 
61038.0  60078.0 
61039.0  60079.0 
61040.0  60080.0 
61041.0  60081.0 
61042.0  60082.0 
61043.0  60083.0 
61044.0  60084.0 
61045.0  60085.0 
61046.0  60086.0 
61047.0  60087.0 
61048.0  60088.0 
61049.0  60089.0 
61050.0  60090.0 
61051.0  60091.0 
61052.0  60092.0 
61053.0  60093.0 
61054.0  60094.0 
61055.0  60095.0 
61057.0  60097.0 
61058.0  60098.0 
61059.0  60099.0 
61060.0  60100.0 
61061.0  60101.0 
61062.0  60102.0 
61063.0  60103.0 
61064.0  60104.0 
61065.0  60105.0 
61066.0  60106.0 
61067.0  60107.0 
61068.0  60108.0 
61069.0  60109.0 
61070.0  60110.0 
61071.0  60111.0 
61072.0  60112.0 
61073.0  60113.0 
61074.0  60114.0 
61075.0  60115.0 
61076.0  60116.0 
61077.0  60117.0 
61078.0  60118.0 
61079.0  60119.0 
61080.0  60120.0 
61081.0  60121.0 
61082.0  60122.0 
61083.0  60123.0 
61084.0  60124.0 
61085.0  60125.0 
61086.0  60126.0 
61087.0  60127.0 
61088.0  60128.0 
61089.0  60129.0 
61090.0  60130.0 
61091.0  60131.0 
61092.0  60132.0 
61093.0  60133.0 
61094.0  60134.0 
61095.0  60135.0 
61096.0  60136.0 
61097.0  60137.0 
61098.0  60138.0 
61099.0  60139.0 
61100.0  60140.0 
61101.0  60141.0 
61102.0  60142.0 
61103.0  60143.0 
61104.0  60144.0 
61105.0  60145.0 
61106.0  60146.0 
61107.0  60147.0 
61108.0  60148.0 
61109.0  60149.0 
61110.0  60150.0 
61111.0  60151.0 
61112.0  60152.0 
61113.0  60153.0 
61114.0  60154.0 
61115.0  60155.0 
61116.0  60156.0 
61117.0  60157.0 
61118.0  60158.0 
61119.0  60159.0 
61120.0  60160.0 
61121.0  60161.0 
61122.0  60162.0 
61123.0  60163.0 
61124.0  60164.0 
61125.0  60165.0 
61126.0  60166.0 
61127.0  60167.0 
61128.0  60168.0 
61129.0  60169.0 
61130.0  60170.0 
61131.0  60171.0 
61132.0  60172.0 
61133.0  60173.0 
61134.0  60174.0 
61135.0  60175.0 
61136.0  60176.0 
61137.0  60177.0 
61138.0  60178.0 
61139.0  60179.0 
61140.0  60180.0 
61141.0  60181.0 
61142.0  60182.0 
61143.0  60183.0 
61144.0  60184.0 
61145.0  60185.0 
61146.0  60186.0 
61147.0  60187.0 
61148.0  60188.0 
61149.0  60189.0 
61150.0  60190.0 
61151.0  60191.0 
61152.0  60192.0 
61153.0  60193.0 
61154.0  60194.0 
61155.0  60195.0 
61156.0  60196.0 
61157.0  60197.0 
61158.0  60198.0 
61159.0  60199.0 
61160.0  60200.0 
61161.0  60201.0 
61162.0  60202.0 
61163.0  60203.0 
61164.0  60204.0 
61165.0  60205.0 
61166.0  60206.0 
61167.0  60207.0 
61168.0  60208.0 
61169.0  60209.0 
61170.0  60210.0 
61171.0  60211.0 
61172.1  61280.10 
61173.0  60213.0 
61174.0  60214.0 
61175.0  60215.0 
61176.0  60216.0 
61177.0  60217.0 
61178.0  60218.0 
61179.0  60219.0 
61180.0  60220.0 
61181.0  60221.0 
61182.0  60222.0 
61183.0  60223.0 
61184.0  60224.0 
61185.0  60225.0 
61186.0  60226.0 
61187.7  61281.12 
61187.7  60227.7 
61187.8  61280.11 
61188.7  61281.12 
61188.7  60228.7 
61188.8  61280.11 
61189.0  60229.0 
61190.0  60230.0 
61191.0  60231.0 
61192.0  60232.0 
61193.0  60233.0 
61194.0  60234.0 
61195.0  60235.0 
61196.0  60236.0 
61197.0  60237.0 
61198.0  60238.0 
61199.0  60239.0 
61200.0  60240.0 
61201.0  60241.0 
61202.0  60242.0 
61203.0  60243.0 
61204.0  60244.0 
61205.0  60245.0 
61206.0  60246.0 
61207.0  60247.0 
61208.0  60248.0 
61209.0  60249.0 
61210.1  60842.1 
61210.2  60842.2 
61210.3  60842.3 
61210.4  60842.4 
61210.5  60842.8 
61210.6  60842.9 
61210.7  60842.10 
61211.0  60251.0 
61212.0  60252.0 
61213.0  60253.0 
61214.0  60254.0 
61215.0  60255.0 
61216.0  60256.0 
61217.0  60257.0 
61218.0  60258.0 
61219.0  60259.0 
61220.0  60260.0 
61221.0  60261.0 
61222.0  60262.0 
61223.0  60263.0 
61224.0  60264.0 
61225.0  60265.0 
61226.1  61280.12 
61227.0  60267.0 
61228.14  61281.13 
61228.14  60268.14 
61228.15  61280.5 
61228.16  61280.12 
61228.17  60842.5 
61229.14  61281.13 
61229.14  60269.14 
61229.15  61280.7 
61229.16  61280.12 
61229.17  60842.7 
61230.0  60270.0 
61231.2  60271.2 
61232.0  60272.0 
61233.0  60273.0 
61234.0  60274.0 
61235.0  60275.0 
61236.0  60276.0 
61237.0  60277.0 
61238.0  60278.0 
61239.1  61282.1 
61239.2  61283.1 
61239.3  61284.1 
61240.0  60280.0 
61241.0  60281.0 
61242.0  60282.0 
61243.0  60283.0 
61244.0  60284.0 
61245.0  60285.0 
61246.0  60286.0 
61247.0  60287.0 
61248.7  60288.7 
61248.8  61280.6 
61248.9  60842.6 
61249.0  60289.0 
61250.0  60290.0 
61251.0  60291.0 
61252.0  60292.0 
61253.16  61281.10 
61253.17  61281.12 
61253.17  60293.17 
61253.18  61280.9 
61253.19  61280.11 
61254.0  60294.0 
61256.1  61285.1 
61257.0  60297.0 
61258.0  60298.0 
61260.0  60300.0 
61261.0  60301.0 
61262.0  60302.0 
61263.0  60303.0 
61264.0  60304.0 
61265.0  60305.0 
61266.0  60306.0 
61267.0  54767.0 
61268.0  54768.0 
61269.0  54769.0 
61270.1  60842.9 
61271.0  60307.0 
61272.0  60308.0 
61273.0  60309.0 
61274.0  60310.0 
61275.1  61287.0 
61275.1  60825.0 
61275.1  60838.0 
61275.1  60829.0 
61275.1  60828.0 
61275.1  60834.0 
61275.1  60839.0 
61275.1  60840.0 
61275.1  61288.1 
61275.1  61289.1 
61275.1  61290.1 
61275.1  61291.1 
61275.1  61292.1 
61276.0  60312.0 
61277.1  61293.1 
61278.1  61294.1 
61279.1  61295.1 
61280.1  60844.0 
61280.1  60845.0 
61280.1  60846.0 
61280.1  60847.0 
61280.1  60805.0 
61280.1  60848.0 
61280.1  60849.0 
61280.1  60850.0 
61280.1  60851.0 
61280.1  60809.0 
61280.1  60852.0 
61280.1  60853.0 
61280.1  60854.0 
61280.1  60855.0 
61280.1  60856.0 
61280.1  60857.0 
61280.1  60858.0 
61280.1  60859.0 
61280.1  60860.0 
61280.1  60861.0 
61280.1  60862.0 
61280.1  60863.0 
61280.1  60864.0 
61280.1  60865.0 
61280.1  60866.0 
61280.1  60808.0 
61280.1  60867.0 
61280.1  60868.0 
61280.1  60869.0 
61280.1  60870.0 
61280.1  60871.0 
61280.1  60872.0 
61280.1  60873.0 
61280.1  60874.0 
61280.1  60875.0 
61280.1  60876.0 
61280.1  60877.0 
61280.1  60878.0 
61280.1  60879.0 
61280.1  60880.0 
61280.1  60881.0 
61280.1  60882.0 
61280.1  60883.0 
61280.1  60884.0 
61280.1  60885.0 
61280.1  60814.0 
61280.1  60886.0 
61280.1  60887.0 
61280.1  60888.0 
61280.1  60889.0 
61280.1  60820.0 
61280.1  60890.0 
61280.1  60891.0 
61280.1  60892.0 
61280.1  60893.0 
61280.1  60894.0 
61280.1  60895.0 
61280.1  60896.0 
61280.1  60897.0 
61280.1  60898.0 
61280.1  60899.0 
61280.1  60900.0 
61280.1  60901.0 
61280.1  60902.0 
61280.1  60903.0 
61280.1  60904.0 
61280.1  60905.0 
61280.1  60906.0 
61280.1  60907.0 
61280.1  60908.0 
61280.1  60909.0 
61280.1  60910.0 
61280.1  60911.0 
61280.1  60912.0 
61280.1  60913.0 
61280.1  60914.0 
61280.1  60915.0 
61280.1  60916.0 
61280.1  60917.0 
61280.1  60918.0 
61280.1  60919.0 
61280.1  60920.0 
61280.1  60921.0 
61280.1  60922.0 
61280.1  60923.0 
61280.1  60924.0 
61280.1  60925.0 
61280.1  60926.0 
61280.1  60927.0 
61280.1  60928.0 
61280.1  60929.0 
61280.1  60930.0 
61280.1  60931.0 
61280.1  60932.0 
61280.1  60933.0 
61280.1  60934.0 
61280.1  60935.0 
61280.1  60936.0 
61280.1  60937.0 
61280.1  60938.0 
61280.1  60939.0 
61280.1  60940.0 
61280.1  60941.0 
61280.1  60942.0 
61280.1  60943.0 
61280.1  60944.0 
61280.1  60945.0 
61280.1  60946.0 
61280.1  60947.0 
61280.1  60948.0 
61280.1  60949.0 
61280.1  60950.0 
61280.1  60951.0 
61280.1  60952.0 
61280.1  60953.0 
61280.1  60954.0 
61280.1  60955.0 
61280.1  60956.0 
61280.1  60957.0 
61280.1  60958.0 
61280.1  60959.0 
61280.1  60960.0 
61280.1  60961.0 
61280.1  60962.0 
61280.1  60963.0 
61280.1  60964.0 
61280.1  60965.0 
61280.1  60966.0 
61280.1  60967.0 
61280.1  60968.0 
61280.1  60969.0 
61280.1  60970.0 
61280.1  60971.0 
61280.1  60972.0 
61280.1  60973.0 
61280.1  60974.0 
61280.1  60975.0 
61280.1  60976.0 
61280.1  60977.0 
61280.1  60978.0 
61280.1  60979.0 
61280.1  60980.0 
61280.1  60981.0 
61280.1  60982.0 
61280.1  60983.0 
61280.1  60984.0 
61280.1  60985.0 
61280.1  60986.0 
61280.1  60987.0 
61280.1  60988.0 
61280.1  60989.0 
61280.1  60990.0 
61280.1  60991.0 
61280.1  60992.0 
61280.1  60993.0 
61280.1  60994.0 
61280.1  60995.0 
61280.1  60996.0 
61280.1  60997.0 
61280.1  60998.0 
61280.1  60999.0 
61280.1  61000.0 
61280.1  61001.0 
61280.1  61002.0 
61280.1  61003.0 
61280.1  60819.0 
61280.1  61004.0 
61280.1  61005.0 
61280.1  61006.0 
61280.1  61297.1 
61280.1  61008.0 
61280.1  61009.0 
61280.1  61010.0 
61280.1  61011.0 
61280.1  61012.0 
61280.1  61013.0 
61280.2  61014.0 
61280.2  61015.0 
61280.2  61016.0 
61280.2  61017.0 
61280.2  61018.0 
61280.2  61019.0 
61280.2  61020.0 
61280.2  61021.0 
61280.2  61022.0 
61280.2  61023.0 
61280.2  61024.0 
61280.2  61025.0 
61280.2  61026.0 
61280.2  61027.0 
61280.2  61028.0 
61280.2  61029.0 
61280.2  61030.0 
61280.2  61031.0 
61280.2  61032.0 
61280.2  61033.0 
61280.2  61034.0 
61280.2  61035.0 
61280.2  61036.0 
61280.2  61037.0 
61280.2  61038.0 
61280.2  61039.0 
61280.2  61040.0 
61280.2  61041.0 
61280.2  61042.0 
61280.2  61043.0 
61280.2  61044.0 
61280.2  60806.0 
61280.2  61045.0 
61280.2  61046.0 
61280.2  61047.0 
61280.2  61048.0 
61280.2  61049.0 
61280.2  61050.0 
61280.2  61051.0 
61280.2  61052.0 
61280.2  61053.0 
61280.2  61054.0 
61280.2  61055.0 
61280.2  60811.0 
61280.2  61298.0 
61280.2  61057.0 
61280.2  61058.0 
61280.2  61059.0 
61280.2  61060.0 
61280.2  61061.0 
61280.2  61062.0 
61280.2  61063.0 
61280.2  61064.0 
61280.2  61065.0 
61280.2  61066.0 
61280.2  61067.0 
61280.2  61069.0 
61280.2  61068.0 
61280.2  61070.0 
61280.2  61071.0 
61280.2  61072.0 
61280.2  61073.0 
61280.2  61074.0 
61280.2  61075.0 
61280.2  61076.0 
61280.2  61077.0 
61280.2  61078.0 
61280.2  61079.0 
61280.2  61080.0 
61280.2  61081.0 
61280.2  61082.0 
61280.2  61083.0 
61280.2  61084.0 
61280.2  61085.0 
61280.2  61086.0 
61280.2  61087.0 
61280.2  61088.0 
61280.2  61089.0 
61280.2  61090.0 
61280.2  61091.0 
61280.2  61092.0 
61280.2  61093.0 
61280.2  61094.0 
61280.2  61095.0 
61280.2  61096.0 
61280.2  61097.0 
61280.2  61098.0 
61280.2  61099.0 
61280.2  61100.0 
61280.2  61101.0 
61280.2  61102.0 
61280.2  61103.0 
61280.2  61104.0 
61280.2  61105.0 
61280.2  61106.0 
61280.2  61107.0 
61280.2  61108.0 
61280.2  61109.0 
61280.2  61110.0 
61280.2  61111.0 
61280.2  61112.0 
61280.2  61113.0 
61280.2  61114.0 
61280.2  61115.0 
61280.2  61116.0 
61280.2  61117.0 
61280.2  61118.0 
61280.2  61119.0 
61280.2  61120.0 
61280.2  61121.0 
61280.2  61122.0 
61280.2  61123.0 
61280.2  61124.0 
61280.2  61125.0 
61280.2  61126.0 
61280.2  61127.0 
61280.2  61128.0 
61280.2  61129.0 
61280.2  61130.0 
61280.2  61131.0 
61280.2  61132.0 
61280.2  61133.0 
61280.2  61134.0 
61280.2  61135.0 
61280.2  61136.0 
61280.2  61137.0 
61280.2  61138.0 
61280.2  61139.0 
61280.2  61140.0 
61280.2  61141.0 
61280.2  61142.0 
61280.2  61143.0 
61280.2  61144.0 
61280.2  61145.0 
61280.2  61146.0 
61280.2  61147.0 
61280.2  61148.0 
61280.2  61149.0 
61280.2  61150.0 
61280.2  61151.0 
61280.2  61152.0 
61280.2  61153.0 
61280.2  61154.0 
61280.2  61155.0 
61280.2  61156.0 
61280.2  61157.0 
61280.2  61158.0 
61280.2  61159.0 
61280.2  61160.0 
61280.2  61161.0 
61280.2  61162.0 
61280.2  61163.0 
61280.2  61164.0 
61280.2  61165.0 
61280.2  61166.0 
61280.2  61167.0 
61280.2  61168.0 
61280.2  61169.0 
61280.2  61170.0 
61280.2  61171.0 
61280.2  61299.1 
61280.2  61173.0 
61280.2  61174.0 
61280.2  61175.0 
61280.2  61176.0 
61280.2  61177.0 
61280.2  61178.0 
61280.2  61179.0 
61280.2  61180.0 
61280.2  61181.0 
61280.2  61182.0 
61280.2  61183.0 
61280.2  61184.0 
61280.2  61185.0 
61280.2  61186.0 
61280.2  61187.7 
61280.2  61188.7 
61280.2  61189.0 
61280.2  61190.0 
61280.2  61191.0 
61280.2  61192.0 
61280.2  61193.0 
61280.2  61194.0 
61280.2  61195.0 
61280.2  61196.0 
61280.2  61197.0 
61280.2  61198.0 
61280.2  61199.0 
61280.2  61200.0 
61280.2  61201.0 
61280.3  61202.0 
61280.3  61203.0 
61280.3  61204.0 
61280.3  61205.0 
61280.3  61206.0 
61280.3  61207.0 
61280.3  61208.0 
61280.3  61209.0 
61280.3  61300.2 
61280.3  61211.0 
61280.3  61212.0 
61280.3  61213.0 
61280.3  61214.0 
61280.3  61215.0 
61280.3  61216.0 
61280.4  61217.0 
61280.4  61218.0 
61280.4  61219.0 
61280.4  61220.0 
61280.4  60801.1 
61280.5  61221.0 
61280.5  61222.0 
61280.5  61223.0 
61280.5  61224.0 
61280.5  61225.0 
61280.5  61301.1 
61280.5  61227.0 
61280.5  61228.14 
61280.5  61229.14 
61280.5  61230.0 
61280.5  61231.2 
61280.6  61232.0 
61280.6  61233.0 
61280.6  61234.0 
61280.6  61235.0 
61280.6  61236.0 
61280.6  61237.0 
61280.6  60810.0 
61280.6  60807.0 
61280.6  61238.0 
61280.6  61302.3 
61280.6  61240.0 
61280.6  61241.0 
61280.6  61242.0 
61280.6  61243.0 
61280.6  61244.0 
61280.6  61245.0 
61280.6  61246.0 
61280.6  61247.0 
61280.6  61248.7 
61280.6  61249.0 
61280.6  61250.0 
61280.7  61251.0 
61280.7  61252.0 
61280.7  61253.17 
61280.7  61254.0 
61280.7  61303.0 
61280.7  61304.1 
61280.7  61257.0 
61280.7  61258.0 
61280.7  61305.0 
61280.7  61260.0 
61280.7  61261.0 
61280.8  61262.0 
61280.8  61263.0 
61280.8  61264.0 
61280.8  61265.0 
61280.8  61266.0 
61280.9  61271.0 
61280.9  61272.0 
61280.9  61273.0 
61280.9  61300.5 
61280.10  61306.0 
61280.11  61253.18 
61280.12  61307.1 
61281.11  61306.0 
61281.12  60293.16 
61281.13  61308.1 
61281.14  60250.7 
61281.14  59882.14 
61282.1  61309.0 
61282.1  60825.0 
61282.1  61310.0 
61282.1  61311.0 
61282.1  60828.0 
61282.1  61312.0 
61282.1  60826.0 
61282.1  61313.0 
61282.1  60829.0 
61282.1  60831.0 
61282.1  61314.0 
61282.1  60834.0 
61282.1  61315.2 
61283.1  61317.0 
61283.1  60825.0 
61283.1  61310.0 
61283.1  61311.0 
61283.1  60826.0 
61283.1  60828.0 
61283.1  61312.0 
61283.1  60829.0 
61283.1  61313.0 
61283.1  60831.0 
61283.1  61318.0 
61283.1  60834.0 
61283.1  61239.1 
61284.1  61319.0 
61284.1  60825.0 
61284.1  60828.0 
61284.1  61239.2 
61285.1  61321.0 
61285.1  60825.0 
61285.1  61322.0 
61285.1  60828.0 
61285.1  60834.0 
61285.1  60840.0 
61285.1  60885.0 
61285.1  61323.1 
61285.1  61323.2 
61285.1  61323.3 
61285.1  61323.4 
61285.1  61323.5 
61285.1  61323.6 
61285.1  61323.7 
61286.1  60837.0 
61286.1  60825.0 
61286.1  60828.0 
61287.0  60322.0 
61288.1  61324.1 
61289.1  61325.1 
61290.1  61326.1 
61291.1  61327.1 
61292.1  61328.1 
61293.1  61329.0 
61293.1  60825.0 
61293.1  60828.0 
61293.1  60834.0 
61294.1  61330.0 
61294.1  60825.0 
61294.1  60828.0 
61294.1  60834.0 
61295.1  61332.0 
61295.1  60825.0 
61295.1  60828.0 
61296.1  61276.0 
61296.1  60805.0 
61296.1  60818.0 
61296.1  60809.0 
61296.1  60808.0 
61296.1  60814.0 
61296.1  60819.0 
61296.1  60820.0 
61296.1  61334.1 
61296.1  61335.1 
61296.1  61336.1 
61297.1  61281.13 
61299.1  61281.11 
61300.1  61280.1 
61300.2  61280.2 
61300.3  61280.3 
61300.4  61280.4 
61300.5  61280.8 
61300.6  61280.9 
61300.7  61280.12 
61301.1  61281.13 
61302.1  61337.1 
61302.2  61338.1 
61302.3  61339.1 
61304.1  61340.1 
61306.0  59397.0 
61307.1  61280.9 
61308.1  61281.10 
61309.0  60333.0 
61310.0  60334.0 
61311.0  60335.0 
61312.0  60336.0 
61313.0  60337.0 
61315.1  61341.1 
61315.2  61342.1 
61316.1  61344.0 
61316.1  60825.0 
61316.1  60838.0 
61316.1  60829.0 
61316.1  60828.0 
61316.1  60834.0 
61316.1  60839.0 
61316.1  60840.0 
61316.1  60890.0 
61316.1  60891.0 
61316.1  60892.0 
61316.1  61345.1 
61316.1  61346.1 
61316.2  61347.1 
61316.3  61348.1 
61317.0  60341.0 
61319.0  60343.0 
61320.1  61349.0 
61320.1  60825.0 
61320.1  60838.0 
61320.1  60829.0 
61320.1  60828.0 
61320.1  60834.0 
61320.1  60839.0 
61320.1  60840.0 
61321.0  60345.0 
61322.0  60346.0 
61323.1  61350.1 
61323.2  61350.2 
61323.3  61350.3 
61323.4  61350.4 
61323.5  61350.5 
61323.6  61350.6 
61323.7  61350.7 
61324.1  61330.0 
61324.1  60825.0 
61324.1  60828.0 
61324.1  60834.0 
61325.1  61329.0 
61325.1  60825.0 
61325.1  60828.0 
61325.1  60834.0 
61326.1  61351.0 
61326.1  60825.0 
61326.1  60828.0 
61326.1  60834.0 
61327.1  61351.0 
61327.1  60825.0 
61327.1  60828.0 
61327.1  60834.0 
61328.1  61351.0 
61328.1  60825.0 
61328.1  60828.0 
61328.1  60834.0 
61329.0  60353.0 
61330.0  60354.0 
61332.0  60356.0 
61333.1  61287.0 
61333.1  60805.0 
61333.1  60818.0 
61333.1  60809.0 
61333.1  60808.0 
61333.1  60814.0 
61333.1  60819.0 
61333.1  60820.0 
61333.1  61353.1 
61333.1  61354.1 
61333.1  61355.1 
61333.1  61356.1 
61333.1  61357.1 
61334.1  61358.1 
61335.1  61359.1 
61336.1  61360.1 
61337.1  61309.0 
61337.1  60825.0 
61337.1  61310.0 
61337.1  61311.0 
61337.1  60828.0 
61337.1  61312.0 
61337.1  60826.0 
61337.1  61313.0 
61337.1  60829.0 
61337.1  60831.0 
61337.1  61362.0 
61337.1  60834.0 
61337.1  61363.2 
61338.1  61317.0 
61338.1  60825.0 
61338.1  61310.0 
61338.1  61311.0 
61338.1  60826.0 
61338.1  60828.0 
61338.1  61312.0 
61338.1  60829.0 
61338.1  61313.0 
61338.1  60831.0 
61338.1  61365.0 
61338.1  60834.0 
61338.1  61302.1 
61339.1  61319.0 
61339.1  60825.0 
61339.1  60828.0 
61339.1  61302.2 
61340.1  61321.0 
61340.1  60805.0 
61340.1  61322.0 
61340.1  60808.0 
61340.1  60814.0 
61340.1  60820.0 
61340.1  60885.0 
61340.1  61367.1 
61340.1  61367.2 
61340.1  61367.3 
61340.1  61367.4 
61340.1  61367.5 
61340.1  61367.6 
61340.1  61367.7 
61341.1  61309.0 
61341.1  60825.0 
61341.1  61310.0 
61341.1  61311.0 
61341.1  60828.0 
61341.1  61312.0 
61341.1  60826.0 
61341.1  61313.0 
61341.1  60829.0 
61341.1  60831.0 
61341.1  61369.0 
61341.1  60834.0 
61341.1  61370.1 
61342.1  61317.0 
61342.1  60825.0 
61342.1  61310.0 
61342.1  61311.0 
61342.1  60826.0 
61342.1  60828.0 
61342.1  61312.0 
61342.1  60829.0 
61342.1  61313.0 
61342.1  60831.0 
61342.1  61371.0 
61342.1  60834.0 
61342.1  61315.1 
61343.1  61317.0 
61343.1  60825.0 
61343.1  61310.0 
61343.1  61311.0 
61343.1  60826.0 
61343.1  60828.0 
61343.1  61312.0 
61343.1  60829.0 
61343.1  61313.0 
61343.1  60831.0 
61343.1  61372.0 
61343.1  60834.0 
61344.0  60360.0 
61345.1  61373.0 
61346.1  61374.1 
61347.1  61375.1 
61348.1  61376.1 
61349.0  60365.0 
61350.1  61377.0 
61350.1  60825.0 
61350.1  61378.0 
61350.1  60829.0 
61350.1  60828.0 
61350.1  61379.0 
61350.1  60834.0 
61350.1  61380.0 
61350.1  61381.0 
61350.1  60839.0 
61350.1  61382.0 
61350.1  61383.0 
61350.1  61384.0 
61350.1  60840.0 
61350.1  61385.0 
61350.1  61386.0 
61350.1  61387.0 
61350.1  61388.0 
61350.1  61389.0 
61350.1  61390.0 
61350.1  61391.0 
61350.1  61392.0 
61350.1  61393.0 
61350.1  61394.0 
61350.1  61395.0 
61350.1  61396.0 
61350.1  61397.0 
61350.1  61398.0 
61350.1  61399.0 
61350.1  61400.0 
61350.1  61401.0 
61350.1  61402.0 
61350.1  61403.0 
61350.1  61404.0 
61350.1  61405.0 
61350.1  61406.0 
61350.1  61407.0 
61350.1  61408.0 
61350.1  61409.0 
61350.1  61410.0 
61350.1  61411.0 
61350.1  61412.0 
61350.1  61413.0 
61350.1  61414.0 
61350.1  61415.0 
61350.1  61416.0 
61350.1  61417.0 
61350.1  61418.0 
61350.1  61419.0 
61350.1  61420.0 
61350.1  61421.0 
61350.1  61422.0 
61350.1  61423.0 
61350.1  61424.0 
61350.1  61425.0 
61350.1  61426.0 
61350.1  61427.0 
61350.1  61428.0 
61350.1  61429.0 
61350.1  61430.0 
61350.1  61431.0 
61350.1  61432.0 
61350.1  61433.0 
61350.1  61434.0 
61350.1  61435.0 
61350.1  61436.0 
61350.1  61437.0 
61350.1  61438.0 
61350.1  61439.0 
61350.1  61440.0 
61350.1  61441.0 
61350.1  61442.0 
61350.1  61443.0 
61350.1  61444.0 
61350.1  61445.0 
61350.1  61446.0 
61350.1  61447.0 
61350.1  61448.0 
61350.1  61449.0 
61350.1  61450.0 
61350.1  61451.0 
61350.1  61452.0 
61350.1  61453.0 
61350.1  61454.0 
61350.1  61455.0 
61350.1  61456.0 
61350.2  61457.0 
61350.2  61458.0 
61350.2  61459.0 
61350.2  61460.0 
61350.2  61461.0 
61350.2  61462.0 
61350.2  61463.0 
61350.2  61464.0 
61350.2  61465.0 
61350.2  61466.0 
61350.2  61467.0 
61350.2  61468.0 
61350.2  61469.0 
61350.2  61470.0 
61350.2  61471.0 
61350.2  61472.0 
61350.2  61473.0 
61350.2  61474.0 
61350.2  61475.0 
61350.2  61476.0 
61350.2  61477.0 
61350.2  61478.0 
61350.2  61479.0 
61350.2  61480.0 
61350.2  61481.0 
61350.2  61482.0 
61350.2  61483.0 
61350.2  61484.0 
61350.2  61485.0 
61350.2  61486.0 
61350.2  61487.0 
61350.2  61488.0 
61350.2  61489.0 
61350.2  61490.0 
61350.2  61491.0 
61350.2  61492.0 
61350.2  61493.0 
61350.2  61494.0 
61350.2  61495.0 
61350.2  61496.0 
61350.2  61497.0 
61350.2  61498.0 
61350.2  61499.0 
61350.2  61500.0 
61350.2  61501.0 
61350.2  61502.0 
61350.2  61503.0 
61350.2  61504.0 
61350.2  61505.0 
61350.2  61506.0 
61350.2  61507.0 
61350.2  61508.0 
61350.2  61509.0 
61350.2  61510.0 
61350.2  61511.0 
61350.2  61512.0 
61350.2  61513.0 
61350.2  61514.0 
61350.2  61515.0 
61350.2  61516.0 
61350.2  61517.0 
61350.2  61518.0 
61350.2  61519.0 
61350.2  61520.0 
61350.2  61521.0 
61350.2  61522.0 
61350.2  61523.0 
61350.2  61524.0 
61350.2  61525.0 
61350.2  61526.0 
61350.2  61527.0 
61350.2  61528.0 
61350.2  61529.0 
61350.2  61530.0 
61350.2  61531.0 
61350.2  61532.0 
61350.2  61533.0 
61350.2  61534.0 
61350.3  61535.0 
61350.3  61536.0 
61350.3  61537.0 
61350.3  61538.0 
61350.3  61539.0 
61350.3  61540.0 
61350.3  61541.0 
61350.3  61542.0 
61350.3  61543.0 
61350.3  61544.0 
61350.3  61545.0 
61350.3  61546.0 
61350.3  61547.0 
61350.3  61548.0 
61350.3  61549.0 
61350.3  61550.0 
61350.3  61551.0 
61350.3  61552.0 
61350.3  61553.0 
61350.3  61554.0 
61350.3  61555.0 
61350.3  61556.0 
61350.3  61557.0 
61350.3  61558.0 
61350.3  61559.0 
61350.3  61560.0 
61350.3  61561.0 
61350.3  61562.0 
61350.3  61563.0 
61350.3  61564.0 
61350.3  61565.0 
61350.3  61566.0 
61350.3  61567.0 
61350.3  61568.0 
61350.3  61569.0 
61350.3  61570.0 
61350.3  61571.0 
61350.3  61572.0 
61350.3  61573.0 
61350.3  61574.0 
61350.3  61575.0 
61350.3  61576.0 
61350.3  61577.0 
61350.3  61578.0 
61350.3  61579.0 
61350.3  61580.0 
61350.3  61581.0 
61350.3  61582.0 
61350.3  61583.0 
61350.3  61584.0 
61350.3  61585.0 
61350.3  61586.0 
61350.3  61587.0 
61350.3  61588.0 
61350.3  61589.0 
61350.3  61590.0 
61350.3  61591.0 
61350.3  61592.0 
61350.3  61593.0 
61350.3  61594.0 
61350.3  61595.0 
61350.3  61596.0 
61350.3  61597.0 
61350.3  61598.0 
61350.3  61599.0 
61350.3  61600.0 
61350.3  61601.0 
61350.3  61602.0 
61350.3  61603.0 
61350.3  61604.0 
61350.3  61605.0 
61350.3  61606.0 
61350.3  61607.0 
61350.3  61608.0 
61350.3  61609.0 
61350.3  61610.0 
61350.3  61611.0 
61350.3  61612.0 
61350.3  61613.0 
61350.4  61614.0 
61350.4  61615.0 
61350.4  61616.0 
61350.4  61617.0 
61350.4  61618.0 
61350.4  61619.0 
61350.4  61620.0 
61350.4  61621.0 
61350.4  61622.0 
61350.4  61623.0 
61350.4  61624.0 
61350.4  61625.0 
61350.4  61626.0 
61350.4  61627.0 
61350.4  61628.0 
61350.4  61629.0 
61350.4  61630.0 
61350.4  61631.0 
61350.4  61632.0 
61350.4  61633.0 
61350.4  61634.0 
61350.4  61635.0 
61350.4  61636.0 
61350.4  61637.0 
61350.4  61638.0 
61350.4  61639.0 
61350.4  61640.0 
61350.4  61641.0 
61350.4  61642.0 
61350.4  61643.0 
61350.4  61644.0 
61350.4  61645.0 
61350.4  61646.0 
61350.4  61647.0 
61350.4  61648.0 
61350.4  61649.0 
61350.4  61650.0 
61350.4  61651.0 
61350.4  61652.0 
61350.5  61653.0 
61350.5  61654.0 
61350.5  61655.0 
61350.5  61656.0 
61350.5  61657.0 
61350.5  61658.0 
61350.5  61659.0 
61350.5  61660.0 
61350.5  61661.0 
61350.5  61662.0 
61350.5  61663.0 
61350.5  61664.0 
61350.5  61665.0 
61350.5  61666.0 
61350.5  61667.0 
61350.5  61668.0 
61350.5  61669.0 
61350.5  61670.0 
61350.5  61671.0 
61350.5  61672.0 
61350.5  61673.0 
61350.5  61674.0 
61350.5  61675.0 
61350.5  61676.0 
61350.5  61677.0 
61350.5  61678.0 
61350.5  61679.0 
61350.5  61680.0 
61350.5  61681.0 
61350.5  61682.0 
61350.5  61683.0 
61350.5  61684.0 
61350.5  61685.0 
61350.5  61686.0 
61350.5  61687.0 
61350.5  61688.0 
61350.5  61689.0 
61350.5  61690.0 
61350.5  61691.0 
61350.5  61692.0 
61350.5  61693.0 
61350.5  61694.0 
61350.5  61695.0 
61350.5  61696.0 
61350.5  61697.0 
61350.5  61698.0 
61350.5  61699.0 
61350.5  61700.0 
61350.6  61701.0 
61350.6  61702.0 
61350.6  61703.0 
61350.6  61704.0 
61350.6  61705.0 
61350.6  61706.0 
61350.6  61707.0 
61350.6  61708.0 
61350.6  61709.0 
61350.6  61710.0 
61350.6  61711.0 
61350.6  61712.0 
61350.6  61713.0 
61350.6  61714.0 
61350.6  61715.0 
61350.6  61716.0 
61350.6  61717.0 
61350.6  61718.0 
61350.6  61719.0 
61350.6  61720.0 
61350.6  61721.0 
61350.6  61722.0 
61350.6  61723.0 
61350.6  61724.0 
61350.6  61725.0 
61350.6  61726.0 
61350.6  61727.0 
61350.7  61728.0 
61350.7  61729.0 
61350.7  61730.0 
61350.7  61731.0 
61350.7  61732.0 
61350.7  61733.0 
61350.7  61734.0 
61350.7  61735.0 
61350.7  61736.0 
61350.7  61737.0 
61350.7  61738.0 
61350.7  61739.0 
61350.7  61740.0 
61350.7  61741.0 
61350.7  61742.0 
61350.7  61743.0 
61350.7  61744.0 
61350.7  61745.0 
61350.7  61746.0 
61350.7  61747.0 
61350.7  61748.0 
61350.7  61749.0 
61350.7  61750.0 
61350.7  61751.0 
61350.7  61752.0 
61350.7  61753.0 
61350.7  61754.0 
61350.7  61755.0 
61350.7  61756.0 
61350.7  61757.0 
61350.7  61758.0 
61350.7  61759.0 
61350.7  61760.0 
61350.7  61761.0 
61350.7  61762.0 
61350.7  61763.0 
61350.7  61764.0 
61350.7  61765.0 
61350.7  61766.0 
61350.7  61767.0 
61350.7  61768.0 
61351.0  60367.0 
61352.1  60817.0 
61352.1  60805.0 
61352.1  60808.0 
61353.1  61769.1 
61354.1  61770.1 
61355.1  61771.1 
61356.1  61772.1 
61357.1  61773.1 
61358.1  61329.0 
61358.1  60805.0 
61358.1  60808.0 
61358.1  60814.0 
61359.1  61330.0 
61359.1  60805.0 
61359.1  60808.0 
61359.1  60814.0 
61360.1  61332.0 
61360.1  60805.0 
61360.1  60808.0 
61361.1  60816.1 
61363.1  61775.1 
61363.2  61776.1 
61364.1  61344.0 
61364.1  60825.0 
61364.1  60838.0 
61364.1  60829.0 
61364.1  60828.0 
61364.1  60834.0 
61364.1  60839.0 
61364.1  60840.0 
61364.1  60890.0 
61364.1  60891.0 
61364.1  60892.0 
61364.1  61778.1 
61364.1  61779.1 
61364.2  61780.1 
61364.3  61781.1 
61366.1  61349.0 
61366.1  60805.0 
61366.1  60818.0 
61366.1  60809.0 
61366.1  60808.0 
61366.1  60814.0 
61366.1  60819.0 
61366.1  60820.0 
61367.1  61782.1 
61367.2  61782.2 
61367.3  61782.3 
61367.4  61782.4 
61367.5  61782.5 
61367.6  61782.6 
61367.7  61782.7 
61368.1  61784.0 
61368.1  60805.0 
61368.1  60818.0 
61368.1  60809.0 
61368.1  60808.0 
61368.1  60814.0 
61368.1  60819.0 
61368.1  60820.0 
61368.1  60890.0 
61368.1  60891.0 
61368.1  60892.0 
61368.1  61785.1 
61368.1  61786.1 
61368.1  60885.0 
61368.1  60897.0 
61368.1  61787.1 
61370.1  61788.1 
61374.1  61790.0 
61374.1  60825.0 
61374.1  60828.0 
61374.1  60834.0 
61374.1  60840.0 
61374.1  61791.1 
61375.1  61790.0 
61375.1  60825.0 
61375.1  60828.0 
61375.1  60834.0 
61375.1  60840.0 
61375.1  61793.1 
61376.1  61790.0 
61376.1  60825.0 
61376.1  60828.0 
61376.1  60834.0 
61376.1  60840.0 
61376.1  61795.1 
61377.0  60378.0 
61378.0  60379.0 
61379.0  60380.0 
61381.0  60382.0 
61382.0  60383.0 
61383.0  60384.0 
61384.0  60385.0 
61385.0  60386.0 
61386.0  60387.0 
61387.0  60388.0 
61388.0  60389.0 
61389.0  60390.0 
61390.0  60391.0 
61391.0  60392.0 
61392.0  60393.0 
61393.0  60394.0 
61394.0  60395.0 
61395.0  60396.0 
61396.0  60397.0 
61397.0  60398.0 
61398.0  60399.0 
61399.0  60400.0 
61400.0  60401.0 
61401.0  60402.0 
61402.0  60403.0 
61403.0  60404.0 
61404.0  60405.0 
61405.0  60406.0 
61406.0  60407.0 
61407.0  60408.0 
61408.0  60409.0 
61409.0  60410.0 
61410.0  60411.0 
61411.0  60412.0 
61412.0  60413.0 
61413.0  60414.0 
61414.0  60415.0 
61415.0  60416.0 
61416.0  60417.0 
61417.0  60418.0 
61418.0  60419.0 
61419.0  60420.0 
61420.0  60421.0 
61421.0  60422.0 
61422.0  60423.0 
61423.0  60424.0 
61424.0  60425.0 
61425.0  60426.0 
61426.0  60427.0 
61427.0  60428.0 
61428.0  60429.0 
61429.0  60430.0 
61430.0  60431.0 
61431.0  60432.0 
61432.0  60433.0 
61433.0  60434.0 
61434.0  60435.0 
61435.0  60436.0 
61436.0  60437.0 
61437.0  60438.0 
61438.0  60439.0 
61439.0  60440.0 
61440.0  60441.0 
61441.0  60442.0 
61442.0  60443.0 
61443.0  60444.0 
61444.0  60445.0 
61445.0  60446.0 
61446.0  60447.0 
61447.0  60448.0 
61448.0  60449.0 
61449.0  60450.0 
61450.0  60451.0 
61451.0  60452.0 
61452.0  60453.0 
61453.0  60454.0 
61454.0  60455.0 
61455.0  60456.0 
61456.0  60457.0 
61457.0  60458.0 
61458.0  60459.0 
61459.0  60460.0 
61460.0  60461.0 
61461.0  60462.0 
61462.0  60463.0 
61463.0  60464.0 
61464.0  60465.0 
61465.0  60466.0 
61466.0  60467.0 
61467.0  60468.0 
61468.0  60469.0 
61469.0  60470.0 
61470.0  60471.0 
61471.0  60472.0 
61472.0  60473.0 
61473.0  60474.0 
61474.0  60475.0 
61475.0  60476.0 
61476.0  60477.0 
61477.0  60478.0 
61478.0  60479.0 
61479.0  60480.0 
61480.0  60481.0 
61481.0  60482.0 
61482.0  60483.0 
61483.0  60484.0 
61484.0  60485.0 
61485.0  60486.0 
61486.0  60487.0 
61487.0  60488.0 
61488.0  60489.0 
61489.0  60490.0 
61490.0  60491.0 
61491.0  60492.0 
61492.0  60493.0 
61493.0  60494.0 
61494.0  60495.0 
61495.0  60496.0 
61496.0  60497.0 
61497.0  60498.0 
61498.0  60499.0 
61499.0  60500.0 
61500.0  60501.0 
61501.0  60502.0 
61502.0  60503.0 
61503.0  60504.0 
61504.0  60505.0 
61505.0  60506.0 
61506.0  60507.0 
61507.0  60508.0 
61508.0  60509.0 
61509.0  60510.0 
61510.0  60511.0 
61511.0  60512.0 
61512.0  60513.0 
61513.0  60514.0 
61514.0  60515.0 
61515.0  60516.0 
61516.0  60517.0 
61517.0  60518.0 
61518.0  60519.0 
61519.0  60520.0 
61520.0  60521.0 
61521.0  60522.0 
61522.0  60523.0 
61523.0  60524.0 
61524.0  60525.0 
61525.0  60526.0 
61526.0  60527.0 
61527.0  60528.0 
61528.0  60529.0 
61529.0  60530.0 
61530.0  60531.0 
61531.0  60532.0 
61532.0  60533.0 
61533.0  60534.0 
61534.0  60535.0 
61535.0  60536.0 
61536.0  60537.0 
61537.0  60538.0 
61538.0  60539.0 
61539.0  60540.0 
61540.0  60541.0 
61541.0  60542.0 
61542.0  60543.0 
61543.0  60544.0 
61544.0  60545.0 
61545.0  60546.0 
61546.0  60547.0 
61547.0  60548.0 
61548.0  60549.0 
61549.0  60550.0 
61550.0  60551.0 
61551.0  60552.0 
61552.0  60553.0 
61553.0  60554.0 
61554.0  60555.0 
61555.0  60556.0 
61556.0  60557.0 
61557.0  60558.0 
61558.0  60559.0 
61559.0  60560.0 
61560.0  60561.0 
61561.0  60562.0 
61562.0  60563.0 
61563.0  60564.0 
61564.0  60565.0 
61565.0  60566.0 
61566.0  60567.0 
61567.0  60568.0 
61568.0  60569.0 
61569.0  60570.0 
61570.0  60571.0 
61571.0  60572.0 
61572.0  60573.0 
61573.0  60574.0 
61574.0  60575.0 
61575.0  60576.0 
61576.0  60577.0 
61577.0  60578.0 
61578.0  60579.0 
61579.0  60580.0 
61580.0  60581.0 
61581.0  60582.0 
61582.0  60583.0 
61584.0  60585.0 
61585.0  60586.0 
61586.0  60587.0 
61587.0  60588.0 
61588.0  60589.0 
61589.0  60590.0 
61590.0  60591.0 
61591.0  60592.0 
61592.0  60593.0 
61593.0  60594.0 
61594.0  60595.0 
61595.0  60596.0 
61596.0  60597.0 
61597.0  60598.0 
61598.0  60599.0 
61599.0  60600.0 
61600.0  60601.0 
61601.0  60602.0 
61602.0  60603.0 
61603.0  60604.0 
61604.0  60605.0 
61605.0  60606.0 
61606.0  60607.0 
61607.0  60608.0 
61608.0  60609.0 
61609.0  60610.0 
61610.0  60611.0 
61611.0  60612.0 
61612.0  60613.0 
61613.0  60614.0 
61614.0  60615.0 
61615.0  60616.0 
61616.0  60617.0 
61617.0  60618.0 
61618.0  60619.0 
61619.0  60620.0 
61620.0  60621.0 
61621.0  60622.0 
61622.0  60623.0 
61623.0  60624.0 
61624.0  60625.0 
61625.0  60626.0 
61626.0  60627.0 
61627.0  60628.0 
61628.0  60629.0 
61629.0  60630.0 
61630.0  60631.0 
61631.0  60632.0 
61632.0  60633.0 
61633.0  60634.0 
61634.0  60635.0 
61635.0  60636.0 
61636.0  60637.0 
61637.0  60638.0 
61638.0  60639.0 
61639.0  60640.0 
61640.0  60641.0 
61641.0  60642.0 
61642.0  60643.0 
61643.0  60644.0 
61644.0  60645.0 
61645.0  60646.0 
61646.0  60647.0 
61647.0  60648.0 
61648.0  60649.0 
61649.0  60650.0 
61650.0  60651.0 
61651.0  60652.0 
61652.0  60653.0 
61653.0  60654.0 
61654.0  60655.0 
61655.0  60656.0 
61656.0  60657.0 
61657.0  60658.0 
61658.0  60659.0 
61659.0  60660.0 
61660.0  60661.0 
61661.0  60662.0 
61662.0  60663.0 
61663.0  60664.0 
61664.0  60665.0 
61665.0  60666.0 
61666.0  60667.0 
61667.0  60668.0 
61668.0  60669.0 
61669.0  60670.0 
61670.0  60671.0 
61671.0  60672.0 
61672.0  60673.0 
61673.0  60674.0 
61674.0  60675.0 
61675.0  60676.0 
61676.0  60677.0 
61677.0  60678.0 
61678.0  60679.0 
61679.0  60680.0 
61680.0  60681.0 
61681.0  60682.0 
61682.0  60683.0 
61683.0  60684.0 
61684.0  60685.0 
61685.0  60686.0 
61686.0  60687.0 
61687.0  60688.0 
61688.0  60689.0 
61689.0  60690.0 
61690.0  60691.0 
61691.0  60692.0 
61692.0  60693.0 
61693.0  60694.0 
61694.0  60695.0 
61695.0  60696.0 
61696.0  60697.0 
61697.0  60698.0 
61698.0  60699.0 
61699.0  60700.0 
61700.0  60701.0 
61701.0  60702.0 
61702.0  60703.0 
61703.0  60704.0 
61704.0  60705.0 
61705.0  60706.0 
61706.0  60707.0 
61707.0  60708.0 
61708.0  60709.0 
61709.0  60710.0 
61710.0  60711.0 
61711.0  60712.0 
61712.0  60713.0 
61713.0  60714.0 
61714.0  60715.0 
61715.0  60716.0 
61716.0  60717.0 
61717.0  60718.0 
61718.0  60719.0 
61719.0  60720.0 
61720.0  60721.0 
61721.0  60722.0 
61722.0  60723.0 
61723.0  60724.0 
61724.0  60725.0 
61725.0  60726.0 
61726.0  60727.0 
61727.0  60728.0 
61728.0  60729.0 
61729.0  60730.0 
61730.0  60731.0 
61731.0  60732.0 
61732.0  60733.0 
61733.0  60734.0 
61734.0  60735.0 
61735.0  60736.0 
61736.0  60737.0 
61737.0  60738.0 
61738.0  60739.0 
61739.0  60740.0 
61769.1  61330.0 
61769.1  60805.0 
61769.1  60808.0 
61769.1  60814.0 
61770.1  61329.0 
61770.1  60805.0 
61770.1  60808.0 
61770.1  60814.0 
61771.1  61351.0 
61771.1  60805.0 
61771.1  60808.0 
61771.1  60814.0 
61772.1  61351.0 
61772.1  60805.0 
61772.1  60808.0 
61772.1  60814.0 
61773.1  61351.0 
61773.1  60805.0 
61773.1  60808.0 
61773.1  60814.0 
61775.1  61309.0 
61775.1  60825.0 
61775.1  61310.0 
61775.1  61311.0 
61775.1  60828.0 
61775.1  61312.0 
61775.1  60826.0 
61775.1  61313.0 
61775.1  60829.0 
61775.1  60831.0 
61775.1  61797.0 
61775.1  60834.0 
61775.1  61798.1 
61776.1  61317.0 
61776.1  60825.0 
61776.1  61310.0 
61776.1  61311.0 
61776.1  60826.0 
61776.1  60828.0 
61776.1  61312.0 
61776.1  60829.0 
61776.1  61313.0 
61776.1  60831.0 
61776.1  61800.0 
61776.1  60834.0 
61776.1  61363.1 
61777.1  61317.0 
61777.1  60825.0 
61777.1  61310.0 
61777.1  61311.0 
61777.1  60826.0 
61777.1  60828.0 
61777.1  61312.0 
61777.1  60829.0 
61777.1  61313.0 
61777.1  60831.0 
61777.1  61801.0 
61777.1  60834.0 
61778.1  61802.0 
61779.1  61803.1 
61780.1  61804.1 
61781.1  61805.1 
61782.1  61377.0 
61782.1  60805.0 
61782.1  61378.0 
61782.1  60809.0 
61782.1  60808.0 
61782.1  61379.0 
61782.1  60814.0 
61782.1  61806.0 
61782.1  61381.0 
61782.1  60819.0 
61782.1  61382.0 
61782.1  61383.0 
61782.1  61384.0 
61782.1  60820.0 
61782.1  61385.0 
61782.1  61386.0 
61782.1  61387.0 
61782.1  61388.0 
61782.1  61389.0 
61782.1  61390.0 
61782.1  61391.0 
61782.1  61392.0 
61782.1  61393.0 
61782.1  61394.0 
61782.1  61395.0 
61782.1  61396.0 
61782.1  61397.0 
61782.1  61398.0 
61782.1  61399.0 
61782.1  61400.0 
61782.1  61401.0 
61782.1  61402.0 
61782.1  61403.0 
61782.1  61404.0 
61782.1  61405.0 
61782.1  61406.0 
61782.1  61407.0 
61782.1  61408.0 
61782.1  61409.0 
61782.1  61410.0 
61782.1  61411.0 
61782.1  61412.0 
61782.1  61413.0 
61782.1  61414.0 
61782.1  61415.0 
61782.1  61416.0 
61782.1  61417.0 
61782.1  61418.0 
61782.1  61419.0 
61782.1  61420.0 
61782.1  61421.0 
61782.1  61422.0 
61782.1  61423.0 
61782.1  61424.0 
61782.1  61425.0 
61782.1  61426.0 
61782.1  61427.0 
61782.1  61428.0 
61782.1  61429.0 
61782.1  61430.0 
61782.1  61431.0 
61782.1  61432.0 
61782.1  61433.0 
61782.1  61434.0 
61782.1  61435.0 
61782.1  61436.0 
61782.1  61437.0 
61782.1  61438.0 
61782.1  61439.0 
61782.1  61440.0 
61782.1  61441.0 
61782.1  61442.0 
61782.1  61443.0 
61782.1  61444.0 
61782.1  61445.0 
61782.1  61446.0 
61782.1  61447.0 
61782.1  61448.0 
61782.1  61449.0 
61782.1  61450.0 
61782.1  61451.0 
61782.1  61452.0 
61782.1  61453.0 
61782.1  61454.0 
61782.1  61455.0 
61782.1  61456.0 
61782.2  61457.0 
61782.2  61458.0 
61782.2  61459.0 
61782.2  61460.0 
61782.2  61461.0 
61782.2  61462.0 
61782.2  61463.0 
61782.2  61464.0 
61782.2  61465.0 
61782.2  61466.0 
61782.2  61467.0 
61782.2  61468.0 
61782.2  61469.0 
61782.2  61470.0 
61782.2  61471.0 
61782.2  61472.0 
61782.2  61473.0 
61782.2  61474.0 
61782.2  61475.0 
61782.2  61476.0 
61782.2  61477.0 
61782.2  61478.0 
61782.2  61479.0 
61782.2  61480.0 
61782.2  61481.0 
61782.2  61482.0 
61782.2  61483.0 
61782.2  61484.0 
61782.2  61485.0 
61782.2  61486.0 
61782.2  61487.0 
61782.2  61488.0 
61782.2  61489.0 
61782.2  61490.0 
61782.2  61491.0 
61782.2  61492.0 
61782.2  61493.0 
61782.2  61494.0 
61782.2  61495.0 
61782.2  61496.0 
61782.2  61497.0 
61782.2  61498.0 
61782.2  61499.0 
61782.2  61500.0 
61782.2  61501.0 
61782.2  61502.0 
61782.2  61503.0 
61782.2  61504.0 
61782.2  61505.0 
61782.2  61506.0 
61782.2  61507.0 
61782.2  61508.0 
61782.2  61509.0 
61782.2  61510.0 
61782.2  61511.0 
61782.2  61512.0 
61782.2  61513.0 
61782.2  61514.0 
61782.2  61515.0 
61782.2  61516.0 
61782.2  61517.0 
61782.2  61518.0 
61782.2  61519.0 
61782.2  61520.0 
61782.2  61521.0 
61782.2  61522.0 
61782.2  61523.0 
61782.2  61524.0 
61782.2  61525.0 
61782.2  61526.0 
61782.2  61527.0 
61782.2  61528.0 
61782.2  61529.0 
61782.2  61530.0 
61782.2  61531.0 
61782.2  61532.0 
61782.2  61533.0 
61782.2  61534.0 
61782.3  61535.0 
61782.3  61536.0 
61782.3  61537.0 
61782.3  61538.0 
61782.3  61539.0 
61782.3  61540.0 
61782.3  61541.0 
61782.3  61542.0 
61782.3  61543.0 
61782.3  61544.0 
61782.3  61545.0 
61782.3  61546.0 
61782.3  61547.0 
61782.3  61548.0 
61782.3  61549.0 
61782.3  61550.0 
61782.3  61551.0 
61782.3  61552.0 
61782.3  61553.0 
61782.3  61554.0 
61782.3  61555.0 
61782.3  61556.0 
61782.3  61557.0 
61782.3  61558.0 
61782.3  61559.0 
61782.3  61560.0 
61782.3  61561.0 
61782.3  61562.0 
61782.3  61563.0 
61782.3  61564.0 
61782.3  61565.0 
61782.3  61566.0 
61782.3  61567.0 
61782.3  61568.0 
61782.3  61569.0 
61782.3  61570.0 
61782.3  61571.0 
61782.3  61572.0 
61782.3  61573.0 
61782.3  61574.0 
61782.3  61575.0 
61782.3  61576.0 
61782.3  61577.0 
61782.3  61578.0 
61782.3  61579.0 
61782.3  61580.0 
61782.3  61581.0 
61782.3  61582.0 
61782.3  61807.0 
61782.3  61584.0 
61782.3  61585.0 
61782.3  61586.0 
61782.3  61587.0 
61782.3  61588.0 
61782.3  61589.0 
61782.3  61590.0 
61782.3  61591.0 
61782.3  61592.0 
61782.3  61593.0 
61782.3  61594.0 
61782.3  61595.0 
61782.3  61596.0 
61782.3  61597.0 
61782.3  61598.0 
61782.3  61599.0 
61782.3  61600.0 
61782.3  61601.0 
61782.3  61602.0 
61782.3  61603.0 
61782.3  61604.0 
61782.3  61605.0 
61782.3  61606.0 
61782.3  61607.0 
61782.3  61608.0 
61782.3  61609.0 
61782.3  61610.0 
61782.3  61611.0 
61782.3  61612.0 
61782.3  61613.0 
61782.4  61614.0 
61782.4  61615.0 
61782.4  61616.0 
61782.4  61617.0 
61782.4  61618.0 
61782.4  61619.0 
61782.4  61620.0 
61782.4  61621.0 
61782.4  61622.0 
61782.4  61623.0 
61782.4  61624.0 
61782.4  61625.0 
61782.4  61626.0 
61782.4  61627.0 
61782.4  61628.0 
61782.4  61629.0 
61782.4  61630.0 
61782.4  61631.0 
61782.4  61632.0 
61782.4  61633.0 
61782.4  61634.0 
61782.4  61635.0 
61782.4  61636.0 
61782.4  61637.0 
61782.4  61638.0 
61782.4  61639.0 
61782.4  61640.0 
61782.4  61641.0 
61782.4  61642.0 
61782.4  61643.0 
61782.4  61644.0 
61782.4  61645.0 
61782.4  61646.0 
61782.4  61647.0 
61782.4  61648.0 
61782.4  61649.0 
61782.4  61650.0 
61782.4  61651.0 
61782.4  61652.0 
61782.5  61653.0 
61782.5  61654.0 
61782.5  61655.0 
61782.5  61656.0 
61782.5  61657.0 
61782.5  61658.0 
61782.5  61659.0 
61782.5  61660.0 
61782.5  61661.0 
61782.5  61662.0 
61782.5  61663.0 
61782.5  61664.0 
61782.5  61665.0 
61782.5  61666.0 
61782.5  61667.0 
61782.5  61668.0 
61782.5  61669.0 
61782.5  61670.0 
61782.5  61671.0 
61782.5  61672.0 
61782.5  61673.0 
61782.5  61674.0 
61782.5  61675.0 
61782.5  61676.0 
61782.5  61677.0 
61782.5  61678.0 
61782.5  61679.0 
61782.5  61680.0 
61782.5  61681.0 
61782.5  61682.0 
61782.5  61683.0 
61782.5  61684.0 
61782.5  61685.0 
61782.5  61686.0 
61782.5  61687.0 
61782.5  61688.0 
61782.5  61689.0 
61782.5  61690.0 
61782.5  61691.0 
61782.5  61692.0 
61782.5  61693.0 
61782.5  61694.0 
61782.5  61695.0 
61782.5  61696.0 
61782.5  61697.0 
61782.5  61698.0 
61782.5  61699.0 
61782.5  61700.0 
61782.6  61701.0 
61782.6  61702.0 
61782.6  61703.0 
61782.6  61704.0 
61782.6  61705.0 
61782.6  61706.0 
61782.6  61707.0 
61782.6  61708.0 
61782.6  61709.0 
61782.6  61710.0 
61782.6  61711.0 
61782.6  61712.0 
61782.6  61713.0 
61782.6  61714.0 
61782.6  61715.0 
61782.6  61716.0 
61782.6  61717.0 
61782.6  61718.0 
61782.6  61719.0 
61782.6  61720.0 
61782.6  61721.0 
61782.6  61722.0 
61782.6  61723.0 
61782.6  61724.0 
61782.6  61725.0 
61782.6  61726.0 
61782.6  61727.0 
61782.7  61728.0 
61782.7  61729.0 
61782.7  61730.0 
61782.7  61731.0 
61782.7  61732.0 
61782.7  61733.0 
61782.7  61734.0 
61782.7  61735.0 
61782.7  61736.0 
61782.7  61737.0 
61782.7  61738.0 
61782.7  61739.0 
61782.7  61808.0 
61782.7  61809.0 
61782.7  61810.0 
61782.7  61811.0 
61782.7  61812.0 
61782.7  61813.0 
61782.7  61814.0 
61782.7  61815.0 
61782.7  61816.0 
61782.7  61817.0 
61782.7  61818.0 
61782.7  61819.0 
61782.7  61820.0 
61782.7  61821.0 
61782.7  61822.0 
61782.7  61823.0 
61782.7  61824.0 
61782.7  61825.0 
61782.7  61826.0 
61782.7  61827.0 
61782.7  61828.0 
61782.7  61829.0 
61782.7  61830.0 
61782.7  61831.0 
61782.7  61832.0 
61782.7  61833.0 
61782.7  61834.0 
61782.7  61835.0 
61782.7  61836.0 
61783.1  61309.0 
61783.1  60805.0 
61783.1  61310.0 
61783.1  61311.0 
61783.1  60808.0 
61783.1  61312.0 
61783.1  60806.0 
61783.1  61313.0 
61783.1  60809.0 
61783.1  60811.0 
61783.1  61837.0 
61783.1  60814.0 
61783.1  61302.3 
61784.0  60771.0 
61785.1  61838.1 
61786.1  61839.1 
61787.1  61840.1 
61788.1  61841.0 
61788.1  60805.0 
61788.1  60808.0 
61788.1  61302.3 
61790.0  60777.0 
61791.1  61842.0 
61793.1  61843.0 
61795.1  61844.0 
61796.1  60771.0 
61796.1  59865.0 
61796.1  59878.0 
61796.1  59869.0 
61796.1  59868.0 
61796.1  59874.0 
61796.1  59879.0 
61796.1  59880.0 
61796.1  59930.0 
61796.1  59931.0 
61796.1  59932.0 
61796.1  61846.1 
61796.1  61847.1 
61796.1  59925.0 
61796.1  59937.0 
61796.1  61848.1 
61798.1  61849.1 
61799.1  59876.1 
61803.1  61790.0 
61803.1  60825.0 
61803.1  60828.0 
61803.1  60834.0 
61803.1  60840.0 
61803.1  61851.1 
61804.1  61790.0 
61804.1  60825.0 
61804.1  60828.0 
61804.1  60834.0 
61804.1  60840.0 
61804.1  61853.1 
61805.1  61790.0 
61805.1  60825.0 
61805.1  60828.0 
61805.1  60834.0 
61805.1  60840.0 
61805.1  61855.1 
61838.1  61790.0 
61838.1  60805.0 
61838.1  60808.0 
61838.1  60814.0 
61838.1  60820.0 
61838.1  61857.1 
61839.1  61858.0 
61839.1  60805.0 
61839.1  60808.0 
61839.1  60814.0 
61839.1  61859.17 
61840.1  61858.0 
61840.1  60805.0 
61840.1  60808.0 
61840.1  60814.0 
61840.1  61860.17 
61841.0  60787.0 
61845.1  60333.0 
61845.1  59865.0 
61845.1  60334.0 
61845.1  60335.0 
61845.1  59868.0 
61845.1  60336.0 
61845.1  59866.0 
61845.1  60337.0 
61845.1  59869.0 
61845.1  59871.0 
61845.1  61861.0 
61845.1  59874.0 
61845.1  60279.3 
61846.1  61862.1 
61847.1  61863.1 
61848.1  61864.1 
61849.1  60787.0 
61849.1  59865.0 
61849.1  59868.0 
61849.1  61865.3 
61851.1  61866.0 
61853.1  61867.0 
61855.1  61868.0 
61857.1  61869.0 
61858.0  60794.0 
61859.16  60795.16 
61859.17  61364.1 
61859.18  61316.1 
61860.16  60796.16 
61860.17  61364.2 
61860.18  61316.2 
61862.1  60777.0 
61862.1  59865.0 
61862.1  59868.0 
61862.1  59874.0 
61862.1  59880.0 
61862.1  61871.1 
61863.1  60794.0 
61863.1  59865.0 
61863.1  59868.0 
61863.1  59874.0 
61863.1  60795.16 
61864.1  60794.0 
61864.1  59865.0 
61864.1  59868.0 
61864.1  59874.0 
61864.1  60796.16 
61865.3  60279.3 
61871.1  61872.0 
60822.0  60823.0 
60823.0  60836.0 
60842.0  60843.0 
60843.0  61275.0 
61275.0  61286.0 
61280.0  61296.0 
61282.0  60836.0 
61283.0  61316.0 
61284.0  61316.0 
61285.0  61320.0 
61286.0  60836.0 
61293.0  60843.0 
61294.0  60843.0 
61295.0  61331.0 
61296.0  61333.0 
61316.0  61343.0 
61320.0  60842.0 
61324.0  61275.0 
61325.0  61275.0 
61326.0  61275.0 
61327.0  61275.0 
61328.0  61275.0 
61331.0  60843.0 
61333.0  61352.0 
61337.0  61361.0 
61338.0  61364.0 
61339.0  61364.0 
61340.0  61366.0 
61341.0  61368.0 
61342.0  61361.0 
61343.0  60836.0 
61350.0  61320.0 
61352.0  61361.0 
61358.0  61296.0 
61359.0  61296.0 
61360.0  61774.0 
61364.0  61777.0 
61366.0  61280.0 
61368.0  61783.0 
61373.0  61316.0 
61374.0  61789.0 
61375.0  61792.0 
61376.0  61794.0 
61769.0  61333.0 
61770.0  61333.0 
61771.0  61333.0 
61772.0  61333.0 
61773.0  61333.0 
61774.0  61296.0 
61775.0  61796.0 
61776.0  61799.0 
61777.0  61361.0 
61782.0  61366.0 
61783.0  61361.0 
61788.0  61368.0 
61789.0  61316.0 
61792.0  61316.0 
61794.0  61316.0 
61796.0  61845.0 
61802.0  61364.0 
61803.0  61850.0 
61804.0  61852.0 
61805.0  61854.0 
61838.0  61856.0 
61839.0  61368.0 
61840.0  61368.0 
61842.0  61789.0 
61843.0  61792.0 
61844.0  61794.0 
61845.0  61799.0 
61849.0  61796.0 
61850.0  61364.0 
61852.0  61364.0 
61854.0  61364.0 
61856.0  61368.0 
61862.0  61870.0 
61863.0  61796.0 
61864.0  61796.0 
61866.0  61850.0 
61867.0  61852.0 
61868.0  61854.0 
61869.0  61856.0 
61870.0  61796.0 
61872.0  61870.0 
60841.1  60842.11 
61873.1  60842.11 
61874.1  60842.11 
