48740.1  48742.0 
48740.1  48743.0 
48740.1  48744.0 
48740.1  48745.0 
48740.1  48746.0 
48740.1  48747.0 
48740.1  48748.0 
48740.1  48749.0 
48740.1  48750.0 
48740.1  48751.0 
48740.1  48752.0 
48740.1  48753.0 
48740.1  48754.0 
48740.1  48755.0 
48740.1  48756.0 
48740.1  48757.0 
48740.1  48758.0 
48740.1  48759.0 
48740.1  48760.0 
48740.1  48761.0 
48740.1  48762.0 
48740.1  48763.0 
48740.1  48764.0 
48740.1  48765.0 
48740.1  48766.0 
48740.1  48767.0 
48740.1  48768.0 
48740.1  48769.0 
48740.1  48770.0 
48740.1  48771.0 
48740.1  48772.0 
48740.1  48773.0 
48740.1  48774.0 
48740.1  48775.0 
48740.1  48776.0 
48740.1  48777.0 
48740.1  48778.0 
48740.1  48779.0 
48740.1  48780.0 
48740.1  48781.0 
48740.1  48782.0 
48740.1  48783.0 
48740.1  48784.0 
48740.1  48785.0 
48740.1  48786.0 
48740.1  48787.0 
48740.1  48788.0 
48740.1  48789.0 
48740.1  48790.0 
48740.1  48791.0 
48740.1  48792.0 
48740.1  48793.0 
48740.1  48794.0 
48740.1  48795.0 
48740.1  48796.0 
48740.1  48797.0 
48740.1  48798.0 
48740.1  48799.0 
48740.1  48800.0 
48740.1  48801.0 
48740.1  48802.0 
48740.1  48803.0 
48740.1  48804.0 
48740.1  48805.0 
48740.1  48806.0 
48740.1  48807.0 
48740.1  48808.0 
48740.1  48809.0 
48740.1  48810.0 
48740.1  48811.0 
48740.1  48812.0 
48740.1  48813.0 
48740.1  48814.0 
48740.1  48815.0 
48740.1  48816.0 
48740.1  48817.0 
48740.1  48818.0 
48740.1  48819.0 
48740.1  48820.0 
48740.1  48821.0 
48740.1  48822.0 
48740.1  48823.0 
48740.1  48824.0 
48740.1  48825.0 
48740.1  48826.0 
48740.1  48827.0 
48740.1  48828.0 
48740.1  48829.0 
48740.1  48830.0 
48740.1  48831.0 
48740.1  48832.0 
48740.1  48833.0 
48740.1  48834.0 
48740.1  48835.0 
48740.1  48836.0 
48740.1  48837.0 
48740.1  48838.0 
48740.1  48839.0 
48740.1  48840.0 
48740.1  48841.0 
48740.1  48842.0 
48740.1  48843.0 
48740.1  48844.0 
48740.1  48845.0 
48740.1  48846.0 
48740.1  48847.0 
48740.1  48848.0 
48740.1  48849.0 
48740.1  48850.0 
48740.1  48851.0 
48740.1  48852.0 
48740.1  48853.0 
48740.1  48854.0 
48740.1  48855.0 
48740.1  48856.0 
48740.1  48857.0 
48740.1  48858.0 
48740.1  48859.0 
48740.1  48860.0 
48740.1  48861.0 
48740.1  48862.0 
48740.1  48863.0 
48740.1  48864.0 
48740.1  48865.0 
48740.1  48866.0 
48740.1  48867.0 
48740.1  48868.0 
48740.1  48869.0 
48740.1  48870.0 
48740.1  48871.0 
48740.1  48872.0 
48740.1  48873.0 
48740.1  48874.0 
48740.1  48875.0 
48740.1  48876.0 
48740.1  48877.0 
48740.1  48878.0 
48740.1  48879.0 
48740.1  48880.0 
48740.1  48881.0 
48740.1  48882.0 
48740.1  48883.0 
48740.1  48884.0 
48740.1  48885.0 
48740.1  48886.0 
48740.1  48887.0 
48740.1  48888.0 
48740.1  48889.0 
48740.1  48890.0 
48740.1  48891.0 
48740.1  48892.0 
48740.1  48893.0 
48740.1  48894.0 
48740.1  48895.0 
48740.1  48896.0 
48740.1  48897.0 
48740.1  48898.0 
48740.1  48899.0 
48740.1  48900.0 
48740.1  48901.0 
48740.1  48902.0 
48740.1  48903.0 
48740.1  48904.0 
48740.1  48905.0 
48740.1  48906.0 
48740.1  48907.0 
48740.1  48908.0 
48740.1  48909.0 
48740.1  48910.0 
48740.1  48911.1 
48740.1  48912.0 
48740.1  48913.0 
48740.1  48914.0 
48740.1  48915.0 
48740.1  48916.0 
48740.1  48917.0 
48740.2  48918.0 
48740.2  48919.0 
48740.2  48920.0 
48740.2  48921.0 
48740.2  48922.0 
48740.2  48923.0 
48740.2  48924.0 
48740.2  48925.0 
48740.2  48926.0 
48740.2  48927.0 
48740.2  48928.0 
48740.2  48929.0 
48740.2  48930.0 
48740.2  48931.0 
48740.2  48932.0 
48740.2  48933.0 
48740.2  48934.0 
48740.2  48935.0 
48740.2  48936.0 
48740.2  48937.0 
48740.2  48938.0 
48740.2  48939.0 
48740.2  48940.0 
48740.2  48941.0 
48740.2  48942.0 
48740.2  48943.0 
48740.2  48944.0 
48740.2  48945.0 
48740.2  48946.0 
48740.2  48947.0 
48740.2  48948.0 
48740.2  48949.0 
48740.2  48950.0 
48740.2  48951.0 
48740.2  48952.0 
48740.2  48953.0 
48740.2  48954.0 
48740.2  48955.0 
48740.2  48956.0 
48740.2  48957.0 
48740.2  48958.0 
48740.2  48959.0 
48740.2  48960.0 
48740.2  48961.0 
48740.2  48962.0 
48740.2  48963.0 
48740.2  48964.0 
48740.2  48965.0 
48740.2  48966.0 
48740.2  48967.0 
48740.2  48968.0 
48740.2  48969.0 
48740.2  48970.0 
48740.2  48971.0 
48740.2  48972.0 
48740.2  48973.0 
48740.2  48974.0 
48740.2  48975.0 
48740.2  48976.0 
48740.2  48977.0 
48740.2  48978.0 
48740.2  48979.0 
48740.2  48980.0 
48740.2  48981.0 
48740.2  48982.0 
48740.2  48983.0 
48740.2  48984.0 
48740.2  48985.0 
48740.2  48986.0 
48740.2  48987.0 
48740.2  48988.0 
48740.2  48989.0 
48740.2  48990.0 
48740.2  48991.0 
48740.2  48992.0 
48740.2  48993.0 
48740.2  48994.0 
48740.2  48995.0 
48740.2  48996.0 
48740.2  48997.0 
48740.2  48998.0 
48740.2  48999.0 
48740.2  49000.0 
48740.2  49001.0 
48740.2  49002.0 
48740.2  49003.0 
48740.2  49004.0 
48740.2  49005.0 
48740.2  49006.0 
48740.2  49007.0 
48740.2  49008.0 
48740.2  49009.0 
48740.2  49010.0 
48740.2  49011.0 
48740.2  49012.0 
48740.2  49013.0 
48740.2  49014.0 
48740.2  49015.0 
48740.2  49016.0 
48740.2  49017.0 
48740.2  49018.0 
48740.2  49019.0 
48740.2  49020.0 
48740.2  49021.0 
48740.2  49022.0 
48740.2  49023.0 
48740.2  49024.0 
48740.2  49025.0 
48740.2  49026.0 
48740.2  49027.0 
48740.2  49028.0 
48740.2  49029.0 
48740.2  49030.0 
48740.2  49031.0 
48740.2  49032.0 
48740.2  49033.0 
48740.2  49034.0 
48740.2  49035.0 
48740.2  49036.0 
48740.2  49037.0 
48740.2  49038.0 
48740.2  49039.0 
48740.2  49040.0 
48740.2  49041.0 
48740.2  49042.0 
48740.2  49043.0 
48740.2  49044.0 
48740.2  49045.0 
48740.2  49046.0 
48740.2  49047.0 
48740.2  49048.0 
48740.2  49049.0 
48740.2  49050.0 
48740.2  49051.0 
48740.2  49052.0 
48740.2  49053.0 
48740.2  49054.0 
48740.2  49055.0 
48740.2  49056.0 
48740.2  49057.0 
48740.2  49058.0 
48740.2  49059.0 
48740.2  49060.0 
48740.2  49061.0 
48740.2  49062.0 
48740.2  49063.0 
48740.2  49064.0 
48740.2  49065.0 
48740.2  49066.0 
48740.2  49067.0 
48740.2  49068.0 
48740.2  49069.0 
48740.2  49070.0 
48740.2  49071.0 
48740.2  49072.0 
48740.2  49073.0 
48740.2  49074.0 
48740.2  49075.0 
48740.2  49076.0 
48740.2  49077.0 
48740.2  49078.1 
48740.2  49079.0 
48740.2  49080.0 
48740.2  49081.0 
48740.2  49082.0 
48740.2  49083.0 
48740.2  49084.0 
48740.2  49085.0 
48740.2  49086.0 
48740.2  49087.0 
48740.2  49088.0 
48740.2  49089.0 
48740.2  49090.0 
48740.2  49091.0 
48740.2  49092.0 
48740.2  49093.59 
48740.2  49094.59 
48740.2  49095.0 
48740.2  49096.0 
48740.2  49097.0 
48740.2  49098.0 
48740.2  49099.0 
48740.2  49100.0 
48740.2  49101.0 
48740.2  49102.0 
48740.2  49103.0 
48740.2  49104.0 
48740.2  49105.0 
48740.2  49106.0 
48740.2  49107.0 
48740.3  49108.0 
48740.3  49109.0 
48740.3  49110.0 
48740.3  49111.0 
48740.3  49112.0 
48740.3  49113.0 
48740.3  49114.0 
48740.3  49115.0 
48740.3  49116.2 
48740.3  49117.0 
48740.3  49118.0 
48740.3  49119.0 
48740.3  49120.0 
48740.3  49121.0 
48740.3  49122.0 
48740.4  49123.0 
48740.4  49124.0 
48740.4  49125.0 
48740.4  49126.0 
48740.4  36140.1 
48740.5  49127.0 
48740.5  49128.0 
48740.5  49129.0 
48740.5  49130.0 
48740.5  49131.0 
48740.5  49132.1 
48740.5  49133.0 
48740.5  49134.118 
48740.5  49135.118 
48740.5  49136.0 
48740.5  49137.0 
48740.6  49138.0 
48740.6  49139.0 
48740.6  49140.0 
48740.6  49141.0 
48740.6  49142.0 
48740.6  49143.0 
48740.6  49144.0 
48740.6  49145.0 
48740.6  49146.0 
48740.6  49147.3 
48740.6  49148.0 
48740.6  49149.0 
48740.6  49150.0 
48740.6  49151.0 
48740.6  49152.0 
48740.6  49153.0 
48740.6  49154.0 
48740.6  49155.0 
48740.6  49156.57 
48740.6  49157.0 
48740.6  49158.0 
48740.7  49159.0 
48740.7  49160.0 
48740.7  49161.136 
48740.7  49162.0 
48740.7  49163.0 
48740.7  49164.1 
48740.7  49165.0 
48740.7  49166.0 
48740.7  49167.0 
48740.7  49168.0 
48740.7  49169.0 
48740.8  49170.0 
48740.8  49171.0 
48740.8  49172.0 
48740.8  49173.0 
48740.8  49174.0 
48740.9  49175.0 
48740.10  49176.0 
48740.10  49177.0 
48740.10  49178.0 
48740.10  49116.6 
48740.11  49179.0 
48741.1  49181.0 
48741.1  48746.0 
48741.1  49182.0 
48741.1  48751.0 
48741.1  48767.0 
48741.1  48787.0 
48741.1  48907.0 
48741.1  48792.0 
48741.1  49183.1 
48741.1  49184.1 
48741.1  49185.1 
48742.0  47579.0 
48743.0  47580.0 
48744.0  47581.0 
48745.0  47582.0 
48746.0  47583.0 
48747.0  47584.0 
48748.0  47585.0 
48749.0  47586.0 
48750.0  47587.0 
48751.0  47588.0 
48752.0  47589.0 
48753.0  47590.0 
48754.0  47591.0 
48755.0  47592.0 
48756.0  47593.0 
48757.0  47594.0 
48758.0  47595.0 
48759.0  47596.0 
48760.0  47597.0 
48761.0  47598.0 
48762.0  47599.0 
48763.0  47600.0 
48764.0  47601.0 
48765.0  47602.0 
48766.0  47603.0 
48767.0  47604.0 
48768.0  47605.0 
48769.0  47606.0 
48770.0  47607.0 
48771.0  47608.0 
48772.0  47609.0 
48773.0  47610.0 
48774.0  47611.0 
48775.0  47612.0 
48776.0  47613.0 
48777.0  47614.0 
48778.0  47615.0 
48779.0  47616.0 
48780.0  47617.0 
48781.0  47618.0 
48782.0  47619.0 
48783.0  47620.0 
48784.0  47621.0 
48785.0  47622.0 
48786.0  47623.0 
48787.0  47624.0 
48788.0  47625.0 
48789.0  47626.0 
48790.0  47627.0 
48791.0  47628.0 
48792.0  47629.0 
48793.0  47630.0 
48794.0  47631.0 
48795.0  47632.0 
48796.0  47633.0 
48797.0  47634.0 
48798.0  47635.0 
48799.0  47636.0 
48800.0  47637.0 
48801.0  47638.0 
48802.0  47639.0 
48803.0  47640.0 
48804.0  47641.0 
48805.0  47642.0 
48806.0  47643.0 
48807.0  47644.0 
48808.0  47645.0 
48809.0  47646.0 
48810.0  47647.0 
48811.0  47648.0 
48812.0  47649.0 
48813.0  47650.0 
48814.0  47651.0 
48815.0  47652.0 
48816.0  47653.0 
48817.0  47654.0 
48818.0  47655.0 
48819.0  47656.0 
48820.0  47657.0 
48821.0  47658.0 
48822.0  47659.0 
48823.0  47660.0 
48824.0  47661.0 
48825.0  47662.0 
48826.0  47663.0 
48827.0  47664.0 
48828.0  47665.0 
48829.0  47666.0 
48830.0  47667.0 
48831.0  47668.0 
48832.0  47669.0 
48833.0  47670.0 
48834.0  47671.0 
48835.0  47672.0 
48836.0  47673.0 
48837.0  47674.0 
48838.0  47675.0 
48839.0  47676.0 
48840.0  47677.0 
48841.0  47678.0 
48842.0  47679.0 
48843.0  47680.0 
48844.0  47681.0 
48845.0  47682.0 
48846.0  47683.0 
48847.0  47684.0 
48848.0  47685.0 
48849.0  47686.0 
48850.0  47687.0 
48851.0  47688.0 
48852.0  47689.0 
48853.0  47690.0 
48854.0  47691.0 
48855.0  47692.0 
48856.0  47693.0 
48857.0  47694.0 
48858.0  47695.0 
48859.0  47696.0 
48860.0  47697.0 
48861.0  47698.0 
48862.0  47699.0 
48863.0  47700.0 
48864.0  47701.0 
48865.0  47702.0 
48866.0  47703.0 
48867.0  47704.0 
48868.0  47705.0 
48869.0  47706.0 
48870.0  47707.0 
48871.0  47708.0 
48872.0  47709.0 
48873.0  47710.0 
48874.0  47711.0 
48875.0  47712.0 
48876.0  47713.0 
48877.0  47714.0 
48878.0  47715.0 
48879.0  47716.0 
48880.0  47717.0 
48881.0  47718.0 
48882.0  47719.0 
48883.0  47720.0 
48884.0  47721.0 
48885.0  47722.0 
48886.0  47723.0 
48887.0  47724.0 
48888.0  47725.0 
48889.0  47726.0 
48890.0  47727.0 
48891.0  47728.0 
48892.0  47729.0 
48893.0  47730.0 
48894.0  47731.0 
48895.0  47732.0 
48896.0  47733.0 
48897.0  47734.0 
48898.0  47735.0 
48899.0  47736.0 
48900.0  47737.0 
48901.0  47738.0 
48902.0  47739.0 
48903.0  47740.0 
48904.0  47741.0 
48905.0  47742.0 
48906.0  47743.0 
48907.0  47744.0 
48908.0  47745.0 
48909.0  47746.0 
48910.0  47747.0 
48911.1  49186.14 
48912.0  47749.0 
48913.0  47750.0 
48914.0  47751.0 
48915.0  47752.0 
48916.0  47753.0 
48917.0  47754.0 
48918.0  47755.0 
48919.0  47756.0 
48920.0  47757.0 
48921.0  47758.0 
48922.0  47759.0 
48923.0  47760.0 
48924.0  47761.0 
48925.0  47762.0 
48926.0  47763.0 
48927.0  47764.0 
48928.0  47765.0 
48929.0  47766.0 
48930.0  47767.0 
48931.0  47768.0 
48932.0  47769.0 
48933.0  47770.0 
48934.0  47771.0 
48935.0  47772.0 
48936.0  47773.0 
48937.0  47774.0 
48938.0  47775.0 
48939.0  47776.0 
48940.0  47777.0 
48941.0  47778.0 
48942.0  47779.0 
48943.0  47780.0 
48944.0  47781.0 
48945.0  47782.0 
48946.0  47783.0 
48947.0  47784.0 
48948.0  47785.0 
48949.0  47786.0 
48950.0  47787.0 
48951.0  47788.0 
48952.0  47789.0 
48953.0  47790.0 
48954.0  47791.0 
48955.0  47792.0 
48956.0  47793.0 
48957.0  47794.0 
48958.0  47795.0 
48959.0  47796.0 
48960.0  47797.0 
48961.0  47798.0 
48963.0  47800.0 
48964.0  47801.0 
48965.0  47802.0 
48966.0  47803.0 
48967.0  47804.0 
48968.0  47805.0 
48969.0  47806.0 
48970.0  47807.0 
48971.0  47808.0 
48972.0  47809.0 
48973.0  47810.0 
48974.0  47811.0 
48975.0  47812.0 
48976.0  47813.0 
48977.0  47814.0 
48978.0  47815.0 
48979.0  47816.0 
48980.0  47817.0 
48981.0  47818.0 
48982.0  47819.0 
48983.0  47820.0 
48984.0  47821.0 
48985.0  47822.0 
48986.0  47823.0 
48987.0  47824.0 
48988.0  47825.0 
48989.0  47826.0 
48990.0  47827.0 
48991.0  47828.0 
48992.0  47829.0 
48993.0  47830.0 
48994.0  47831.0 
48995.0  47832.0 
48996.0  47833.0 
48997.0  47834.0 
48998.0  47835.0 
48999.0  47836.0 
49000.0  47837.0 
49001.0  47838.0 
49002.0  47839.0 
49003.0  47840.0 
49004.0  47841.0 
49005.0  47842.0 
49006.0  47843.0 
49007.0  47844.0 
49008.0  47845.0 
49009.0  47846.0 
49010.0  47847.0 
49011.0  47848.0 
49012.0  47849.0 
49013.0  47850.0 
49014.0  47851.0 
49015.0  47852.0 
49016.0  47853.0 
49017.0  47854.0 
49018.0  47855.0 
49019.0  47856.0 
49020.0  47857.0 
49021.0  47858.0 
49022.0  47859.0 
49023.0  47860.0 
49024.0  47861.0 
49025.0  47862.0 
49026.0  47863.0 
49027.0  47864.0 
49028.0  47865.0 
49029.0  47866.0 
49030.0  47867.0 
49031.0  47868.0 
49032.0  47869.0 
49033.0  47870.0 
49034.0  47871.0 
49035.0  47872.0 
49036.0  47873.0 
49037.0  47874.0 
49038.0  47875.0 
49039.0  47876.0 
49040.0  47877.0 
49041.0  47878.0 
49042.0  47879.0 
49043.0  47880.0 
49044.0  47881.0 
49045.0  47882.0 
49046.0  47883.0 
49047.0  47884.0 
49048.0  47885.0 
49049.0  47886.0 
49050.0  47887.0 
49051.0  47888.0 
49052.0  47889.0 
49053.0  47890.0 
49054.0  47891.0 
49055.0  47892.0 
49056.0  47893.0 
49057.0  47894.0 
49058.0  47895.0 
49059.0  47896.0 
49060.0  47897.0 
49061.0  47898.0 
49062.0  47899.0 
49063.0  47900.0 
49064.0  47901.0 
49065.0  47902.0 
49066.0  47903.0 
49067.0  47904.0 
49068.0  47905.0 
49069.0  47906.0 
49070.0  47907.0 
49071.0  47908.0 
49072.0  47909.0 
49073.0  47910.0 
49074.0  47911.0 
49075.0  47912.0 
49076.0  47913.0 
49077.0  47914.0 
49078.1  49186.12 
49079.0  47916.0 
49080.0  47917.0 
49081.0  47918.0 
49082.0  47919.0 
49083.0  47920.0 
49084.0  47921.0 
49085.0  47922.0 
49086.0  47923.0 
49087.0  47924.0 
49088.0  47925.0 
49089.0  47926.0 
49090.0  47927.0 
49091.0  47928.0 
49092.0  47929.0 
49093.59  49186.13 
49093.59  47930.59 
49094.59  49186.13 
49094.59  47931.59 
49095.0  47932.0 
49096.0  47933.0 
49097.0  47934.0 
49098.0  47935.0 
49099.0  47936.0 
49100.0  47937.0 
49101.0  47938.0 
49102.0  47939.0 
49103.0  47940.0 
49104.0  47941.0 
49105.0  47942.0 
49106.0  47943.0 
49107.0  47944.0 
49108.0  47945.0 
49109.0  47946.0 
49110.0  47947.0 
49111.0  47948.0 
49112.0  47949.0 
49113.0  47950.0 
49114.0  47951.0 
49115.0  47952.0 
49116.1  48740.1 
49116.2  48740.2 
49116.3  48740.3 
49116.4  48740.4 
49116.5  48740.8 
49116.6  48740.9 
49116.7  48740.10 
49117.0  47954.0 
49118.0  47955.0 
49119.0  47956.0 
49120.0  47957.0 
49121.0  47958.0 
49122.0  47959.0 
49123.0  47960.0 
49124.0  47961.0 
49125.0  47962.0 
49126.0  47963.0 
49127.0  47964.0 
49128.0  47965.0 
49129.0  47966.0 
49130.0  47967.0 
49131.0  47968.0 
49132.1  49186.14 
49133.0  47970.0 
49134.118  49186.14 
49134.118  47971.118 
49134.119  48740.5 
49135.118  49186.14 
49135.118  47972.118 
49135.119  48740.7 
49136.0  47973.0 
49137.0  47974.0 
49138.0  47975.0 
49139.0  47976.0 
49140.0  47977.0 
49141.0  47978.0 
49142.0  47979.0 
49143.0  47980.0 
49144.0  47981.0 
49145.0  47982.0 
49146.0  47983.0 
49147.1  49187.1 
49147.2  49188.1 
49147.3  49189.1 
49148.0  47985.0 
49149.0  47986.0 
49150.0  47987.0 
49151.0  47988.0 
49152.0  47989.0 
49153.0  47990.0 
49154.0  47991.0 
49155.0  47992.0 
49156.57  47993.57 
49156.58  48740.6 
49157.0  47994.0 
49158.0  47995.0 
49159.0  47996.0 
49160.0  47997.0 
49161.135  49186.11 
49161.136  49186.13 
49161.136  47998.136 
49162.0  47999.0 
49164.1  49190.1 
49165.0  48002.0 
49166.0  48003.0 
49168.0  48005.0 
49169.0  48006.0 
49170.0  48007.0 
49171.0  48008.0 
49172.0  48009.0 
49173.0  48010.0 
49174.0  48011.0 
49175.0  48049.0 
49176.0  48012.0 
49177.0  48013.0 
49178.0  48014.0 
49179.0  48015.0 
49180.1  49192.0 
49180.1  48746.0 
49180.1  49182.0 
49180.1  48751.0 
49180.1  48767.0 
49180.1  48787.0 
49180.1  48907.0 
49180.1  48792.0 
49180.1  49193.1 
49180.1  49194.1 
49180.1  49195.1 
49180.1  49196.1 
49180.1  49197.1 
49181.0  48017.0 
49182.0  48018.0 
49183.1  49198.1 
49184.1  49199.1 
49185.1  49200.1 
49186.11  48049.0 
49186.12  48050.0 
49186.13  47998.135 
49186.14  49201.1 
49186.14  47577.14 
49187.1  49203.0 
49187.1  48746.0 
49187.1  49204.0 
49187.1  49205.0 
49187.1  48767.0 
49187.1  49206.0 
49187.1  48949.0 
49187.1  49207.0 
49187.1  48751.0 
49187.1  48961.0 
49187.1  49208.0 
49187.1  48787.0 
49187.1  49209.2 
49188.1  49211.0 
49188.1  48746.0 
49188.1  49204.0 
49188.1  49205.0 
49188.1  48949.0 
49188.1  48767.0 
49188.1  49206.0 
49188.1  48751.0 
49188.1  49207.0 
49188.1  48961.0 
49188.1  49212.0 
49188.1  48787.0 
49188.1  49147.1 
49189.1  49213.0 
49189.1  48746.0 
49189.1  48767.0 
49189.1  49147.2 
49190.1  49215.0 
49190.1  48746.0 
49190.1  49216.0 
49190.1  48767.0 
49190.1  48787.0 
49190.1  48792.0 
49190.1  48786.0 
49190.1  49217.1 
49190.1  49217.3 
49190.1  49217.4 
49190.1  49217.5 
49190.1  49217.6 
49190.1  49217.7 
49191.1  49218.0 
49191.1  48746.0 
49191.1  48767.0 
49192.0  48030.0 
49193.1  49219.1 
49194.1  49220.1 
49195.1  49221.1 
49196.1  49222.1 
49197.1  49223.1 
49198.1  49224.0 
49198.1  48746.0 
49198.1  48767.0 
49198.1  48787.0 
49199.1  49225.0 
49199.1  48746.0 
49199.1  48767.0 
49199.1  48787.0 
49200.1  49227.0 
49200.1  48746.0 
49200.1  48767.0 
49201.1  49186.11 
49202.1  48746.0 
49202.1  49182.0 
49202.1  48751.0 
49202.1  48767.0 
49202.1  48787.0 
49202.1  48907.0 
49202.1  48792.0 
49203.0  48065.0 
49204.0  48066.0 
49205.0  48067.0 
49206.0  48068.0 
49207.0  48069.0 
49209.1  49228.1 
49209.2  49229.1 
49210.1  49231.0 
49210.1  48746.0 
49210.1  49182.0 
49210.1  48751.0 
49210.1  48767.0 
49210.1  48787.0 
49210.1  48907.0 
49210.1  48792.0 
49210.1  48793.0 
49210.1  48794.0 
49210.1  48795.0 
49210.1  49232.1 
49210.1  49233.1 
49210.2  49234.1 
49210.3  49235.1 
49211.0  48073.0 
49213.0  48075.0 
49214.1  49236.0 
49214.1  48746.0 
49214.1  49182.0 
49214.1  48751.0 
49214.1  48767.0 
49214.1  48787.0 
49214.1  48907.0 
49214.1  48792.0 
49215.0  48077.0 
49216.0  48078.0 
49217.1  49237.1 
49217.2  49237.2 
49217.3  49237.3 
49217.4  49237.4 
49217.5  49237.5 
49217.6  49237.6 
49217.7  49237.7 
49218.0  48080.0 
49219.1  49225.0 
49219.1  48746.0 
49219.1  48767.0 
49219.1  48787.0 
49220.1  49224.0 
49220.1  48746.0 
49220.1  48767.0 
49220.1  48787.0 
49221.1  49238.0 
49221.1  48746.0 
49221.1  48767.0 
49221.1  48787.0 
49222.1  49238.0 
49222.1  48746.0 
49222.1  48767.0 
49222.1  48787.0 
49223.1  49238.0 
49223.1  48746.0 
49223.1  48767.0 
49223.1  48787.0 
49224.0  48086.0 
49225.0  48087.0 
49227.0  48089.0 
49228.1  49203.0 
49228.1  48746.0 
49228.1  49204.0 
49228.1  49205.0 
49228.1  48767.0 
49228.1  49206.0 
49228.1  48949.0 
49228.1  49207.0 
49228.1  48751.0 
49228.1  48961.0 
49228.1  49240.0 
49228.1  48787.0 
49228.1  49241.1 
49229.1  49211.0 
49229.1  48746.0 
49229.1  49204.0 
49229.1  49205.0 
49229.1  48949.0 
49229.1  48767.0 
49229.1  49206.0 
49229.1  48751.0 
49229.1  49207.0 
49229.1  48961.0 
49229.1  49243.0 
49229.1  48787.0 
49229.1  49209.1 
49230.1  49211.0 
49230.1  48746.0 
49230.1  49204.0 
49230.1  49205.0 
49230.1  48949.0 
49230.1  48767.0 
49230.1  49206.0 
49230.1  48751.0 
49230.1  49207.0 
49230.1  48961.0 
49230.1  49244.0 
49230.1  48787.0 
49231.0  48109.0 
49232.1  49245.0 
49233.1  49246.1 
49234.1  49247.1 
49235.1  49248.1 
49236.0  48114.0 
49237.1  49249.0 
49237.1  48746.0 
49237.1  49250.0 
49237.1  48751.0 
49237.1  48767.0 
49237.1  49251.0 
49237.1  48787.0 
49237.1  49252.0 
49237.1  49253.0 
49237.1  48907.0 
49237.1  49254.0 
49237.1  49255.0 
49237.1  49256.0 
49237.1  48792.0 
49237.1  49257.0 
49237.1  49258.0 
49237.1  49259.0 
49237.1  49260.0 
49237.1  49261.0 
49237.1  49262.0 
49237.1  49263.0 
49237.1  49264.0 
49237.1  49265.0 
49237.1  49266.0 
49237.1  49267.0 
49237.1  49268.0 
49237.1  49269.0 
49237.1  49270.0 
49237.1  49271.0 
49237.1  49272.0 
49237.1  49273.0 
49237.1  49274.0 
49237.1  49275.0 
49237.1  49276.0 
49237.1  49277.0 
49237.1  49278.0 
49237.1  49279.0 
49237.1  49280.0 
49237.1  49281.0 
49237.1  49282.0 
49237.1  49283.0 
49237.1  49284.0 
49237.1  49285.0 
49237.1  49286.0 
49237.1  49287.0 
49237.1  49288.0 
49237.1  49289.0 
49237.1  49290.0 
49237.1  49291.0 
49237.1  49292.0 
49237.1  49293.0 
49237.1  49294.0 
49237.1  49295.0 
49237.1  49296.0 
49237.1  49297.0 
49237.1  49298.0 
49237.1  49299.0 
49237.1  49300.0 
49237.1  49301.0 
49237.1  49302.0 
49237.1  49303.0 
49237.1  49304.0 
49237.1  49305.0 
49237.1  49306.0 
49237.1  49307.0 
49237.1  49308.0 
49237.1  49309.0 
49237.1  49310.0 
49237.1  49311.0 
49237.1  49312.0 
49237.1  49313.0 
49237.1  49314.0 
49237.1  49315.0 
49237.1  49316.0 
49237.1  49317.0 
49237.1  49318.0 
49237.1  49319.0 
49237.1  49320.0 
49237.1  49321.0 
49237.1  49322.0 
49237.1  49323.0 
49237.1  49324.0 
49237.1  49325.0 
49237.1  49326.0 
49237.1  49327.0 
49237.1  49328.0 
49237.2  49329.0 
49237.2  49330.0 
49237.2  49331.0 
49237.2  49332.0 
49237.2  49333.0 
49237.2  49334.0 
49237.2  49335.0 
49237.2  49336.0 
49237.2  49337.0 
49237.2  49338.0 
49237.2  49339.0 
49237.2  49340.0 
49237.2  49341.0 
49237.2  49342.0 
49237.2  49343.0 
49237.2  49344.0 
49237.2  49345.0 
49237.2  49346.0 
49237.2  49347.0 
49237.2  49348.0 
49237.2  49349.0 
49237.2  49350.0 
49237.2  49351.0 
49237.2  49352.0 
49237.2  49353.0 
49237.2  49354.0 
49237.2  49355.0 
49237.2  49356.0 
49237.2  49357.0 
49237.2  49358.0 
49237.2  49359.0 
49237.2  49360.0 
49237.2  49361.0 
49237.2  49362.0 
49237.2  49363.0 
49237.2  49364.0 
49237.2  49365.0 
49237.2  49366.0 
49237.2  49367.0 
49237.2  49368.0 
49237.2  49369.0 
49237.2  49370.0 
49237.2  49371.0 
49237.2  49372.0 
49237.2  49373.0 
49237.2  49374.0 
49237.2  49375.0 
49237.2  49376.0 
49237.2  49377.0 
49237.2  49378.0 
49237.2  49379.0 
49237.2  49380.0 
49237.2  49381.0 
49237.2  49382.0 
49237.2  49383.0 
49237.2  49384.0 
49237.2  49385.0 
49237.2  49386.0 
49237.2  49387.0 
49237.2  49388.0 
49237.2  49389.0 
49237.2  49390.0 
49237.2  49391.0 
49237.2  49392.0 
49237.2  49393.0 
49237.2  49394.0 
49237.2  49395.0 
49237.2  49396.0 
49237.2  49397.0 
49237.2  49398.0 
49237.2  49399.0 
49237.2  49400.0 
49237.2  49401.0 
49237.2  49402.0 
49237.2  49403.0 
49237.2  49404.0 
49237.2  49405.0 
49237.2  49406.0 
49237.2  49407.0 
49237.2  49408.0 
49237.2  49409.0 
49237.2  49410.0 
49237.2  49411.0 
49237.2  49412.0 
49237.3  49413.0 
49237.3  49414.0 
49237.3  49415.0 
49237.3  49416.0 
49237.3  49417.0 
49237.3  49418.0 
49237.3  49419.0 
49237.3  49420.0 
49237.3  49421.0 
49237.3  49422.0 
49237.3  49423.0 
49237.3  49424.0 
49237.3  49425.0 
49237.3  49426.0 
49237.3  49427.0 
49237.3  49428.0 
49237.3  49429.0 
49237.3  49430.0 
49237.3  49431.0 
49237.3  49432.0 
49237.3  49433.0 
49237.3  49434.0 
49237.3  49435.0 
49237.3  49436.0 
49237.3  49437.0 
49237.3  49438.0 
49237.3  49439.0 
49237.3  49440.0 
49237.3  49441.0 
49237.3  49442.0 
49237.3  49443.0 
49237.3  49444.0 
49237.3  49445.0 
49237.3  49446.0 
49237.3  49447.0 
49237.3  49448.0 
49237.3  49449.0 
49237.3  49450.0 
49237.3  49451.0 
49237.3  49452.0 
49237.3  49453.0 
49237.3  49454.0 
49237.3  49455.0 
49237.3  49456.0 
49237.3  49457.0 
49237.3  49458.0 
49237.3  49459.0 
49237.3  49460.0 
49237.3  49461.0 
49237.3  49462.0 
49237.3  49463.0 
49237.3  49464.0 
49237.3  49465.0 
49237.3  49466.0 
49237.3  49467.0 
49237.3  49468.0 
49237.3  49469.0 
49237.3  49470.0 
49237.3  49471.0 
49237.3  49472.0 
49237.3  49473.0 
49237.3  49474.0 
49237.3  49475.0 
49237.3  49476.0 
49237.3  49477.0 
49237.3  49478.0 
49237.3  49479.0 
49237.3  49480.0 
49237.3  49481.0 
49237.3  49482.0 
49237.4  49483.0 
49237.4  49484.0 
49237.4  49485.0 
49237.4  49486.0 
49237.4  49487.0 
49237.4  49488.0 
49237.4  49489.0 
49237.4  49490.0 
49237.4  49491.0 
49237.4  49492.0 
49237.4  49493.0 
49237.4  49494.0 
49237.4  49495.0 
49237.4  49496.0 
49237.4  49497.0 
49237.4  49498.0 
49237.4  49499.0 
49237.4  49500.0 
49237.4  49501.0 
49237.4  49502.0 
49237.4  49503.0 
49237.4  49504.0 
49237.4  49505.0 
49237.4  49506.0 
49237.4  49507.0 
49237.4  49508.0 
49237.4  49509.0 
49237.4  49510.0 
49237.4  49511.0 
49237.4  49512.0 
49237.4  49513.0 
49237.4  49514.0 
49237.4  49515.0 
49237.4  49516.0 
49237.4  49517.0 
49237.4  49518.0 
49237.4  49519.0 
49237.4  49520.0 
49237.4  49521.0 
49237.5  49522.0 
49237.5  49523.0 
49237.5  49524.0 
49237.5  49525.0 
49237.5  49526.0 
49237.5  49527.0 
49237.5  49528.0 
49237.5  49529.0 
49237.5  49530.0 
49237.5  49531.0 
49237.5  49532.0 
49237.5  49533.0 
49237.5  49534.0 
49237.5  49535.0 
49237.5  49536.0 
49237.5  49537.0 
49237.5  49538.0 
49237.5  49539.0 
49237.5  49540.0 
49237.5  49541.0 
49237.5  49542.0 
49237.5  49543.0 
49237.5  49544.0 
49237.5  49545.0 
49237.5  49546.0 
49237.5  49547.0 
49237.5  49548.0 
49237.5  49549.0 
49237.5  49550.0 
49237.5  49551.0 
49237.5  49552.0 
49237.5  49553.0 
49237.5  49554.0 
49237.5  49555.0 
49237.5  49556.0 
49237.5  49557.0 
49237.5  49558.0 
49237.5  49559.0 
49237.5  49560.0 
49237.5  49561.0 
49237.5  49562.0 
49237.5  49563.0 
49237.5  49564.0 
49237.5  49565.0 
49237.5  49566.0 
49237.5  49567.0 
49237.5  49568.0 
49237.5  49569.0 
49237.6  49570.0 
49237.6  49571.0 
49237.6  49572.0 
49237.6  49573.0 
49237.6  49574.0 
49237.6  49575.0 
49237.6  49576.0 
49237.6  49577.0 
49237.6  49578.0 
49237.6  49579.0 
49237.6  49580.0 
49237.6  49581.0 
49237.6  49582.0 
49237.6  49583.0 
49237.6  49584.0 
49237.6  49585.0 
49237.6  49586.0 
49237.6  49587.0 
49237.6  49588.0 
49237.6  49589.0 
49237.6  49590.0 
49237.6  49591.0 
49237.6  49592.0 
49237.6  49593.0 
49237.6  49594.0 
49237.6  49595.0 
49237.6  49596.0 
49237.6  49597.0 
49237.6  49598.0 
49237.6  49599.0 
49237.7  49600.0 
49237.7  49601.0 
49237.7  49602.0 
49237.7  49603.0 
49237.7  49604.0 
49237.7  49605.0 
49237.7  49606.0 
49237.7  49607.0 
49237.7  49608.0 
49237.7  49609.0 
49237.7  49610.0 
49237.7  49611.0 
49237.7  49612.0 
49237.7  49613.0 
49237.7  49614.0 
49237.7  49615.0 
49237.7  49616.0 
49237.7  49617.0 
49237.7  49618.0 
49237.7  49619.0 
49237.7  49620.0 
49237.7  49621.0 
49237.7  49622.0 
49237.7  49623.0 
49237.7  49624.0 
49237.7  49625.0 
49237.7  49626.0 
49237.7  49627.0 
49237.7  49628.0 
49237.7  49629.0 
49237.7  49630.0 
49237.7  49631.0 
49237.7  49632.0 
49237.7  49633.0 
49237.7  49634.0 
49237.7  49635.0 
49237.7  49636.0 
49237.7  49637.0 
49237.7  49638.0 
49237.7  49639.0 
49237.7  49640.0 
49237.7  49641.0 
49237.7  49642.0 
49237.7  49643.0 
49237.7  49644.0 
49237.7  49645.0 
49237.7  49646.0 
49238.0  48116.0 
49239.1  48585.0 
49239.1  47583.0 
49239.1  48018.0 
49239.1  47588.0 
49239.1  47604.0 
49239.1  47624.0 
49239.1  47744.0 
49239.1  47629.0 
49239.1  47630.0 
49239.1  47631.0 
49239.1  47632.0 
49239.1  49648.1 
49239.1  49649.1 
49239.1  47623.0 
49239.1  47637.0 
49239.1  49650.1 
49241.1  49651.1 
49242.1  48064.1 
49246.1  49653.0 
49246.1  48746.0 
49246.1  48767.0 
49246.1  48787.0 
49246.1  48792.0 
49246.1  49654.1 
49247.1  49653.0 
49247.1  48746.0 
49247.1  48767.0 
49247.1  48787.0 
49247.1  48792.0 
49247.1  49656.1 
49248.1  49653.0 
49248.1  48746.0 
49248.1  48767.0 
49248.1  48787.0 
49248.1  48792.0 
49248.1  49658.1 
49249.0  48158.0 
49250.0  48159.0 
49251.0  48160.0 
49253.0  48162.0 
49254.0  48163.0 
49255.0  48164.0 
49256.0  48165.0 
49257.0  48166.0 
49258.0  48167.0 
49259.0  48168.0 
49260.0  48169.0 
49261.0  48170.0 
49262.0  48171.0 
49263.0  48172.0 
49264.0  48173.0 
49265.0  48174.0 
49266.0  48175.0 
49267.0  48176.0 
49268.0  48177.0 
49269.0  48178.0 
49270.0  48179.0 
49271.0  48180.0 
49272.0  48181.0 
49273.0  48182.0 
49274.0  48183.0 
49275.0  48184.0 
49276.0  48185.0 
49277.0  48186.0 
49278.0  48187.0 
49279.0  48188.0 
49280.0  48189.0 
49281.0  48190.0 
49282.0  48191.0 
49283.0  48192.0 
49284.0  48193.0 
49285.0  48194.0 
49286.0  48195.0 
49287.0  48196.0 
49288.0  48197.0 
49289.0  48198.0 
49290.0  48199.0 
49291.0  48200.0 
49292.0  48201.0 
49293.0  48202.0 
49294.0  48203.0 
49295.0  48204.0 
49296.0  48205.0 
49297.0  48206.0 
49298.0  48207.0 
49299.0  48208.0 
49300.0  48209.0 
49301.0  48210.0 
49302.0  48211.0 
49303.0  48212.0 
49304.0  48213.0 
49305.0  48214.0 
49306.0  48215.0 
49307.0  48216.0 
49308.0  48217.0 
49309.0  48218.0 
49310.0  48219.0 
49311.0  48220.0 
49312.0  48221.0 
49313.0  48222.0 
49314.0  48223.0 
49315.0  48224.0 
49316.0  48225.0 
49317.0  48226.0 
49318.0  48227.0 
49319.0  48228.0 
49320.0  48229.0 
49321.0  48230.0 
49322.0  48231.0 
49323.0  48232.0 
49324.0  48233.0 
49325.0  48234.0 
49326.0  48235.0 
49327.0  48236.0 
49328.0  48237.0 
49329.0  48238.0 
49330.0  48239.0 
49331.0  48240.0 
49332.0  48241.0 
49333.0  48242.0 
49334.0  48243.0 
49335.0  48244.0 
49336.0  48245.0 
49337.0  48246.0 
49338.0  48247.0 
49339.0  48248.0 
49340.0  48249.0 
49341.0  48250.0 
49342.0  48251.0 
49343.0  48252.0 
49344.0  48253.0 
49345.0  48254.0 
49346.0  48255.0 
49347.0  48256.0 
49348.0  48257.0 
49349.0  48258.0 
49350.0  48259.0 
49351.0  48260.0 
49352.0  48261.0 
49353.0  48262.0 
49354.0  48263.0 
49355.0  48264.0 
49356.0  48265.0 
49357.0  48266.0 
49358.0  48267.0 
49359.0  48268.0 
49360.0  48269.0 
49361.0  48270.0 
49362.0  48271.0 
49363.0  48272.0 
49364.0  48273.0 
49365.0  48274.0 
49366.0  48275.0 
49367.0  48276.0 
49368.0  48277.0 
49369.0  48278.0 
49370.0  48279.0 
49371.0  48280.0 
49372.0  48281.0 
49373.0  48282.0 
49374.0  48283.0 
49375.0  48284.0 
49376.0  48285.0 
49377.0  48286.0 
49378.0  48287.0 
49379.0  48288.0 
49380.0  48289.0 
49381.0  48290.0 
49382.0  48291.0 
49383.0  48292.0 
49384.0  48293.0 
49385.0  48294.0 
49386.0  48295.0 
49387.0  48296.0 
49388.0  48297.0 
49389.0  48298.0 
49390.0  48299.0 
49391.0  48300.0 
49392.0  48301.0 
49393.0  48302.0 
49394.0  48303.0 
49395.0  48304.0 
49396.0  48305.0 
49397.0  48306.0 
49398.0  48307.0 
49399.0  48308.0 
49400.0  48309.0 
49401.0  48310.0 
49402.0  48311.0 
49403.0  48312.0 
49404.0  48313.0 
49405.0  48314.0 
49406.0  48315.0 
49407.0  48316.0 
49408.0  48317.0 
49409.0  48318.0 
49410.0  48319.0 
49411.0  48320.0 
49412.0  48321.0 
49413.0  48322.0 
49414.0  48323.0 
49415.0  48324.0 
49416.0  48325.0 
49417.0  48326.0 
49418.0  48327.0 
49419.0  48328.0 
49420.0  48329.0 
49421.0  48330.0 
49422.0  48331.0 
49423.0  48332.0 
49424.0  48333.0 
49425.0  48334.0 
49426.0  48335.0 
49427.0  48336.0 
49428.0  48337.0 
49429.0  48338.0 
49430.0  48339.0 
49431.0  48340.0 
49432.0  48341.0 
49433.0  48342.0 
49434.0  48343.0 
49435.0  48344.0 
49436.0  48345.0 
49437.0  48346.0 
49438.0  48347.0 
49439.0  48348.0 
49440.0  48349.0 
49441.0  48350.0 
49442.0  48351.0 
49443.0  48352.0 
49444.0  48353.0 
49445.0  48354.0 
49447.0  48356.0 
49448.0  48357.0 
49449.0  48358.0 
49450.0  48359.0 
49451.0  48360.0 
49452.0  48361.0 
49453.0  48362.0 
49454.0  48363.0 
49455.0  48364.0 
49456.0  48365.0 
49457.0  48366.0 
49458.0  48367.0 
49459.0  48368.0 
49460.0  48369.0 
49461.0  48370.0 
49462.0  48371.0 
49463.0  48372.0 
49464.0  48373.0 
49465.0  48374.0 
49466.0  48375.0 
49467.0  48376.0 
49468.0  48377.0 
49469.0  48378.0 
49470.0  48379.0 
49471.0  48380.0 
49472.0  48381.0 
49473.0  48382.0 
49474.0  48383.0 
49475.0  48384.0 
49476.0  48385.0 
49477.0  48386.0 
49478.0  48387.0 
49479.0  48388.0 
49480.0  48389.0 
49481.0  48390.0 
49482.0  48391.0 
49483.0  48392.0 
49484.0  48393.0 
49485.0  48394.0 
49486.0  48395.0 
49487.0  48396.0 
49488.0  48397.0 
49489.0  48398.0 
49490.0  48399.0 
49491.0  48400.0 
49492.0  48401.0 
49493.0  48402.0 
49494.0  48403.0 
49495.0  48404.0 
49496.0  48405.0 
49497.0  48406.0 
49498.0  48407.0 
49499.0  48408.0 
49500.0  48409.0 
49501.0  48410.0 
49502.0  48411.0 
49503.0  48412.0 
49504.0  48413.0 
49505.0  48414.0 
49506.0  48415.0 
49507.0  48416.0 
49508.0  48417.0 
49509.0  48418.0 
49510.0  48419.0 
49511.0  48420.0 
49512.0  48421.0 
49513.0  48422.0 
49514.0  48423.0 
49515.0  48424.0 
49516.0  48425.0 
49517.0  48426.0 
49518.0  48427.0 
49519.0  48428.0 
49520.0  48429.0 
49521.0  48430.0 
49522.0  48431.0 
49523.0  48432.0 
49524.0  48433.0 
49525.0  48434.0 
49526.0  48435.0 
49527.0  48436.0 
49528.0  48437.0 
49529.0  48438.0 
49530.0  48439.0 
49531.0  48440.0 
49532.0  48441.0 
49533.0  48442.0 
49534.0  48443.0 
49535.0  48444.0 
49536.0  48445.0 
49537.0  48446.0 
49538.0  48447.0 
49539.0  48448.0 
49540.0  48449.0 
49541.0  48450.0 
49542.0  48451.0 
49543.0  48452.0 
49544.0  48453.0 
49545.0  48454.0 
49546.0  48455.0 
49547.0  48456.0 
49548.0  48457.0 
49549.0  48458.0 
49550.0  48459.0 
49551.0  48460.0 
49552.0  48461.0 
49553.0  48462.0 
49554.0  48463.0 
49555.0  48464.0 
49556.0  48465.0 
49557.0  48466.0 
49558.0  48467.0 
49559.0  48468.0 
49560.0  48469.0 
49561.0  48470.0 
49562.0  48471.0 
49563.0  48472.0 
49564.0  48473.0 
49565.0  48474.0 
49566.0  48475.0 
49567.0  48476.0 
49568.0  48477.0 
49569.0  48478.0 
49570.0  48479.0 
49571.0  48480.0 
49572.0  48481.0 
49573.0  48482.0 
49574.0  48483.0 
49575.0  48484.0 
49576.0  48485.0 
49577.0  48486.0 
49578.0  48487.0 
49579.0  48488.0 
49580.0  48489.0 
49581.0  48490.0 
49582.0  48491.0 
49583.0  48492.0 
49584.0  48493.0 
49585.0  48494.0 
49586.0  48495.0 
49587.0  48496.0 
49588.0  48497.0 
49589.0  48498.0 
49590.0  48499.0 
49591.0  48500.0 
49592.0  48501.0 
49593.0  48502.0 
49594.0  48503.0 
49595.0  48504.0 
49596.0  48505.0 
49597.0  48506.0 
49598.0  48507.0 
49599.0  48508.0 
49600.0  48509.0 
49601.0  48510.0 
49602.0  48511.0 
49603.0  48512.0 
49604.0  48513.0 
49605.0  48514.0 
49606.0  48515.0 
49607.0  48516.0 
49608.0  48517.0 
49609.0  48518.0 
49610.0  48519.0 
49611.0  48520.0 
49612.0  48521.0 
49613.0  48522.0 
49614.0  48523.0 
49615.0  48524.0 
49616.0  48525.0 
49617.0  48526.0 
49647.1  48065.0 
49647.1  47583.0 
49647.1  48066.0 
49647.1  48067.0 
49647.1  47604.0 
49647.1  48068.0 
49647.1  47786.0 
49647.1  48069.0 
49647.1  47588.0 
49647.1  47798.0 
49647.1  49659.0 
49647.1  47624.0 
49647.1  47984.3 
49648.1  49660.1 
49649.1  49661.1 
49650.1  49662.1 
49651.1  48685.0 
49651.1  47583.0 
49651.1  47604.0 
49651.1  49663.3 
49653.0  48591.0 
49654.1  49664.0 
49656.1  49665.0 
49658.1  49666.0 
49660.1  48591.0 
49660.1  47583.0 
49660.1  47604.0 
49660.1  47624.0 
49660.1  47629.0 
49660.1  49668.1 
49661.1  48713.0 
49661.1  47583.0 
49661.1  47604.0 
49661.1  47624.0 
49661.1  48714.60 
49662.1  48713.0 
49662.1  47583.0 
49662.1  47604.0 
49662.1  47624.0 
49662.1  48715.25 
49663.3  47984.3 
49668.1  49669.0 
48740.12  49671.0 
49671.0  45846.0 
48740.0  48741.0 
48741.0  49180.0 
49180.0  49191.0 
49187.0  49202.0 
49188.0  49210.0 
49189.0  49210.0 
49190.0  49214.0 
49191.0  49202.0 
49198.0  48741.0 
49199.0  48741.0 
49200.0  49226.0 
49210.0  49230.0 
49214.0  48740.0 
49219.0  49180.0 
49220.0  49180.0 
49221.0  49180.0 
49222.0  49180.0 
49223.0  49180.0 
49226.0  48741.0 
49228.0  49239.0 
49229.0  49242.0 
49230.0  49202.0 
49237.0  49214.0 
49239.0  49647.0 
49245.0  49210.0 
49246.0  49652.0 
49247.0  49655.0 
49248.0  49657.0 
49647.0  49242.0 
49651.0  49239.0 
49652.0  49210.0 
49655.0  49210.0 
49657.0  49210.0 
49660.0  49667.0 
49661.0  49239.0 
49662.0  49239.0 
49664.0  49652.0 
49665.0  49655.0 
49666.0  49657.0 
49667.0  49239.0 
49669.0  49667.0 
48739.1  48740.11 
49670.1  48740.12 
49672.1  48740.12 
49673.1  48740.12 
49674.1  48740.12 
49675.1  48740.12 
49676.1  48740.12 
49677.1  48740.12 
