26306.1  26308.0 
26306.1  26309.0 
26306.1  26310.0 
26306.1  26311.0 
26306.1  26312.0 
26306.1  26313.0 
26306.1  26314.0 
26306.1  26315.0 
26306.1  26316.0 
26306.1  26317.0 
26306.1  26318.0 
26306.1  26319.0 
26307.1  26321.0 
26307.1  26309.0 
26307.1  26312.0 
26308.0  26288.0 
26309.0  26289.0 
26310.0  26290.0 
26311.0  26291.0 
26312.0  26292.0 
26313.0  26293.0 
26314.0  26294.0 
26315.0  26295.0 
26318.0  26298.0 
26319.0  135.0 
26320.1  26309.0 
26320.1  26322.0 
26320.1  26313.0 
26320.1  26312.0 
26320.1  26318.0 
26320.1  26323.0 
26320.1  26324.0 
26321.0  26301.0 
26322.0  26302.0 
26323.0  26303.0 
26324.0  26304.0 
26305.1  26306.1 
26326.1  26328.0 
26326.1  26329.0 
26326.1  26330.0 
26326.1  26331.0 
26326.1  26309.0 
26326.1  26332.0 
26326.1  26333.0 
26326.1  26334.0 
26326.1  26335.0 
26326.1  26313.0 
26326.1  26336.0 
26326.1  26337.0 
26326.1  26338.0 
26326.1  26339.0 
26326.1  26340.0 
26326.1  26341.0 
26326.1  26342.0 
26326.1  26343.0 
26326.1  26344.0 
26326.1  26345.0 
26326.1  26346.0 
26326.1  26347.0 
26326.1  26348.0 
26326.1  26349.0 
26326.1  26350.0 
26326.1  26312.0 
26326.1  26351.0 
26326.1  26352.0 
26326.1  26353.0 
26326.1  26354.0 
26326.1  26355.0 
26326.1  26356.0 
26326.1  26357.0 
26326.1  26358.0 
26326.1  26359.0 
26326.1  26360.0 
26326.1  26361.0 
26326.1  26362.0 
26326.1  26363.0 
26326.1  26364.0 
26326.1  26365.0 
26326.1  26366.0 
26326.1  26367.0 
26326.1  26368.0 
26326.1  26369.0 
26326.1  26318.0 
26326.1  26370.0 
26326.1  26371.0 
26326.1  26372.0 
26326.1  26373.0 
26326.1  26324.0 
26326.1  26374.0 
26326.1  26375.0 
26326.1  26376.0 
26326.1  26377.0 
26326.1  26378.0 
26326.1  26379.0 
26326.1  26380.0 
26326.1  26381.0 
26326.1  26382.0 
26326.1  26383.0 
26326.1  26384.0 
26326.1  26385.0 
26326.1  26386.0 
26326.1  26387.0 
26326.1  26388.0 
26326.1  26389.0 
26326.1  26390.0 
26326.1  26391.0 
26326.1  26392.0 
26326.1  26393.0 
26326.1  26394.0 
26326.1  26395.0 
26326.1  26396.0 
26326.1  26397.0 
26326.1  26398.0 
26326.1  26399.0 
26326.1  26400.0 
26326.1  26401.0 
26326.1  26402.0 
26326.1  26403.0 
26326.1  26404.0 
26326.1  26405.0 
26326.1  26406.0 
26326.1  26407.0 
26326.1  26408.0 
26326.1  26409.0 
26326.1  26410.0 
26326.1  26411.0 
26326.1  26412.0 
26326.1  26413.0 
26326.1  26414.0 
26326.1  26415.0 
26326.1  26416.0 
26326.1  26417.0 
26326.1  26418.0 
26326.1  26419.0 
26326.1  26420.0 
26326.1  26421.0 
26326.1  26422.0 
26326.1  26423.0 
26326.1  26424.0 
26326.1  26425.0 
26326.1  26426.0 
26326.1  26427.0 
26326.1  26428.0 
26326.1  26429.0 
26326.1  26430.0 
26326.1  26431.0 
26326.1  26432.0 
26326.1  26433.0 
26326.1  26434.0 
26326.1  26435.0 
26326.1  26436.0 
26326.1  26437.0 
26326.1  26438.0 
26326.1  26439.0 
26326.1  26440.0 
26326.1  26441.0 
26326.1  26442.0 
26326.1  26443.0 
26326.1  26444.0 
26326.1  26445.0 
26326.1  26446.0 
26326.1  26447.0 
26326.1  26448.0 
26326.1  26449.0 
26326.1  26450.0 
26326.1  26451.0 
26326.1  26452.0 
26326.1  26453.0 
26326.1  26454.0 
26326.1  26455.0 
26326.1  26456.0 
26326.1  26457.0 
26326.1  26458.0 
26326.1  26459.0 
26326.1  26460.0 
26326.1  26461.0 
26326.1  26462.0 
26326.1  26463.0 
26326.1  26464.0 
26326.1  26465.0 
26326.1  26466.0 
26326.1  26467.0 
26326.1  26468.0 
26326.1  26469.0 
26326.1  26470.0 
26326.1  26471.0 
26326.1  26472.0 
26326.1  26473.0 
26326.1  26474.0 
26326.1  26475.0 
26326.1  26476.0 
26326.1  26477.0 
26326.1  26478.0 
26326.1  26479.0 
26326.1  26480.0 
26326.1  26481.0 
26326.1  26482.0 
26326.1  26483.0 
26326.1  26484.0 
26326.1  26485.0 
26326.1  26486.0 
26326.1  26487.0 
26326.1  26323.0 
26326.1  26488.0 
26326.1  26489.0 
26326.1  26490.0 
26326.1  26491.1 
26326.1  26492.0 
26326.1  26493.0 
26326.1  26494.0 
26326.1  26495.0 
26326.1  26496.0 
26326.1  26497.0 
26326.2  26498.0 
26326.2  26499.0 
26326.2  26500.0 
26326.2  26501.0 
26326.2  26502.0 
26326.2  26503.0 
26326.2  26504.0 
26326.2  26505.0 
26326.2  26506.0 
26326.2  26507.0 
26326.2  26508.0 
26326.2  26509.0 
26326.2  26510.0 
26326.2  26511.0 
26326.2  26512.0 
26326.2  26513.0 
26326.2  26514.0 
26326.2  26515.0 
26326.2  26516.0 
26326.2  26517.0 
26326.2  26518.0 
26326.2  26519.0 
26326.2  26520.0 
26326.2  26521.0 
26326.2  26522.0 
26326.2  26523.0 
26326.2  26524.0 
26326.2  26525.0 
26326.2  26526.0 
26326.2  26527.0 
26326.2  26528.0 
26326.2  26310.0 
26326.2  26529.0 
26326.2  26530.0 
26326.2  26531.0 
26326.2  26532.0 
26326.2  26533.0 
26326.2  26534.0 
26326.2  26535.0 
26326.2  26536.0 
26326.2  26537.0 
26326.2  26538.0 
26326.2  26539.0 
26326.2  26315.0 
26326.2  26540.0 
26326.2  26541.0 
26326.2  26542.0 
26326.2  26543.0 
26326.2  26544.0 
26326.2  26545.0 
26326.2  26546.0 
26326.2  26547.0 
26326.2  26548.0 
26326.2  26549.0 
26326.2  26550.0 
26326.2  26551.0 
26326.2  26552.0 
26326.2  26553.0 
26326.2  26554.0 
26326.2  26555.0 
26326.2  26556.0 
26326.2  26557.0 
26326.2  26558.0 
26326.2  26559.0 
26326.2  26560.0 
26326.2  26561.0 
26326.2  26562.0 
26326.2  26563.0 
26326.2  26564.0 
26326.2  26565.0 
26326.2  26566.0 
26326.2  26567.0 
26326.2  26568.0 
26326.2  26569.0 
26326.2  26570.0 
26326.2  26571.0 
26326.2  26572.0 
26326.2  26573.0 
26326.2  26574.0 
26326.2  26575.0 
26326.2  26576.0 
26326.2  26577.0 
26326.2  26578.0 
26326.2  26579.0 
26326.2  26580.0 
26326.2  26581.0 
26326.2  26582.0 
26326.2  26583.0 
26326.2  26584.0 
26326.2  26585.0 
26326.2  26586.0 
26326.2  26587.0 
26326.2  26588.0 
26326.2  26589.0 
26326.2  26590.0 
26326.2  26591.0 
26326.2  26592.0 
26326.2  26593.0 
26326.2  26594.0 
26326.2  26595.0 
26326.2  26596.0 
26326.2  26597.0 
26326.2  26598.0 
26326.2  26599.0 
26326.2  26600.0 
26326.2  26601.0 
26326.2  26602.0 
26326.2  26603.0 
26326.2  26604.0 
26326.2  26605.0 
26326.2  26606.0 
26326.2  26607.0 
26326.2  26608.0 
26326.2  26609.0 
26326.2  26610.0 
26326.2  26611.0 
26326.2  26612.0 
26326.2  26613.0 
26326.2  26614.0 
26326.2  26615.0 
26326.2  26616.0 
26326.2  26617.0 
26326.2  26618.0 
26326.2  26619.0 
26326.2  26620.0 
26326.2  26621.0 
26326.2  26622.0 
26326.2  26623.0 
26326.2  26624.0 
26326.2  26625.0 
26326.2  26626.0 
26326.2  26627.0 
26326.2  26628.0 
26326.2  26629.0 
26326.2  26630.0 
26326.2  26631.0 
26326.2  26632.0 
26326.2  26633.0 
26326.2  26634.0 
26326.2  26635.0 
26326.2  26636.0 
26326.2  26637.0 
26326.2  26638.0 
26326.2  26639.0 
26326.2  26640.0 
26326.2  26641.0 
26326.2  26642.0 
26326.2  26643.0 
26326.2  26644.0 
26326.2  26645.0 
26326.2  26646.0 
26326.2  26647.0 
26326.2  26648.0 
26326.2  26649.0 
26326.2  26650.0 
26326.2  26651.0 
26326.2  26652.0 
26326.2  26653.0 
26326.2  26654.0 
26326.2  26655.0 
26326.2  26656.1 
26326.2  26657.0 
26326.2  26658.0 
26326.2  26659.0 
26326.2  26660.0 
26326.2  26661.0 
26326.2  26662.0 
26326.2  26663.0 
26326.2  26664.0 
26326.2  26665.0 
26326.2  26666.0 
26326.2  26667.0 
26326.2  26668.0 
26326.2  26669.0 
26326.2  26670.0 
26326.2  26671.27 
26326.2  26672.27 
26326.2  26673.0 
26326.2  26674.0 
26326.2  26675.0 
26326.2  26676.0 
26326.2  26677.0 
26326.2  26678.0 
26326.2  26679.0 
26326.2  26680.0 
26326.2  26681.0 
26326.2  26682.0 
26326.2  26683.0 
26326.2  26684.0 
26326.2  26685.0 
26326.3  26686.0 
26326.3  26687.0 
26326.3  26688.0 
26326.3  26689.0 
26326.3  26690.0 
26326.3  26691.0 
26326.3  26692.0 
26326.3  26693.0 
26326.3  26694.2 
26326.3  26695.0 
26326.3  26696.0 
26326.3  26697.0 
26326.3  26698.0 
26326.3  26699.0 
26326.3  26700.0 
26326.4  26701.0 
26326.4  26702.0 
26326.4  26703.0 
26326.4  26704.0 
26326.4  26305.1 
26326.5  26705.0 
26326.5  26706.0 
26326.5  26707.0 
26326.5  26708.0 
26326.5  26709.0 
26326.5  26710.1 
26326.5  26711.0 
26326.5  26712.54 
26326.5  26713.54 
26326.5  26714.0 
26326.5  26715.0 
26326.6  26716.0 
26326.6  26717.0 
26326.6  26718.0 
26326.6  26719.0 
26326.6  26720.0 
26326.6  26721.0 
26326.6  26314.0 
26326.6  26311.0 
26326.6  26722.0 
26326.6  26723.3 
26326.6  26724.0 
26326.6  26725.0 
26326.6  26726.0 
26326.6  26727.0 
26326.6  26728.0 
26326.6  26729.0 
26326.6  26730.0 
26326.6  26731.0 
26326.6  26732.27 
26326.6  26733.0 
26326.6  26734.0 
26326.7  26735.0 
26326.7  26736.0 
26326.7  26737.64 
26326.7  26738.0 
26326.7  26739.0 
26326.7  26740.1 
26326.7  26741.0 
26326.7  26742.0 
26326.7  26743.0 
26326.7  26744.0 
26326.7  26745.0 
26326.8  26746.0 
26326.8  26747.0 
26326.8  26748.0 
26326.8  26749.0 
26326.8  26750.0 
26326.9  26751.0 
26326.9  26752.0 
26326.9  26753.0 
26326.10  26754.0 
26327.1  26756.0 
26327.1  26309.0 
26327.1  26322.0 
26327.1  26313.0 
26327.1  26312.0 
26327.1  26318.0 
26327.1  26323.0 
26327.1  26324.0 
26327.1  26757.1 
26327.1  26758.1 
26327.1  26759.1 
26328.0  25361.0 
26329.0  25362.0 
26330.0  25363.0 
26331.0  25364.0 
26332.0  25365.0 
26333.0  25366.0 
26334.0  25367.0 
26335.0  25368.0 
26336.0  25369.0 
26337.0  25370.0 
26338.0  25371.0 
26339.0  25372.0 
26340.0  25373.0 
26341.0  25374.0 
26342.0  25375.0 
26343.0  25376.0 
26344.0  25377.0 
26345.0  25378.0 
26346.0  25379.0 
26347.0  25380.0 
26348.0  25381.0 
26349.0  25382.0 
26350.0  25383.0 
26351.0  25384.0 
26352.0  25385.0 
26353.0  25386.0 
26354.0  25387.0 
26355.0  25388.0 
26356.0  25389.0 
26357.0  25390.0 
26358.0  25391.0 
26359.0  25392.0 
26360.0  25393.0 
26361.0  25394.0 
26362.0  25395.0 
26363.0  25396.0 
26364.0  25397.0 
26365.0  25398.0 
26366.0  25399.0 
26367.0  25400.0 
26368.0  25401.0 
26369.0  25402.0 
26370.0  25403.0 
26371.0  25404.0 
26372.0  25405.0 
26373.0  25406.0 
26374.0  25407.0 
26375.0  25408.0 
26376.0  25409.0 
26377.0  25410.0 
26378.0  25411.0 
26379.0  25412.0 
26380.0  25413.0 
26381.0  25414.0 
26382.0  25415.0 
26383.0  25416.0 
26384.0  25417.0 
26385.0  25418.0 
26386.0  25419.0 
26387.0  25420.0 
26388.0  25421.0 
26389.0  25422.0 
26390.0  25423.0 
26391.0  25424.0 
26392.0  25425.0 
26393.0  25426.0 
26394.0  25427.0 
26395.0  25428.0 
26396.0  25429.0 
26397.0  25430.0 
26398.0  25431.0 
26399.0  25432.0 
26400.0  25433.0 
26401.0  25434.0 
26402.0  25435.0 
26403.0  25436.0 
26404.0  25437.0 
26405.0  25438.0 
26406.0  25439.0 
26407.0  25440.0 
26408.0  25441.0 
26409.0  25442.0 
26410.0  25443.0 
26411.0  25444.0 
26412.0  25445.0 
26413.0  25446.0 
26414.0  25447.0 
26415.0  25448.0 
26416.0  25449.0 
26417.0  25450.0 
26418.0  25451.0 
26419.0  25452.0 
26420.0  25453.0 
26421.0  25454.0 
26422.0  25455.0 
26423.0  25456.0 
26424.0  25457.0 
26425.0  25458.0 
26426.0  25459.0 
26427.0  25460.0 
26428.0  25461.0 
26429.0  25462.0 
26430.0  25463.0 
26431.0  25464.0 
26432.0  25465.0 
26433.0  25466.0 
26434.0  25467.0 
26435.0  25468.0 
26436.0  25469.0 
26437.0  25470.0 
26438.0  25471.0 
26439.0  25472.0 
26440.0  25473.0 
26441.0  25474.0 
26442.0  25475.0 
26443.0  25476.0 
26444.0  25477.0 
26445.0  25478.0 
26446.0  25479.0 
26447.0  25480.0 
26448.0  25481.0 
26449.0  25482.0 
26450.0  25483.0 
26451.0  25484.0 
26452.0  25485.0 
26453.0  25486.0 
26454.0  25487.0 
26455.0  25488.0 
26456.0  25489.0 
26457.0  25490.0 
26458.0  25491.0 
26459.0  25492.0 
26460.0  25493.0 
26461.0  25494.0 
26462.0  25495.0 
26463.0  25496.0 
26464.0  25497.0 
26465.0  25498.0 
26466.0  25499.0 
26467.0  25500.0 
26468.0  25501.0 
26469.0  25502.0 
26470.0  25503.0 
26471.0  25504.0 
26472.0  25505.0 
26473.0  25506.0 
26474.0  25507.0 
26475.0  25508.0 
26476.0  25509.0 
26477.0  25510.0 
26478.0  25511.0 
26479.0  25512.0 
26480.0  25513.0 
26481.0  25514.0 
26482.0  25515.0 
26483.0  25516.0 
26484.0  25517.0 
26485.0  25518.0 
26486.0  25519.0 
26487.0  25520.0 
26488.0  25521.0 
26489.0  25522.0 
26490.0  25523.0 
26491.1  26760.13 
26492.0  25525.0 
26493.0  25526.0 
26494.0  25527.0 
26495.0  25528.0 
26496.0  25529.0 
26497.0  25530.0 
26498.0  25531.0 
26499.0  25532.0 
26500.0  25533.0 
26501.0  25534.0 
26502.0  25535.0 
26503.0  25536.0 
26504.0  25537.0 
26505.0  25538.0 
26506.0  25539.0 
26507.0  25540.0 
26508.0  25541.0 
26509.0  25542.0 
26510.0  25543.0 
26511.0  25544.0 
26512.0  25545.0 
26513.0  25546.0 
26514.0  25547.0 
26515.0  25548.0 
26516.0  25549.0 
26517.0  25550.0 
26518.0  25551.0 
26519.0  25552.0 
26520.0  25553.0 
26521.0  25554.0 
26522.0  25555.0 
26523.0  25556.0 
26524.0  25557.0 
26525.0  25558.0 
26526.0  25559.0 
26527.0  25560.0 
26528.0  25561.0 
26529.0  25562.0 
26530.0  25563.0 
26531.0  25564.0 
26532.0  25565.0 
26533.0  25566.0 
26534.0  25567.0 
26535.0  25568.0 
26536.0  25569.0 
26537.0  25570.0 
26538.0  25571.0 
26539.0  25572.0 
26541.0  25574.0 
26542.0  25575.0 
26543.0  25576.0 
26544.0  25577.0 
26545.0  25578.0 
26546.0  25579.0 
26547.0  25580.0 
26548.0  25581.0 
26549.0  25582.0 
26550.0  25583.0 
26551.0  25584.0 
26552.0  25585.0 
26553.0  25586.0 
26554.0  25587.0 
26555.0  25588.0 
26556.0  25589.0 
26557.0  25590.0 
26558.0  25591.0 
26559.0  25592.0 
26560.0  25593.0 
26561.0  25594.0 
26562.0  25595.0 
26563.0  25596.0 
26564.0  25597.0 
26565.0  25598.0 
26566.0  25599.0 
26567.0  25600.0 
26568.0  25601.0 
26569.0  25602.0 
26570.0  25603.0 
26571.0  25604.0 
26572.0  25605.0 
26573.0  25606.0 
26574.0  25607.0 
26575.0  25608.0 
26576.0  25609.0 
26577.0  25610.0 
26578.0  25611.0 
26579.0  25612.0 
26580.0  25613.0 
26581.0  25614.0 
26582.0  25615.0 
26583.0  25616.0 
26584.0  25617.0 
26585.0  25618.0 
26586.0  25619.0 
26587.0  25620.0 
26588.0  25621.0 
26589.0  25622.0 
26590.0  25623.0 
26591.0  25624.0 
26592.0  25625.0 
26593.0  25626.0 
26594.0  25627.0 
26595.0  25628.0 
26596.0  25629.0 
26597.0  25630.0 
26598.0  25631.0 
26599.0  25632.0 
26600.0  25633.0 
26601.0  25634.0 
26602.0  25635.0 
26603.0  25636.0 
26604.0  25637.0 
26605.0  25638.0 
26606.0  25639.0 
26607.0  25640.0 
26608.0  25641.0 
26609.0  25642.0 
26610.0  25643.0 
26611.0  25644.0 
26612.0  25645.0 
26613.0  25646.0 
26614.0  25647.0 
26615.0  25648.0 
26616.0  25649.0 
26617.0  25650.0 
26618.0  25651.0 
26619.0  25652.0 
26620.0  25653.0 
26621.0  25654.0 
26622.0  25655.0 
26623.0  25656.0 
26624.0  25657.0 
26625.0  25658.0 
26626.0  25659.0 
26627.0  25660.0 
26628.0  25661.0 
26629.0  25662.0 
26630.0  25663.0 
26631.0  25664.0 
26632.0  25665.0 
26633.0  25666.0 
26634.0  25667.0 
26635.0  25668.0 
26636.0  25669.0 
26637.0  25670.0 
26638.0  25671.0 
26639.0  25672.0 
26640.0  25673.0 
26641.0  25674.0 
26642.0  25675.0 
26643.0  25676.0 
26644.0  25677.0 
26645.0  25678.0 
26646.0  25679.0 
26647.0  25680.0 
26648.0  25681.0 
26649.0  25682.0 
26650.0  25683.0 
26651.0  25684.0 
26652.0  25685.0 
26653.0  25686.0 
26654.0  25687.0 
26655.0  25688.0 
26656.1  26760.11 
26657.0  25690.0 
26658.0  25691.0 
26659.0  25692.0 
26660.0  25693.0 
26661.0  25694.0 
26662.0  25695.0 
26663.0  25696.0 
26664.0  25697.0 
26665.0  25698.0 
26666.0  25699.0 
26667.0  25700.0 
26668.0  25701.0 
26669.0  25702.0 
26670.0  25703.0 
26671.26  26761.13 
26671.26  25704.26 
26671.27  26760.12 
26672.26  26761.13 
26672.26  25705.26 
26672.27  26760.12 
26673.0  25706.0 
26674.0  25707.0 
26675.0  25708.0 
26676.0  25709.0 
26677.0  25710.0 
26678.0  25711.0 
26679.0  25712.0 
26680.0  25713.0 
26681.0  25714.0 
26682.0  25715.0 
26683.0  25716.0 
26684.0  25717.0 
26685.0  25718.0 
26686.0  25719.0 
26687.0  25720.0 
26688.0  25721.0 
26689.0  25722.0 
26690.0  25723.0 
26691.0  25724.0 
26692.0  25725.0 
26693.0  25726.0 
26694.1  26326.1 
26694.2  26326.2 
26694.3  26326.3 
26694.4  26326.4 
26694.5  26326.8 
26694.6  26326.9 
26695.0  25728.0 
26696.0  25729.0 
26697.0  25730.0 
26698.0  25731.0 
26699.0  25732.0 
26700.0  25733.0 
26701.0  25734.0 
26702.0  25735.0 
26703.0  25736.0 
26704.0  25737.0 
26705.0  25738.0 
26706.0  25739.0 
26707.0  25740.0 
26708.0  25741.0 
26709.0  25742.0 
26710.1  26760.13 
26711.0  25744.0 
26712.52  26761.14 
26712.52  25745.52 
26712.53  26760.5 
26712.54  26760.13 
26712.55  26326.5 
26713.52  26761.14 
26713.52  25746.52 
26713.53  26760.7 
26713.54  26760.13 
26713.55  26326.7 
26714.0  25747.0 
26715.0  25748.0 
26716.0  25749.0 
26717.0  25750.0 
26718.0  25751.0 
26719.0  25752.0 
26720.0  25753.0 
26721.0  25754.0 
26722.0  25755.0 
26723.1  26762.1 
26723.2  26763.1 
26723.3  26764.1 
26724.0  25757.0 
26725.0  25758.0 
26726.0  25759.0 
26727.0  25760.0 
26728.0  25761.0 
26729.0  25762.0 
26730.0  25763.0 
26731.0  25764.0 
26732.26  25765.26 
26732.27  26760.6 
26732.28  26326.6 
26733.0  25766.0 
26734.0  25767.0 
26735.0  25768.0 
26736.0  25769.0 
26737.61  26761.11 
26737.62  26761.13 
26737.62  25770.62 
26737.63  26760.10 
26737.64  26760.12 
26738.0  25771.0 
26740.1  26765.1 
26741.0  25774.0 
26742.0  25775.0 
26744.0  25777.0 
26745.0  25778.0 
26746.0  25779.0 
26747.0  25780.0 
26748.0  25781.0 
26749.0  25782.0 
26750.0  25783.0 
26751.0  25784.0 
26752.0  25785.0 
26753.0  25786.0 
26754.0  25788.0 
26755.1  26767.0 
26755.1  26309.0 
26755.1  26322.0 
26755.1  26313.0 
26755.1  26312.0 
26755.1  26318.0 
26755.1  26323.0 
26755.1  26324.0 
26755.1  26768.1 
26755.1  26769.1 
26755.1  26770.1 
26755.1  26771.1 
26755.1  26772.1 
26756.0  25790.0 
26757.1  26773.1 
26758.1  26774.1 
26759.1  26775.1 
26760.1  26328.0 
26760.1  26329.0 
26760.1  26330.0 
26760.1  26331.0 
26760.1  26289.0 
26760.1  26332.0 
26760.1  26333.0 
26760.1  26334.0 
26760.1  26335.0 
26760.1  26293.0 
26760.1  26336.0 
26760.1  26337.0 
26760.1  26338.0 
26760.1  26339.0 
26760.1  26340.0 
26760.1  26341.0 
26760.1  26342.0 
26760.1  26343.0 
26760.1  26344.0 
26760.1  26345.0 
26760.1  26346.0 
26760.1  26347.0 
26760.1  26348.0 
26760.1  26349.0 
26760.1  26350.0 
26760.1  26292.0 
26760.1  26351.0 
26760.1  26352.0 
26760.1  26353.0 
26760.1  26354.0 
26760.1  26355.0 
26760.1  26356.0 
26760.1  26357.0 
26760.1  26358.0 
26760.1  26359.0 
26760.1  26360.0 
26760.1  26361.0 
26760.1  26362.0 
26760.1  26363.0 
26760.1  26364.0 
26760.1  26365.0 
26760.1  26366.0 
26760.1  26367.0 
26760.1  26368.0 
26760.1  26369.0 
26760.1  26298.0 
26760.1  26370.0 
26760.1  26371.0 
26760.1  26372.0 
26760.1  26373.0 
26760.1  26304.0 
26760.1  26374.0 
26760.1  26375.0 
26760.1  26376.0 
26760.1  26377.0 
26760.1  26378.0 
26760.1  26379.0 
26760.1  26380.0 
26760.1  26381.0 
26760.1  26382.0 
26760.1  26383.0 
26760.1  26384.0 
26760.1  26385.0 
26760.1  26386.0 
26760.1  26387.0 
26760.1  26388.0 
26760.1  26389.0 
26760.1  26390.0 
26760.1  26391.0 
26760.1  26392.0 
26760.1  26393.0 
26760.1  26394.0 
26760.1  26395.0 
26760.1  26396.0 
26760.1  26397.0 
26760.1  26398.0 
26760.1  26399.0 
26760.1  26400.0 
26760.1  26401.0 
26760.1  26402.0 
26760.1  26403.0 
26760.1  26404.0 
26760.1  26405.0 
26760.1  26406.0 
26760.1  26407.0 
26760.1  26408.0 
26760.1  26409.0 
26760.1  26410.0 
26760.1  26411.0 
26760.1  26412.0 
26760.1  26413.0 
26760.1  26414.0 
26760.1  26415.0 
26760.1  26416.0 
26760.1  26417.0 
26760.1  26418.0 
26760.1  26419.0 
26760.1  26420.0 
26760.1  26421.0 
26760.1  26422.0 
26760.1  26423.0 
26760.1  26424.0 
26760.1  26425.0 
26760.1  26426.0 
26760.1  26427.0 
26760.1  26428.0 
26760.1  26429.0 
26760.1  26430.0 
26760.1  26431.0 
26760.1  26432.0 
26760.1  26433.0 
26760.1  26434.0 
26760.1  26435.0 
26760.1  26436.0 
26760.1  26437.0 
26760.1  26438.0 
26760.1  26439.0 
26760.1  26440.0 
26760.1  26441.0 
26760.1  26442.0 
26760.1  26443.0 
26760.1  26444.0 
26760.1  26445.0 
26760.1  26446.0 
26760.1  26447.0 
26760.1  26448.0 
26760.1  26449.0 
26760.1  26450.0 
26760.1  26451.0 
26760.1  26452.0 
26760.1  26453.0 
26760.1  26454.0 
26760.1  26455.0 
26760.1  26456.0 
26760.1  26457.0 
26760.1  26458.0 
26760.1  26459.0 
26760.1  26460.0 
26760.1  26461.0 
26760.1  26462.0 
26760.1  26463.0 
26760.1  26464.0 
26760.1  26465.0 
26760.1  26466.0 
26760.1  26467.0 
26760.1  26468.0 
26760.1  26469.0 
26760.1  26470.0 
26760.1  26471.0 
26760.1  26472.0 
26760.1  26473.0 
26760.1  26474.0 
26760.1  26475.0 
26760.1  26476.0 
26760.1  26477.0 
26760.1  26478.0 
26760.1  26479.0 
26760.1  26480.0 
26760.1  26481.0 
26760.1  26482.0 
26760.1  26483.0 
26760.1  26484.0 
26760.1  26485.0 
26760.1  26486.0 
26760.1  26487.0 
26760.1  26303.0 
26760.1  26488.0 
26760.1  26489.0 
26760.1  26490.0 
26760.1  26777.1 
26760.1  26492.0 
26760.1  26493.0 
26760.1  26494.0 
26760.1  26495.0 
26760.1  26496.0 
26760.1  26497.0 
26760.2  26498.0 
26760.2  26499.0 
26760.2  26500.0 
26760.2  26501.0 
26760.2  26502.0 
26760.2  26503.0 
26760.2  26504.0 
26760.2  26505.0 
26760.2  26506.0 
26760.2  26507.0 
26760.2  26508.0 
26760.2  26509.0 
26760.2  26510.0 
26760.2  26511.0 
26760.2  26512.0 
26760.2  26513.0 
26760.2  26514.0 
26760.2  26515.0 
26760.2  26516.0 
26760.2  26517.0 
26760.2  26518.0 
26760.2  26519.0 
26760.2  26520.0 
26760.2  26521.0 
26760.2  26522.0 
26760.2  26523.0 
26760.2  26524.0 
26760.2  26525.0 
26760.2  26526.0 
26760.2  26527.0 
26760.2  26528.0 
26760.2  26290.0 
26760.2  26529.0 
26760.2  26530.0 
26760.2  26531.0 
26760.2  26532.0 
26760.2  26533.0 
26760.2  26534.0 
26760.2  26535.0 
26760.2  26536.0 
26760.2  26537.0 
26760.2  26538.0 
26760.2  26539.0 
26760.2  26295.0 
26760.2  26778.0 
26760.2  26541.0 
26760.2  26542.0 
26760.2  26543.0 
26760.2  26544.0 
26760.2  26545.0 
26760.2  26546.0 
26760.2  26547.0 
26760.2  26548.0 
26760.2  26549.0 
26760.2  26550.0 
26760.2  26551.0 
26760.2  26553.0 
26760.2  26552.0 
26760.2  26554.0 
26760.2  26555.0 
26760.2  26556.0 
26760.2  26557.0 
26760.2  26558.0 
26760.2  26559.0 
26760.2  26560.0 
26760.2  26561.0 
26760.2  26562.0 
26760.2  26563.0 
26760.2  26564.0 
26760.2  26565.0 
26760.2  26566.0 
26760.2  26567.0 
26760.2  26568.0 
26760.2  26569.0 
26760.2  26570.0 
26760.2  26571.0 
26760.2  26572.0 
26760.2  26573.0 
26760.2  26574.0 
26760.2  26575.0 
26760.2  26576.0 
26760.2  26577.0 
26760.2  26578.0 
26760.2  26579.0 
26760.2  26580.0 
26760.2  26581.0 
26760.2  26582.0 
26760.2  26583.0 
26760.2  26584.0 
26760.2  26585.0 
26760.2  26586.0 
26760.2  26587.0 
26760.2  26588.0 
26760.2  26589.0 
26760.2  26590.0 
26760.2  26591.0 
26760.2  26592.0 
26760.2  26593.0 
26760.2  26594.0 
26760.2  26595.0 
26760.2  26596.0 
26760.2  26597.0 
26760.2  26598.0 
26760.2  26599.0 
26760.2  26600.0 
26760.2  26601.0 
26760.2  26602.0 
26760.2  26603.0 
26760.2  26604.0 
26760.2  26605.0 
26760.2  26606.0 
26760.2  26607.0 
26760.2  26608.0 
26760.2  26609.0 
26760.2  26610.0 
26760.2  26611.0 
26760.2  26612.0 
26760.2  26613.0 
26760.2  26614.0 
26760.2  26615.0 
26760.2  26616.0 
26760.2  26617.0 
26760.2  26618.0 
26760.2  26619.0 
26760.2  26620.0 
26760.2  26621.0 
26760.2  26622.0 
26760.2  26623.0 
26760.2  26624.0 
26760.2  26625.0 
26760.2  26626.0 
26760.2  26627.0 
26760.2  26628.0 
26760.2  26629.0 
26760.2  26630.0 
26760.2  26631.0 
26760.2  26632.0 
26760.2  26633.0 
26760.2  26634.0 
26760.2  26635.0 
26760.2  26636.0 
26760.2  26637.0 
26760.2  26638.0 
26760.2  26639.0 
26760.2  26640.0 
26760.2  26641.0 
26760.2  26642.0 
26760.2  26643.0 
26760.2  26644.0 
26760.2  26645.0 
26760.2  26646.0 
26760.2  26647.0 
26760.2  26648.0 
26760.2  26649.0 
26760.2  26650.0 
26760.2  26651.0 
26760.2  26652.0 
26760.2  26653.0 
26760.2  26654.0 
26760.2  26655.0 
26760.2  26779.1 
26760.2  26657.0 
26760.2  26658.0 
26760.2  26659.0 
26760.2  26660.0 
26760.2  26661.0 
26760.2  26662.0 
26760.2  26663.0 
26760.2  26664.0 
26760.2  26665.0 
26760.2  26666.0 
26760.2  26667.0 
26760.2  26668.0 
26760.2  26669.0 
26760.2  26670.0 
26760.2  26671.26 
26760.2  26672.26 
26760.2  26673.0 
26760.2  26674.0 
26760.2  26675.0 
26760.2  26676.0 
26760.2  26677.0 
26760.2  26678.0 
26760.2  26679.0 
26760.2  26680.0 
26760.2  26681.0 
26760.2  26682.0 
26760.2  26683.0 
26760.2  26684.0 
26760.2  26685.0 
26760.3  26686.0 
26760.3  26687.0 
26760.3  26688.0 
26760.3  26689.0 
26760.3  26690.0 
26760.3  26691.0 
26760.3  26692.0 
26760.3  26693.0 
26760.3  26780.2 
26760.3  26695.0 
26760.3  26696.0 
26760.3  26697.0 
26760.3  26698.0 
26760.3  26699.0 
26760.3  26700.0 
26760.4  26701.0 
26760.4  26702.0 
26760.4  26703.0 
26760.4  26704.0 
26760.4  26285.1 
26760.5  26705.0 
26760.5  26706.0 
26760.5  26707.0 
26760.5  26708.0 
26760.5  26709.0 
26760.5  26781.1 
26760.5  26711.0 
26760.5  26712.52 
26760.5  26713.52 
26760.5  26714.0 
26760.5  26715.0 
26760.6  26716.0 
26760.6  26717.0 
26760.6  26718.0 
26760.6  26719.0 
26760.6  26720.0 
26760.6  26721.0 
26760.6  26294.0 
26760.6  26291.0 
26760.6  26722.0 
26760.6  26782.3 
26760.6  26724.0 
26760.6  26725.0 
26760.6  26726.0 
26760.6  26727.0 
26760.6  26728.0 
26760.6  26729.0 
26760.6  26730.0 
26760.6  26731.0 
26760.6  26732.26 
26760.6  26733.0 
26760.6  26734.0 
26760.7  26735.0 
26760.7  26736.0 
26760.7  26737.62 
26760.7  26738.0 
26760.7  26783.0 
26760.7  26784.1 
26760.7  26741.0 
26760.7  26742.0 
26760.7  26785.0 
26760.7  26744.0 
26760.7  26745.0 
26760.8  26746.0 
26760.8  26747.0 
26760.8  26748.0 
26760.8  26749.0 
26760.8  26750.0 
26760.9  26751.0 
26760.9  26752.0 
26760.9  26753.0 
26760.9  26780.5 
26760.10  26786.0 
26760.11  26787.0 
26760.12  26737.63 
26760.13  26788.1 
26760.14  26780.8 
26761.12  25809.0 
26761.13  25770.61 
26761.14  26789.1 
26761.15  25727.8 
26761.15  25359.15 
26762.1  26790.0 
26762.1  26309.0 
26762.1  26791.0 
26762.1  26792.0 
26762.1  26312.0 
26762.1  26793.0 
26762.1  26310.0 
26762.1  26794.0 
26762.1  26313.0 
26762.1  26315.0 
26762.1  26795.0 
26762.1  26318.0 
26762.1  26796.2 
26763.1  26798.0 
26763.1  26309.0 
26763.1  26791.0 
26763.1  26792.0 
26763.1  26310.0 
26763.1  26312.0 
26763.1  26793.0 
26763.1  26313.0 
26763.1  26794.0 
26763.1  26315.0 
26763.1  26799.0 
26763.1  26318.0 
26763.1  26723.1 
26764.1  26800.0 
26764.1  26309.0 
26764.1  26312.0 
26764.1  26723.2 
26765.1  26802.0 
26765.1  26309.0 
26765.1  26803.0 
26765.1  26312.0 
26765.1  26318.0 
26765.1  26324.0 
26765.1  26369.0 
26765.1  26804.1 
26765.1  26804.2 
26765.1  26804.3 
26765.1  26804.4 
26765.1  26804.5 
26765.1  26804.6 
26765.1  26804.7 
26766.1  26321.0 
26766.1  26309.0 
26766.1  26312.0 
26767.0  25800.0 
26768.1  26805.1 
26769.1  26806.1 
26770.1  26807.1 
26771.1  26808.1 
26772.1  26809.1 
26773.1  26810.0 
26773.1  26309.0 
26773.1  26312.0 
26773.1  26318.0 
26774.1  26811.0 
26774.1  26309.0 
26774.1  26312.0 
26774.1  26318.0 
26775.1  26813.0 
26775.1  26309.0 
26775.1  26312.0 
26776.1  26756.0 
26776.1  26289.0 
26776.1  26302.0 
26776.1  26293.0 
26776.1  26292.0 
26776.1  26298.0 
26776.1  26303.0 
26776.1  26304.0 
26776.1  26815.1 
26776.1  26816.1 
26776.1  26817.1 
26777.1  26761.14 
26779.1  26761.12 
26780.1  26760.1 
26780.2  26760.2 
26780.3  26760.3 
26780.4  26760.4 
26780.5  26760.8 
26780.6  26760.9 
26780.7  26760.10 
26780.8  26760.11 
26781.1  26761.14 
26782.1  26818.1 
26782.2  26819.1 
26782.3  26820.1 
26784.1  26821.1 
26786.0  25787.0 
26787.0  25809.0 
26788.1  26760.10 
26789.1  26761.11 
26790.0  25811.0 
26791.0  25812.0 
26792.0  25813.0 
26793.0  25814.0 
26794.0  25815.0 
26796.1  26822.1 
26796.2  26823.1 
26797.1  26825.0 
26797.1  26309.0 
26797.1  26322.0 
26797.1  26313.0 
26797.1  26312.0 
26797.1  26318.0 
26797.1  26323.0 
26797.1  26324.0 
26797.1  26374.0 
26797.1  26375.0 
26797.1  26376.0 
26797.1  26826.1 
26797.1  26827.1 
26797.2  26828.1 
26797.3  26829.1 
26798.0  25819.0 
26800.0  25821.0 
26801.1  26830.0 
26801.1  26309.0 
26801.1  26322.0 
26801.1  26313.0 
26801.1  26312.0 
26801.1  26318.0 
26801.1  26323.0 
26801.1  26324.0 
26802.0  25823.0 
26803.0  25824.0 
26804.1  26831.1 
26804.2  26831.2 
26804.3  26831.3 
26804.4  26831.4 
26804.5  26831.5 
26804.6  26831.6 
26804.7  26831.7 
26805.1  26811.0 
26805.1  26309.0 
26805.1  26312.0 
26805.1  26318.0 
26806.1  26810.0 
26806.1  26309.0 
26806.1  26312.0 
26806.1  26318.0 
26807.1  26832.0 
26807.1  26309.0 
26807.1  26312.0 
26807.1  26318.0 
26808.1  26832.0 
26808.1  26309.0 
26808.1  26312.0 
26808.1  26318.0 
26809.1  26832.0 
26809.1  26309.0 
26809.1  26312.0 
26809.1  26318.0 
26810.0  25831.0 
26811.0  25832.0 
26813.0  25834.0 
26814.1  26767.0 
26814.1  26289.0 
26814.1  26302.0 
26814.1  26293.0 
26814.1  26292.0 
26814.1  26298.0 
26814.1  26303.0 
26814.1  26304.0 
26814.1  26834.1 
26814.1  26835.1 
26814.1  26836.1 
26814.1  26837.1 
26814.1  26838.1 
26815.1  26839.1 
26816.1  26840.1 
26817.1  26841.1 
26818.1  26790.0 
26818.1  26309.0 
26818.1  26791.0 
26818.1  26792.0 
26818.1  26312.0 
26818.1  26793.0 
26818.1  26310.0 
26818.1  26794.0 
26818.1  26313.0 
26818.1  26315.0 
26818.1  26843.0 
26818.1  26318.0 
26818.1  26844.2 
26819.1  26798.0 
26819.1  26309.0 
26819.1  26791.0 
26819.1  26792.0 
26819.1  26310.0 
26819.1  26312.0 
26819.1  26793.0 
26819.1  26313.0 
26819.1  26794.0 
26819.1  26315.0 
26819.1  26846.0 
26819.1  26318.0 
26819.1  26782.1 
26820.1  26800.0 
26820.1  26309.0 
26820.1  26312.0 
26820.1  26782.2 
26821.1  26802.0 
26821.1  26289.0 
26821.1  26803.0 
26821.1  26292.0 
26821.1  26298.0 
26821.1  26304.0 
26821.1  26369.0 
26821.1  26848.1 
26821.1  26848.2 
26821.1  26848.3 
26821.1  26848.4 
26821.1  26848.5 
26821.1  26848.6 
26821.1  26848.7 
26822.1  26790.0 
26822.1  26309.0 
26822.1  26791.0 
26822.1  26792.0 
26822.1  26312.0 
26822.1  26793.0 
26822.1  26310.0 
26822.1  26794.0 
26822.1  26313.0 
26822.1  26315.0 
26822.1  26850.0 
26822.1  26318.0 
26822.1  26851.1 
26823.1  26798.0 
26823.1  26309.0 
26823.1  26791.0 
26823.1  26792.0 
26823.1  26310.0 
26823.1  26312.0 
26823.1  26793.0 
26823.1  26313.0 
26823.1  26794.0 
26823.1  26315.0 
26823.1  26852.0 
26823.1  26318.0 
26823.1  26796.1 
26824.1  26798.0 
26824.1  26309.0 
26824.1  26791.0 
26824.1  26792.0 
26824.1  26310.0 
26824.1  26312.0 
26824.1  26793.0 
26824.1  26313.0 
26824.1  26794.0 
26824.1  26315.0 
26824.1  26853.0 
26824.1  26318.0 
26825.0  25838.0 
26826.1  26854.0 
26827.1  26855.1 
26828.1  26856.1 
26829.1  26857.1 
26830.0  25843.0 
26831.1  26858.0 
26831.1  26309.0 
26831.1  26859.0 
26831.1  26313.0 
26831.1  26312.0 
26831.1  26860.0 
26831.1  26318.0 
26831.1  26861.0 
26831.1  26862.0 
26831.1  26323.0 
26831.1  26863.0 
26831.1  26864.0 
26831.1  26865.0 
26831.1  26324.0 
26831.1  26866.0 
26831.1  26867.0 
26831.1  26868.0 
26831.1  26869.0 
26831.1  26870.0 
26831.1  26871.0 
26831.1  26872.0 
26831.1  26873.0 
26831.1  26874.0 
26831.1  26875.0 
26831.1  26876.0 
26831.1  26877.0 
26831.1  26878.0 
26831.1  26879.0 
26831.1  26880.0 
26831.1  26881.0 
26831.1  26882.0 
26831.1  26883.0 
26831.1  26884.0 
26831.1  26885.0 
26831.1  26886.0 
26831.1  26887.0 
26831.1  26888.0 
26831.1  26889.0 
26831.1  26890.0 
26831.1  26891.0 
26831.1  26892.0 
26831.1  26893.0 
26831.1  26894.0 
26831.1  26895.0 
26831.1  26896.0 
26831.1  26897.0 
26831.1  26898.0 
26831.1  26899.0 
26831.1  26900.0 
26831.1  26901.0 
26831.1  26902.0 
26831.1  26903.0 
26831.1  26904.0 
26831.1  26905.0 
26831.1  26906.0 
26831.1  26907.0 
26831.1  26908.0 
26831.1  26909.0 
26831.1  26910.0 
26831.1  26911.0 
26831.1  26912.0 
26831.1  26913.0 
26831.1  26914.0 
26831.1  26915.0 
26831.1  26916.0 
26831.1  26917.0 
26831.1  26918.0 
26831.1  26919.0 
26831.1  26920.0 
26831.1  26921.0 
26831.1  26922.0 
26831.1  26923.0 
26831.1  26924.0 
26831.1  26925.0 
26831.1  26926.0 
26831.1  26927.0 
26831.1  26928.0 
26831.1  26929.0 
26831.1  26930.0 
26831.1  26931.0 
26831.1  26932.0 
26831.1  26933.0 
26831.1  26934.0 
26831.1  26935.0 
26831.1  26936.0 
26831.1  26937.0 
26831.2  26938.0 
26831.2  26939.0 
26831.2  26940.0 
26831.2  26941.0 
26831.2  26942.0 
26831.2  26943.0 
26831.2  26944.0 
26831.2  26945.0 
26831.2  26946.0 
26831.2  26947.0 
26831.2  26948.0 
26831.2  26949.0 
26831.2  26950.0 
26831.2  26951.0 
26831.2  26952.0 
26831.2  26953.0 
26831.2  26954.0 
26831.2  26955.0 
26831.2  26956.0 
26831.2  26957.0 
26831.2  26958.0 
26831.2  26959.0 
26831.2  26960.0 
26831.2  26961.0 
26831.2  26962.0 
26831.2  26963.0 
26831.2  26964.0 
26831.2  26965.0 
26831.2  26966.0 
26831.2  26967.0 
26831.2  26968.0 
26831.2  26969.0 
26831.2  26970.0 
26831.2  26971.0 
26831.2  26972.0 
26831.2  26973.0 
26831.2  26974.0 
26831.2  26975.0 
26831.2  26976.0 
26831.2  26977.0 
26831.2  26978.0 
26831.2  26979.0 
26831.2  26980.0 
26831.2  26981.0 
26831.2  26982.0 
26831.2  26983.0 
26831.2  26984.0 
26831.2  26985.0 
26831.2  26986.0 
26831.2  26987.0 
26831.2  26988.0 
26831.2  26989.0 
26831.2  26990.0 
26831.2  26991.0 
26831.2  26992.0 
26831.2  26993.0 
26831.2  26994.0 
26831.2  26995.0 
26831.2  26996.0 
26831.2  26997.0 
26831.2  26998.0 
26831.2  26999.0 
26831.2  27000.0 
26831.2  27001.0 
26831.2  27002.0 
26831.2  27003.0 
26831.2  27004.0 
26831.2  27005.0 
26831.2  27006.0 
26831.2  27007.0 
26831.2  27008.0 
26831.2  27009.0 
26831.2  27010.0 
26831.2  27011.0 
26831.2  27012.0 
26831.2  27013.0 
26831.2  27014.0 
26831.2  27015.0 
26831.2  27016.0 
26831.2  27017.0 
26831.2  27018.0 
26831.2  27019.0 
26831.2  27020.0 
26831.2  27021.0 
26831.3  27022.0 
26831.3  27023.0 
26831.3  27024.0 
26831.3  27025.0 
26831.3  27026.0 
26831.3  27027.0 
26831.3  27028.0 
26831.3  27029.0 
26831.3  27030.0 
26831.3  27031.0 
26831.3  27032.0 
26831.3  27033.0 
26831.3  27034.0 
26831.3  27035.0 
26831.3  27036.0 
26831.3  27037.0 
26831.3  27038.0 
26831.3  27039.0 
26831.3  27040.0 
26831.3  27041.0 
26831.3  27042.0 
26831.3  27043.0 
26831.3  27044.0 
26831.3  27045.0 
26831.3  27046.0 
26831.3  27047.0 
26831.3  27048.0 
26831.3  27049.0 
26831.3  27050.0 
26831.3  27051.0 
26831.3  27052.0 
26831.3  27053.0 
26831.3  27054.0 
26831.3  27055.0 
26831.3  27056.0 
26831.3  27057.0 
26831.3  27058.0 
26831.3  27059.0 
26831.3  27060.0 
26831.3  27061.0 
26831.3  27062.0 
26831.3  27063.0 
26831.3  27064.0 
26831.3  27065.0 
26831.3  27066.0 
26831.3  27067.0 
26831.3  27068.0 
26831.3  27069.0 
26831.3  27070.0 
26831.3  27071.0 
26831.3  27072.0 
26831.3  27073.0 
26831.3  27074.0 
26831.3  27075.0 
26831.3  27076.0 
26831.3  27077.0 
26831.3  27078.0 
26831.3  27079.0 
26831.3  27080.0 
26831.3  27081.0 
26831.3  27082.0 
26831.3  27083.0 
26831.3  27084.0 
26831.3  27085.0 
26831.3  27086.0 
26831.3  27087.0 
26831.3  27088.0 
26831.3  27089.0 
26831.3  27090.0 
26831.3  27091.0 
26831.4  27092.0 
26831.4  27093.0 
26831.4  27094.0 
26831.4  27095.0 
26831.4  27096.0 
26831.4  27097.0 
26831.4  27098.0 
26831.4  27099.0 
26831.4  27100.0 
26831.4  27101.0 
26831.4  27102.0 
26831.4  27103.0 
26831.4  27104.0 
26831.4  27105.0 
26831.4  27106.0 
26831.4  27107.0 
26831.4  27108.0 
26831.4  27109.0 
26831.4  27110.0 
26831.4  27111.0 
26831.4  27112.0 
26831.4  27113.0 
26831.4  27114.0 
26831.4  27115.0 
26831.4  27116.0 
26831.4  27117.0 
26831.4  27118.0 
26831.4  27119.0 
26831.4  27120.0 
26831.4  27121.0 
26831.4  27122.0 
26831.4  27123.0 
26831.4  27124.0 
26831.4  27125.0 
26831.4  27126.0 
26831.4  27127.0 
26831.4  27128.0 
26831.4  27129.0 
26831.4  27130.0 
26831.5  27131.0 
26831.5  27132.0 
26831.5  27133.0 
26831.5  27134.0 
26831.5  27135.0 
26831.5  27136.0 
26831.5  27137.0 
26831.5  27138.0 
26831.5  27139.0 
26831.5  27140.0 
26831.5  27141.0 
26831.5  27142.0 
26831.5  27143.0 
26831.5  27144.0 
26831.5  27145.0 
26831.5  27146.0 
26831.5  27147.0 
26831.5  27148.0 
26831.5  27149.0 
26831.5  27150.0 
26831.5  27151.0 
26831.5  27152.0 
26831.5  27153.0 
26831.5  27154.0 
26831.5  27155.0 
26831.5  27156.0 
26831.5  27157.0 
26831.5  27158.0 
26831.5  27159.0 
26831.5  27160.0 
26831.5  27161.0 
26831.5  27162.0 
26831.5  27163.0 
26831.5  27164.0 
26831.5  27165.0 
26831.5  27166.0 
26831.5  27167.0 
26831.5  27168.0 
26831.5  27169.0 
26831.5  27170.0 
26831.5  27171.0 
26831.5  27172.0 
26831.5  27173.0 
26831.5  27174.0 
26831.5  27175.0 
26831.5  27176.0 
26831.5  27177.0 
26831.5  27178.0 
26831.6  27179.0 
26831.6  27180.0 
26831.6  27181.0 
26831.6  27182.0 
26831.6  27183.0 
26831.6  27184.0 
26831.6  27185.0 
26831.6  27186.0 
26831.6  27187.0 
26831.6  27188.0 
26831.6  27189.0 
26831.6  27190.0 
26831.6  27191.0 
26831.6  27192.0 
26831.6  27193.0 
26831.6  27194.0 
26831.6  27195.0 
26831.6  27196.0 
26831.6  27197.0 
26831.6  27198.0 
26831.6  27199.0 
26831.6  27200.0 
26831.6  27201.0 
26831.6  27202.0 
26831.6  27203.0 
26831.6  27204.0 
26831.6  27205.0 
26831.6  27206.0 
26831.6  27207.0 
26831.6  27208.0 
26831.7  27209.0 
26831.7  27210.0 
26831.7  27211.0 
26831.7  27212.0 
26831.7  27213.0 
26831.7  27214.0 
26831.7  27215.0 
26831.7  27216.0 
26831.7  27217.0 
26831.7  27218.0 
26831.7  27219.0 
26831.7  27220.0 
26831.7  27221.0 
26831.7  27222.0 
26831.7  27223.0 
26831.7  27224.0 
26831.7  27225.0 
26831.7  27226.0 
26831.7  27227.0 
26831.7  27228.0 
26831.7  27229.0 
26831.7  27230.0 
26831.7  27231.0 
26831.7  27232.0 
26831.7  27233.0 
26831.7  27234.0 
26831.7  27235.0 
26831.7  27236.0 
26831.7  27237.0 
26831.7  27238.0 
26831.7  27239.0 
26831.7  27240.0 
26831.7  27241.0 
26831.7  27242.0 
26831.7  27243.0 
26831.7  27244.0 
26831.7  27245.0 
26831.7  27246.0 
26831.7  27247.0 
26831.7  27248.0 
26831.7  27249.0 
26831.7  27250.0 
26831.7  27251.0 
26831.7  27252.0 
26831.7  27253.0 
26831.7  27254.0 
26831.7  27255.0 
26832.0  25845.0 
26833.1  26301.0 
26833.1  26289.0 
26833.1  26292.0 
26834.1  27256.1 
26835.1  27257.1 
26836.1  27258.1 
26837.1  27259.1 
26838.1  27260.1 
26839.1  26810.0 
26839.1  26289.0 
26839.1  26292.0 
26839.1  26298.0 
26840.1  26811.0 
26840.1  26289.0 
26840.1  26292.0 
26840.1  26298.0 
26841.1  26813.0 
26841.1  26289.0 
26841.1  26292.0 
26842.1  26300.1 
26844.1  27262.1 
26844.2  27263.1 
26845.1  26825.0 
26845.1  26309.0 
26845.1  26322.0 
26845.1  26313.0 
26845.1  26312.0 
26845.1  26318.0 
26845.1  26323.0 
26845.1  26324.0 
26845.1  26374.0 
26845.1  26375.0 
26845.1  26376.0 
26845.1  27265.1 
26845.1  27266.1 
26845.2  27267.1 
26845.3  27268.1 
26847.1  26830.0 
26847.1  26289.0 
26847.1  26302.0 
26847.1  26293.0 
26847.1  26292.0 
26847.1  26298.0 
26847.1  26303.0 
26847.1  26304.0 
26848.1  27269.1 
26848.2  27269.2 
26848.3  27269.3 
26848.4  27269.4 
26848.5  27269.5 
26848.6  27269.6 
26848.7  27269.7 
26849.1  27271.0 
26849.1  26289.0 
26849.1  26302.0 
26849.1  26293.0 
26849.1  26292.0 
26849.1  26298.0 
26849.1  26303.0 
26849.1  26304.0 
26849.1  26374.0 
26849.1  26375.0 
26849.1  26376.0 
26849.1  27272.1 
26849.1  27273.1 
26849.1  26369.0 
26849.1  26381.0 
26849.1  27274.1 
26851.1  27275.1 
26855.1  27277.0 
26855.1  26309.0 
26855.1  26312.0 
26855.1  26318.0 
26855.1  26324.0 
26855.1  27278.1 
26856.1  27277.0 
26856.1  26309.0 
26856.1  26312.0 
26856.1  26318.0 
26856.1  26324.0 
26856.1  27280.1 
26857.1  27277.0 
26857.1  26309.0 
26857.1  26312.0 
26857.1  26318.0 
26857.1  26324.0 
26857.1  27282.1 
26858.0  25856.0 
26859.0  25857.0 
26860.0  25858.0 
26862.0  25860.0 
26863.0  25861.0 
26864.0  25862.0 
26865.0  25863.0 
26866.0  25864.0 
26867.0  25865.0 
26868.0  25866.0 
26869.0  25867.0 
26870.0  25868.0 
26871.0  25869.0 
26872.0  25870.0 
26873.0  25871.0 
26874.0  25872.0 
26875.0  25873.0 
26876.0  25874.0 
26877.0  25875.0 
26878.0  25876.0 
26879.0  25877.0 
26880.0  25878.0 
26881.0  25879.0 
26882.0  25880.0 
26883.0  25881.0 
26884.0  25882.0 
26885.0  25883.0 
26886.0  25884.0 
26887.0  25885.0 
26888.0  25886.0 
26889.0  25887.0 
26890.0  25888.0 
26891.0  25889.0 
26892.0  25890.0 
26893.0  25891.0 
26894.0  25892.0 
26895.0  25893.0 
26896.0  25894.0 
26897.0  25895.0 
26898.0  25896.0 
26899.0  25897.0 
26900.0  25898.0 
26901.0  25899.0 
26902.0  25900.0 
26903.0  25901.0 
26904.0  25902.0 
26905.0  25903.0 
26906.0  25904.0 
26907.0  25905.0 
26908.0  25906.0 
26909.0  25907.0 
26910.0  25908.0 
26911.0  25909.0 
26912.0  25910.0 
26913.0  25911.0 
26914.0  25912.0 
26915.0  25913.0 
26916.0  25914.0 
26917.0  25915.0 
26918.0  25916.0 
26919.0  25917.0 
26920.0  25918.0 
26921.0  25919.0 
26922.0  25920.0 
26923.0  25921.0 
26924.0  25922.0 
26925.0  25923.0 
26926.0  25924.0 
26927.0  25925.0 
26928.0  25926.0 
26929.0  25927.0 
26930.0  25928.0 
26931.0  25929.0 
26932.0  25930.0 
26933.0  25931.0 
26934.0  25932.0 
26935.0  25933.0 
26936.0  25934.0 
26937.0  25935.0 
26938.0  25936.0 
26939.0  25937.0 
26940.0  25938.0 
26941.0  25939.0 
26942.0  25940.0 
26943.0  25941.0 
26944.0  25942.0 
26945.0  25943.0 
26946.0  25944.0 
26947.0  25945.0 
26948.0  25946.0 
26949.0  25947.0 
26950.0  25948.0 
26951.0  25949.0 
26952.0  25950.0 
26953.0  25951.0 
26954.0  25952.0 
26955.0  25953.0 
26956.0  25954.0 
26957.0  25955.0 
26958.0  25956.0 
26959.0  25957.0 
26960.0  25958.0 
26961.0  25959.0 
26962.0  25960.0 
26963.0  25961.0 
26964.0  25962.0 
26965.0  25963.0 
26966.0  25964.0 
26967.0  25965.0 
26968.0  25966.0 
26969.0  25967.0 
26970.0  25968.0 
26971.0  25969.0 
26972.0  25970.0 
26973.0  25971.0 
26974.0  25972.0 
26975.0  25973.0 
26976.0  25974.0 
26977.0  25975.0 
26978.0  25976.0 
26979.0  25977.0 
26980.0  25978.0 
26981.0  25979.0 
26982.0  25980.0 
26983.0  25981.0 
26984.0  25982.0 
26985.0  25983.0 
26986.0  25984.0 
26987.0  25985.0 
26988.0  25986.0 
26989.0  25987.0 
26990.0  25988.0 
26991.0  25989.0 
26992.0  25990.0 
26993.0  25991.0 
26994.0  25992.0 
26995.0  25993.0 
26996.0  25994.0 
26997.0  25995.0 
26998.0  25996.0 
26999.0  25997.0 
27000.0  25998.0 
27001.0  25999.0 
27002.0  26000.0 
27003.0  26001.0 
27004.0  26002.0 
27005.0  26003.0 
27006.0  26004.0 
27007.0  26005.0 
27008.0  26006.0 
27009.0  26007.0 
27010.0  26008.0 
27011.0  26009.0 
27012.0  26010.0 
27013.0  26011.0 
27014.0  26012.0 
27015.0  26013.0 
27016.0  26014.0 
27017.0  26015.0 
27018.0  26016.0 
27019.0  26017.0 
27020.0  26018.0 
27021.0  26019.0 
27022.0  26020.0 
27023.0  26021.0 
27024.0  26022.0 
27025.0  26023.0 
27026.0  26024.0 
27027.0  26025.0 
27028.0  26026.0 
27029.0  26027.0 
27030.0  26028.0 
27031.0  26029.0 
27032.0  26030.0 
27033.0  26031.0 
27034.0  26032.0 
27035.0  26033.0 
27036.0  26034.0 
27037.0  26035.0 
27038.0  26036.0 
27039.0  26037.0 
27040.0  26038.0 
27041.0  26039.0 
27042.0  26040.0 
27043.0  26041.0 
27044.0  26042.0 
27045.0  26043.0 
27046.0  26044.0 
27047.0  26045.0 
27048.0  26046.0 
27049.0  26047.0 
27050.0  26048.0 
27051.0  26049.0 
27052.0  26050.0 
27053.0  26051.0 
27054.0  26052.0 
27056.0  26054.0 
27057.0  26055.0 
27058.0  26056.0 
27059.0  26057.0 
27060.0  26058.0 
27061.0  26059.0 
27062.0  26060.0 
27063.0  26061.0 
27064.0  26062.0 
27065.0  26063.0 
27066.0  26064.0 
27067.0  26065.0 
27068.0  26066.0 
27069.0  26067.0 
27070.0  26068.0 
27071.0  26069.0 
27072.0  26070.0 
27073.0  26071.0 
27074.0  26072.0 
27075.0  26073.0 
27076.0  26074.0 
27077.0  26075.0 
27078.0  26076.0 
27079.0  26077.0 
27080.0  26078.0 
27081.0  26079.0 
27082.0  26080.0 
27083.0  26081.0 
27084.0  26082.0 
27085.0  26083.0 
27086.0  26084.0 
27087.0  26085.0 
27088.0  26086.0 
27089.0  26087.0 
27090.0  26088.0 
27091.0  26089.0 
27092.0  26090.0 
27093.0  26091.0 
27094.0  26092.0 
27095.0  26093.0 
27096.0  26094.0 
27097.0  26095.0 
27098.0  26096.0 
27099.0  26097.0 
27100.0  26098.0 
27101.0  26099.0 
27102.0  26100.0 
27103.0  26101.0 
27104.0  26102.0 
27105.0  26103.0 
27106.0  26104.0 
27107.0  26105.0 
27108.0  26106.0 
27109.0  26107.0 
27110.0  26108.0 
27111.0  26109.0 
27112.0  26110.0 
27113.0  26111.0 
27114.0  26112.0 
27115.0  26113.0 
27116.0  26114.0 
27117.0  26115.0 
27118.0  26116.0 
27119.0  26117.0 
27120.0  26118.0 
27121.0  26119.0 
27122.0  26120.0 
27123.0  26121.0 
27124.0  26122.0 
27125.0  26123.0 
27126.0  26124.0 
27127.0  26125.0 
27128.0  26126.0 
27129.0  26127.0 
27130.0  26128.0 
27131.0  26129.0 
27132.0  26130.0 
27133.0  26131.0 
27134.0  26132.0 
27135.0  26133.0 
27136.0  26134.0 
27137.0  26135.0 
27138.0  26136.0 
27139.0  26137.0 
27140.0  26138.0 
27141.0  26139.0 
27142.0  26140.0 
27143.0  26141.0 
27144.0  26142.0 
27145.0  26143.0 
27146.0  26144.0 
27147.0  26145.0 
27148.0  26146.0 
27149.0  26147.0 
27150.0  26148.0 
27151.0  26149.0 
27152.0  26150.0 
27153.0  26151.0 
27154.0  26152.0 
27155.0  26153.0 
27156.0  26154.0 
27157.0  26155.0 
27158.0  26156.0 
27159.0  26157.0 
27160.0  26158.0 
27161.0  26159.0 
27162.0  26160.0 
27163.0  26161.0 
27164.0  26162.0 
27165.0  26163.0 
27166.0  26164.0 
27167.0  26165.0 
27168.0  26166.0 
27169.0  26167.0 
27170.0  26168.0 
27171.0  26169.0 
27172.0  26170.0 
27173.0  26171.0 
27174.0  26172.0 
27175.0  26173.0 
27176.0  26174.0 
27177.0  26175.0 
27178.0  26176.0 
27179.0  26177.0 
27180.0  26178.0 
27181.0  26179.0 
27182.0  26180.0 
27183.0  26181.0 
27184.0  26182.0 
27185.0  26183.0 
27186.0  26184.0 
27187.0  26185.0 
27188.0  26186.0 
27189.0  26187.0 
27190.0  26188.0 
27191.0  26189.0 
27192.0  26190.0 
27193.0  26191.0 
27194.0  26192.0 
27195.0  26193.0 
27196.0  26194.0 
27197.0  26195.0 
27198.0  26196.0 
27199.0  26197.0 
27200.0  26198.0 
27201.0  26199.0 
27202.0  26200.0 
27203.0  26201.0 
27204.0  26202.0 
27205.0  26203.0 
27206.0  26204.0 
27207.0  26205.0 
27208.0  26206.0 
27209.0  26207.0 
27210.0  26208.0 
27211.0  26209.0 
27212.0  26210.0 
27213.0  26211.0 
27214.0  26212.0 
27215.0  26213.0 
27216.0  26214.0 
27217.0  26215.0 
27218.0  26216.0 
27219.0  26217.0 
27220.0  26218.0 
27221.0  26219.0 
27222.0  26220.0 
27223.0  26221.0 
27224.0  26222.0 
27225.0  26223.0 
27226.0  26224.0 
27256.1  26811.0 
27256.1  26289.0 
27256.1  26292.0 
27256.1  26298.0 
27257.1  26810.0 
27257.1  26289.0 
27257.1  26292.0 
27257.1  26298.0 
27258.1  26832.0 
27258.1  26289.0 
27258.1  26292.0 
27258.1  26298.0 
27259.1  26832.0 
27259.1  26289.0 
27259.1  26292.0 
27259.1  26298.0 
27260.1  26832.0 
27260.1  26289.0 
27260.1  26292.0 
27260.1  26298.0 
27262.1  26790.0 
27262.1  26309.0 
27262.1  26791.0 
27262.1  26792.0 
27262.1  26312.0 
27262.1  26793.0 
27262.1  26310.0 
27262.1  26794.0 
27262.1  26313.0 
27262.1  26315.0 
27262.1  27284.0 
27262.1  26318.0 
27262.1  27285.1 
27263.1  26798.0 
27263.1  26309.0 
27263.1  26791.0 
27263.1  26792.0 
27263.1  26310.0 
27263.1  26312.0 
27263.1  26793.0 
27263.1  26313.0 
27263.1  26794.0 
27263.1  26315.0 
27263.1  27287.0 
27263.1  26318.0 
27263.1  26844.1 
27264.1  26798.0 
27264.1  26309.0 
27264.1  26791.0 
27264.1  26792.0 
27264.1  26310.0 
27264.1  26312.0 
27264.1  26793.0 
27264.1  26313.0 
27264.1  26794.0 
27264.1  26315.0 
27264.1  27288.0 
27264.1  26318.0 
27265.1  27289.0 
27266.1  27290.1 
27267.1  27291.1 
27268.1  27292.1 
27269.1  26858.0 
27269.1  26289.0 
27269.1  26859.0 
27269.1  26293.0 
27269.1  26292.0 
27269.1  26860.0 
27269.1  26298.0 
27269.1  27293.0 
27269.1  26862.0 
27269.1  26303.0 
27269.1  26863.0 
27269.1  26864.0 
27269.1  26865.0 
27269.1  26304.0 
27269.1  26866.0 
27269.1  26867.0 
27269.1  26868.0 
27269.1  26869.0 
27269.1  26870.0 
27269.1  26871.0 
27269.1  26872.0 
27269.1  26873.0 
27269.1  26874.0 
27269.1  26875.0 
27269.1  26876.0 
27269.1  26877.0 
27269.1  26878.0 
27269.1  26879.0 
27269.1  26880.0 
27269.1  26881.0 
27269.1  26882.0 
27269.1  26883.0 
27269.1  26884.0 
27269.1  26885.0 
27269.1  26886.0 
27269.1  26887.0 
27269.1  26888.0 
27269.1  26889.0 
27269.1  26890.0 
27269.1  26891.0 
27269.1  26892.0 
27269.1  26893.0 
27269.1  26894.0 
27269.1  26895.0 
27269.1  26896.0 
27269.1  26897.0 
27269.1  26898.0 
27269.1  26899.0 
27269.1  26900.0 
27269.1  26901.0 
27269.1  26902.0 
27269.1  26903.0 
27269.1  26904.0 
27269.1  26905.0 
27269.1  26906.0 
27269.1  26907.0 
27269.1  26908.0 
27269.1  26909.0 
27269.1  26910.0 
27269.1  26911.0 
27269.1  26912.0 
27269.1  26913.0 
27269.1  26914.0 
27269.1  26915.0 
27269.1  26916.0 
27269.1  26917.0 
27269.1  26918.0 
27269.1  26919.0 
27269.1  26920.0 
27269.1  26921.0 
27269.1  26922.0 
27269.1  26923.0 
27269.1  26924.0 
27269.1  26925.0 
27269.1  26926.0 
27269.1  26927.0 
27269.1  26928.0 
27269.1  26929.0 
27269.1  26930.0 
27269.1  26931.0 
27269.1  26932.0 
27269.1  26933.0 
27269.1  26934.0 
27269.1  26935.0 
27269.1  26936.0 
27269.1  26937.0 
27269.2  26938.0 
27269.2  26939.0 
27269.2  26940.0 
27269.2  26941.0 
27269.2  26942.0 
27269.2  26943.0 
27269.2  26944.0 
27269.2  26945.0 
27269.2  26946.0 
27269.2  26947.0 
27269.2  26948.0 
27269.2  26949.0 
27269.2  26950.0 
27269.2  26951.0 
27269.2  26952.0 
27269.2  26953.0 
27269.2  26954.0 
27269.2  26955.0 
27269.2  26956.0 
27269.2  26957.0 
27269.2  26958.0 
27269.2  26959.0 
27269.2  26960.0 
27269.2  26961.0 
27269.2  26962.0 
27269.2  26963.0 
27269.2  26964.0 
27269.2  26965.0 
27269.2  26966.0 
27269.2  26967.0 
27269.2  26968.0 
27269.2  26969.0 
27269.2  26970.0 
27269.2  26971.0 
27269.2  26972.0 
27269.2  26973.0 
27269.2  26974.0 
27269.2  26975.0 
27269.2  26976.0 
27269.2  26977.0 
27269.2  26978.0 
27269.2  26979.0 
27269.2  26980.0 
27269.2  26981.0 
27269.2  26982.0 
27269.2  26983.0 
27269.2  26984.0 
27269.2  26985.0 
27269.2  26986.0 
27269.2  26987.0 
27269.2  26988.0 
27269.2  26989.0 
27269.2  26990.0 
27269.2  26991.0 
27269.2  26992.0 
27269.2  26993.0 
27269.2  26994.0 
27269.2  26995.0 
27269.2  26996.0 
27269.2  26997.0 
27269.2  26998.0 
27269.2  26999.0 
27269.2  27000.0 
27269.2  27001.0 
27269.2  27002.0 
27269.2  27003.0 
27269.2  27004.0 
27269.2  27005.0 
27269.2  27006.0 
27269.2  27007.0 
27269.2  27008.0 
27269.2  27009.0 
27269.2  27010.0 
27269.2  27011.0 
27269.2  27012.0 
27269.2  27013.0 
27269.2  27014.0 
27269.2  27015.0 
27269.2  27016.0 
27269.2  27017.0 
27269.2  27018.0 
27269.2  27019.0 
27269.2  27020.0 
27269.2  27021.0 
27269.3  27022.0 
27269.3  27023.0 
27269.3  27024.0 
27269.3  27025.0 
27269.3  27026.0 
27269.3  27027.0 
27269.3  27028.0 
27269.3  27029.0 
27269.3  27030.0 
27269.3  27031.0 
27269.3  27032.0 
27269.3  27033.0 
27269.3  27034.0 
27269.3  27035.0 
27269.3  27036.0 
27269.3  27037.0 
27269.3  27038.0 
27269.3  27039.0 
27269.3  27040.0 
27269.3  27041.0 
27269.3  27042.0 
27269.3  27043.0 
27269.3  27044.0 
27269.3  27045.0 
27269.3  27046.0 
27269.3  27047.0 
27269.3  27048.0 
27269.3  27049.0 
27269.3  27050.0 
27269.3  27051.0 
27269.3  27052.0 
27269.3  27053.0 
27269.3  27054.0 
27269.3  27294.0 
27269.3  27056.0 
27269.3  27057.0 
27269.3  27058.0 
27269.3  27059.0 
27269.3  27060.0 
27269.3  27061.0 
27269.3  27062.0 
27269.3  27063.0 
27269.3  27064.0 
27269.3  27065.0 
27269.3  27066.0 
27269.3  27067.0 
27269.3  27068.0 
27269.3  27069.0 
27269.3  27070.0 
27269.3  27071.0 
27269.3  27072.0 
27269.3  27073.0 
27269.3  27074.0 
27269.3  27075.0 
27269.3  27076.0 
27269.3  27077.0 
27269.3  27078.0 
27269.3  27079.0 
27269.3  27080.0 
27269.3  27081.0 
27269.3  27082.0 
27269.3  27083.0 
27269.3  27084.0 
27269.3  27085.0 
27269.3  27086.0 
27269.3  27087.0 
27269.3  27088.0 
27269.3  27089.0 
27269.3  27090.0 
27269.3  27091.0 
27269.4  27092.0 
27269.4  27093.0 
27269.4  27094.0 
27269.4  27095.0 
27269.4  27096.0 
27269.4  27097.0 
27269.4  27098.0 
27269.4  27099.0 
27269.4  27100.0 
27269.4  27101.0 
27269.4  27102.0 
27269.4  27103.0 
27269.4  27104.0 
27269.4  27105.0 
27269.4  27106.0 
27269.4  27107.0 
27269.4  27108.0 
27269.4  27109.0 
27269.4  27110.0 
27269.4  27111.0 
27269.4  27112.0 
27269.4  27113.0 
27269.4  27114.0 
27269.4  27115.0 
27269.4  27116.0 
27269.4  27117.0 
27269.4  27118.0 
27269.4  27119.0 
27269.4  27120.0 
27269.4  27121.0 
27269.4  27122.0 
27269.4  27123.0 
27269.4  27124.0 
27269.4  27125.0 
27269.4  27126.0 
27269.4  27127.0 
27269.4  27128.0 
27269.4  27129.0 
27269.4  27130.0 
27269.5  27131.0 
27269.5  27132.0 
27269.5  27133.0 
27269.5  27134.0 
27269.5  27135.0 
27269.5  27136.0 
27269.5  27137.0 
27269.5  27138.0 
27269.5  27139.0 
27269.5  27140.0 
27269.5  27141.0 
27269.5  27142.0 
27269.5  27143.0 
27269.5  27144.0 
27269.5  27145.0 
27269.5  27146.0 
27269.5  27147.0 
27269.5  27148.0 
27269.5  27149.0 
27269.5  27150.0 
27269.5  27151.0 
27269.5  27152.0 
27269.5  27153.0 
27269.5  27154.0 
27269.5  27155.0 
27269.5  27156.0 
27269.5  27157.0 
27269.5  27158.0 
27269.5  27159.0 
27269.5  27160.0 
27269.5  27161.0 
27269.5  27162.0 
27269.5  27163.0 
27269.5  27164.0 
27269.5  27165.0 
27269.5  27166.0 
27269.5  27167.0 
27269.5  27168.0 
27269.5  27169.0 
27269.5  27170.0 
27269.5  27171.0 
27269.5  27172.0 
27269.5  27173.0 
27269.5  27174.0 
27269.5  27175.0 
27269.5  27176.0 
27269.5  27177.0 
27269.5  27178.0 
27269.6  27179.0 
27269.6  27180.0 
27269.6  27181.0 
27269.6  27182.0 
27269.6  27183.0 
27269.6  27184.0 
27269.6  27185.0 
27269.6  27186.0 
27269.6  27187.0 
27269.6  27188.0 
27269.6  27189.0 
27269.6  27190.0 
27269.6  27191.0 
27269.6  27192.0 
27269.6  27193.0 
27269.6  27194.0 
27269.6  27195.0 
27269.6  27196.0 
27269.6  27197.0 
27269.6  27198.0 
27269.6  27199.0 
27269.6  27200.0 
27269.6  27201.0 
27269.6  27202.0 
27269.6  27203.0 
27269.6  27204.0 
27269.6  27205.0 
27269.6  27206.0 
27269.6  27207.0 
27269.6  27208.0 
27269.7  27209.0 
27269.7  27210.0 
27269.7  27211.0 
27269.7  27212.0 
27269.7  27213.0 
27269.7  27214.0 
27269.7  27215.0 
27269.7  27216.0 
27269.7  27217.0 
27269.7  27218.0 
27269.7  27219.0 
27269.7  27220.0 
27269.7  27221.0 
27269.7  27222.0 
27269.7  27223.0 
27269.7  27224.0 
27269.7  27225.0 
27269.7  27226.0 
27269.7  27295.0 
27269.7  27296.0 
27269.7  27297.0 
27269.7  27298.0 
27269.7  27299.0 
27269.7  27300.0 
27269.7  27301.0 
27269.7  27302.0 
27269.7  27303.0 
27269.7  27304.0 
27269.7  27305.0 
27269.7  27306.0 
27269.7  27307.0 
27269.7  27308.0 
27269.7  27309.0 
27269.7  27310.0 
27269.7  27311.0 
27269.7  27312.0 
27269.7  27313.0 
27269.7  27314.0 
27269.7  27315.0 
27269.7  27316.0 
27269.7  27317.0 
27269.7  27318.0 
27269.7  27319.0 
27269.7  27320.0 
27269.7  27321.0 
27269.7  27322.0 
27269.7  27323.0 
27270.1  26790.0 
27270.1  26289.0 
27270.1  26791.0 
27270.1  26792.0 
27270.1  26292.0 
27270.1  26793.0 
27270.1  26290.0 
27270.1  26794.0 
27270.1  26293.0 
27270.1  26295.0 
27270.1  27324.0 
27270.1  26298.0 
27270.1  26782.3 
27271.0  26255.0 
27272.1  27325.1 
27273.1  27326.1 
27274.1  27327.1 
27275.1  27328.0 
27275.1  26289.0 
27275.1  26292.0 
27275.1  26782.3 
27277.0  26261.0 
27278.1  27329.0 
27280.1  27330.0 
27282.1  27331.0 
27283.1  26255.0 
27283.1  25342.0 
27283.1  25355.0 
27283.1  25346.0 
27283.1  25345.0 
27283.1  25351.0 
27283.1  25356.0 
27283.1  25357.0 
27283.1  25407.0 
27283.1  25408.0 
27283.1  25409.0 
27283.1  27333.1 
27283.1  27334.1 
27283.1  25402.0 
27283.1  25414.0 
27283.1  27335.1 
27285.1  27336.1 
27286.1  25353.1 
27290.1  27277.0 
27290.1  26309.0 
27290.1  26312.0 
27290.1  26318.0 
27290.1  26324.0 
27290.1  27338.1 
27291.1  27277.0 
27291.1  26309.0 
27291.1  26312.0 
27291.1  26318.0 
27291.1  26324.0 
27291.1  27340.1 
27292.1  27277.0 
27292.1  26309.0 
27292.1  26312.0 
27292.1  26318.0 
27292.1  26324.0 
27292.1  27342.1 
27325.1  27277.0 
27325.1  26289.0 
27325.1  26292.0 
27325.1  26298.0 
27325.1  26304.0 
27325.1  27344.1 
27326.1  27345.0 
27326.1  26289.0 
27326.1  26292.0 
27326.1  26298.0 
27326.1  27346.30 
27327.1  27345.0 
27327.1  26289.0 
27327.1  26292.0 
27327.1  26298.0 
27327.1  27347.6 
27328.0  26271.0 
27332.1  25811.0 
27332.1  25342.0 
27332.1  25812.0 
27332.1  25813.0 
27332.1  25345.0 
27332.1  25814.0 
27332.1  25343.0 
27332.1  25815.0 
27332.1  25346.0 
27332.1  25348.0 
27332.1  27348.0 
27332.1  25351.0 
27332.1  25756.3 
27333.1  27349.1 
27334.1  27350.1 
27335.1  27351.1 
27336.1  26271.0 
27336.1  25342.0 
27336.1  25345.0 
27336.1  27352.3 
27338.1  27353.0 
27340.1  27354.0 
27342.1  27355.0 
27344.1  27356.0 
27345.0  26278.0 
27346.29  26279.29 
27346.30  26845.1 
27346.31  26797.1 
27347.5  26280.5 
27347.6  26845.2 
27347.7  26797.2 
27349.1  26261.0 
27349.1  25342.0 
27349.1  25345.0 
27349.1  25351.0 
27349.1  25357.0 
27349.1  27358.1 
27350.1  26278.0 
27350.1  25342.0 
27350.1  25345.0 
27350.1  25351.0 
27350.1  26279.29 
27351.1  26278.0 
27351.1  25342.0 
27351.1  25345.0 
27351.1  25351.0 
27351.1  26280.5 
27352.3  25756.3 
27358.1  27359.0 
26306.0  26307.0 
26307.0  26320.0 
26326.0  26327.0 
26327.0  26755.0 
26755.0  26766.0 
26760.0  26776.0 
26762.0  26320.0 
26763.0  26797.0 
26764.0  26797.0 
26765.0  26801.0 
26766.0  26320.0 
26773.0  26327.0 
26774.0  26327.0 
26775.0  26812.0 
26776.0  26814.0 
26797.0  26824.0 
26801.0  26326.0 
26805.0  26755.0 
26806.0  26755.0 
26807.0  26755.0 
26808.0  26755.0 
26809.0  26755.0 
26812.0  26327.0 
26814.0  26833.0 
26818.0  26842.0 
26819.0  26845.0 
26820.0  26845.0 
26821.0  26847.0 
26822.0  26849.0 
26823.0  26842.0 
26824.0  26320.0 
26831.0  26801.0 
26833.0  26842.0 
26839.0  26776.0 
26840.0  26776.0 
26841.0  27261.0 
26845.0  27264.0 
26847.0  26760.0 
26849.0  27270.0 
26854.0  26797.0 
26855.0  27276.0 
26856.0  27279.0 
26857.0  27281.0 
27256.0  26814.0 
27257.0  26814.0 
27258.0  26814.0 
27259.0  26814.0 
27260.0  26814.0 
27261.0  26776.0 
27262.0  27283.0 
27263.0  27286.0 
27264.0  26842.0 
27269.0  26847.0 
27270.0  26842.0 
27275.0  26849.0 
27276.0  26797.0 
27279.0  26797.0 
27281.0  26797.0 
27283.0  27332.0 
27289.0  26845.0 
27290.0  27337.0 
27291.0  27339.0 
27292.0  27341.0 
27325.0  27343.0 
27326.0  26849.0 
27327.0  26849.0 
27329.0  27276.0 
27330.0  27279.0 
27331.0  27281.0 
27332.0  27286.0 
27336.0  27283.0 
27337.0  26845.0 
27339.0  26845.0 
27341.0  26845.0 
27343.0  26849.0 
27349.0  27357.0 
27350.0  27283.0 
27351.0  27283.0 
27353.0  27337.0 
27354.0  27339.0 
27355.0  27341.0 
27356.0  27343.0 
27357.0  27283.0 
27359.0  27357.0 
26325.1  26326.10 
27360.1  26326.10 
27361.1  26326.10 
