20437.1  20439.0 
20437.1  20440.0 
20437.1  20441.0 
20437.1  20442.0 
20437.1  20443.0 
20437.1  20444.0 
20437.1  20445.0 
20437.1  20446.0 
20437.1  20447.0 
20437.1  20448.0 
20437.1  20449.0 
20437.1  20450.0 
20437.1  20451.0 
20437.1  20452.0 
20437.1  20453.0 
20437.1  20454.0 
20437.1  20455.0 
20437.1  20456.0 
20437.1  20457.0 
20437.1  20458.0 
20437.1  20459.0 
20437.1  20460.0 
20437.1  20461.0 
20437.1  20462.0 
20437.1  20463.0 
20437.1  20464.0 
20437.1  20465.0 
20437.1  20466.0 
20437.1  20467.0 
20437.1  20468.0 
20437.1  20469.0 
20437.1  20470.0 
20437.1  20471.0 
20437.1  20472.0 
20437.1  20473.0 
20437.1  20474.0 
20437.1  20475.0 
20437.1  20476.0 
20437.1  20477.0 
20437.1  20478.0 
20437.1  20479.0 
20437.1  20480.0 
20437.1  20481.0 
20437.1  20482.0 
20437.1  20483.0 
20437.1  20484.0 
20437.1  20485.0 
20437.1  20486.0 
20437.1  20487.0 
20437.1  20488.0 
20437.1  20489.0 
20437.1  20490.0 
20437.1  20491.0 
20437.1  20492.0 
20437.1  20493.0 
20437.1  20494.0 
20437.1  20495.0 
20437.1  20496.0 
20437.1  20497.0 
20437.1  20498.0 
20437.1  20499.0 
20437.1  20500.0 
20437.1  20501.0 
20437.1  20502.0 
20437.1  20503.0 
20437.1  20504.0 
20437.1  20505.0 
20437.1  20506.0 
20437.1  20507.0 
20437.1  20508.0 
20437.1  20509.0 
20437.1  20510.0 
20437.1  20511.0 
20437.1  20512.0 
20437.1  20513.0 
20437.1  20514.0 
20437.1  20515.0 
20437.1  20516.0 
20437.1  20517.0 
20437.1  20518.0 
20437.1  20519.0 
20437.1  20520.0 
20437.1  20521.0 
20437.1  20522.0 
20437.1  20523.0 
20437.1  20524.0 
20437.1  20525.0 
20437.1  20526.0 
20437.1  20527.0 
20437.1  20528.0 
20437.1  20529.0 
20437.1  20530.0 
20437.1  20531.0 
20437.1  20532.0 
20437.1  20533.0 
20437.1  20534.0 
20437.1  20535.0 
20437.1  20536.0 
20437.1  20537.0 
20437.1  20538.0 
20437.1  20539.0 
20437.1  20540.0 
20437.1  20541.0 
20437.1  20542.0 
20437.1  20543.0 
20437.1  20544.0 
20437.1  20545.0 
20437.1  20546.0 
20437.1  20547.0 
20437.1  20548.0 
20437.1  20549.0 
20437.1  20550.0 
20437.1  20551.0 
20437.1  20552.0 
20437.1  20553.0 
20437.1  20554.0 
20437.1  20555.0 
20437.1  20556.0 
20437.1  20557.0 
20437.1  20558.0 
20437.1  20559.0 
20437.1  20560.0 
20437.1  20561.0 
20437.1  20562.0 
20437.1  20563.0 
20437.1  20564.0 
20437.1  20565.0 
20437.1  20566.0 
20437.1  20567.0 
20437.1  20568.0 
20437.1  20569.0 
20437.1  20570.0 
20437.1  20571.0 
20437.1  20572.0 
20437.1  20573.0 
20437.1  20574.0 
20437.1  20575.0 
20437.1  20576.0 
20437.1  20577.0 
20437.1  20578.0 
20437.1  20579.0 
20437.1  20580.0 
20437.1  20581.0 
20437.1  20582.0 
20437.1  20583.0 
20437.1  20584.0 
20437.1  20585.0 
20437.1  20586.0 
20437.1  20587.0 
20437.1  20588.0 
20437.1  20589.0 
20437.1  20590.0 
20437.1  20591.0 
20437.1  20592.0 
20437.1  20593.0 
20437.1  20594.0 
20437.1  20595.0 
20437.1  20596.0 
20437.1  20597.0 
20437.1  20598.0 
20437.1  20599.0 
20437.1  20600.0 
20437.1  20601.0 
20437.1  20602.0 
20437.1  20603.0 
20437.1  20604.0 
20437.1  20605.0 
20437.1  20606.0 
20437.1  20607.0 
20437.1  20608.1 
20437.1  20609.0 
20437.1  20610.0 
20437.1  20611.0 
20437.1  20612.0 
20437.1  20613.0 
20437.1  20614.0 
20437.2  20615.0 
20437.2  20616.0 
20437.2  20617.0 
20437.2  20618.0 
20437.2  20619.0 
20437.2  20620.0 
20437.2  20621.0 
20437.2  20622.0 
20437.2  20623.0 
20437.2  20624.0 
20437.2  20625.0 
20437.2  20626.0 
20437.2  20627.0 
20437.2  20628.0 
20437.2  20629.0 
20437.2  20630.0 
20437.2  20631.0 
20437.2  20632.0 
20437.2  20633.0 
20437.2  20634.0 
20437.2  20635.0 
20437.2  20636.0 
20437.2  20637.0 
20437.2  20638.0 
20437.2  20639.0 
20437.2  20640.0 
20437.2  20641.0 
20437.2  20642.0 
20437.2  20643.0 
20437.2  20644.0 
20437.2  20645.0 
20437.2  20646.0 
20437.2  20647.0 
20437.2  20648.0 
20437.2  20649.0 
20437.2  20650.0 
20437.2  20651.0 
20437.2  20652.0 
20437.2  20653.0 
20437.2  20654.0 
20437.2  20655.0 
20437.2  20656.0 
20437.2  20657.0 
20437.2  20658.0 
20437.2  20659.0 
20437.2  20660.0 
20437.2  20661.0 
20437.2  20662.0 
20437.2  20663.0 
20437.2  20664.0 
20437.2  20665.0 
20437.2  20666.0 
20437.2  20667.0 
20437.2  20668.0 
20437.2  20669.0 
20437.2  20670.0 
20437.2  20671.0 
20437.2  20672.0 
20437.2  20673.0 
20437.2  20674.0 
20437.2  20675.0 
20437.2  20676.0 
20437.2  20677.0 
20437.2  20678.0 
20437.2  20679.0 
20437.2  20680.0 
20437.2  20681.0 
20437.2  20682.0 
20437.2  20683.0 
20437.2  20684.0 
20437.2  20685.0 
20437.2  20686.0 
20437.2  20687.0 
20437.2  20688.0 
20437.2  20689.0 
20437.2  20690.0 
20437.2  20691.0 
20437.2  20692.0 
20437.2  20693.0 
20437.2  20694.0 
20437.2  20695.0 
20437.2  20696.0 
20437.2  20697.0 
20437.2  20698.0 
20437.2  20699.0 
20437.2  20700.0 
20437.2  20701.0 
20437.2  20702.0 
20437.2  20703.0 
20437.2  20704.0 
20437.2  20705.0 
20437.2  20706.0 
20437.2  20707.0 
20437.2  20708.0 
20437.2  20709.0 
20437.2  20710.0 
20437.2  20711.0 
20437.2  20712.0 
20437.2  20713.0 
20437.2  20714.0 
20437.2  20715.0 
20437.2  20716.0 
20437.2  20717.0 
20437.2  20718.0 
20437.2  20719.0 
20437.2  20720.0 
20437.2  20721.0 
20437.2  20722.0 
20437.2  20723.0 
20437.2  20724.0 
20437.2  20725.0 
20437.2  20726.0 
20437.2  20727.0 
20437.2  20728.0 
20437.2  20729.0 
20437.2  20730.0 
20437.2  20731.0 
20437.2  20732.0 
20437.2  20733.0 
20437.2  20734.0 
20437.2  20735.0 
20437.2  20736.0 
20437.2  20737.0 
20437.2  20738.0 
20437.2  20739.0 
20437.2  20740.0 
20437.2  20741.0 
20437.2  20742.0 
20437.2  20743.0 
20437.2  20744.0 
20437.2  20745.0 
20437.2  20746.0 
20437.2  20747.0 
20437.2  20748.0 
20437.2  20749.0 
20437.2  20750.0 
20437.2  20751.0 
20437.2  20752.0 
20437.2  20753.0 
20437.2  20754.0 
20437.2  20755.0 
20437.2  20756.0 
20437.2  20757.0 
20437.2  20758.0 
20437.2  20759.0 
20437.2  20760.0 
20437.2  20761.0 
20437.2  20762.0 
20437.2  20763.0 
20437.2  20764.0 
20437.2  20765.0 
20437.2  20766.0 
20437.2  20767.0 
20437.2  20768.0 
20437.2  20769.0 
20437.2  20770.0 
20437.2  20771.0 
20437.2  20772.0 
20437.2  20773.0 
20437.2  20774.0 
20437.2  20775.1 
20437.2  20776.0 
20437.2  20777.0 
20437.2  20778.0 
20437.2  20779.0 
20437.2  20780.0 
20437.2  20781.0 
20437.2  20782.0 
20437.2  20783.0 
20437.2  20784.0 
20437.2  20785.0 
20437.2  20786.0 
20437.2  20787.0 
20437.2  20788.0 
20437.2  20789.0 
20437.2  20790.19 
20437.2  20791.19 
20437.2  20792.0 
20437.2  20793.0 
20437.2  20794.0 
20437.2  20795.0 
20437.2  20796.0 
20437.2  20797.0 
20437.2  20798.0 
20437.2  20799.0 
20437.2  20800.0 
20437.2  20801.0 
20437.2  20802.0 
20437.2  20803.0 
20437.2  20804.0 
20437.3  20805.0 
20437.3  20806.0 
20437.3  20807.0 
20437.3  20808.0 
20437.3  20809.0 
20437.3  20810.0 
20437.3  20811.0 
20437.3  20812.0 
20437.3  20813.2 
20437.3  20814.0 
20437.3  20815.0 
20437.3  20816.0 
20437.3  20817.0 
20437.3  20818.0 
20437.3  20819.0 
20437.4  20820.0 
20437.4  20821.0 
20437.4  20822.0 
20437.4  20823.0 
20437.4  381.1 
20437.5  20824.0 
20437.5  20825.0 
20437.5  20826.0 
20437.5  20827.0 
20437.5  20828.0 
20437.5  20829.1 
20437.5  20830.0 
20437.5  20831.38 
20437.5  20832.38 
20437.5  20833.0 
20437.5  20834.0 
20437.6  20835.0 
20437.6  20836.0 
20437.6  20837.0 
20437.6  20838.0 
20437.6  20839.0 
20437.6  20840.0 
20437.6  20841.0 
20437.6  20842.0 
20437.6  20843.0 
20437.6  20844.3 
20437.6  20845.0 
20437.6  20846.0 
20437.6  20847.0 
20437.6  20848.0 
20437.6  20849.0 
20437.6  20850.0 
20437.6  20851.0 
20437.6  20852.0 
20437.6  20853.19 
20437.6  20854.0 
20437.6  20855.0 
20437.7  20856.0 
20437.7  20857.0 
20437.7  20858.46 
20437.7  20859.0 
20437.7  20860.0 
20437.7  20861.1 
20437.7  20862.0 
20437.7  20863.0 
20437.7  20864.0 
20437.7  20865.0 
20437.7  20866.0 
20437.8  20867.0 
20437.8  20868.0 
20437.8  20869.0 
20437.8  20870.0 
20437.8  20871.0 
20437.9  20872.0 
20437.9  20873.0 
20437.9  20874.0 
20437.9  20875.0 
20437.10  20876.0 
20437.10  20877.0 
20437.10  20878.0 
20437.11  20879.0 
20438.1  20881.0 
20438.1  20443.0 
20438.1  20882.0 
20438.1  20448.0 
20438.1  20464.0 
20438.1  20484.0 
20438.1  20604.0 
20438.1  20489.0 
20438.1  20883.1 
20438.1  20884.1 
20438.1  20885.1 
20439.0  19501.0 
20440.0  19502.0 
20441.0  19503.0 
20442.0  19504.0 
20443.0  19505.0 
20444.0  19506.0 
20445.0  19507.0 
20446.0  19508.0 
20447.0  19509.0 
20448.0  19510.0 
20449.0  19511.0 
20450.0  19512.0 
20451.0  19513.0 
20452.0  19514.0 
20453.0  19515.0 
20454.0  19516.0 
20455.0  19517.0 
20456.0  19518.0 
20457.0  19519.0 
20458.0  19520.0 
20459.0  19521.0 
20460.0  19522.0 
20461.0  19523.0 
20462.0  19524.0 
20463.0  19525.0 
20464.0  19526.0 
20465.0  19527.0 
20466.0  19528.0 
20467.0  19529.0 
20468.0  19530.0 
20469.0  19531.0 
20470.0  19532.0 
20471.0  19533.0 
20472.0  19534.0 
20473.0  19535.0 
20474.0  19536.0 
20475.0  19537.0 
20476.0  19538.0 
20477.0  19539.0 
20478.0  19540.0 
20479.0  19541.0 
20480.0  19542.0 
20481.0  19543.0 
20482.0  19544.0 
20483.0  19545.0 
20484.0  19546.0 
20485.0  19547.0 
20486.0  19548.0 
20487.0  19549.0 
20488.0  19550.0 
20489.0  19551.0 
20490.0  19552.0 
20491.0  19553.0 
20492.0  19554.0 
20493.0  19555.0 
20494.0  19556.0 
20495.0  19557.0 
20496.0  19558.0 
20497.0  19559.0 
20498.0  19560.0 
20499.0  19561.0 
20500.0  19562.0 
20501.0  19563.0 
20502.0  19564.0 
20503.0  19565.0 
20504.0  19566.0 
20505.0  19567.0 
20506.0  19568.0 
20507.0  19569.0 
20508.0  19570.0 
20509.0  19571.0 
20510.0  19572.0 
20511.0  19573.0 
20512.0  19574.0 
20513.0  19575.0 
20514.0  19576.0 
20515.0  19577.0 
20516.0  19578.0 
20517.0  19579.0 
20518.0  19580.0 
20519.0  19581.0 
20520.0  19582.0 
20521.0  19583.0 
20522.0  19584.0 
20523.0  19585.0 
20524.0  19586.0 
20525.0  19587.0 
20526.0  19588.0 
20527.0  19589.0 
20528.0  19590.0 
20529.0  19591.0 
20530.0  19592.0 
20531.0  19593.0 
20532.0  19594.0 
20533.0  19595.0 
20534.0  19596.0 
20535.0  19597.0 
20536.0  19598.0 
20537.0  19599.0 
20538.0  19600.0 
20539.0  19601.0 
20540.0  19602.0 
20541.0  19603.0 
20542.0  19604.0 
20543.0  19605.0 
20544.0  19606.0 
20545.0  19607.0 
20546.0  19608.0 
20547.0  19609.0 
20548.0  19610.0 
20549.0  19611.0 
20550.0  19612.0 
20551.0  19613.0 
20552.0  19614.0 
20553.0  19615.0 
20554.0  19616.0 
20555.0  19617.0 
20556.0  19618.0 
20557.0  19619.0 
20558.0  19620.0 
20559.0  19621.0 
20560.0  19622.0 
20561.0  19623.0 
20562.0  19624.0 
20563.0  19625.0 
20564.0  19626.0 
20565.0  19627.0 
20566.0  19628.0 
20567.0  19629.0 
20568.0  19630.0 
20569.0  19631.0 
20570.0  19632.0 
20571.0  19633.0 
20572.0  19634.0 
20573.0  19635.0 
20574.0  19636.0 
20575.0  19637.0 
20576.0  19638.0 
20577.0  19639.0 
20578.0  19640.0 
20579.0  19641.0 
20580.0  19642.0 
20581.0  19643.0 
20582.0  19644.0 
20583.0  19645.0 
20584.0  19646.0 
20585.0  19647.0 
20586.0  19648.0 
20587.0  19649.0 
20588.0  19650.0 
20589.0  19651.0 
20590.0  19652.0 
20591.0  19653.0 
20592.0  19654.0 
20593.0  19655.0 
20594.0  19656.0 
20595.0  19657.0 
20596.0  19658.0 
20597.0  19659.0 
20598.0  19660.0 
20599.0  19661.0 
20600.0  19662.0 
20601.0  19663.0 
20602.0  19664.0 
20603.0  19665.0 
20604.0  19666.0 
20605.0  19667.0 
20606.0  19668.0 
20607.0  19669.0 
20608.1  20886.16 
20609.0  19671.0 
20610.0  19672.0 
20611.0  19673.0 
20612.0  19674.0 
20613.0  19675.0 
20614.0  19676.0 
20615.0  19677.0 
20616.0  19678.0 
20617.0  19679.0 
20618.0  19680.0 
20619.0  19681.0 
20620.0  19682.0 
20621.0  19683.0 
20622.0  19684.0 
20623.0  19685.0 
20624.0  19686.0 
20625.0  19687.0 
20626.0  19688.0 
20627.0  19689.0 
20628.0  19690.0 
20629.0  19691.0 
20630.0  19692.0 
20631.0  19693.0 
20632.0  19694.0 
20633.0  19695.0 
20634.0  19696.0 
20635.0  19697.0 
20636.0  19698.0 
20637.0  19699.0 
20638.0  19700.0 
20639.0  19701.0 
20640.0  19702.0 
20641.0  19703.0 
20642.0  19704.0 
20643.0  19705.0 
20644.0  19706.0 
20645.0  19707.0 
20646.0  19708.0 
20647.0  19709.0 
20648.0  19710.0 
20649.0  19711.0 
20650.0  19712.0 
20651.0  19713.0 
20652.0  19714.0 
20653.0  19715.0 
20654.0  19716.0 
20655.0  19717.0 
20656.0  19718.0 
20657.0  19719.0 
20658.0  19720.0 
20660.0  19722.0 
20661.0  19723.0 
20662.0  19724.0 
20663.0  19725.0 
20664.0  19726.0 
20665.0  19727.0 
20666.0  19728.0 
20667.0  19729.0 
20668.0  19730.0 
20669.0  19731.0 
20670.0  19732.0 
20671.0  19733.0 
20672.0  19734.0 
20673.0  19735.0 
20674.0  19736.0 
20675.0  19737.0 
20676.0  19738.0 
20677.0  19739.0 
20678.0  19740.0 
20679.0  19741.0 
20680.0  19742.0 
20681.0  19743.0 
20682.0  19744.0 
20683.0  19745.0 
20684.0  19746.0 
20685.0  19747.0 
20686.0  19748.0 
20687.0  19749.0 
20688.0  19750.0 
20689.0  19751.0 
20690.0  19752.0 
20691.0  19753.0 
20692.0  19754.0 
20693.0  19755.0 
20694.0  19756.0 
20695.0  19757.0 
20696.0  19758.0 
20697.0  19759.0 
20698.0  19760.0 
20699.0  19761.0 
20700.0  19762.0 
20701.0  19763.0 
20702.0  19764.0 
20703.0  19765.0 
20704.0  19766.0 
20705.0  19767.0 
20706.0  19768.0 
20707.0  19769.0 
20708.0  19770.0 
20709.0  19771.0 
20710.0  19772.0 
20711.0  19773.0 
20712.0  19774.0 
20713.0  19775.0 
20714.0  19776.0 
20715.0  19777.0 
20716.0  19778.0 
20717.0  19779.0 
20718.0  19780.0 
20719.0  19781.0 
20720.0  19782.0 
20721.0  19783.0 
20722.0  19784.0 
20723.0  19785.0 
20724.0  19786.0 
20725.0  19787.0 
20726.0  19788.0 
20727.0  19789.0 
20728.0  19790.0 
20729.0  19791.0 
20730.0  19792.0 
20731.0  19793.0 
20732.0  19794.0 
20733.0  19795.0 
20734.0  19796.0 
20735.0  19797.0 
20736.0  19798.0 
20737.0  19799.0 
20738.0  19800.0 
20739.0  19801.0 
20740.0  19802.0 
20741.0  19803.0 
20742.0  19804.0 
20743.0  19805.0 
20744.0  19806.0 
20745.0  19807.0 
20746.0  19808.0 
20747.0  19809.0 
20748.0  19810.0 
20749.0  19811.0 
20750.0  19812.0 
20751.0  19813.0 
20752.0  19814.0 
20753.0  19815.0 
20754.0  19816.0 
20755.0  19817.0 
20756.0  19818.0 
20757.0  19819.0 
20758.0  19820.0 
20759.0  19821.0 
20760.0  19822.0 
20761.0  19823.0 
20762.0  19824.0 
20763.0  19825.0 
20764.0  19826.0 
20765.0  19827.0 
20766.0  19828.0 
20767.0  19829.0 
20768.0  19830.0 
20769.0  19831.0 
20770.0  19832.0 
20771.0  19833.0 
20772.0  19834.0 
20773.0  19835.0 
20774.0  19836.0 
20775.1  20886.14 
20776.0  19838.0 
20777.0  19839.0 
20778.0  19840.0 
20779.0  19841.0 
20780.0  19842.0 
20781.0  19843.0 
20782.0  19844.0 
20783.0  19845.0 
20784.0  19846.0 
20785.0  19847.0 
20786.0  19848.0 
20787.0  19849.0 
20788.0  19850.0 
20789.0  19851.0 
20790.19  20886.15 
20790.19  19852.19 
20791.19  20886.15 
20791.19  19853.19 
20792.0  19854.0 
20793.0  19855.0 
20794.0  19856.0 
20795.0  19857.0 
20796.0  19858.0 
20797.0  19859.0 
20798.0  19860.0 
20799.0  19861.0 
20800.0  19862.0 
20801.0  19863.0 
20802.0  19864.0 
20803.0  19865.0 
20804.0  19866.0 
20805.0  19867.0 
20806.0  19868.0 
20807.0  19869.0 
20808.0  19870.0 
20809.0  19871.0 
20810.0  19872.0 
20811.0  19873.0 
20812.0  19874.0 
20813.1  20437.1 
20813.2  20437.2 
20813.3  20437.3 
20813.4  20437.4 
20813.5  20437.8 
20813.6  20437.9 
20813.7  20437.10 
20814.0  19876.0 
20815.0  19877.0 
20816.0  19878.0 
20817.0  19879.0 
20818.0  19880.0 
20819.0  19881.0 
20820.0  19882.0 
20821.0  19883.0 
20822.0  19884.0 
20823.0  19885.0 
20824.0  19886.0 
20825.0  19887.0 
20826.0  19888.0 
20827.0  19889.0 
20828.0  19890.0 
20829.1  20886.16 
20830.0  19892.0 
20831.38  20886.16 
20831.38  19893.38 
20831.39  20437.5 
20832.38  20886.16 
20832.38  19894.38 
20832.39  20437.7 
20833.0  19895.0 
20834.0  19896.0 
20835.0  19897.0 
20836.0  19898.0 
20837.0  19899.0 
20838.0  19900.0 
20839.0  19901.0 
20840.0  19902.0 
20841.0  19903.0 
20842.0  19904.0 
20843.0  19905.0 
20844.1  20887.1 
20844.2  20888.1 
20844.3  20889.1 
20845.0  19907.0 
20846.0  19908.0 
20847.0  19909.0 
20848.0  19910.0 
20849.0  19911.0 
20850.0  19912.0 
20851.0  19913.0 
20852.0  19914.0 
20853.19  19915.19 
20853.20  20437.6 
20854.0  19916.0 
20855.0  19917.0 
20856.0  19918.0 
20857.0  19919.0 
20858.44  20886.10 
20858.45  20886.12 
20858.46  20886.15 
20858.46  19920.46 
20859.0  19921.0 
20861.1  20890.1 
20862.0  19924.0 
20863.0  19925.0 
20865.0  19927.0 
20866.0  19928.0 
20867.0  19929.0 
20868.0  19930.0 
20869.0  19931.0 
20870.0  19932.0 
20871.0  19933.0 
20872.0  10558.0 
20873.0  10559.0 
20874.0  10560.0 
20875.1  20437.9 
20876.0  19934.0 
20877.0  19935.0 
20878.0  19936.0 
20879.0  19937.0 
20880.1  20892.0 
20880.1  20443.0 
20880.1  20882.0 
20880.1  20448.0 
20880.1  20464.0 
20880.1  20484.0 
20880.1  20604.0 
20880.1  20489.0 
20880.1  20893.1 
20880.1  20894.1 
20880.1  20895.1 
20880.1  20896.1 
20880.1  20897.1 
20881.0  19939.0 
20882.0  19940.0 
20883.1  20898.1 
20884.1  20899.1 
20885.1  20900.1 
20886.11  19959.0 
20886.12  19920.44 
20886.13  19875.8 
20886.14  20901.0 
20886.15  19920.45 
20886.16  20902.1 
20886.17  19875.9 
20886.17  19499.17 
20887.1  20904.0 
20887.1  20443.0 
20887.1  20905.0 
20887.1  20906.0 
20887.1  20464.0 
20887.1  20907.0 
20887.1  20646.0 
20887.1  20908.0 
20887.1  20448.0 
20887.1  20658.0 
20887.1  20909.0 
20887.1  20484.0 
20887.1  20910.2 
20888.1  20912.0 
20888.1  20443.0 
20888.1  20905.0 
20888.1  20906.0 
20888.1  20646.0 
20888.1  20464.0 
20888.1  20907.0 
20888.1  20448.0 
20888.1  20908.0 
20888.1  20658.0 
20888.1  20913.0 
20888.1  20484.0 
20888.1  20844.1 
20889.1  20914.0 
20889.1  20443.0 
20889.1  20464.0 
20889.1  20844.2 
20890.1  20916.0 
20890.1  20443.0 
20890.1  20917.0 
20890.1  20464.0 
20890.1  20484.0 
20890.1  20489.0 
20890.1  20483.0 
20890.1  20918.1 
20890.1  20918.2 
20890.1  20918.3 
20890.1  20918.4 
20890.1  20918.5 
20890.1  20918.6 
20890.1  20918.7 
20891.1  20919.0 
20891.1  20443.0 
20891.1  20464.0 
20892.0  19950.0 
20893.1  20920.1 
20894.1  20921.1 
20895.1  20922.1 
20896.1  20923.1 
20897.1  20924.1 
20898.1  20925.0 
20898.1  20443.0 
20898.1  20464.0 
20898.1  20484.0 
20899.1  20926.0 
20899.1  20443.0 
20899.1  20464.0 
20899.1  20484.0 
20900.1  20928.0 
20900.1  20443.0 
20900.1  20464.0 
20901.0  19024.0 
20902.1  20886.12 
20903.1  20443.0 
20903.1  20882.0 
20903.1  20448.0 
20903.1  20464.0 
20903.1  20484.0 
20903.1  20604.0 
20903.1  20489.0 
20904.0  19962.0 
20905.0  19963.0 
20906.0  19964.0 
20907.0  19965.0 
20908.0  19966.0 
20910.1  20929.1 
20910.2  20930.1 
20911.1  20932.0 
20911.1  20443.0 
20911.1  20882.0 
20911.1  20448.0 
20911.1  20464.0 
20911.1  20484.0 
20911.1  20604.0 
20911.1  20489.0 
20911.1  20490.0 
20911.1  20491.0 
20911.1  20492.0 
20911.1  20933.1 
20911.1  20934.1 
20911.2  20935.1 
20911.3  20936.1 
20912.0  19970.0 
20914.0  19972.0 
20915.1  20937.0 
20915.1  20443.0 
20915.1  20882.0 
20915.1  20448.0 
20915.1  20464.0 
20915.1  20484.0 
20915.1  20604.0 
20915.1  20489.0 
20916.0  19974.0 
20917.0  19975.0 
20918.1  20938.1 
20918.2  20938.2 
20918.3  20938.3 
20918.4  20938.4 
20918.5  20938.5 
20918.6  20938.6 
20918.7  20938.7 
20919.0  19977.0 
20920.1  20926.0 
20920.1  20443.0 
20920.1  20464.0 
20920.1  20484.0 
20921.1  20925.0 
20921.1  20443.0 
20921.1  20464.0 
20921.1  20484.0 
20922.1  20939.0 
20922.1  20443.0 
20922.1  20464.0 
20922.1  20484.0 
20923.1  20939.0 
20923.1  20443.0 
20923.1  20464.0 
20923.1  20484.0 
20924.1  20939.0 
20924.1  20443.0 
20924.1  20464.0 
20924.1  20484.0 
20925.0  19983.0 
20926.0  19984.0 
20928.0  19986.0 
20929.1  20904.0 
20929.1  20443.0 
20929.1  20905.0 
20929.1  20906.0 
20929.1  20464.0 
20929.1  20907.0 
20929.1  20646.0 
20929.1  20908.0 
20929.1  20448.0 
20929.1  20658.0 
20929.1  20941.0 
20929.1  20484.0 
20929.1  20942.1 
20930.1  20912.0 
20930.1  20443.0 
20930.1  20905.0 
20930.1  20906.0 
20930.1  20646.0 
20930.1  20464.0 
20930.1  20907.0 
20930.1  20448.0 
20930.1  20908.0 
20930.1  20658.0 
20930.1  20944.0 
20930.1  20484.0 
20930.1  20910.1 
20931.1  20912.0 
20931.1  20443.0 
20931.1  20905.0 
20931.1  20906.0 
20931.1  20646.0 
20931.1  20464.0 
20931.1  20907.0 
20931.1  20448.0 
20931.1  20908.0 
20931.1  20658.0 
20931.1  20945.0 
20931.1  20484.0 
20932.0  19990.0 
20933.1  20946.0 
20934.1  20947.1 
20935.1  20948.1 
20936.1  20949.1 
20937.0  19995.0 
20938.1  20950.0 
20938.1  20443.0 
20938.1  20951.0 
20938.1  20448.0 
20938.1  20464.0 
20938.1  20952.0 
20938.1  20484.0 
20938.1  20953.0 
20938.1  20954.0 
20938.1  20604.0 
20938.1  20955.0 
20938.1  20956.0 
20938.1  20957.0 
20938.1  20489.0 
20938.1  20958.0 
20938.1  20959.0 
20938.1  20960.0 
20938.1  20961.0 
20938.1  20962.0 
20938.1  20963.0 
20938.1  20964.0 
20938.1  20965.0 
20938.1  20966.0 
20938.1  20967.0 
20938.1  20968.0 
20938.1  20969.0 
20938.1  20970.0 
20938.1  20971.0 
20938.1  20972.0 
20938.1  20973.0 
20938.1  20974.0 
20938.1  20975.0 
20938.1  20976.0 
20938.1  20977.0 
20938.1  20978.0 
20938.1  20979.0 
20938.1  20980.0 
20938.1  20981.0 
20938.1  20982.0 
20938.1  20983.0 
20938.1  20984.0 
20938.1  20985.0 
20938.1  20986.0 
20938.1  20987.0 
20938.1  20988.0 
20938.1  20989.0 
20938.1  20990.0 
20938.1  20991.0 
20938.1  20992.0 
20938.1  20993.0 
20938.1  20994.0 
20938.1  20995.0 
20938.1  20996.0 
20938.1  20997.0 
20938.1  20998.0 
20938.1  20999.0 
20938.1  21000.0 
20938.1  21001.0 
20938.1  21002.0 
20938.1  21003.0 
20938.1  21004.0 
20938.1  21005.0 
20938.1  21006.0 
20938.1  21007.0 
20938.1  21008.0 
20938.1  21009.0 
20938.1  21010.0 
20938.1  21011.0 
20938.1  21012.0 
20938.1  21013.0 
20938.1  21014.0 
20938.1  21015.0 
20938.1  21016.0 
20938.1  21017.0 
20938.1  21018.0 
20938.1  21019.0 
20938.1  21020.0 
20938.1  21021.0 
20938.1  21022.0 
20938.1  21023.0 
20938.1  21024.0 
20938.1  21025.0 
20938.1  21026.0 
20938.1  21027.0 
20938.1  21028.0 
20938.1  21029.0 
20938.2  21030.0 
20938.2  21031.0 
20938.2  21032.0 
20938.2  21033.0 
20938.2  21034.0 
20938.2  21035.0 
20938.2  21036.0 
20938.2  21037.0 
20938.2  21038.0 
20938.2  21039.0 
20938.2  21040.0 
20938.2  21041.0 
20938.2  21042.0 
20938.2  21043.0 
20938.2  21044.0 
20938.2  21045.0 
20938.2  21046.0 
20938.2  21047.0 
20938.2  21048.0 
20938.2  21049.0 
20938.2  21050.0 
20938.2  21051.0 
20938.2  21052.0 
20938.2  21053.0 
20938.2  21054.0 
20938.2  21055.0 
20938.2  21056.0 
20938.2  21057.0 
20938.2  21058.0 
20938.2  21059.0 
20938.2  21060.0 
20938.2  21061.0 
20938.2  21062.0 
20938.2  21063.0 
20938.2  21064.0 
20938.2  21065.0 
20938.2  21066.0 
20938.2  21067.0 
20938.2  21068.0 
20938.2  21069.0 
20938.2  21070.0 
20938.2  21071.0 
20938.2  21072.0 
20938.2  21073.0 
20938.2  21074.0 
20938.2  21075.0 
20938.2  21076.0 
20938.2  21077.0 
20938.2  21078.0 
20938.2  21079.0 
20938.2  21080.0 
20938.2  21081.0 
20938.2  21082.0 
20938.2  21083.0 
20938.2  21084.0 
20938.2  21085.0 
20938.2  21086.0 
20938.2  21087.0 
20938.2  21088.0 
20938.2  21089.0 
20938.2  21090.0 
20938.2  21091.0 
20938.2  21092.0 
20938.2  21093.0 
20938.2  21094.0 
20938.2  21095.0 
20938.2  21096.0 
20938.2  21097.0 
20938.2  21098.0 
20938.2  21099.0 
20938.2  21100.0 
20938.2  21101.0 
20938.2  21102.0 
20938.2  21103.0 
20938.2  21104.0 
20938.2  21105.0 
20938.2  21106.0 
20938.2  21107.0 
20938.2  21108.0 
20938.2  21109.0 
20938.2  21110.0 
20938.2  21111.0 
20938.2  21112.0 
20938.2  21113.0 
20938.3  21114.0 
20938.3  21115.0 
20938.3  21116.0 
20938.3  21117.0 
20938.3  21118.0 
20938.3  21119.0 
20938.3  21120.0 
20938.3  21121.0 
20938.3  21122.0 
20938.3  21123.0 
20938.3  21124.0 
20938.3  21125.0 
20938.3  21126.0 
20938.3  21127.0 
20938.3  21128.0 
20938.3  21129.0 
20938.3  21130.0 
20938.3  21131.0 
20938.3  21132.0 
20938.3  21133.0 
20938.3  21134.0 
20938.3  21135.0 
20938.3  21136.0 
20938.3  21137.0 
20938.3  21138.0 
20938.3  21139.0 
20938.3  21140.0 
20938.3  21141.0 
20938.3  21142.0 
20938.3  21143.0 
20938.3  21144.0 
20938.3  21145.0 
20938.3  21146.0 
20938.3  21147.0 
20938.3  21148.0 
20938.3  21149.0 
20938.3  21150.0 
20938.3  21151.0 
20938.3  21152.0 
20938.3  21153.0 
20938.3  21154.0 
20938.3  21155.0 
20938.3  21156.0 
20938.3  21157.0 
20938.3  21158.0 
20938.3  21159.0 
20938.3  21160.0 
20938.3  21161.0 
20938.3  21162.0 
20938.3  21163.0 
20938.3  21164.0 
20938.3  21165.0 
20938.3  21166.0 
20938.3  21167.0 
20938.3  21168.0 
20938.3  21169.0 
20938.3  21170.0 
20938.3  21171.0 
20938.3  21172.0 
20938.3  21173.0 
20938.3  21174.0 
20938.3  21175.0 
20938.3  21176.0 
20938.3  21177.0 
20938.3  21178.0 
20938.3  21179.0 
20938.3  21180.0 
20938.3  21181.0 
20938.3  21182.0 
20938.3  21183.0 
20938.4  21184.0 
20938.4  21185.0 
20938.4  21186.0 
20938.4  21187.0 
20938.4  21188.0 
20938.4  21189.0 
20938.4  21190.0 
20938.4  21191.0 
20938.4  21192.0 
20938.4  21193.0 
20938.4  21194.0 
20938.4  21195.0 
20938.4  21196.0 
20938.4  21197.0 
20938.4  21198.0 
20938.4  21199.0 
20938.4  21200.0 
20938.4  21201.0 
20938.4  21202.0 
20938.4  21203.0 
20938.4  21204.0 
20938.4  21205.0 
20938.4  21206.0 
20938.4  21207.0 
20938.4  21208.0 
20938.4  21209.0 
20938.4  21210.0 
20938.4  21211.0 
20938.4  21212.0 
20938.4  21213.0 
20938.4  21214.0 
20938.4  21215.0 
20938.4  21216.0 
20938.4  21217.0 
20938.4  21218.0 
20938.4  21219.0 
20938.4  21220.0 
20938.4  21221.0 
20938.4  21222.0 
20938.5  21223.0 
20938.5  21224.0 
20938.5  21225.0 
20938.5  21226.0 
20938.5  21227.0 
20938.5  21228.0 
20938.5  21229.0 
20938.5  21230.0 
20938.5  21231.0 
20938.5  21232.0 
20938.5  21233.0 
20938.5  21234.0 
20938.5  21235.0 
20938.5  21236.0 
20938.5  21237.0 
20938.5  21238.0 
20938.5  21239.0 
20938.5  21240.0 
20938.5  21241.0 
20938.5  21242.0 
20938.5  21243.0 
20938.5  21244.0 
20938.5  21245.0 
20938.5  21246.0 
20938.5  21247.0 
20938.5  21248.0 
20938.5  21249.0 
20938.5  21250.0 
20938.5  21251.0 
20938.5  21252.0 
20938.5  21253.0 
20938.5  21254.0 
20938.5  21255.0 
20938.5  21256.0 
20938.5  21257.0 
20938.5  21258.0 
20938.5  21259.0 
20938.5  21260.0 
20938.5  21261.0 
20938.5  21262.0 
20938.5  21263.0 
20938.5  21264.0 
20938.5  21265.0 
20938.5  21266.0 
20938.5  21267.0 
20938.5  21268.0 
20938.5  21269.0 
20938.5  21270.0 
20938.6  21271.0 
20938.6  21272.0 
20938.6  21273.0 
20938.6  21274.0 
20938.6  21275.0 
20938.6  21276.0 
20938.6  21277.0 
20938.6  21278.0 
20938.6  21279.0 
20938.6  21280.0 
20938.6  21281.0 
20938.6  21282.0 
20938.6  21283.0 
20938.6  21284.0 
20938.6  21285.0 
20938.6  21286.0 
20938.6  21287.0 
20938.6  21288.0 
20938.6  21289.0 
20938.6  21290.0 
20938.6  21291.0 
20938.6  21292.0 
20938.6  21293.0 
20938.6  21294.0 
20938.6  21295.0 
20938.6  21296.0 
20938.6  21297.0 
20938.6  21298.0 
20938.6  21299.0 
20938.6  21300.0 
20938.7  21301.0 
20938.7  21302.0 
20938.7  21303.0 
20938.7  21304.0 
20938.7  21305.0 
20938.7  21306.0 
20938.7  21307.0 
20938.7  21308.0 
20938.7  21309.0 
20938.7  21310.0 
20938.7  21311.0 
20938.7  21312.0 
20938.7  21313.0 
20938.7  21314.0 
20938.7  21315.0 
20938.7  21316.0 
20938.7  21317.0 
20938.7  21318.0 
20938.7  21319.0 
20938.7  21320.0 
20938.7  21321.0 
20938.7  21322.0 
20938.7  21323.0 
20938.7  21324.0 
20938.7  21325.0 
20938.7  21326.0 
20938.7  21327.0 
20938.7  21328.0 
20938.7  21329.0 
20938.7  21330.0 
20938.7  21331.0 
20938.7  21332.0 
20938.7  21333.0 
20938.7  21334.0 
20938.7  21335.0 
20938.7  21336.0 
20938.7  21337.0 
20938.7  21338.0 
20938.7  21339.0 
20938.7  21340.0 
20938.7  21341.0 
20938.7  21342.0 
20938.7  21343.0 
20938.7  21344.0 
20938.7  21345.0 
20938.7  21346.0 
20938.7  21347.0 
20939.0  19997.0 
20940.1  20407.0 
20940.1  19505.0 
20940.1  19940.0 
20940.1  19510.0 
20940.1  19526.0 
20940.1  19546.0 
20940.1  19666.0 
20940.1  19551.0 
20940.1  19552.0 
20940.1  19553.0 
20940.1  19554.0 
20940.1  21349.1 
20940.1  21350.1 
20940.1  19545.0 
20940.1  19559.0 
20940.1  21351.1 
20942.1  21352.1 
20943.1  19961.1 
20947.1  21354.0 
20947.1  20443.0 
20947.1  20464.0 
20947.1  20484.0 
20947.1  20489.0 
20947.1  21355.1 
20948.1  21354.0 
20948.1  20443.0 
20948.1  20464.0 
20948.1  20484.0 
20948.1  20489.0 
20948.1  21357.1 
20949.1  21354.0 
20949.1  20443.0 
20949.1  20464.0 
20949.1  20484.0 
20949.1  20489.0 
20949.1  21359.1 
20950.0  20008.0 
20951.0  20009.0 
20952.0  20010.0 
20954.0  20012.0 
20955.0  20013.0 
20956.0  20014.0 
20957.0  20015.0 
20958.0  20016.0 
20959.0  20017.0 
20960.0  20018.0 
20961.0  20019.0 
20962.0  20020.0 
20963.0  20021.0 
20964.0  20022.0 
20965.0  20023.0 
20966.0  20024.0 
20967.0  20025.0 
20968.0  20026.0 
20969.0  20027.0 
20970.0  20028.0 
20971.0  20029.0 
20972.0  20030.0 
20973.0  20031.0 
20974.0  20032.0 
20975.0  20033.0 
20976.0  20034.0 
20977.0  20035.0 
20978.0  20036.0 
20979.0  20037.0 
20980.0  20038.0 
20981.0  20039.0 
20982.0  20040.0 
20983.0  20041.0 
20984.0  20042.0 
20985.0  20043.0 
20986.0  20044.0 
20987.0  20045.0 
20988.0  20046.0 
20989.0  20047.0 
20990.0  20048.0 
20991.0  20049.0 
20992.0  20050.0 
20993.0  20051.0 
20994.0  20052.0 
20995.0  20053.0 
20996.0  20054.0 
20997.0  20055.0 
20998.0  20056.0 
20999.0  20057.0 
21000.0  20058.0 
21001.0  20059.0 
21002.0  20060.0 
21003.0  20061.0 
21004.0  20062.0 
21005.0  20063.0 
21006.0  20064.0 
21007.0  20065.0 
21008.0  20066.0 
21009.0  20067.0 
21010.0  20068.0 
21011.0  20069.0 
21012.0  20070.0 
21013.0  20071.0 
21014.0  20072.0 
21015.0  20073.0 
21016.0  20074.0 
21017.0  20075.0 
21018.0  20076.0 
21019.0  20077.0 
21020.0  20078.0 
21021.0  20079.0 
21022.0  20080.0 
21023.0  20081.0 
21024.0  20082.0 
21025.0  20083.0 
21026.0  20084.0 
21027.0  20085.0 
21028.0  20086.0 
21029.0  20087.0 
21030.0  20088.0 
21031.0  20089.0 
21032.0  20090.0 
21033.0  20091.0 
21034.0  20092.0 
21035.0  20093.0 
21036.0  20094.0 
21037.0  20095.0 
21038.0  20096.0 
21039.0  20097.0 
21040.0  20098.0 
21041.0  20099.0 
21042.0  20100.0 
21043.0  20101.0 
21044.0  20102.0 
21045.0  20103.0 
21046.0  20104.0 
21047.0  20105.0 
21048.0  20106.0 
21049.0  20107.0 
21050.0  20108.0 
21051.0  20109.0 
21052.0  20110.0 
21053.0  20111.0 
21054.0  20112.0 
21055.0  20113.0 
21056.0  20114.0 
21057.0  20115.0 
21058.0  20116.0 
21059.0  20117.0 
21060.0  20118.0 
21061.0  20119.0 
21062.0  20120.0 
21063.0  20121.0 
21064.0  20122.0 
21065.0  20123.0 
21066.0  20124.0 
21067.0  20125.0 
21068.0  20126.0 
21069.0  20127.0 
21070.0  20128.0 
21071.0  20129.0 
21072.0  20130.0 
21073.0  20131.0 
21074.0  20132.0 
21075.0  20133.0 
21076.0  20134.0 
21077.0  20135.0 
21078.0  20136.0 
21079.0  20137.0 
21080.0  20138.0 
21081.0  20139.0 
21082.0  20140.0 
21083.0  20141.0 
21084.0  20142.0 
21085.0  20143.0 
21086.0  20144.0 
21087.0  20145.0 
21088.0  20146.0 
21089.0  20147.0 
21090.0  20148.0 
21091.0  20149.0 
21092.0  20150.0 
21093.0  20151.0 
21094.0  20152.0 
21095.0  20153.0 
21096.0  20154.0 
21097.0  20155.0 
21098.0  20156.0 
21099.0  20157.0 
21100.0  20158.0 
21101.0  20159.0 
21102.0  20160.0 
21103.0  20161.0 
21104.0  20162.0 
21105.0  20163.0 
21106.0  20164.0 
21107.0  20165.0 
21108.0  20166.0 
21109.0  20167.0 
21110.0  20168.0 
21111.0  20169.0 
21112.0  20170.0 
21113.0  20171.0 
21114.0  20172.0 
21115.0  20173.0 
21116.0  20174.0 
21117.0  20175.0 
21118.0  20176.0 
21119.0  20177.0 
21120.0  20178.0 
21121.0  20179.0 
21122.0  20180.0 
21123.0  20181.0 
21124.0  20182.0 
21125.0  20183.0 
21126.0  20184.0 
21127.0  20185.0 
21128.0  20186.0 
21129.0  20187.0 
21130.0  20188.0 
21131.0  20189.0 
21132.0  20190.0 
21133.0  20191.0 
21134.0  20192.0 
21135.0  20193.0 
21136.0  20194.0 
21137.0  20195.0 
21138.0  20196.0 
21139.0  20197.0 
21140.0  20198.0 
21141.0  20199.0 
21142.0  20200.0 
21143.0  20201.0 
21144.0  20202.0 
21145.0  20203.0 
21146.0  20204.0 
21148.0  20206.0 
21149.0  20207.0 
21150.0  20208.0 
21151.0  20209.0 
21152.0  20210.0 
21153.0  20211.0 
21154.0  20212.0 
21155.0  20213.0 
21156.0  20214.0 
21157.0  20215.0 
21158.0  20216.0 
21159.0  20217.0 
21160.0  20218.0 
21161.0  20219.0 
21162.0  20220.0 
21163.0  20221.0 
21164.0  20222.0 
21165.0  20223.0 
21166.0  20224.0 
21167.0  20225.0 
21168.0  20226.0 
21169.0  20227.0 
21170.0  20228.0 
21171.0  20229.0 
21172.0  20230.0 
21173.0  20231.0 
21174.0  20232.0 
21175.0  20233.0 
21176.0  20234.0 
21177.0  20235.0 
21178.0  20236.0 
21179.0  20237.0 
21180.0  20238.0 
21181.0  20239.0 
21182.0  20240.0 
21183.0  20241.0 
21184.0  20242.0 
21185.0  20243.0 
21186.0  20244.0 
21187.0  20245.0 
21188.0  20246.0 
21189.0  20247.0 
21190.0  20248.0 
21191.0  20249.0 
21192.0  20250.0 
21193.0  20251.0 
21194.0  20252.0 
21195.0  20253.0 
21196.0  20254.0 
21197.0  20255.0 
21198.0  20256.0 
21199.0  20257.0 
21200.0  20258.0 
21201.0  20259.0 
21202.0  20260.0 
21203.0  20261.0 
21204.0  20262.0 
21205.0  20263.0 
21206.0  20264.0 
21207.0  20265.0 
21208.0  20266.0 
21209.0  20267.0 
21210.0  20268.0 
21211.0  20269.0 
21212.0  20270.0 
21213.0  20271.0 
21214.0  20272.0 
21215.0  20273.0 
21216.0  20274.0 
21217.0  20275.0 
21218.0  20276.0 
21219.0  20277.0 
21220.0  20278.0 
21221.0  20279.0 
21222.0  20280.0 
21223.0  20281.0 
21224.0  20282.0 
21225.0  20283.0 
21226.0  20284.0 
21227.0  20285.0 
21228.0  20286.0 
21229.0  20287.0 
21230.0  20288.0 
21231.0  20289.0 
21232.0  20290.0 
21233.0  20291.0 
21234.0  20292.0 
21235.0  20293.0 
21236.0  20294.0 
21237.0  20295.0 
21238.0  20296.0 
21239.0  20297.0 
21240.0  20298.0 
21241.0  20299.0 
21242.0  20300.0 
21243.0  20301.0 
21244.0  20302.0 
21245.0  20303.0 
21246.0  20304.0 
21247.0  20305.0 
21248.0  20306.0 
21249.0  20307.0 
21250.0  20308.0 
21251.0  20309.0 
21252.0  20310.0 
21253.0  20311.0 
21254.0  20312.0 
21255.0  20313.0 
21256.0  20314.0 
21257.0  20315.0 
21258.0  20316.0 
21259.0  20317.0 
21260.0  20318.0 
21261.0  20319.0 
21262.0  20320.0 
21263.0  20321.0 
21264.0  20322.0 
21265.0  20323.0 
21266.0  20324.0 
21267.0  20325.0 
21268.0  20326.0 
21269.0  20327.0 
21270.0  20328.0 
21271.0  20329.0 
21272.0  20330.0 
21273.0  20331.0 
21274.0  20332.0 
21275.0  20333.0 
21276.0  20334.0 
21277.0  20335.0 
21278.0  20336.0 
21279.0  20337.0 
21280.0  20338.0 
21281.0  20339.0 
21282.0  20340.0 
21283.0  20341.0 
21284.0  20342.0 
21285.0  20343.0 
21286.0  20344.0 
21287.0  20345.0 
21288.0  20346.0 
21289.0  20347.0 
21290.0  20348.0 
21291.0  20349.0 
21292.0  20350.0 
21293.0  20351.0 
21294.0  20352.0 
21295.0  20353.0 
21296.0  20354.0 
21297.0  20355.0 
21298.0  20356.0 
21299.0  20357.0 
21300.0  20358.0 
21301.0  20359.0 
21302.0  20360.0 
21303.0  20361.0 
21304.0  20362.0 
21305.0  20363.0 
21306.0  20364.0 
21307.0  20365.0 
21308.0  20366.0 
21309.0  20367.0 
21310.0  20368.0 
21311.0  20369.0 
21312.0  20370.0 
21313.0  20371.0 
21314.0  20372.0 
21315.0  20373.0 
21316.0  20374.0 
21317.0  20375.0 
21318.0  20376.0 
21348.1  19962.0 
21348.1  19505.0 
21348.1  19963.0 
21348.1  19964.0 
21348.1  19526.0 
21348.1  19965.0 
21348.1  19708.0 
21348.1  19966.0 
21348.1  19510.0 
21348.1  19720.0 
21348.1  21360.0 
21348.1  19546.0 
21348.1  19906.3 
21349.1  21361.1 
21350.1  21362.1 
21351.1  21363.1 
21352.1  20423.0 
21352.1  19505.0 
21352.1  19526.0 
21352.1  21364.3 
21354.0  20413.0 
21355.1  21365.0 
21357.1  21366.0 
21359.1  21367.0 
21361.1  20413.0 
21361.1  19505.0 
21361.1  19526.0 
21361.1  19546.0 
21361.1  19551.0 
21361.1  21369.1 
21362.1  20430.0 
21362.1  19505.0 
21362.1  19526.0 
21362.1  19546.0 
21362.1  21370.3 
21363.1  20430.0 
21363.1  19505.0 
21363.1  19526.0 
21363.1  19546.0 
21363.1  20431.14 
21364.3  19906.3 
21369.1  21371.0 
21370.2  19493.2 
21370.3  21372.1 
21370.4  20911.1 
21372.3  19969.3 
20437.0  20438.0 
20438.0  20880.0 
20880.0  20891.0 
20887.0  20903.0 
20888.0  20911.0 
20889.0  20911.0 
20890.0  20915.0 
20891.0  20903.0 
20898.0  20438.0 
20899.0  20438.0 
20900.0  20927.0 
20911.0  20931.0 
20915.0  20437.0 
20920.0  20880.0 
20921.0  20880.0 
20922.0  20880.0 
20923.0  20880.0 
20924.0  20880.0 
20927.0  20438.0 
20929.0  20940.0 
20930.0  20943.0 
20931.0  20903.0 
20938.0  20915.0 
20940.0  21348.0 
20946.0  20911.0 
20947.0  21353.0 
20948.0  21356.0 
20949.0  21358.0 
21348.0  20943.0 
21352.0  20940.0 
21353.0  20911.0 
21356.0  20911.0 
21358.0  20911.0 
21361.0  21368.0 
21362.0  20940.0 
21363.0  20940.0 
21365.0  21353.0 
21366.0  21356.0 
21367.0  21358.0 
21368.0  20940.0 
21371.0  21368.0 
20436.1  20437.11 
21373.1  20437.11 
21374.1  20437.11 
