64950.1  64952.0 
64950.1  64953.0 
64950.1  64954.0 
64950.1  64955.0 
64950.1  64956.0 
64950.1  64957.0 
64950.1  64958.0 
64950.1  64959.0 
64950.1  64960.0 
64950.1  64961.0 
64950.1  64962.0 
64950.1  64963.0 
64951.1  64965.0 
64951.1  64953.0 
64951.1  64956.0 
64952.0  64013.0 
64953.0  64014.0 
64954.0  64015.0 
64955.0  64016.0 
64956.0  64017.0 
64957.0  64018.0 
64958.0  64019.0 
64959.0  64020.0 
64962.0  64023.0 
64964.1  64953.0 
64964.1  64966.0 
64964.1  64957.0 
64964.1  64956.0 
64964.1  64962.0 
64964.1  64967.0 
64964.1  64968.0 
64965.0  64026.0 
64966.0  64027.0 
64967.0  64028.0 
64968.0  64029.0 
64949.1  64950.1 
64970.1  64972.0 
64970.1  64973.0 
64970.1  64974.0 
64970.1  64975.0 
64970.1  64953.0 
64970.1  64976.0 
64970.1  64977.0 
64970.1  64978.0 
64970.1  64979.0 
64970.1  64957.0 
64970.1  64980.0 
64970.1  64981.0 
64970.1  64982.0 
64970.1  64983.0 
64970.1  64984.0 
64970.1  64985.0 
64970.1  64986.0 
64970.1  64987.0 
64970.1  64988.0 
64970.1  64989.0 
64970.1  64990.0 
64970.1  64991.0 
64970.1  64992.0 
64970.1  64993.0 
64970.1  64994.0 
64970.1  64956.0 
64970.1  64995.0 
64970.1  64996.0 
64970.1  64997.0 
64970.1  64998.0 
64970.1  64999.0 
64970.1  65000.0 
64970.1  65001.0 
64970.1  65002.0 
64970.1  65003.0 
64970.1  65004.0 
64970.1  65005.0 
64970.1  65006.0 
64970.1  65007.0 
64970.1  65008.0 
64970.1  65009.0 
64970.1  65010.0 
64970.1  65011.0 
64970.1  65012.0 
64970.1  65013.0 
64970.1  64962.0 
64970.1  65014.0 
64970.1  65015.0 
64970.1  65016.0 
64970.1  65017.0 
64970.1  64968.0 
64970.1  65018.0 
64970.1  65019.0 
64970.1  65020.0 
64970.1  65021.0 
64970.1  65022.0 
64970.1  65023.0 
64970.1  65024.0 
64970.1  65025.0 
64970.1  65026.0 
64970.1  65027.0 
64970.1  65028.0 
64970.1  65029.0 
64970.1  65030.0 
64970.1  65031.0 
64970.1  65032.0 
64970.1  65033.0 
64970.1  65034.0 
64970.1  65035.0 
64970.1  65036.0 
64970.1  65037.0 
64970.1  65038.0 
64970.1  65039.0 
64970.1  65040.0 
64970.1  65041.0 
64970.1  65042.0 
64970.1  65043.0 
64970.1  65044.0 
64970.1  65045.0 
64970.1  65046.0 
64970.1  65047.0 
64970.1  65048.0 
64970.1  65049.0 
64970.1  65050.0 
64970.1  65051.0 
64970.1  65052.0 
64970.1  65053.0 
64970.1  65054.0 
64970.1  65055.0 
64970.1  65056.0 
64970.1  65057.0 
64970.1  65058.0 
64970.1  65059.0 
64970.1  65060.0 
64970.1  65061.0 
64970.1  65062.0 
64970.1  65063.0 
64970.1  65064.0 
64970.1  65065.0 
64970.1  65066.0 
64970.1  65067.0 
64970.1  65068.0 
64970.1  65069.0 
64970.1  65070.0 
64970.1  65071.0 
64970.1  65072.0 
64970.1  65073.0 
64970.1  65074.0 
64970.1  65075.0 
64970.1  65076.0 
64970.1  65077.0 
64970.1  65078.0 
64970.1  65079.0 
64970.1  65080.0 
64970.1  65081.0 
64970.1  65082.0 
64970.1  65083.0 
64970.1  65084.0 
64970.1  65085.0 
64970.1  65086.0 
64970.1  65087.0 
64970.1  65088.0 
64970.1  65089.0 
64970.1  65090.0 
64970.1  65091.0 
64970.1  65092.0 
64970.1  65093.0 
64970.1  65094.0 
64970.1  65095.0 
64970.1  65096.0 
64970.1  65097.0 
64970.1  65098.0 
64970.1  65099.0 
64970.1  65100.0 
64970.1  65101.0 
64970.1  65102.0 
64970.1  65103.0 
64970.1  65104.0 
64970.1  65105.0 
64970.1  65106.0 
64970.1  65107.0 
64970.1  65108.0 
64970.1  65109.0 
64970.1  65110.0 
64970.1  65111.0 
64970.1  65112.0 
64970.1  65113.0 
64970.1  65114.0 
64970.1  65115.0 
64970.1  65116.0 
64970.1  65117.0 
64970.1  65118.0 
64970.1  65119.0 
64970.1  65120.0 
64970.1  65121.0 
64970.1  65122.0 
64970.1  65123.0 
64970.1  65124.0 
64970.1  65125.0 
64970.1  65126.0 
64970.1  65127.0 
64970.1  65128.0 
64970.1  65129.0 
64970.1  65130.0 
64970.1  65131.0 
64970.1  64967.0 
64970.1  65132.0 
64970.1  65133.0 
64970.1  65134.0 
64970.1  65135.1 
64970.1  65136.0 
64970.1  65137.0 
64970.1  65138.0 
64970.1  65139.0 
64970.1  65140.0 
64970.1  65141.0 
64970.2  65142.0 
64970.2  65143.0 
64970.2  65144.0 
64970.2  65145.0 
64970.2  65146.0 
64970.2  65147.0 
64970.2  65148.0 
64970.2  65149.0 
64970.2  65150.0 
64970.2  65151.0 
64970.2  65152.0 
64970.2  65153.0 
64970.2  65154.0 
64970.2  65155.0 
64970.2  65156.0 
64970.2  65157.0 
64970.2  65158.0 
64970.2  65159.0 
64970.2  65160.0 
64970.2  65161.0 
64970.2  65162.0 
64970.2  65163.0 
64970.2  65164.0 
64970.2  65165.0 
64970.2  65166.0 
64970.2  65167.0 
64970.2  65168.0 
64970.2  65169.0 
64970.2  65170.0 
64970.2  65171.0 
64970.2  65172.0 
64970.2  64954.0 
64970.2  65173.0 
64970.2  65174.0 
64970.2  65175.0 
64970.2  65176.0 
64970.2  65177.0 
64970.2  65178.0 
64970.2  65179.0 
64970.2  65180.0 
64970.2  65181.0 
64970.2  65182.0 
64970.2  65183.0 
64970.2  64959.0 
64970.2  65184.0 
64970.2  65185.0 
64970.2  65186.0 
64970.2  65187.0 
64970.2  65188.0 
64970.2  65189.0 
64970.2  65190.0 
64970.2  65191.0 
64970.2  65192.0 
64970.2  65193.0 
64970.2  65194.0 
64970.2  65195.0 
64970.2  65196.0 
64970.2  65197.0 
64970.2  65198.0 
64970.2  65199.0 
64970.2  65200.0 
64970.2  65201.0 
64970.2  65202.0 
64970.2  65203.0 
64970.2  65204.0 
64970.2  65205.0 
64970.2  65206.0 
64970.2  65207.0 
64970.2  65208.0 
64970.2  65209.0 
64970.2  65210.0 
64970.2  65211.0 
64970.2  65212.0 
64970.2  65213.0 
64970.2  65214.0 
64970.2  65215.0 
64970.2  65216.0 
64970.2  65217.0 
64970.2  65218.0 
64970.2  65219.0 
64970.2  65220.0 
64970.2  65221.0 
64970.2  65222.0 
64970.2  65223.0 
64970.2  65224.0 
64970.2  65225.0 
64970.2  65226.0 
64970.2  65227.0 
64970.2  65228.0 
64970.2  65229.0 
64970.2  65230.0 
64970.2  65231.0 
64970.2  65232.0 
64970.2  65233.0 
64970.2  65234.0 
64970.2  65235.0 
64970.2  65236.0 
64970.2  65237.0 
64970.2  65238.0 
64970.2  65239.0 
64970.2  65240.0 
64970.2  65241.0 
64970.2  65242.0 
64970.2  65243.0 
64970.2  65244.0 
64970.2  65245.0 
64970.2  65246.0 
64970.2  65247.0 
64970.2  65248.0 
64970.2  65249.0 
64970.2  65250.0 
64970.2  65251.0 
64970.2  65252.0 
64970.2  65253.0 
64970.2  65254.0 
64970.2  65255.0 
64970.2  65256.0 
64970.2  65257.0 
64970.2  65258.0 
64970.2  65259.0 
64970.2  65260.0 
64970.2  65261.0 
64970.2  65262.0 
64970.2  65263.0 
64970.2  65264.0 
64970.2  65265.0 
64970.2  65266.0 
64970.2  65267.0 
64970.2  65268.0 
64970.2  65269.0 
64970.2  65270.0 
64970.2  65271.0 
64970.2  65272.0 
64970.2  65273.0 
64970.2  65274.0 
64970.2  65275.0 
64970.2  65276.0 
64970.2  65277.0 
64970.2  65278.0 
64970.2  65279.0 
64970.2  65280.0 
64970.2  65281.0 
64970.2  65282.0 
64970.2  65283.0 
64970.2  65284.0 
64970.2  65285.0 
64970.2  65286.0 
64970.2  65287.0 
64970.2  65288.0 
64970.2  65289.0 
64970.2  65290.0 
64970.2  65291.0 
64970.2  65292.0 
64970.2  65293.0 
64970.2  65294.0 
64970.2  65295.0 
64970.2  65296.0 
64970.2  65297.0 
64970.2  65298.0 
64970.2  65299.0 
64970.2  65300.1 
64970.2  65301.0 
64970.2  65302.0 
64970.2  65303.0 
64970.2  65304.0 
64970.2  65305.0 
64970.2  65306.0 
64970.2  65307.0 
64970.2  65308.0 
64970.2  65309.0 
64970.2  65310.0 
64970.2  65311.0 
64970.2  65312.0 
64970.2  65313.0 
64970.2  65314.0 
64970.2  65315.14 
64970.2  65316.14 
64970.2  65317.0 
64970.2  65318.0 
64970.2  65319.0 
64970.2  65320.0 
64970.2  65321.0 
64970.2  65322.0 
64970.2  65323.0 
64970.2  65324.0 
64970.2  65325.0 
64970.2  65326.0 
64970.2  65327.0 
64970.2  65328.0 
64970.2  65329.0 
64970.3  65330.0 
64970.3  65331.0 
64970.3  65332.0 
64970.3  65333.0 
64970.3  65334.0 
64970.3  65335.0 
64970.3  65336.0 
64970.3  65337.0 
64970.3  65338.2 
64970.3  65339.0 
64970.3  65340.0 
64970.3  65341.0 
64970.3  65342.0 
64970.3  65343.0 
64970.3  65344.0 
64970.4  65345.0 
64970.4  65346.0 
64970.4  65347.0 
64970.4  65348.0 
64970.4  64949.1 
64970.5  65349.0 
64970.5  65350.0 
64970.5  65351.0 
64970.5  65352.0 
64970.5  65353.0 
64970.5  65354.1 
64970.5  65355.0 
64970.5  65356.28 
64970.5  65357.28 
64970.5  65358.0 
64970.5  65359.2 
64970.6  65360.0 
64970.6  65361.0 
64970.6  65362.0 
64970.6  65363.0 
64970.6  65364.0 
64970.6  65365.0 
64970.6  64958.0 
64970.6  64955.0 
64970.6  65366.0 
64970.6  65367.3 
64970.6  65368.0 
64970.6  65369.0 
64970.6  65370.0 
64970.6  65371.0 
64970.6  65372.0 
64970.6  65373.0 
64970.6  65374.0 
64970.6  65375.0 
64970.6  65376.14 
64970.6  65377.0 
64970.6  65378.0 
64970.7  65379.0 
64970.7  65380.0 
64970.7  65381.32 
64970.7  65382.0 
64970.7  65383.0 
64970.7  65384.1 
64970.7  65385.0 
64970.7  65386.0 
64970.7  65387.0 
64970.7  65388.0 
64970.7  65389.0 
64970.8  65390.0 
64970.8  65391.0 
64970.8  65392.0 
64970.8  65393.0 
64970.8  65394.0 
64970.9  65395.0 
64970.9  65396.0 
64970.9  65397.0 
64970.9  65338.5 
64970.10  65398.0 
64971.1  65400.0 
64971.1  64953.0 
64971.1  64966.0 
64971.1  64957.0 
64971.1  64956.0 
64971.1  64962.0 
64971.1  64967.0 
64971.1  64968.0 
64971.1  65401.1 
64971.1  65402.1 
64971.1  65403.1 
64972.0  64033.0 
64973.0  64034.0 
64974.0  64035.0 
64975.0  64036.0 
64976.0  64037.0 
64977.0  64038.0 
64978.0  64039.0 
64979.0  64040.0 
64980.0  64041.0 
64981.0  64042.0 
64982.0  64043.0 
64983.0  64044.0 
64984.0  64045.0 
64985.0  64046.0 
64986.0  64047.0 
64987.0  64048.0 
64988.0  64049.0 
64989.0  64050.0 
64990.0  64051.0 
64991.0  64052.0 
64992.0  64053.0 
64993.0  64054.0 
64994.0  64055.0 
64995.0  64056.0 
64996.0  64057.0 
64997.0  64058.0 
64998.0  64059.0 
64999.0  64060.0 
65000.0  64061.0 
65001.0  64062.0 
65002.0  64063.0 
65003.0  64064.0 
65004.0  64065.0 
65005.0  64066.0 
65006.0  64067.0 
65007.0  64068.0 
65008.0  64069.0 
65009.0  64070.0 
65010.0  64071.0 
65011.0  64072.0 
65012.0  64073.0 
65013.0  64074.0 
65014.0  64075.0 
65015.0  64076.0 
65016.0  64077.0 
65017.0  64078.0 
65018.0  64079.0 
65019.0  64080.0 
65020.0  64081.0 
65021.0  64082.0 
65022.0  64083.0 
65023.0  64084.0 
65024.0  64085.0 
65025.0  64086.0 
65026.0  64087.0 
65027.0  64088.0 
65028.0  64089.0 
65029.0  64090.0 
65030.0  64091.0 
65031.0  64092.0 
65032.0  64093.0 
65033.0  64094.0 
65034.0  64095.0 
65035.0  64096.0 
65036.0  64097.0 
65037.0  64098.0 
65038.0  64099.0 
65039.0  64100.0 
65040.0  64101.0 
65041.0  64102.0 
65042.0  64103.0 
65043.0  64104.0 
65044.0  64105.0 
65045.0  64106.0 
65046.0  64107.0 
65047.0  64108.0 
65048.0  64109.0 
65049.0  64110.0 
65050.0  64111.0 
65051.0  64112.0 
65052.0  64113.0 
65053.0  64114.0 
65054.0  64115.0 
65055.0  64116.0 
65056.0  64117.0 
65057.0  64118.0 
65058.0  64119.0 
65059.0  64120.0 
65060.0  64121.0 
65061.0  64122.0 
65062.0  64123.0 
65063.0  64124.0 
65064.0  64125.0 
65065.0  64126.0 
65066.0  64127.0 
65067.0  64128.0 
65068.0  64129.0 
65069.0  64130.0 
65070.0  64131.0 
65071.0  64132.0 
65072.0  64133.0 
65073.0  64134.0 
65074.0  64135.0 
65075.0  64136.0 
65076.0  64137.0 
65077.0  64138.0 
65078.0  64139.0 
65079.0  64140.0 
65080.0  64141.0 
65081.0  64142.0 
65082.0  64143.0 
65083.0  64144.0 
65084.0  64145.0 
65085.0  64146.0 
65086.0  64147.0 
65087.0  64148.0 
65088.0  64149.0 
65089.0  64150.0 
65090.0  64151.0 
65091.0  64152.0 
65092.0  64153.0 
65093.0  64154.0 
65094.0  64155.0 
65095.0  64156.0 
65096.0  64157.0 
65097.0  64158.0 
65098.0  64159.0 
65099.0  64160.0 
65100.0  64161.0 
65101.0  64162.0 
65102.0  64163.0 
65103.0  64164.0 
65104.0  64165.0 
65105.0  64166.0 
65106.0  64167.0 
65107.0  64168.0 
65108.0  64169.0 
65109.0  64170.0 
65110.0  64171.0 
65111.0  64172.0 
65112.0  64173.0 
65113.0  64174.0 
65114.0  64175.0 
65115.0  64176.0 
65116.0  64177.0 
65117.0  64178.0 
65118.0  64179.0 
65119.0  64180.0 
65120.0  64181.0 
65121.0  64182.0 
65122.0  64183.0 
65123.0  64184.0 
65124.0  64185.0 
65125.0  64186.0 
65126.0  64187.0 
65127.0  64188.0 
65128.0  64189.0 
65129.0  64190.0 
65130.0  64191.0 
65131.0  64192.0 
65132.0  64193.0 
65133.0  64194.0 
65134.0  64195.0 
65135.1  65404.14 
65136.0  64197.0 
65137.0  64198.0 
65138.0  64199.0 
65139.0  64200.0 
65140.0  64201.0 
65141.0  64202.0 
65142.0  64203.0 
65143.0  64204.0 
65144.0  64205.0 
65145.0  64206.0 
65146.0  64207.0 
65147.0  64208.0 
65148.0  64209.0 
65149.0  64210.0 
65150.0  64211.0 
65151.0  64212.0 
65152.0  64213.0 
65153.0  64214.0 
65154.0  64215.0 
65155.0  64216.0 
65156.0  64217.0 
65157.0  64218.0 
65158.0  64219.0 
65159.0  64220.0 
65160.0  64221.0 
65161.0  64222.0 
65162.0  64223.0 
65163.0  64224.0 
65164.0  64225.0 
65165.0  64226.0 
65166.0  64227.0 
65167.0  64228.0 
65168.0  64229.0 
65169.0  64230.0 
65170.0  64231.0 
65171.0  64232.0 
65172.0  64233.0 
65173.0  64234.0 
65174.0  64235.0 
65175.0  64236.0 
65176.0  64237.0 
65177.0  64238.0 
65178.0  64239.0 
65179.0  64240.0 
65180.0  64241.0 
65181.0  64242.0 
65182.0  64243.0 
65183.0  64244.0 
65185.0  64246.0 
65186.0  64247.0 
65187.0  64248.0 
65188.0  64249.0 
65189.0  64250.0 
65190.0  64251.0 
65191.0  64252.0 
65192.0  64253.0 
65193.0  64254.0 
65194.0  64255.0 
65195.0  64256.0 
65196.0  64281.0 
65197.0  64257.0 
65198.0  64258.0 
65199.0  64259.0 
65200.0  64260.0 
65201.0  64261.0 
65202.0  64262.0 
65203.0  64263.0 
65204.0  64264.0 
65205.0  64265.0 
65206.0  64266.0 
65207.0  64267.0 
65208.0  64268.0 
65209.0  64269.0 
65210.0  64270.0 
65211.0  64271.0 
65212.0  64272.0 
65213.0  64273.0 
65214.0  64274.0 
65215.0  64275.0 
65216.0  64276.0 
65217.0  64277.0 
65218.0  64278.0 
65219.0  64279.0 
65220.0  64280.0 
65221.0  64282.0 
65222.0  64283.0 
65223.0  64284.0 
65224.0  64285.0 
65225.0  64286.0 
65226.0  64287.0 
65227.0  64288.0 
65228.0  64289.0 
65229.0  64290.0 
65230.0  64291.0 
65231.0  64292.0 
65232.0  64293.0 
65233.0  64294.0 
65234.0  64295.0 
65235.0  64296.0 
65236.0  64297.0 
65237.0  64298.0 
65238.0  64299.0 
65239.0  64300.0 
65240.0  64301.0 
65241.0  64302.0 
65242.0  64303.0 
65243.0  64304.0 
65244.0  64305.0 
65245.0  64306.0 
65246.0  64307.0 
65247.0  64308.0 
65248.0  64309.0 
65249.0  64310.0 
65250.0  64311.0 
65251.0  64312.0 
65252.0  64313.0 
65253.0  64314.0 
65254.0  64315.0 
65255.0  64316.0 
65256.0  64317.0 
65257.0  64318.0 
65258.0  64319.0 
65259.0  64320.0 
65260.0  64321.0 
65261.0  64322.0 
65262.0  64323.0 
65263.0  64324.0 
65264.0  64325.0 
65265.0  64326.0 
65266.0  64327.0 
65267.0  64328.0 
65268.0  64329.0 
65269.0  64330.0 
65270.0  64331.0 
65271.0  64332.0 
65272.0  64333.0 
65273.0  64334.0 
65274.0  64335.0 
65275.0  64336.0 
65276.0  64337.0 
65277.0  64338.0 
65278.0  64339.0 
65279.0  64340.0 
65280.0  64341.0 
65281.0  64342.0 
65282.0  64343.0 
65283.0  64344.0 
65284.0  64345.0 
65285.0  64346.0 
65286.0  64347.0 
65287.0  64348.0 
65288.0  64349.0 
65289.0  64350.0 
65290.0  64351.0 
65291.0  64352.0 
65292.0  64353.0 
65293.0  64354.0 
65294.0  64355.0 
65295.0  64356.0 
65296.0  64357.0 
65297.0  64358.0 
65298.0  64359.0 
65299.0  64360.0 
65300.1  65404.12 
65301.0  64362.0 
65302.0  64363.0 
65303.0  64364.0 
65304.0  64365.0 
65305.0  64366.0 
65306.0  64367.0 
65307.0  64368.0 
65308.0  64369.0 
65309.0  64370.0 
65310.0  64371.0 
65311.0  64372.0 
65312.0  64373.0 
65313.0  64374.0 
65314.0  64375.0 
65315.14  65404.13 
65315.14  64376.14 
65316.14  65404.13 
65316.14  64377.14 
65317.0  64378.0 
65318.0  64379.0 
65319.0  64380.0 
65320.0  64381.0 
65321.0  64382.0 
65322.0  64383.0 
65323.0  64384.0 
65324.0  64385.0 
65325.0  64386.0 
65326.0  64387.0 
65327.0  64388.0 
65328.0  64389.0 
65329.0  64390.0 
65330.0  64391.0 
65331.0  64392.0 
65332.0  64393.0 
65333.0  64394.0 
65334.0  64395.0 
65335.0  64396.0 
65336.0  64397.0 
65337.0  64398.0 
65338.1  64970.1 
65338.2  64970.2 
65338.3  64970.3 
65338.4  64970.4 
65338.5  64970.8 
65338.6  64970.9 
65339.0  64400.0 
65340.0  64401.0 
65341.0  64402.0 
65342.0  64403.0 
65343.0  64404.0 
65344.0  64405.0 
65345.0  64406.0 
65346.0  64407.0 
65347.0  64408.0 
65348.0  64409.0 
65349.0  64410.0 
65350.0  64411.0 
65351.0  64412.0 
65352.0  64413.0 
65353.0  64414.0 
65354.1  65404.14 
65355.0  64416.0 
65356.28  65404.14 
65356.28  64417.28 
65356.29  64970.5 
65357.28  65404.14 
65357.28  64418.28 
65357.29  64970.7 
65358.0  64419.0 
65359.2  64420.2 
65360.0  64421.0 
65361.0  64422.0 
65362.0  64423.0 
65363.0  64424.0 
65364.0  64425.0 
65365.0  64426.0 
65366.0  64427.0 
65367.1  65405.1 
65367.2  65406.1 
65367.3  65407.1 
65368.0  64429.0 
65369.0  64430.0 
65370.0  64431.0 
65371.0  64432.0 
65372.0  64433.0 
65373.0  64434.0 
65374.0  64435.0 
65375.0  64436.0 
65376.14  64437.14 
65376.15  64970.6 
65377.0  64438.0 
65378.0  64439.0 
65379.0  64440.0 
65380.0  64441.0 
65381.31  65404.11 
65381.32  65404.13 
65381.32  64442.32 
65382.0  64443.0 
65384.1  65408.1 
65385.0  64446.0 
65386.0  64447.0 
65388.0  64449.0 
65389.0  64450.0 
65390.0  64451.0 
65391.0  64452.0 
65392.0  64453.0 
65393.0  64454.0 
65394.0  64455.0 
65395.0  64456.0 
65396.0  64457.0 
65397.0  64458.0 
65398.0  64460.0 
65399.1  65410.0 
65399.1  64953.0 
65399.1  64966.0 
65399.1  64957.0 
65399.1  64956.0 
65399.1  64962.0 
65399.1  64967.0 
65399.1  64968.0 
65399.1  65411.1 
65399.1  65412.1 
65399.1  65413.1 
65399.1  65414.1 
65399.1  65415.1 
65400.0  64462.0 
65401.1  65416.1 
65402.1  65417.1 
65403.1  65418.1 
65404.12  64481.0 
65404.13  64442.31 
65404.14  65419.1 
65404.14  64031.14 
65405.1  65420.0 
65405.1  64953.0 
65405.1  65421.0 
65405.1  65422.0 
65405.1  64956.0 
65405.1  65423.0 
65405.1  64954.0 
65405.1  65424.0 
65405.1  64957.0 
65405.1  64959.0 
65405.1  65425.0 
65405.1  64962.0 
65405.1  65426.2 
65406.1  65428.0 
65406.1  64953.0 
65406.1  65421.0 
65406.1  65422.0 
65406.1  64954.0 
65406.1  64956.0 
65406.1  65423.0 
65406.1  64957.0 
65406.1  65424.0 
65406.1  64959.0 
65406.1  65429.0 
65406.1  64962.0 
65406.1  65367.1 
65407.1  65430.0 
65407.1  64953.0 
65407.1  64956.0 
65407.1  65367.2 
65408.1  65432.0 
65408.1  64953.0 
65408.1  65433.0 
65408.1  64956.0 
65408.1  64962.0 
65408.1  64968.0 
65408.1  65013.0 
65408.1  65434.3 
65408.1  65434.4 
65408.1  65434.5 
65408.1  65434.6 
65408.1  65434.7 
65409.1  64965.0 
65409.1  64953.0 
65409.1  64956.0 
65410.0  64472.0 
65411.1  65435.1 
65412.1  65436.1 
65413.1  65437.1 
65414.1  65438.1 
65415.1  65439.1 
65416.1  65440.0 
65416.1  64953.0 
65416.1  64956.0 
65416.1  64962.0 
65417.1  65441.0 
65417.1  64953.0 
65417.1  64956.0 
65417.1  64962.0 
65418.1  65443.0 
65418.1  64953.0 
65418.1  64956.0 
65419.1  65404.11 
65420.0  64483.0 
65421.0  64484.0 
65422.0  64485.0 
65423.0  64486.0 
65424.0  64487.0 
65426.1  65444.1 
65426.2  65445.1 
65427.1  65447.0 
65427.1  64953.0 
65427.1  64966.0 
65427.1  64957.0 
65427.1  64956.0 
65427.1  64962.0 
65427.1  64967.0 
65427.1  64968.0 
65427.1  65018.0 
65427.1  65019.0 
65427.1  65020.0 
65427.1  65448.1 
65427.1  65449.1 
65427.2  65450.1 
65427.3  65451.1 
65428.0  64491.0 
65430.0  64493.0 
65431.1  65452.0 
65431.1  64953.0 
65431.1  64966.0 
65431.1  64957.0 
65431.1  64956.0 
65431.1  64962.0 
65431.1  64967.0 
65431.1  64968.0 
65432.0  64495.0 
65433.0  64496.0 
65434.1  65453.1 
65434.2  65453.2 
65434.3  65453.3 
65434.4  65453.4 
65434.5  65453.5 
65434.6  65453.6 
65434.7  65453.7 
65435.1  65441.0 
65435.1  64953.0 
65435.1  64956.0 
65435.1  64962.0 
65436.1  65440.0 
65436.1  64953.0 
65436.1  64956.0 
65436.1  64962.0 
65437.1  65454.0 
65437.1  64953.0 
65437.1  64956.0 
65437.1  64962.0 
65438.1  65454.0 
65438.1  64953.0 
65438.1  64956.0 
65438.1  64962.0 
65439.1  65454.0 
65439.1  64953.0 
65439.1  64956.0 
65439.1  64962.0 
65440.0  64503.0 
65441.0  64504.0 
65443.0  64506.0 
65444.1  65420.0 
65444.1  64953.0 
65444.1  65421.0 
65444.1  65422.0 
65444.1  64956.0 
65444.1  65423.0 
65444.1  64954.0 
65444.1  65424.0 
65444.1  64957.0 
65444.1  64959.0 
65444.1  65456.0 
65444.1  64962.0 
65444.1  65457.1 
65445.1  65428.0 
65445.1  64953.0 
65445.1  65421.0 
65445.1  65422.0 
65445.1  64954.0 
65445.1  64956.0 
65445.1  65423.0 
65445.1  64957.0 
65445.1  65424.0 
65445.1  64959.0 
65445.1  65459.0 
65445.1  64962.0 
65445.1  65426.1 
65446.1  65428.0 
65446.1  64953.0 
65446.1  65421.0 
65446.1  65422.0 
65446.1  64954.0 
65446.1  64956.0 
65446.1  65423.0 
65446.1  64957.0 
65446.1  65424.0 
65446.1  64959.0 
65446.1  65460.0 
65446.1  64962.0 
65447.0  64510.0 
65448.1  65461.0 
65449.1  65462.1 
65450.1  65463.1 
65451.1  65464.1 
65452.0  64515.0 
65453.1  65465.0 
65453.1  64953.0 
65453.1  65466.0 
65453.1  64957.0 
65453.1  64956.0 
65453.1  65467.0 
65453.1  64962.0 
65453.1  65468.0 
65453.1  65469.0 
65453.1  64967.0 
65453.1  65470.0 
65453.1  65471.0 
65453.1  65472.0 
65453.1  64968.0 
65453.1  65473.0 
65453.1  65474.0 
65453.1  65475.0 
65453.1  65476.0 
65453.1  65477.0 
65453.1  65478.0 
65453.1  65479.0 
65453.1  65480.0 
65453.1  65481.0 
65453.1  65482.0 
65453.1  65483.0 
65453.1  65484.0 
65453.1  65485.0 
65453.1  65486.0 
65453.1  65487.0 
65453.1  65488.0 
65453.1  65489.0 
65453.1  65490.0 
65453.1  65491.0 
65453.1  65492.0 
65453.1  65493.0 
65453.1  65494.0 
65453.1  65495.0 
65453.1  65496.0 
65453.1  65497.0 
65453.1  65498.0 
65453.1  65499.0 
65453.1  65500.0 
65453.1  65501.0 
65453.1  65502.0 
65453.1  65503.0 
65453.1  65504.0 
65453.1  65505.0 
65453.1  65506.0 
65453.1  65507.0 
65453.1  65508.0 
65453.1  65509.0 
65453.1  65510.0 
65453.1  65511.0 
65453.1  65512.0 
65453.1  65513.0 
65453.1  65514.0 
65453.1  65515.0 
65453.1  65516.0 
65453.1  65517.0 
65453.1  65518.0 
65453.1  65519.0 
65453.1  65520.0 
65453.1  65521.0 
65453.1  65522.0 
65453.1  65523.0 
65453.1  65524.0 
65453.1  65525.0 
65453.1  65526.0 
65453.1  65527.0 
65453.1  65528.0 
65453.1  65529.0 
65453.1  65530.0 
65453.1  65531.0 
65453.1  65532.0 
65453.1  65533.0 
65453.1  65534.0 
65453.1  65535.0 
65453.1  65536.0 
65453.1  65537.0 
65453.1  65538.0 
65453.1  65539.0 
65453.1  65540.0 
65453.1  65541.0 
65453.1  65542.0 
65453.1  65543.0 
65453.1  65544.0 
65453.2  65545.0 
65453.2  65546.0 
65453.2  65547.0 
65453.2  65548.0 
65453.2  65549.0 
65453.2  65550.0 
65453.2  65551.0 
65453.2  65552.0 
65453.2  65553.0 
65453.2  65554.0 
65453.2  65555.0 
65453.2  65556.0 
65453.2  65557.0 
65453.2  65558.0 
65453.2  65559.0 
65453.2  65560.0 
65453.2  65561.0 
65453.2  65562.0 
65453.2  65563.0 
65453.2  65564.0 
65453.2  65565.0 
65453.2  65566.0 
65453.2  65567.0 
65453.2  65568.0 
65453.2  65569.0 
65453.2  65570.0 
65453.2  65571.0 
65453.2  65572.0 
65453.2  65573.0 
65453.2  65574.0 
65453.2  65575.0 
65453.2  65576.0 
65453.2  65577.0 
65453.2  65578.0 
65453.2  65579.0 
65453.2  65580.0 
65453.2  65581.0 
65453.2  65582.0 
65453.2  65583.0 
65453.2  65584.0 
65453.2  65585.0 
65453.2  65586.0 
65453.2  65587.0 
65453.2  65588.0 
65453.2  65589.0 
65453.2  65590.0 
65453.2  65591.0 
65453.2  65592.0 
65453.2  65593.0 
65453.2  65594.0 
65453.2  65595.0 
65453.2  65596.0 
65453.2  65597.0 
65453.2  65598.0 
65453.2  65599.0 
65453.2  65600.0 
65453.2  65601.0 
65453.2  65602.0 
65453.2  65603.0 
65453.2  65604.0 
65453.2  65605.0 
65453.2  65606.0 
65453.2  65607.0 
65453.2  65608.0 
65453.2  65609.0 
65453.2  65610.0 
65453.2  65611.0 
65453.2  65612.0 
65453.2  65613.0 
65453.2  65614.0 
65453.2  65615.0 
65453.2  65616.0 
65453.2  65617.0 
65453.2  65618.0 
65453.2  65619.0 
65453.2  65620.0 
65453.2  65621.0 
65453.2  65622.0 
65453.3  65623.0 
65453.3  65624.0 
65453.3  65625.0 
65453.3  65626.0 
65453.3  65627.0 
65453.3  65628.0 
65453.3  65629.0 
65453.3  65630.0 
65453.3  65631.0 
65453.3  65632.0 
65453.3  65633.0 
65453.3  65634.0 
65453.3  65635.0 
65453.3  65636.0 
65453.3  65637.0 
65453.3  65638.0 
65453.3  65639.0 
65453.3  65640.0 
65453.3  65641.0 
65453.3  65642.0 
65453.3  65643.0 
65453.3  65644.0 
65453.3  65645.0 
65453.3  65646.0 
65453.3  65647.0 
65453.3  65648.0 
65453.3  65649.0 
65453.3  65650.0 
65453.3  65651.0 
65453.3  65652.0 
65453.3  65653.0 
65453.3  65654.0 
65453.3  65655.0 
65453.3  65656.0 
65453.3  65657.0 
65453.3  65658.0 
65453.3  65659.0 
65453.3  65660.0 
65453.3  65661.0 
65453.3  65662.0 
65453.3  65663.0 
65453.3  65664.0 
65453.3  65665.0 
65453.3  65666.0 
65453.3  65667.0 
65453.3  65668.0 
65453.3  65669.0 
65453.3  65670.0 
65453.3  65671.0 
65453.3  65672.0 
65453.3  65673.0 
65453.3  65674.0 
65453.3  65675.0 
65453.3  65676.0 
65453.3  65677.0 
65453.3  65678.0 
65453.3  65679.0 
65453.3  65680.0 
65453.3  65681.0 
65453.3  65682.0 
65453.3  65683.0 
65453.3  65684.0 
65453.3  65685.0 
65453.3  65686.0 
65453.3  65687.0 
65453.3  65688.0 
65453.3  65689.0 
65453.3  65690.0 
65453.3  65691.0 
65453.3  65692.0 
65453.3  65693.0 
65453.3  65694.0 
65453.3  65695.0 
65453.3  65696.0 
65453.3  65697.0 
65453.3  65698.0 
65453.3  65699.0 
65453.3  65700.0 
65453.3  65701.0 
65453.4  65702.0 
65453.4  65703.0 
65453.4  65704.0 
65453.4  65705.0 
65453.4  65706.0 
65453.4  65707.0 
65453.4  65708.0 
65453.4  65709.0 
65453.4  65710.0 
65453.4  65711.0 
65453.4  65712.0 
65453.4  65713.0 
65453.4  65714.0 
65453.4  65715.0 
65453.4  65716.0 
65453.4  65717.0 
65453.4  65718.0 
65453.4  65719.0 
65453.4  65720.0 
65453.4  65721.0 
65453.4  65722.0 
65453.4  65723.0 
65453.4  65724.0 
65453.4  65725.0 
65453.4  65726.0 
65453.4  65727.0 
65453.4  65728.0 
65453.4  65729.0 
65453.4  65730.0 
65453.4  65731.0 
65453.4  65732.0 
65453.4  65733.0 
65453.4  65734.0 
65453.4  65735.0 
65453.4  65736.0 
65453.4  65737.0 
65453.4  65738.0 
65453.4  65739.0 
65453.4  65740.0 
65453.5  65741.0 
65453.5  65742.0 
65453.5  65743.0 
65453.5  65744.0 
65453.5  65745.0 
65453.5  65746.0 
65453.5  65747.0 
65453.5  65748.0 
65453.5  65749.0 
65453.5  65750.0 
65453.5  65751.0 
65453.5  65752.0 
65453.5  65753.0 
65453.5  65754.0 
65453.5  65755.0 
65453.5  65756.0 
65453.5  65757.0 
65453.5  65758.0 
65453.5  65759.0 
65453.5  65760.0 
65453.5  65761.0 
65453.5  65762.0 
65453.5  65763.0 
65453.5  65764.0 
65453.5  65765.0 
65453.5  65766.0 
65453.5  65767.0 
65453.5  65768.0 
65453.5  65769.0 
65453.5  65770.0 
65453.5  65771.0 
65453.5  65772.0 
65453.5  65773.0 
65453.5  65774.0 
65453.5  65775.0 
65453.5  65776.0 
65453.5  65777.0 
65453.5  65778.0 
65453.5  65779.0 
65453.5  65780.0 
65453.5  65781.0 
65453.5  65782.0 
65453.5  65783.0 
65453.5  65784.0 
65453.5  65785.0 
65453.5  65786.0 
65453.5  65787.0 
65453.5  65788.0 
65453.6  65789.0 
65453.6  65790.0 
65453.6  65791.0 
65453.6  65792.0 
65453.6  65793.0 
65453.6  65794.0 
65453.6  65795.0 
65453.6  65796.0 
65453.6  65797.0 
65453.6  65798.0 
65453.6  65799.0 
65453.6  65800.0 
65453.6  65801.0 
65453.6  65802.0 
65453.6  65803.0 
65453.6  65804.0 
65453.6  65805.0 
65453.6  65806.0 
65453.6  65807.0 
65453.6  65808.0 
65453.6  65809.0 
65453.6  65810.0 
65453.6  65811.0 
65453.6  65812.0 
65453.6  65813.0 
65453.6  65814.0 
65453.6  65815.0 
65453.7  65816.0 
65453.7  65817.0 
65453.7  65818.0 
65453.7  65819.0 
65453.7  65820.0 
65453.7  65821.0 
65453.7  65822.0 
65453.7  65823.0 
65453.7  65824.0 
65453.7  65825.0 
65453.7  65826.0 
65453.7  65827.0 
65453.7  65828.0 
65453.7  65829.0 
65453.7  65830.0 
65453.7  65831.0 
65453.7  65832.0 
65453.7  65833.0 
65453.7  65834.0 
65453.7  65835.0 
65453.7  65836.0 
65453.7  65837.0 
65453.7  65838.0 
65453.7  65839.0 
65453.7  65840.0 
65453.7  65841.0 
65453.7  65842.0 
65453.7  65843.0 
65453.7  65844.0 
65453.7  65845.0 
65453.7  65846.0 
65453.7  65847.0 
65453.7  65848.0 
65453.7  65849.0 
65453.7  65850.0 
65453.7  65851.0 
65453.7  65852.0 
65453.7  65853.0 
65453.7  65854.0 
65453.7  65855.0 
65453.7  65856.0 
65454.0  64517.0 
65455.1  64921.0 
65455.1  64014.0 
65455.1  64027.0 
65455.1  64018.0 
65455.1  64017.0 
65455.1  64023.0 
65455.1  64028.0 
65455.1  64029.0 
65455.1  64079.0 
65455.1  64080.0 
65455.1  64081.0 
65455.1  65858.1 
65455.1  65859.1 
65455.1  64074.0 
65455.1  64086.0 
65455.1  65860.1 
65457.1  65861.1 
65458.1  64025.1 
65462.1  65863.0 
65462.1  64953.0 
65462.1  64956.0 
65462.1  64962.0 
65462.1  64968.0 
65462.1  65864.1 
65463.1  65863.0 
65463.1  64953.0 
65463.1  64956.0 
65463.1  64962.0 
65463.1  64968.0 
65463.1  65866.1 
65464.1  65863.0 
65464.1  64953.0 
65464.1  64956.0 
65464.1  64962.0 
65464.1  64968.0 
65464.1  65868.1 
65465.0  64528.0 
65466.0  64529.0 
65467.0  64530.0 
65469.0  64532.0 
65470.0  64533.0 
65471.0  64534.0 
65472.0  64535.0 
65473.0  64536.0 
65474.0  64537.0 
65475.0  64538.0 
65476.0  64539.0 
65477.0  64540.0 
65478.0  64541.0 
65479.0  64542.0 
65480.0  64543.0 
65481.0  64544.0 
65482.0  64545.0 
65483.0  64546.0 
65484.0  64547.0 
65485.0  64548.0 
65486.0  64549.0 
65487.0  64550.0 
65488.0  64551.0 
65489.0  64552.0 
65490.0  64553.0 
65491.0  64554.0 
65492.0  64555.0 
65493.0  64556.0 
65494.0  64557.0 
65495.0  64558.0 
65496.0  64559.0 
65497.0  64560.0 
65498.0  64561.0 
65499.0  64562.0 
65500.0  64563.0 
65501.0  64564.0 
65502.0  64565.0 
65503.0  64566.0 
65504.0  64567.0 
65505.0  64568.0 
65506.0  64569.0 
65507.0  64570.0 
65508.0  64571.0 
65509.0  64572.0 
65510.0  64573.0 
65511.0  64574.0 
65512.0  64575.0 
65513.0  64576.0 
65514.0  64577.0 
65515.0  64578.0 
65516.0  64579.0 
65517.0  64580.0 
65518.0  64581.0 
65519.0  64582.0 
65520.0  64583.0 
65521.0  64584.0 
65522.0  64585.0 
65523.0  64586.0 
65524.0  64587.0 
65525.0  64588.0 
65526.0  64589.0 
65527.0  64590.0 
65528.0  64591.0 
65529.0  64592.0 
65530.0  64593.0 
65531.0  64594.0 
65532.0  64595.0 
65533.0  64596.0 
65534.0  64597.0 
65535.0  64598.0 
65536.0  64599.0 
65537.0  64600.0 
65538.0  64601.0 
65539.0  64602.0 
65540.0  64603.0 
65541.0  64604.0 
65542.0  64605.0 
65543.0  64606.0 
65544.0  64607.0 
65545.0  64608.0 
65546.0  64609.0 
65547.0  64610.0 
65548.0  64611.0 
65549.0  64612.0 
65550.0  64613.0 
65551.0  64614.0 
65552.0  64615.0 
65553.0  64616.0 
65554.0  64617.0 
65555.0  64618.0 
65556.0  64619.0 
65557.0  64620.0 
65558.0  64621.0 
65559.0  64622.0 
65560.0  64623.0 
65561.0  64624.0 
65562.0  64625.0 
65563.0  64626.0 
65564.0  64627.0 
65565.0  64628.0 
65566.0  64629.0 
65567.0  64630.0 
65568.0  64631.0 
65569.0  64632.0 
65570.0  64633.0 
65571.0  64634.0 
65572.0  64635.0 
65573.0  64636.0 
65574.0  64637.0 
65575.0  64638.0 
65576.0  64639.0 
65577.0  64640.0 
65578.0  64641.0 
65579.0  64642.0 
65580.0  64643.0 
65581.0  64644.0 
65582.0  64645.0 
65583.0  64646.0 
65584.0  64647.0 
65585.0  64648.0 
65586.0  64649.0 
65587.0  64650.0 
65588.0  64651.0 
65589.0  64652.0 
65590.0  64653.0 
65591.0  64654.0 
65592.0  64655.0 
65593.0  64656.0 
65594.0  64657.0 
65595.0  64658.0 
65596.0  64659.0 
65597.0  64660.0 
65598.0  64661.0 
65599.0  64662.0 
65600.0  64663.0 
65601.0  64664.0 
65602.0  64665.0 
65603.0  64666.0 
65604.0  64667.0 
65605.0  64668.0 
65606.0  64669.0 
65607.0  64670.0 
65608.0  64671.0 
65609.0  64672.0 
65610.0  64673.0 
65611.0  64674.0 
65612.0  64675.0 
65613.0  64676.0 
65614.0  64677.0 
65615.0  64678.0 
65616.0  64679.0 
65617.0  64680.0 
65618.0  64681.0 
65619.0  64682.0 
65620.0  64683.0 
65621.0  64684.0 
65622.0  64685.0 
65623.0  64686.0 
65624.0  64687.0 
65625.0  64688.0 
65626.0  64689.0 
65627.0  64690.0 
65628.0  64691.0 
65629.0  64692.0 
65630.0  64693.0 
65631.0  64694.0 
65632.0  64695.0 
65633.0  64696.0 
65634.0  64697.0 
65635.0  64698.0 
65636.0  64699.0 
65637.0  64700.0 
65638.0  64701.0 
65639.0  64702.0 
65640.0  64703.0 
65641.0  64704.0 
65642.0  64705.0 
65643.0  64706.0 
65644.0  64707.0 
65645.0  64708.0 
65646.0  64709.0 
65647.0  64710.0 
65648.0  64711.0 
65649.0  64712.0 
65650.0  64713.0 
65651.0  64714.0 
65652.0  64715.0 
65653.0  64716.0 
65654.0  64717.0 
65655.0  64718.0 
65656.0  64719.0 
65657.0  64720.0 
65658.0  64721.0 
65659.0  64722.0 
65660.0  64723.0 
65661.0  64724.0 
65662.0  64725.0 
65663.0  64726.0 
65664.0  64727.0 
65665.0  64728.0 
65666.0  64729.0 
65667.0  64730.0 
65668.0  64731.0 
65669.0  64732.0 
65670.0  64733.0 
65672.0  64735.0 
65673.0  64736.0 
65674.0  64737.0 
65675.0  64738.0 
65676.0  64739.0 
65677.0  64740.0 
65678.0  64741.0 
65679.0  64742.0 
65680.0  64743.0 
65681.0  64744.0 
65682.0  64745.0 
65683.0  64746.0 
65684.0  64747.0 
65685.0  64748.0 
65686.0  64749.0 
65687.0  64750.0 
65688.0  64751.0 
65689.0  64752.0 
65690.0  64753.0 
65691.0  64754.0 
65692.0  64755.0 
65693.0  64756.0 
65694.0  64757.0 
65695.0  64758.0 
65696.0  64759.0 
65697.0  64760.0 
65698.0  64761.0 
65699.0  64762.0 
65700.0  64763.0 
65701.0  64764.0 
65702.0  64765.0 
65703.0  64766.0 
65704.0  64767.0 
65705.0  64768.0 
65706.0  64769.0 
65707.0  64770.0 
65708.0  64771.0 
65709.0  64772.0 
65710.0  64773.0 
65711.0  64774.0 
65712.0  64775.0 
65713.0  64776.0 
65714.0  64777.0 
65715.0  64778.0 
65716.0  64779.0 
65717.0  64780.0 
65718.0  64781.0 
65719.0  64782.0 
65720.0  64783.0 
65721.0  64784.0 
65722.0  64785.0 
65723.0  64786.0 
65724.0  64787.0 
65725.0  64788.0 
65726.0  64789.0 
65727.0  64790.0 
65728.0  64791.0 
65729.0  64792.0 
65730.0  64793.0 
65731.0  64794.0 
65732.0  64795.0 
65733.0  64796.0 
65734.0  64797.0 
65735.0  64798.0 
65736.0  64799.0 
65737.0  64800.0 
65738.0  64801.0 
65739.0  64802.0 
65740.0  64803.0 
65741.0  64804.0 
65742.0  64805.0 
65743.0  64806.0 
65744.0  64807.0 
65745.0  64808.0 
65746.0  64809.0 
65747.0  64810.0 
65748.0  64811.0 
65749.0  64812.0 
65750.0  64813.0 
65751.0  64814.0 
65752.0  64815.0 
65753.0  64816.0 
65754.0  64817.0 
65755.0  64818.0 
65756.0  64819.0 
65757.0  64820.0 
65758.0  64821.0 
65759.0  64822.0 
65760.0  64823.0 
65761.0  64824.0 
65762.0  64825.0 
65763.0  64826.0 
65764.0  64827.0 
65765.0  64828.0 
65766.0  64829.0 
65767.0  64830.0 
65768.0  64831.0 
65769.0  64832.0 
65770.0  64833.0 
65771.0  64834.0 
65772.0  64835.0 
65773.0  64836.0 
65774.0  64837.0 
65775.0  64838.0 
65776.0  64839.0 
65777.0  64840.0 
65778.0  64841.0 
65779.0  64842.0 
65780.0  64843.0 
65781.0  64844.0 
65782.0  64845.0 
65783.0  64846.0 
65784.0  64847.0 
65785.0  64848.0 
65786.0  64849.0 
65787.0  64850.0 
65788.0  64851.0 
65789.0  64852.0 
65790.0  64853.0 
65791.0  64854.0 
65792.0  64855.0 
65793.0  64856.0 
65794.0  64857.0 
65795.0  64858.0 
65796.0  64859.0 
65797.0  64860.0 
65798.0  64861.0 
65799.0  64862.0 
65800.0  64863.0 
65801.0  64864.0 
65802.0  64865.0 
65803.0  64866.0 
65804.0  64867.0 
65805.0  64868.0 
65806.0  64869.0 
65807.0  64870.0 
65808.0  64871.0 
65809.0  64872.0 
65810.0  64873.0 
65811.0  64874.0 
65812.0  64875.0 
65813.0  64876.0 
65814.0  64877.0 
65815.0  64878.0 
65816.0  64879.0 
65817.0  64880.0 
65818.0  64881.0 
65819.0  64882.0 
65820.0  64883.0 
65821.0  64884.0 
65822.0  64885.0 
65823.0  64886.0 
65824.0  64887.0 
65825.0  64888.0 
65826.0  64889.0 
65827.0  64890.0 
65857.1  64483.0 
65857.1  64014.0 
65857.1  64484.0 
65857.1  64485.0 
65857.1  64017.0 
65857.1  64486.0 
65857.1  64015.0 
65857.1  64487.0 
65857.1  64018.0 
65857.1  64020.0 
65857.1  65869.0 
65857.1  64023.0 
65857.1  64428.3 
65858.1  65870.1 
65859.1  65871.1 
65860.1  65872.1 
65861.1  64937.0 
65861.1  64014.0 
65861.1  64017.0 
65861.1  65873.3 
65863.0  64927.0 
65864.1  65874.0 
65866.1  65875.0 
65868.1  65876.0 
65870.1  64927.0 
65870.1  64014.0 
65870.1  64017.0 
65870.1  64023.0 
65870.1  64029.0 
65870.1  65878.1 
65871.1  64944.0 
65871.1  64014.0 
65871.1  64017.0 
65871.1  64023.0 
65871.1  64945.23 
65872.1  64944.0 
65872.1  64014.0 
65872.1  64017.0 
65872.1  64023.0 
65872.1  64946.23 
65873.3  64428.3 
65878.1  65879.0 
64970.11  65881.0 
65881.0  62397.0 
64950.0  64951.0 
64951.0  64964.0 
64970.0  64971.0 
64971.0  65399.0 
65399.0  65409.0 
65405.0  64964.0 
65406.0  65427.0 
65407.0  65427.0 
65408.0  65431.0 
65409.0  64964.0 
65416.0  64971.0 
65417.0  64971.0 
65418.0  65442.0 
65427.0  65446.0 
65431.0  64970.0 
65435.0  65399.0 
65436.0  65399.0 
65437.0  65399.0 
65438.0  65399.0 
65439.0  65399.0 
65442.0  64971.0 
65444.0  65455.0 
65445.0  65458.0 
65446.0  64964.0 
65453.0  65431.0 
65455.0  65857.0 
65461.0  65427.0 
65462.0  65862.0 
65463.0  65865.0 
65464.0  65867.0 
65857.0  65458.0 
65861.0  65455.0 
65862.0  65427.0 
65865.0  65427.0 
65867.0  65427.0 
65870.0  65877.0 
65871.0  65455.0 
65872.0  65455.0 
65874.0  65862.0 
65875.0  65865.0 
65876.0  65867.0 
65877.0  65455.0 
65879.0  65877.0 
64969.1  64970.10 
65880.1  64970.11 
65882.1  64970.11 
