44388.1  44390.0 
44388.1  44391.0 
44388.1  44392.0 
44388.1  44393.0 
44388.1  44394.0 
44388.1  44395.0 
44388.1  44396.0 
44388.1  44397.0 
44388.1  44398.0 
44388.1  44399.0 
44388.1  44400.0 
44388.1  44401.0 
44388.1  44402.0 
44388.1  44403.0 
44388.1  44404.0 
44388.1  44405.0 
44388.1  44406.0 
44388.1  44407.0 
44388.1  44408.0 
44388.1  44409.0 
44388.1  44410.0 
44388.1  44411.0 
44388.1  44412.0 
44388.1  44413.0 
44388.1  44414.0 
44388.1  44415.0 
44388.1  44416.0 
44388.1  44417.0 
44388.1  44418.0 
44388.1  44419.0 
44388.1  44420.0 
44388.1  44421.0 
44388.1  44422.0 
44388.1  44423.0 
44388.1  44424.0 
44388.1  44425.0 
44388.1  44426.0 
44388.1  44427.0 
44388.1  44428.0 
44388.1  44429.0 
44388.1  44430.0 
44388.1  44431.0 
44388.1  44432.0 
44388.1  44433.0 
44388.1  44434.0 
44388.1  44435.0 
44388.1  44436.0 
44388.1  44437.0 
44388.1  44438.0 
44388.1  44439.0 
44388.1  44440.0 
44388.1  44441.0 
44388.1  44442.0 
44388.1  44443.0 
44388.1  44444.0 
44388.1  44445.0 
44388.1  44446.0 
44388.1  44447.0 
44388.1  44448.0 
44388.1  44449.0 
44388.1  44450.0 
44388.1  44451.0 
44388.1  44452.0 
44388.1  44453.0 
44388.1  44454.0 
44388.1  44455.0 
44388.1  44456.0 
44388.1  44457.0 
44388.1  44458.0 
44388.1  44459.0 
44388.1  44460.0 
44388.1  44461.0 
44388.1  44462.0 
44388.1  44463.0 
44388.1  44464.0 
44388.1  44465.0 
44388.1  44466.0 
44388.1  44467.0 
44388.1  44468.0 
44388.1  44469.0 
44388.1  44470.0 
44388.1  44471.0 
44388.1  44472.0 
44388.1  44473.0 
44388.1  44474.0 
44388.1  44475.0 
44388.1  44476.0 
44388.1  44477.0 
44388.1  44478.0 
44388.1  44479.0 
44388.1  44480.0 
44388.1  44481.0 
44388.1  44482.0 
44388.1  44483.0 
44388.1  44484.0 
44388.1  44485.0 
44388.1  44486.0 
44388.1  44487.0 
44388.1  44488.0 
44388.1  44489.0 
44388.1  44490.0 
44388.1  44491.0 
44388.1  44492.0 
44388.1  44493.0 
44388.1  44494.0 
44388.1  44495.0 
44388.1  44496.0 
44388.1  44497.0 
44388.1  44498.0 
44388.1  44499.0 
44388.1  44500.0 
44388.1  44501.0 
44388.1  44502.0 
44388.1  44503.0 
44388.1  44504.0 
44388.1  44505.0 
44388.1  44506.0 
44388.1  44507.0 
44388.1  44508.0 
44388.1  44509.0 
44388.1  44510.0 
44388.1  44511.0 
44388.1  44512.0 
44388.1  44513.0 
44388.1  44514.0 
44388.1  44515.0 
44388.1  44516.0 
44388.1  44517.0 
44388.1  44518.0 
44388.1  44519.0 
44388.1  44520.0 
44388.1  44521.0 
44388.1  44522.0 
44388.1  44523.0 
44388.1  44524.0 
44388.1  44525.0 
44388.1  44526.0 
44388.1  44527.0 
44388.1  44528.0 
44388.1  44529.0 
44388.1  44530.0 
44388.1  44531.0 
44388.1  44532.0 
44388.1  44533.0 
44388.1  44534.0 
44388.1  44535.0 
44388.1  44536.0 
44388.1  44537.0 
44388.1  44538.0 
44388.1  44539.0 
44388.1  44540.0 
44388.1  44541.0 
44388.1  44542.0 
44388.1  44543.0 
44388.1  44544.0 
44388.1  44545.0 
44388.1  44546.0 
44388.1  44547.0 
44388.1  44548.0 
44388.1  44549.0 
44388.1  44550.0 
44388.1  44551.0 
44388.1  44552.0 
44388.1  44553.0 
44388.1  44554.0 
44388.1  44555.0 
44388.1  44556.0 
44388.1  44557.0 
44388.1  44558.0 
44388.1  44559.1 
44388.1  44560.0 
44388.1  44561.0 
44388.1  44562.0 
44388.1  44563.0 
44388.1  44564.0 
44388.1  44565.0 
44388.2  44566.0 
44388.2  44567.0 
44388.2  44568.0 
44388.2  44569.0 
44388.2  44570.0 
44388.2  44571.0 
44388.2  44572.0 
44388.2  44573.0 
44388.2  44574.0 
44388.2  44575.0 
44388.2  44576.0 
44388.2  44577.0 
44388.2  44578.0 
44388.2  44579.0 
44388.2  44580.0 
44388.2  44581.0 
44388.2  44582.0 
44388.2  44583.0 
44388.2  44584.0 
44388.2  44585.0 
44388.2  44586.0 
44388.2  44587.0 
44388.2  44588.0 
44388.2  44589.0 
44388.2  44590.0 
44388.2  44591.0 
44388.2  44592.0 
44388.2  44593.0 
44388.2  44594.0 
44388.2  44595.0 
44388.2  44596.0 
44388.2  44597.0 
44388.2  44598.0 
44388.2  44599.0 
44388.2  44600.0 
44388.2  44601.0 
44388.2  44602.0 
44388.2  44603.0 
44388.2  44604.0 
44388.2  44605.0 
44388.2  44606.0 
44388.2  44607.0 
44388.2  44608.0 
44388.2  44609.0 
44388.2  44610.0 
44388.2  44611.0 
44388.2  44612.0 
44388.2  44613.0 
44388.2  44614.0 
44388.2  44615.0 
44388.2  44616.0 
44388.2  44617.0 
44388.2  44618.0 
44388.2  44619.0 
44388.2  44620.0 
44388.2  44621.0 
44388.2  44622.0 
44388.2  44623.0 
44388.2  44624.0 
44388.2  44625.0 
44388.2  44626.0 
44388.2  44627.0 
44388.2  44628.0 
44388.2  44629.0 
44388.2  44630.0 
44388.2  44631.0 
44388.2  44632.0 
44388.2  44633.0 
44388.2  44634.0 
44388.2  44635.0 
44388.2  44636.0 
44388.2  44637.0 
44388.2  44638.0 
44388.2  44639.0 
44388.2  44640.0 
44388.2  44641.0 
44388.2  44642.0 
44388.2  44643.0 
44388.2  44644.0 
44388.2  44645.0 
44388.2  44646.0 
44388.2  44647.0 
44388.2  44648.0 
44388.2  44649.0 
44388.2  44650.0 
44388.2  44651.0 
44388.2  44652.0 
44388.2  44653.0 
44388.2  44654.0 
44388.2  44655.0 
44388.2  44656.0 
44388.2  44657.0 
44388.2  44658.0 
44388.2  44659.0 
44388.2  44660.0 
44388.2  44661.0 
44388.2  44662.0 
44388.2  44663.0 
44388.2  44664.0 
44388.2  44665.0 
44388.2  44666.0 
44388.2  44667.0 
44388.2  44668.0 
44388.2  44669.0 
44388.2  44670.0 
44388.2  44671.0 
44388.2  44672.0 
44388.2  44673.0 
44388.2  44674.0 
44388.2  44675.0 
44388.2  44676.0 
44388.2  44677.0 
44388.2  44678.0 
44388.2  44679.0 
44388.2  44680.0 
44388.2  44681.0 
44388.2  44682.0 
44388.2  44683.0 
44388.2  44684.0 
44388.2  44685.0 
44388.2  44686.0 
44388.2  44687.0 
44388.2  44688.0 
44388.2  44689.0 
44388.2  44690.0 
44388.2  44691.0 
44388.2  44692.0 
44388.2  44693.0 
44388.2  44694.0 
44388.2  44695.0 
44388.2  44696.0 
44388.2  44697.0 
44388.2  44698.0 
44388.2  44699.0 
44388.2  44700.0 
44388.2  44701.0 
44388.2  44702.0 
44388.2  44703.0 
44388.2  44704.0 
44388.2  44705.0 
44388.2  44706.0 
44388.2  44707.0 
44388.2  44708.0 
44388.2  44709.0 
44388.2  44710.0 
44388.2  44711.0 
44388.2  44712.0 
44388.2  44713.0 
44388.2  44714.0 
44388.2  44715.0 
44388.2  44716.0 
44388.2  44717.0 
44388.2  44718.0 
44388.2  44719.0 
44388.2  44720.0 
44388.2  44721.0 
44388.2  44722.0 
44388.2  44723.0 
44388.2  44724.0 
44388.2  44725.0 
44388.2  44726.1 
44388.2  44727.0 
44388.2  44728.0 
44388.2  44729.0 
44388.2  44730.0 
44388.2  44731.0 
44388.2  44732.0 
44388.2  44733.0 
44388.2  44734.0 
44388.2  44735.0 
44388.2  44736.0 
44388.2  44737.0 
44388.2  44738.0 
44388.2  44739.0 
44388.2  44740.0 
44388.2  44741.50 
44388.2  44742.50 
44388.2  44743.0 
44388.2  44744.0 
44388.2  44745.0 
44388.2  44746.0 
44388.2  44747.0 
44388.2  44748.0 
44388.2  44749.0 
44388.2  44750.0 
44388.2  44751.0 
44388.2  44752.0 
44388.2  44753.0 
44388.2  44754.0 
44388.2  44755.0 
44388.3  44756.0 
44388.3  44757.0 
44388.3  44758.0 
44388.3  44759.0 
44388.3  44760.0 
44388.3  44761.0 
44388.3  44762.0 
44388.3  44763.0 
44388.3  44764.2 
44388.3  44765.0 
44388.3  44766.0 
44388.3  44767.0 
44388.3  44768.0 
44388.3  44769.0 
44388.3  44770.0 
44388.4  44771.0 
44388.4  44772.0 
44388.4  44773.0 
44388.4  44774.0 
44388.4  27362.1 
44388.5  44775.0 
44388.5  44776.0 
44388.5  44777.0 
44388.5  44778.0 
44388.5  44779.0 
44388.5  44780.1 
44388.5  44781.0 
44388.5  44782.100 
44388.5  44783.100 
44388.5  44784.0 
44388.5  44785.0 
44388.6  44786.0 
44388.6  44787.0 
44388.6  44788.0 
44388.6  44789.0 
44388.6  44790.0 
44388.6  44791.0 
44388.6  44792.0 
44388.6  44793.0 
44388.6  44794.0 
44388.6  44795.3 
44388.6  44796.0 
44388.6  44797.0 
44388.6  44798.0 
44388.6  44799.0 
44388.6  44800.0 
44388.6  44801.0 
44388.6  44802.0 
44388.6  44803.0 
44388.6  44804.48 
44388.6  44805.0 
44388.6  44806.0 
44388.7  44807.0 
44388.7  44808.0 
44388.7  44809.116 
44388.7  44810.0 
44388.7  44811.0 
44388.7  44812.1 
44388.7  44813.0 
44388.7  44814.0 
44388.7  44815.0 
44388.7  44816.0 
44388.7  44817.0 
44388.8  44818.0 
44388.8  44819.0 
44388.8  44820.0 
44388.8  44821.0 
44388.8  44822.0 
44388.9  44823.0 
44388.9  44824.0 
44388.9  44825.0 
44388.9  44764.5 
44388.10  44826.0 
44389.1  44828.0 
44389.1  44394.0 
44389.1  44829.0 
44389.1  44399.0 
44389.1  44415.0 
44389.1  44435.0 
44389.1  44555.0 
44389.1  44440.0 
44389.1  44830.1 
44389.1  44831.1 
44389.1  44832.1 
44390.0  43934.0 
44391.0  43935.0 
44392.0  43936.0 
44393.0  43937.0 
44394.0  43938.0 
44395.0  43939.0 
44396.0  43940.0 
44397.0  43941.0 
44398.0  43942.0 
44399.0  43943.0 
44400.0  43944.0 
44401.0  43945.0 
44402.0  43946.0 
44403.0  43947.0 
44404.0  43948.0 
44405.0  43949.0 
44406.0  43950.0 
44407.0  43951.0 
44408.0  43952.0 
44409.0  43953.0 
44410.0  43954.0 
44411.0  43955.0 
44412.0  43956.0 
44413.0  43957.0 
44414.0  43958.0 
44415.0  43959.0 
44416.0  43960.0 
44417.0  43961.0 
44418.0  43962.0 
44419.0  43963.0 
44420.0  43964.0 
44421.0  43965.0 
44422.0  43966.0 
44423.0  43967.0 
44424.0  43968.0 
44425.0  43969.0 
44426.0  43970.0 
44427.0  43971.0 
44428.0  43972.0 
44429.0  43973.0 
44430.0  43974.0 
44431.0  43975.0 
44432.0  43976.0 
44433.0  43977.0 
44434.0  43978.0 
44435.0  43979.0 
44436.0  43980.0 
44437.0  43981.0 
44438.0  43982.0 
44439.0  43983.0 
44440.0  43984.0 
44441.0  43985.0 
44442.0  43986.0 
44443.0  43987.0 
44444.0  43988.0 
44445.0  43989.0 
44446.0  43990.0 
44447.0  43991.0 
44448.0  43992.0 
44449.0  43993.0 
44450.0  43994.0 
44451.0  43995.0 
44452.0  43996.0 
44453.0  43997.0 
44454.0  43998.0 
44455.0  43999.0 
44456.0  44000.0 
44457.0  44001.0 
44458.0  44002.0 
44459.0  44003.0 
44460.0  44004.0 
44461.0  44005.0 
44462.0  44006.0 
44463.0  44007.0 
44464.0  44008.0 
44465.0  44009.0 
44466.0  44010.0 
44467.0  44011.0 
44468.0  44012.0 
44469.0  44013.0 
44470.0  44014.0 
44471.0  44015.0 
44472.0  44016.0 
44473.0  44017.0 
44474.0  44018.0 
44475.0  44019.0 
44476.0  44020.0 
44477.0  44021.0 
44478.0  44022.0 
44479.0  44023.0 
44480.0  44024.0 
44481.0  44025.0 
44482.0  44026.0 
44483.0  44027.0 
44484.0  44028.0 
44485.0  44029.0 
44486.0  44030.0 
44487.0  44031.0 
44488.0  44032.0 
44489.0  44033.0 
44490.0  44034.0 
44491.0  44035.0 
44492.0  44036.0 
44493.0  44037.0 
44494.0  44038.0 
44495.0  44039.0 
44496.0  44040.0 
44497.0  44041.0 
44498.0  44042.0 
44499.0  44043.0 
44500.0  44044.0 
44501.0  44045.0 
44502.0  44046.0 
44503.0  44047.0 
44504.0  44048.0 
44505.0  44049.0 
44506.0  44050.0 
44507.0  44051.0 
44508.0  44052.0 
44509.0  44053.0 
44510.0  44054.0 
44511.0  44055.0 
44512.0  44056.0 
44513.0  44057.0 
44514.0  44058.0 
44515.0  44059.0 
44516.0  44060.0 
44517.0  44061.0 
44518.0  44062.0 
44519.0  44063.0 
44520.0  44064.0 
44521.0  44065.0 
44522.0  44066.0 
44523.0  44067.0 
44524.0  44068.0 
44525.0  44069.0 
44526.0  44070.0 
44527.0  44071.0 
44528.0  44072.0 
44529.0  44073.0 
44530.0  44074.0 
44531.0  44075.0 
44532.0  44076.0 
44533.0  44077.0 
44534.0  44078.0 
44535.0  44079.0 
44536.0  44080.0 
44537.0  44081.0 
44538.0  44082.0 
44539.0  44083.0 
44540.0  44084.0 
44541.0  44085.0 
44542.0  44086.0 
44543.0  44087.0 
44544.0  44088.0 
44545.0  44089.0 
44546.0  44090.0 
44547.0  44091.0 
44548.0  44092.0 
44549.0  44093.0 
44550.0  44094.0 
44551.0  44095.0 
44552.0  44096.0 
44553.0  44097.0 
44554.0  44098.0 
44555.0  44099.0 
44556.0  44100.0 
44557.0  44101.0 
44558.0  44102.0 
44559.1  44833.13 
44560.0  44104.0 
44561.0  44105.0 
44562.0  44106.0 
44563.0  44107.0 
44564.0  44108.0 
44565.0  44109.0 
44566.0  44110.0 
44567.0  44111.0 
44568.0  44112.0 
44569.0  44113.0 
44570.0  44114.0 
44571.0  44115.0 
44572.0  44116.0 
44573.0  44117.0 
44574.0  44118.0 
44575.0  44119.0 
44576.0  44120.0 
44577.0  44121.0 
44578.0  44122.0 
44579.0  44123.0 
44580.0  44124.0 
44581.0  44125.0 
44582.0  44126.0 
44583.0  44127.0 
44584.0  44128.0 
44585.0  44129.0 
44586.0  44130.0 
44587.0  44131.0 
44588.0  44132.0 
44589.0  44133.0 
44590.0  44134.0 
44591.0  44135.0 
44592.0  44136.0 
44593.0  44137.0 
44594.0  44138.0 
44595.0  44139.0 
44596.0  44140.0 
44597.0  44141.0 
44598.0  44142.0 
44599.0  44143.0 
44600.0  44144.0 
44601.0  44145.0 
44602.0  44146.0 
44603.0  44147.0 
44604.0  44148.0 
44605.0  44149.0 
44606.0  44150.0 
44607.0  44151.0 
44608.0  44152.0 
44609.0  44153.0 
44611.0  44155.0 
44612.0  44156.0 
44613.0  44157.0 
44614.0  44158.0 
44615.0  44159.0 
44616.0  44160.0 
44617.0  44161.0 
44618.0  44162.0 
44619.0  44163.0 
44620.0  44164.0 
44621.0  44165.0 
44622.0  44166.0 
44623.0  44167.0 
44624.0  44168.0 
44625.0  44169.0 
44626.0  44170.0 
44627.0  44171.0 
44628.0  44172.0 
44629.0  44173.0 
44630.0  44174.0 
44631.0  44175.0 
44632.0  44176.0 
44633.0  44177.0 
44634.0  44178.0 
44635.0  44179.0 
44636.0  44180.0 
44637.0  44181.0 
44638.0  44182.0 
44639.0  44183.0 
44640.0  44184.0 
44641.0  44185.0 
44642.0  44186.0 
44643.0  44187.0 
44644.0  44188.0 
44645.0  44189.0 
44646.0  44190.0 
44647.0  44191.0 
44648.0  44192.0 
44649.0  44193.0 
44650.0  44195.0 
44651.0  44196.0 
44652.0  44197.0 
44653.0  44198.0 
44654.0  44199.0 
44655.0  44200.0 
44656.0  44201.0 
44657.0  44202.0 
44658.0  44203.0 
44659.0  44204.0 
44660.0  44205.0 
44661.0  44206.0 
44662.0  44207.0 
44663.0  44208.0 
44664.0  44209.0 
44665.0  44210.0 
44666.0  44211.0 
44667.0  44212.0 
44668.0  44213.0 
44669.0  44214.0 
44670.0  44215.0 
44671.0  44216.0 
44672.0  44217.0 
44673.0  44218.0 
44674.0  44219.0 
44675.0  44220.0 
44676.0  44221.0 
44677.0  44222.0 
44678.0  44223.0 
44679.0  44224.0 
44680.0  44225.0 
44681.0  44226.0 
44682.0  44227.0 
44683.0  44228.0 
44684.0  44229.0 
44685.0  44230.0 
44686.0  44231.0 
44687.0  44232.0 
44688.0  44233.0 
44689.0  44234.0 
44690.0  44235.0 
44691.0  44236.0 
44692.0  44237.0 
44693.0  44238.0 
44694.0  44239.0 
44695.0  44240.0 
44696.0  44241.0 
44697.0  44242.0 
44698.0  44243.0 
44699.0  44244.0 
44700.0  44245.0 
44701.0  44246.0 
44702.0  44247.0 
44703.0  44248.0 
44704.0  44249.0 
44705.0  44250.0 
44706.0  44251.0 
44707.0  44252.0 
44708.0  44253.0 
44709.0  44254.0 
44710.0  44255.0 
44711.0  44256.0 
44712.0  44257.0 
44713.0  44258.0 
44714.0  44259.0 
44715.0  44260.0 
44716.0  44261.0 
44717.0  44262.0 
44718.0  44263.0 
44719.0  44264.0 
44720.0  44265.0 
44721.0  44266.0 
44722.0  44267.0 
44723.0  44268.0 
44724.0  44269.0 
44725.0  44270.0 
44726.1  44833.12 
44727.0  44272.0 
44728.0  44273.0 
44729.0  44274.0 
44730.0  44275.0 
44731.0  44276.0 
44732.0  44277.0 
44733.0  44194.0 
44734.0  44278.0 
44735.0  44279.0 
44736.0  44280.0 
44737.0  44281.0 
44738.0  44282.0 
44739.0  44283.0 
44740.0  44284.0 
44741.50  44833.12 
44741.50  44285.50 
44742.50  44833.12 
44742.50  44286.50 
44743.0  44287.0 
44744.0  44288.0 
44745.0  44289.0 
44746.0  44290.0 
44747.0  44291.0 
44748.0  44292.0 
44749.0  44293.0 
44750.0  44294.0 
44751.0  44295.0 
44752.0  44296.0 
44753.0  44297.0 
44754.0  44298.0 
44755.0  44299.0 
44756.0  44300.0 
44757.0  44301.0 
44758.0  44302.0 
44759.0  44303.0 
44760.0  44304.0 
44761.0  44305.0 
44762.0  44306.0 
44763.0  44307.0 
44764.1  44388.1 
44764.2  44388.2 
44764.3  44388.3 
44764.4  44388.4 
44764.5  44388.8 
44764.6  44388.9 
44765.0  44309.0 
44766.0  44310.0 
44767.0  44311.0 
44768.0  44312.0 
44769.0  44313.0 
44770.0  44314.0 
44771.0  44315.0 
44772.0  44316.0 
44773.0  44317.0 
44774.0  44318.0 
44775.0  44319.0 
44776.0  44321.0 
44777.0  44322.0 
44778.0  44323.0 
44779.0  44324.0 
44780.1  44833.13 
44781.0  44326.0 
44782.100  44833.13 
44782.100  44327.100 
44782.101  44388.5 
44783.100  44833.13 
44783.100  44328.100 
44783.101  44388.7 
44784.0  44329.0 
44785.0  44330.0 
44786.0  43399.0 
44787.0  43400.0 
44788.0  43401.0 
44789.0  43402.0 
44790.0  43403.0 
44791.0  43404.0 
44792.0  43405.0 
44793.0  43406.0 
44794.0  43407.0 
44795.1  44834.1 
44795.2  44835.1 
44795.3  44836.1 
44796.0  43409.0 
44797.0  43410.0 
44798.0  43411.0 
44799.0  43412.0 
44800.0  43413.0 
44801.0  43414.0 
44802.0  43415.0 
44803.0  43416.0 
44804.48  43417.48 
44804.49  44388.6 
44805.0  43418.0 
44806.0  43419.0 
44807.0  44320.0 
44808.0  44337.0 
44809.116  44338.116 
44810.0  43423.0 
44812.1  44837.1 
44813.0  43426.0 
44814.0  43427.0 
44816.0  43429.0 
44817.0  43430.0 
44818.0  44332.0 
44819.0  44333.0 
44820.0  44334.0 
44821.0  44335.0 
44822.0  44336.0 
44823.0  44339.0 
44824.0  44344.0 
44825.0  44345.0 
44826.0  44346.0 
44827.1  44839.0 
44827.1  44394.0 
44827.1  44829.0 
44827.1  44399.0 
44827.1  44415.0 
44827.1  44435.0 
44827.1  44555.0 
44827.1  44440.0 
44827.1  44840.1 
44827.1  44841.1 
44827.1  44842.1 
44827.1  44843.1 
44827.1  44844.1 
44828.0  44348.0 
44829.0  44349.0 
44830.1  44845.1 
44831.1  44846.1 
44832.1  44847.1 
44833.12  44364.0 
44833.13  44848.1 
44833.13  43932.13 
44834.1  44850.0 
44834.1  44394.0 
44834.1  44851.0 
44834.1  44852.0 
44834.1  44415.0 
44834.1  44853.0 
44834.1  44597.0 
44834.1  44854.0 
44834.1  44399.0 
44834.1  44609.0 
44834.1  44855.0 
44834.1  44435.0 
44834.1  44856.2 
44835.1  44858.0 
44835.1  44394.0 
44835.1  44851.0 
44835.1  44852.0 
44835.1  44597.0 
44835.1  44415.0 
44835.1  44853.0 
44835.1  44399.0 
44835.1  44854.0 
44835.1  44609.0 
44835.1  44859.0 
44835.1  44435.0 
44835.1  44795.1 
44836.1  44860.0 
44836.1  44394.0 
44836.1  44415.0 
44836.1  44795.2 
44837.1  44862.0 
44837.1  44394.0 
44837.1  44863.0 
44837.1  44415.0 
44837.1  44435.0 
44837.1  44440.0 
44837.1  44434.0 
44837.1  44864.1 
44837.1  44864.2 
44837.1  44864.3 
44837.1  44864.4 
44837.1  44864.5 
44837.1  44864.6 
44837.1  44864.7 
44838.1  44865.0 
44838.1  44394.0 
44838.1  44415.0 
44839.0  44355.0 
44840.1  44866.1 
44841.1  44867.1 
44842.1  44868.1 
44843.1  44869.1 
44844.1  44870.1 
44845.1  44871.0 
44845.1  44394.0 
44845.1  44415.0 
44845.1  44435.0 
44846.1  44872.0 
44846.1  44394.0 
44846.1  44415.0 
44846.1  44435.0 
44847.1  44874.0 
44847.1  44394.0 
44847.1  44415.0 
44848.1  44833.11 
44849.1  44394.0 
44849.1  44829.0 
44849.1  44399.0 
44849.1  44415.0 
44849.1  44435.0 
44849.1  44555.0 
44849.1  44440.0 
44850.0  43464.0 
44851.0  43465.0 
44852.0  43466.0 
44853.0  43467.0 
44854.0  43468.0 
44856.1  44875.1 
44856.2  44876.1 
44857.1  44878.0 
44857.1  44394.0 
44857.1  44829.0 
44857.1  44399.0 
44857.1  44415.0 
44857.1  44435.0 
44857.1  44555.0 
44857.1  44440.0 
44857.1  44441.0 
44857.1  44442.0 
44857.1  44443.0 
44857.1  44879.1 
44857.1  44880.1 
44857.2  44881.1 
44857.3  44882.1 
44858.0  43472.0 
44860.0  43474.0 
44861.1  44883.0 
44861.1  44394.0 
44861.1  44829.0 
44861.1  44399.0 
44861.1  44415.0 
44861.1  44435.0 
44861.1  44555.0 
44861.1  44440.0 
44862.0  43476.0 
44863.0  43477.0 
44864.1  44884.1 
44864.2  44884.2 
44864.3  44884.3 
44864.4  44884.4 
44864.5  44884.5 
44864.6  44884.6 
44864.7  44884.7 
44865.0  44367.0 
44866.1  44872.0 
44866.1  44394.0 
44866.1  44415.0 
44866.1  44435.0 
44867.1  44871.0 
44867.1  44394.0 
44867.1  44415.0 
44867.1  44435.0 
44868.1  44885.0 
44868.1  44394.0 
44868.1  44415.0 
44868.1  44435.0 
44869.1  44885.0 
44869.1  44394.0 
44869.1  44415.0 
44869.1  44435.0 
44870.1  44885.0 
44870.1  44394.0 
44870.1  44415.0 
44870.1  44435.0 
44871.0  44373.0 
44872.0  44374.0 
44874.0  44376.0 
44875.1  44850.0 
44875.1  44394.0 
44875.1  44851.0 
44875.1  44852.0 
44875.1  44415.0 
44875.1  44853.0 
44875.1  44597.0 
44875.1  44854.0 
44875.1  44399.0 
44875.1  44609.0 
44875.1  44887.0 
44875.1  44435.0 
44875.1  44888.1 
44876.1  44858.0 
44876.1  44394.0 
44876.1  44851.0 
44876.1  44852.0 
44876.1  44597.0 
44876.1  44415.0 
44876.1  44853.0 
44876.1  44399.0 
44876.1  44854.0 
44876.1  44609.0 
44876.1  44890.0 
44876.1  44435.0 
44876.1  44856.1 
44877.1  44858.0 
44877.1  44394.0 
44877.1  44851.0 
44877.1  44852.0 
44877.1  44597.0 
44877.1  44415.0 
44877.1  44853.0 
44877.1  44399.0 
44877.1  44854.0 
44877.1  44609.0 
44877.1  44891.0 
44877.1  44435.0 
44878.0  43492.0 
44879.1  44892.0 
44880.1  44893.1 
44881.1  44894.1 
44882.1  44895.1 
44883.0  43497.0 
44884.1  44896.0 
44884.1  44394.0 
44884.1  44897.0 
44884.1  44399.0 
44884.1  44415.0 
44884.1  44898.0 
44884.1  44435.0 
44884.1  44899.0 
44884.1  44900.0 
44884.1  44555.0 
44884.1  44901.0 
44884.1  44902.0 
44884.1  44903.0 
44884.1  44440.0 
44884.1  44904.0 
44884.1  44905.0 
44884.1  44906.0 
44884.1  44907.0 
44884.1  44908.0 
44884.1  44909.0 
44884.1  44910.0 
44884.1  44911.0 
44884.1  44912.0 
44884.1  44913.0 
44884.1  44914.0 
44884.1  44915.0 
44884.1  44916.0 
44884.1  44917.0 
44884.1  44918.0 
44884.1  44919.0 
44884.1  44920.0 
44884.1  44921.0 
44884.1  44922.0 
44884.1  44923.0 
44884.1  44924.0 
44884.1  44925.0 
44884.1  44926.0 
44884.1  44927.0 
44884.1  44928.0 
44884.1  44929.0 
44884.1  44930.0 
44884.1  44931.0 
44884.1  44932.0 
44884.1  44933.0 
44884.1  44934.0 
44884.1  44935.0 
44884.1  44936.0 
44884.1  44937.0 
44884.1  44938.0 
44884.1  44939.0 
44884.1  44940.0 
44884.1  44941.0 
44884.1  44942.0 
44884.1  44943.0 
44884.1  44944.0 
44884.1  44945.0 
44884.1  44946.0 
44884.1  44947.0 
44884.1  44948.0 
44884.1  44949.0 
44884.1  44950.0 
44884.1  44951.0 
44884.1  44952.0 
44884.1  44953.0 
44884.1  44954.0 
44884.1  44955.0 
44884.1  44956.0 
44884.1  44957.0 
44884.1  44958.0 
44884.1  44959.0 
44884.1  44960.0 
44884.1  44961.0 
44884.1  44962.0 
44884.1  44963.0 
44884.1  44964.0 
44884.1  44965.0 
44884.1  44966.0 
44884.1  44967.0 
44884.1  44968.0 
44884.1  44969.0 
44884.1  44970.0 
44884.1  44971.0 
44884.1  44972.0 
44884.1  44973.0 
44884.1  44974.0 
44884.1  44975.0 
44884.2  44976.0 
44884.2  44977.0 
44884.2  44978.0 
44884.2  44979.0 
44884.2  44980.0 
44884.2  44981.0 
44884.2  44982.0 
44884.2  44983.0 
44884.2  44984.0 
44884.2  44985.0 
44884.2  44986.0 
44884.2  44987.0 
44884.2  44988.0 
44884.2  44989.0 
44884.2  44990.0 
44884.2  44991.0 
44884.2  44992.0 
44884.2  44993.0 
44884.2  44994.0 
44884.2  44995.0 
44884.2  44996.0 
44884.2  44997.0 
44884.2  44998.0 
44884.2  44999.0 
44884.2  45000.0 
44884.2  45001.0 
44884.2  45002.0 
44884.2  45003.0 
44884.2  45004.0 
44884.2  45005.0 
44884.2  45006.0 
44884.2  45007.0 
44884.2  45008.0 
44884.2  45009.0 
44884.2  45010.0 
44884.2  45011.0 
44884.2  45012.0 
44884.2  45013.0 
44884.2  45014.0 
44884.2  45015.0 
44884.2  45016.0 
44884.2  45017.0 
44884.2  45018.0 
44884.2  45019.0 
44884.2  45020.0 
44884.2  45021.0 
44884.2  45022.0 
44884.2  45023.0 
44884.2  45024.0 
44884.2  45025.0 
44884.2  45026.0 
44884.2  45027.0 
44884.2  45028.0 
44884.2  45029.0 
44884.2  45030.0 
44884.2  45031.0 
44884.2  45032.0 
44884.2  45033.0 
44884.2  45034.0 
44884.2  45035.0 
44884.2  45036.0 
44884.2  45037.0 
44884.2  45038.0 
44884.2  45039.0 
44884.2  45040.0 
44884.2  45041.0 
44884.2  45042.0 
44884.2  45043.0 
44884.2  45044.0 
44884.2  45045.0 
44884.2  45046.0 
44884.2  45047.0 
44884.2  45048.0 
44884.2  45049.0 
44884.2  45050.0 
44884.2  45051.0 
44884.2  45052.0 
44884.2  45053.0 
44884.2  45054.0 
44884.2  45055.0 
44884.2  45056.0 
44884.2  45057.0 
44884.2  45058.0 
44884.2  45059.0 
44884.3  45060.0 
44884.3  45061.0 
44884.3  45062.0 
44884.3  45063.0 
44884.3  45064.0 
44884.3  45065.0 
44884.3  45066.0 
44884.3  45067.0 
44884.3  45068.0 
44884.3  45069.0 
44884.3  45070.0 
44884.3  45071.0 
44884.3  45072.0 
44884.3  45073.0 
44884.3  45074.0 
44884.3  45075.0 
44884.3  45076.0 
44884.3  45077.0 
44884.3  45078.0 
44884.3  45079.0 
44884.3  45080.0 
44884.3  45081.0 
44884.3  45082.0 
44884.3  45083.0 
44884.3  45084.0 
44884.3  45085.0 
44884.3  45086.0 
44884.3  45087.0 
44884.3  45088.0 
44884.3  45089.0 
44884.3  45090.0 
44884.3  45091.0 
44884.3  45092.0 
44884.3  45093.0 
44884.3  45094.0 
44884.3  45095.0 
44884.3  45096.0 
44884.3  45097.0 
44884.3  45098.0 
44884.3  45099.0 
44884.3  45100.0 
44884.3  45101.0 
44884.3  45102.0 
44884.3  45103.0 
44884.3  45104.0 
44884.3  45105.0 
44884.3  45106.0 
44884.3  45107.0 
44884.3  45108.0 
44884.3  45109.0 
44884.3  45110.0 
44884.3  45111.0 
44884.3  45112.0 
44884.3  45113.0 
44884.3  45114.0 
44884.3  45115.0 
44884.3  45116.0 
44884.3  45117.0 
44884.3  45118.0 
44884.3  45119.0 
44884.3  45120.0 
44884.3  45121.0 
44884.3  45122.0 
44884.3  45123.0 
44884.3  45124.0 
44884.3  45125.0 
44884.3  45126.0 
44884.3  45127.0 
44884.3  45128.0 
44884.3  45129.0 
44884.4  45130.0 
44884.4  45131.0 
44884.4  45132.0 
44884.4  45133.0 
44884.4  45134.0 
44884.4  45135.0 
44884.4  45136.0 
44884.4  45137.0 
44884.4  45138.0 
44884.4  45139.0 
44884.4  45140.0 
44884.4  45141.0 
44884.4  45142.0 
44884.4  45143.0 
44884.4  45144.0 
44884.4  45145.0 
44884.4  45146.0 
44884.4  45147.0 
44884.4  45148.0 
44884.4  45149.0 
44884.4  45150.0 
44884.4  45151.0 
44884.4  45152.0 
44884.4  45153.0 
44884.4  45154.0 
44884.4  45155.0 
44884.4  45156.0 
44884.4  45157.0 
44884.4  45158.0 
44884.4  45159.0 
44884.4  45160.0 
44884.4  45161.0 
44884.4  45162.0 
44884.4  45163.0 
44884.4  45164.0 
44884.4  45165.0 
44884.4  45166.0 
44884.4  45167.0 
44884.4  45168.0 
44884.5  45169.0 
44884.5  45170.0 
44884.5  45171.0 
44884.5  45172.0 
44884.5  45173.0 
44884.5  45174.0 
44884.5  45175.0 
44884.5  45176.0 
44884.5  45177.0 
44884.5  45178.0 
44884.5  45179.0 
44884.5  45180.0 
44884.5  45181.0 
44884.5  45182.0 
44884.5  45183.0 
44884.5  45184.0 
44884.5  45185.0 
44884.5  45186.0 
44884.5  45187.0 
44884.5  45188.0 
44884.5  45189.0 
44884.5  45190.0 
44884.5  45191.0 
44884.5  45192.0 
44884.5  45193.0 
44884.5  45194.0 
44884.5  45195.0 
44884.5  45196.0 
44884.5  45197.0 
44884.5  45198.0 
44884.5  45199.0 
44884.5  45200.0 
44884.5  45201.0 
44884.5  45202.0 
44884.5  45203.0 
44884.5  45204.0 
44884.5  45205.0 
44884.5  45206.0 
44884.5  45207.0 
44884.5  45208.0 
44884.5  45209.0 
44884.5  45210.0 
44884.5  45211.0 
44884.5  45212.0 
44884.5  45213.0 
44884.5  45214.0 
44884.5  45215.0 
44884.5  45216.0 
44884.6  45217.0 
44884.6  45218.0 
44884.6  45219.0 
44884.6  45220.0 
44884.6  45221.0 
44884.6  45222.0 
44884.6  45223.0 
44884.6  45224.0 
44884.6  45225.0 
44884.6  45226.0 
44884.6  45227.0 
44884.6  45228.0 
44884.6  45229.0 
44884.6  45230.0 
44884.6  45231.0 
44884.6  45232.0 
44884.6  45233.0 
44884.6  45234.0 
44884.6  45235.0 
44884.6  45236.0 
44884.6  45237.0 
44884.6  45238.0 
44884.6  45239.0 
44884.6  45240.0 
44884.6  45241.0 
44884.6  45242.0 
44884.6  45243.0 
44884.6  45244.0 
44884.6  45245.0 
44884.6  45246.0 
44884.7  45247.0 
44884.7  45248.0 
44884.7  45249.0 
44884.7  45250.0 
44884.7  45251.0 
44884.7  45252.0 
44884.7  45253.0 
44884.7  45254.0 
44884.7  45255.0 
44884.7  45256.0 
44884.7  45257.0 
44884.7  45258.0 
44884.7  45259.0 
44884.7  45260.0 
44884.7  45261.0 
44884.7  45262.0 
44884.7  45263.0 
44884.7  45264.0 
44884.7  45265.0 
44884.7  45266.0 
44884.7  45267.0 
44884.7  45268.0 
44884.7  45269.0 
44884.7  45270.0 
44884.7  45271.0 
44884.7  45272.0 
44884.7  45273.0 
44884.7  45274.0 
44884.7  45275.0 
44884.7  45276.0 
44884.7  45277.0 
44884.7  45278.0 
44884.7  45279.0 
44884.7  45280.0 
44884.7  45281.0 
44884.7  45282.0 
44884.7  45283.0 
44884.7  45284.0 
44884.7  45285.0 
44884.7  45286.0 
44884.7  45287.0 
44884.7  45288.0 
44884.7  45289.0 
44884.7  45290.0 
44884.7  45291.0 
44884.7  45292.0 
44884.7  45293.0 
44885.0  44377.0 
44886.1  45295.0 
44886.1  43938.0 
44886.1  44349.0 
44886.1  43943.0 
44886.1  43959.0 
44886.1  43979.0 
44886.1  44099.0 
44886.1  43984.0 
44886.1  43985.0 
44886.1  43986.0 
44886.1  43987.0 
44886.1  45296.1 
44886.1  45297.1 
44886.1  43978.0 
44886.1  43992.0 
44886.1  45298.1 
44888.1  45299.1 
44889.1  44366.1 
44893.1  45301.0 
44893.1  44394.0 
44893.1  44415.0 
44893.1  44435.0 
44893.1  44440.0 
44893.1  45302.1 
44894.1  45301.0 
44894.1  44394.0 
44894.1  44415.0 
44894.1  44435.0 
44894.1  44440.0 
44894.1  45304.1 
44895.1  45301.0 
44895.1  44394.0 
44895.1  44415.0 
44895.1  44435.0 
44895.1  44440.0 
44895.1  45306.1 
44896.0  43510.0 
44897.0  43511.0 
44898.0  43512.0 
44900.0  43514.0 
44901.0  43515.0 
44902.0  43516.0 
44903.0  43517.0 
44904.0  43518.0 
44905.0  43519.0 
44906.0  43520.0 
44907.0  43521.0 
44908.0  43522.0 
44909.0  43523.0 
44910.0  43524.0 
44911.0  43525.0 
44912.0  43526.0 
44913.0  43527.0 
44914.0  43528.0 
44915.0  43529.0 
44916.0  43530.0 
44917.0  43531.0 
44918.0  43532.0 
44919.0  43533.0 
44920.0  43534.0 
44921.0  43535.0 
44922.0  43536.0 
44923.0  43537.0 
44924.0  43538.0 
44925.0  43539.0 
44926.0  43540.0 
44927.0  43541.0 
44928.0  43542.0 
44929.0  43543.0 
44930.0  43544.0 
44931.0  43545.0 
44932.0  43546.0 
44933.0  43547.0 
44934.0  43548.0 
44935.0  43549.0 
44936.0  43550.0 
44937.0  43551.0 
44938.0  43552.0 
44939.0  43553.0 
44940.0  43554.0 
44941.0  43555.0 
44942.0  43556.0 
44943.0  43557.0 
44944.0  43558.0 
44945.0  43559.0 
44946.0  43560.0 
44947.0  43561.0 
44948.0  43562.0 
44949.0  43563.0 
44950.0  43564.0 
44951.0  43565.0 
44952.0  43566.0 
44953.0  43567.0 
44954.0  43568.0 
44955.0  43569.0 
44956.0  43570.0 
44957.0  43571.0 
44958.0  43572.0 
44959.0  43573.0 
44960.0  43574.0 
44961.0  43575.0 
44962.0  43576.0 
44963.0  43577.0 
44964.0  43578.0 
44965.0  43579.0 
44966.0  43580.0 
44967.0  43581.0 
44968.0  43582.0 
44969.0  43583.0 
44970.0  43584.0 
44971.0  43585.0 
44972.0  43586.0 
44973.0  43587.0 
44974.0  43588.0 
44975.0  43589.0 
44976.0  43590.0 
44977.0  43591.0 
44978.0  43592.0 
44979.0  43593.0 
44980.0  43594.0 
44981.0  43595.0 
44982.0  43596.0 
44983.0  43597.0 
44984.0  43598.0 
44985.0  43599.0 
44986.0  43600.0 
44987.0  43601.0 
44988.0  43602.0 
44989.0  43603.0 
44990.0  43604.0 
44991.0  43605.0 
44992.0  43606.0 
44993.0  43607.0 
44994.0  43608.0 
44995.0  43609.0 
44996.0  43610.0 
44997.0  43611.0 
44998.0  43612.0 
44999.0  43613.0 
45000.0  43614.0 
45001.0  43615.0 
45002.0  43616.0 
45003.0  43617.0 
45004.0  43618.0 
45005.0  43619.0 
45006.0  43620.0 
45007.0  43621.0 
45008.0  43622.0 
45009.0  43623.0 
45010.0  43624.0 
45011.0  43625.0 
45012.0  43626.0 
45013.0  43627.0 
45014.0  43628.0 
45015.0  43629.0 
45016.0  43630.0 
45017.0  43631.0 
45018.0  43632.0 
45019.0  43633.0 
45020.0  43634.0 
45021.0  43635.0 
45022.0  43636.0 
45023.0  43637.0 
45024.0  43638.0 
45025.0  43639.0 
45026.0  43640.0 
45027.0  43641.0 
45028.0  43642.0 
45029.0  43643.0 
45030.0  43644.0 
45031.0  43645.0 
45032.0  43646.0 
45033.0  43647.0 
45034.0  43648.0 
45035.0  43649.0 
45036.0  43650.0 
45037.0  43651.0 
45038.0  43652.0 
45039.0  43653.0 
45040.0  43654.0 
45041.0  43655.0 
45042.0  43656.0 
45043.0  43657.0 
45044.0  43658.0 
45045.0  43659.0 
45046.0  43660.0 
45047.0  43661.0 
45048.0  43662.0 
45049.0  43663.0 
45050.0  43664.0 
45051.0  43665.0 
45052.0  43666.0 
45053.0  43667.0 
45054.0  43668.0 
45055.0  43669.0 
45056.0  43670.0 
45057.0  43671.0 
45058.0  43672.0 
45059.0  43673.0 
45060.0  43674.0 
45061.0  43675.0 
45062.0  43676.0 
45063.0  43677.0 
45064.0  43678.0 
45065.0  43679.0 
45066.0  43680.0 
45067.0  43681.0 
45068.0  43682.0 
45069.0  43683.0 
45070.0  43684.0 
45071.0  43685.0 
45072.0  43686.0 
45073.0  43687.0 
45074.0  43688.0 
45075.0  43689.0 
45076.0  43690.0 
45077.0  43691.0 
45078.0  43692.0 
45079.0  43693.0 
45080.0  43694.0 
45081.0  43695.0 
45082.0  43696.0 
45083.0  43697.0 
45084.0  43698.0 
45085.0  43699.0 
45086.0  43700.0 
45087.0  43701.0 
45088.0  43702.0 
45089.0  43703.0 
45090.0  43704.0 
45091.0  43705.0 
45092.0  43706.0 
45094.0  43708.0 
45095.0  43709.0 
45096.0  43710.0 
45097.0  43711.0 
45098.0  43712.0 
45099.0  43713.0 
45100.0  43714.0 
45101.0  43715.0 
45102.0  43716.0 
45103.0  43717.0 
45104.0  43718.0 
45105.0  43719.0 
45106.0  43720.0 
45107.0  43721.0 
45108.0  43722.0 
45109.0  43723.0 
45110.0  43724.0 
45111.0  43725.0 
45112.0  43726.0 
45113.0  43727.0 
45114.0  43728.0 
45115.0  43729.0 
45116.0  43730.0 
45117.0  43731.0 
45118.0  43732.0 
45119.0  43733.0 
45120.0  43734.0 
45121.0  43735.0 
45122.0  43736.0 
45123.0  43737.0 
45124.0  43738.0 
45125.0  43739.0 
45126.0  43740.0 
45127.0  43741.0 
45128.0  43742.0 
45129.0  43743.0 
45130.0  43744.0 
45131.0  43745.0 
45132.0  43746.0 
45133.0  43747.0 
45134.0  43748.0 
45135.0  43749.0 
45136.0  43750.0 
45137.0  43751.0 
45138.0  43752.0 
45139.0  43753.0 
45140.0  43754.0 
45141.0  43755.0 
45142.0  43756.0 
45143.0  43757.0 
45144.0  43758.0 
45145.0  43759.0 
45146.0  43760.0 
45147.0  43761.0 
45148.0  43762.0 
45149.0  43763.0 
45150.0  43764.0 
45151.0  43765.0 
45152.0  43766.0 
45153.0  43767.0 
45154.0  43768.0 
45155.0  43769.0 
45156.0  43770.0 
45157.0  43771.0 
45158.0  43772.0 
45159.0  43773.0 
45160.0  43774.0 
45161.0  43775.0 
45162.0  43776.0 
45163.0  43777.0 
45164.0  43778.0 
45165.0  43779.0 
45166.0  43780.0 
45167.0  43781.0 
45168.0  43782.0 
45169.0  43783.0 
45170.0  43784.0 
45171.0  43785.0 
45172.0  43786.0 
45173.0  43787.0 
45174.0  43788.0 
45175.0  43789.0 
45176.0  43790.0 
45177.0  43791.0 
45178.0  43792.0 
45179.0  43793.0 
45180.0  43794.0 
45181.0  43795.0 
45182.0  43796.0 
45183.0  43797.0 
45184.0  43798.0 
45185.0  43799.0 
45186.0  43800.0 
45187.0  43801.0 
45188.0  43802.0 
45189.0  43803.0 
45190.0  43804.0 
45191.0  43805.0 
45192.0  43806.0 
45193.0  43807.0 
45194.0  43808.0 
45195.0  43809.0 
45196.0  43810.0 
45197.0  43811.0 
45198.0  43812.0 
45199.0  43813.0 
45200.0  43814.0 
45201.0  43815.0 
45202.0  43816.0 
45203.0  43817.0 
45204.0  43818.0 
45205.0  43819.0 
45206.0  43820.0 
45207.0  43821.0 
45208.0  43822.0 
45209.0  43823.0 
45210.0  43824.0 
45211.0  43825.0 
45212.0  43826.0 
45213.0  43827.0 
45214.0  43828.0 
45215.0  43829.0 
45216.0  43830.0 
45217.0  43831.0 
45218.0  43832.0 
45219.0  43833.0 
45220.0  43834.0 
45221.0  43835.0 
45222.0  43836.0 
45223.0  43837.0 
45224.0  43838.0 
45225.0  43839.0 
45226.0  43840.0 
45227.0  43841.0 
45228.0  43842.0 
45229.0  43843.0 
45230.0  43844.0 
45231.0  43845.0 
45232.0  43846.0 
45233.0  43847.0 
45234.0  43848.0 
45235.0  43849.0 
45236.0  43850.0 
45237.0  43851.0 
45238.0  43852.0 
45239.0  43853.0 
45240.0  43854.0 
45241.0  43855.0 
45242.0  43856.0 
45243.0  43857.0 
45244.0  43858.0 
45245.0  43859.0 
45246.0  43860.0 
45247.0  43861.0 
45248.0  43862.0 
45249.0  43863.0 
45250.0  43864.0 
45251.0  43865.0 
45252.0  43866.0 
45253.0  43867.0 
45254.0  43868.0 
45255.0  43869.0 
45256.0  43870.0 
45257.0  43871.0 
45258.0  43872.0 
45259.0  43873.0 
45260.0  43874.0 
45261.0  43875.0 
45262.0  43876.0 
45263.0  43877.0 
45264.0  43878.0 
45294.1  44850.0 
45294.1  43938.0 
45294.1  44851.0 
45294.1  44852.0 
45294.1  43959.0 
45294.1  44853.0 
45294.1  44141.0 
45294.1  44854.0 
45294.1  43943.0 
45294.1  44153.0 
45294.1  45307.0 
45294.1  43979.0 
45294.1  45308.3 
45295.0  42907.0 
45296.1  45309.1 
45297.1  45310.1 
45298.1  45311.1 
45299.1  45312.0 
45299.1  43938.0 
45299.1  43959.0 
45299.1  45308.3 
45301.0  43914.0 
45302.1  45313.0 
45304.1  45314.0 
45306.1  45315.0 
45308.1  45316.1 
45308.2  45317.1 
45308.3  45318.1 
45309.1  45301.0 
45309.1  43938.0 
45309.1  43959.0 
45309.1  43979.0 
45309.1  43984.0 
45309.1  45320.1 
45310.1  45321.0 
45310.1  43938.0 
45310.1  43959.0 
45310.1  43979.0 
45310.1  45322.51 
45311.1  45321.0 
45311.1  43938.0 
45311.1  43959.0 
45311.1  43979.0 
45311.1  45323.16 
45312.0  42964.0 
45316.1  44850.0 
45316.1  44394.0 
45316.1  44851.0 
45316.1  44852.0 
45316.1  44415.0 
45316.1  44853.0 
45316.1  44597.0 
45316.1  44854.0 
45316.1  44399.0 
45316.1  44609.0 
45316.1  45324.0 
45316.1  44435.0 
45316.1  45325.2 
45317.1  44858.0 
45317.1  44394.0 
45317.1  44851.0 
45317.1  44852.0 
45317.1  44597.0 
45317.1  44415.0 
45317.1  44853.0 
45317.1  44399.0 
45317.1  44854.0 
45317.1  44609.0 
45317.1  45327.0 
45317.1  44435.0 
45317.1  45308.1 
45318.1  44860.0 
45318.1  44394.0 
45318.1  44415.0 
45318.1  45308.2 
45320.1  45328.0 
45321.0  42981.0 
45322.49  42982.49 
45322.50  45329.1 
45322.51  45326.1 
45322.52  44857.1 
45323.14  42983.14 
45323.15  45329.2 
45323.16  45326.2 
45323.17  44857.2 
45325.1  45330.1 
45325.2  45331.1 
45326.1  44878.0 
45326.1  44394.0 
45326.1  44829.0 
45326.1  44399.0 
45326.1  44415.0 
45326.1  44435.0 
45326.1  44555.0 
45326.1  44440.0 
45326.1  44441.0 
45326.1  44442.0 
45326.1  44443.0 
45326.1  45333.1 
45326.1  45334.1 
45326.2  45335.1 
45326.3  45336.1 
45329.3  43471.3 
45330.1  44850.0 
45330.1  44394.0 
45330.1  44851.0 
45330.1  44852.0 
45330.1  44415.0 
45330.1  44853.0 
45330.1  44597.0 
45330.1  44854.0 
45330.1  44399.0 
45330.1  44609.0 
45330.1  45338.0 
45330.1  44435.0 
45330.1  45339.1 
45331.1  44858.0 
45331.1  44394.0 
45331.1  44851.0 
45331.1  44852.0 
45331.1  44597.0 
45331.1  44415.0 
45331.1  44853.0 
45331.1  44399.0 
45331.1  44854.0 
45331.1  44609.0 
45331.1  45341.0 
45331.1  44435.0 
45331.1  45325.1 
45332.1  44858.0 
45332.1  44394.0 
45332.1  44851.0 
45332.1  44852.0 
45332.1  44597.0 
45332.1  44415.0 
45332.1  44853.0 
45332.1  44399.0 
45332.1  44854.0 
45332.1  44609.0 
45332.1  45342.0 
45332.1  44435.0 
45333.1  45343.0 
45334.1  45344.1 
45335.1  45345.1 
45336.1  45346.1 
45337.1  45295.0 
45337.1  43007.0 
45337.1  43443.0 
45337.1  43012.0 
45337.1  43028.0 
45337.1  43048.0 
45337.1  43168.0 
45337.1  43053.0 
45337.1  43054.0 
45337.1  43055.0 
45337.1  43056.0 
45337.1  45348.1 
45337.1  45349.1 
45337.1  43047.0 
45337.1  43061.0 
45337.1  45350.1 
45339.1  45351.1 
45340.1  43463.1 
45344.1  45301.0 
45344.1  44394.0 
45344.1  44415.0 
45344.1  44435.0 
45344.1  44440.0 
45344.1  45353.1 
45345.1  45301.0 
45345.1  44394.0 
45345.1  44415.0 
45345.1  44435.0 
45345.1  44440.0 
45345.1  45355.1 
45346.1  45301.0 
45346.1  44394.0 
45346.1  44415.0 
45346.1  44435.0 
45346.1  44440.0 
45346.1  45357.1 
45347.1  43464.0 
45347.1  43007.0 
45347.1  43465.0 
45347.1  43466.0 
45347.1  43028.0 
45347.1  43467.0 
45347.1  43210.0 
45347.1  43468.0 
45347.1  43012.0 
45347.1  43222.0 
45347.1  45358.0 
45347.1  43048.0 
45347.1  43408.3 
45348.1  45359.1 
45349.1  45360.1 
45350.1  45361.1 
45351.1  45312.0 
45351.1  43007.0 
45351.1  43028.0 
45351.1  45362.3 
45353.1  45363.0 
45355.1  45364.0 
45357.1  45365.0 
45359.1  43914.0 
45359.1  43007.0 
45359.1  43028.0 
45359.1  43048.0 
45359.1  43053.0 
45359.1  45367.1 
45360.1  45321.0 
45360.1  43007.0 
45360.1  43028.0 
45360.1  43048.0 
45360.1  45322.50 
45361.1  45321.0 
45361.1  43007.0 
45361.1  43028.0 
45361.1  43048.0 
45361.1  45323.15 
45362.3  43408.3 
45367.1  45368.0 
44388.0  44389.0 
44389.0  44827.0 
44827.0  44838.0 
44834.0  44849.0 
44835.0  44857.0 
44836.0  44857.0 
44837.0  44861.0 
44838.0  44849.0 
44845.0  44389.0 
44846.0  44389.0 
44847.0  44873.0 
44857.0  44877.0 
44861.0  44388.0 
44866.0  44827.0 
44867.0  44827.0 
44868.0  44827.0 
44869.0  44827.0 
44870.0  44827.0 
44873.0  44389.0 
44875.0  44886.0 
44876.0  44889.0 
44877.0  44849.0 
44884.0  44861.0 
44886.0  45294.0 
44892.0  44857.0 
44893.0  45300.0 
44894.0  45303.0 
44895.0  45305.0 
45294.0  44889.0 
45299.0  44886.0 
45300.0  44857.0 
45303.0  44857.0 
45305.0  44857.0 
45309.0  45319.0 
45310.0  44886.0 
45311.0  44886.0 
45313.0  45300.0 
45314.0  45303.0 
45315.0  45305.0 
45316.0  44889.0 
45317.0  45326.0 
45318.0  45326.0 
45319.0  44886.0 
45326.0  45332.0 
45328.0  45319.0 
45330.0  45337.0 
45331.0  45340.0 
45332.0  44889.0 
45337.0  45347.0 
45343.0  45326.0 
45344.0  45352.0 
45345.0  45354.0 
45346.0  45356.0 
45347.0  45340.0 
45351.0  45337.0 
45352.0  45326.0 
45354.0  45326.0 
45356.0  45326.0 
45359.0  45366.0 
45360.0  45337.0 
45361.0  45337.0 
45363.0  45352.0 
45364.0  45354.0 
45365.0  45356.0 
45366.0  45337.0 
45368.0  45366.0 
44387.1  44388.10 
