79530.1  79532.0 
79530.1  79533.0 
79530.1  79534.0 
79530.1  79535.0 
79530.1  79536.0 
79530.1  79537.0 
79530.1  79538.0 
79530.1  79539.0 
79530.1  79540.0 
79530.1  79541.0 
79530.1  79542.0 
79530.1  79543.0 
79531.1  79545.0 
79531.1  79533.0 
79531.1  79536.0 
79532.0  78599.0 
79533.0  78600.0 
79534.0  78601.0 
79535.0  78602.0 
79536.0  78603.0 
79537.0  78604.0 
79538.0  78605.0 
79539.0  78606.0 
79542.0  78609.0 
79543.0  64024.0 
79544.1  79533.0 
79544.1  79546.0 
79544.1  79537.0 
79544.1  79536.0 
79544.1  79542.0 
79544.1  79547.0 
79544.1  79548.0 
79545.0  78612.0 
79546.0  78613.0 
79547.0  78614.0 
79548.0  78615.0 
79529.1  79530.1 
79530.0  79531.0 
79531.0  79544.0 
