53659.1  53661.0 
53659.1  53662.0 
53659.1  53663.0 
53659.1  53664.0 
53659.1  53665.0 
53659.1  53666.0 
53659.1  53667.0 
53659.1  53668.0 
53659.1  53669.0 
53659.1  53670.0 
53659.1  53671.0 
53659.1  53672.0 
53660.1  53674.0 
53660.1  53662.0 
53660.1  53665.0 
53661.0  53633.0 
53662.0  53634.0 
53663.0  53635.0 
53664.0  53636.0 
53665.0  53637.0 
53666.0  53638.0 
53667.0  53639.0 
53668.0  53640.0 
53671.0  53643.0 
53672.0  52964.0 
53673.1  53662.0 
53673.1  53675.0 
53673.1  53666.0 
53673.1  53665.0 
53673.1  53671.0 
53673.1  53676.0 
53673.1  53677.0 
53674.0  53646.0 
53675.0  53647.0 
53676.0  53648.0 
53677.0  53649.0 
53658.1  53659.1 
53679.1  53661.0 
53679.1  53662.0 
53679.1  53663.0 
53679.1  53664.0 
53679.1  53665.0 
53679.1  53666.0 
53679.1  53667.0 
53679.1  53668.0 
53679.1  53681.0 
53679.1  53682.0 
53679.1  53671.0 
53679.1  53683.0 
53680.1  53674.0 
53680.1  53662.0 
53680.1  53665.0 
53683.0  53450.0 
53678.1  53679.1 
53685.5  53657.5 
53659.0  53660.0 
53660.0  53673.0 
53679.0  53680.0 
53680.0  53673.0 
53684.1  53685.5 
