70576.1  70578.0 
70576.1  70579.0 
70576.1  70580.0 
70576.1  70581.0 
70576.1  70582.0 
70576.1  70583.0 
70576.1  70584.0 
70576.1  70585.0 
70576.1  70586.0 
70576.1  70587.0 
70576.1  70588.0 
70576.1  70589.0 
70577.1  70591.0 
70577.1  70579.0 
70577.1  70582.0 
70578.0  69634.0 
70579.0  69635.0 
70580.0  69636.0 
70581.0  69637.0 
70582.0  69638.0 
70583.0  69639.0 
70584.0  69640.0 
70585.0  69641.0 
70588.0  69644.0 
70589.0  53840.0 
70590.1  70579.0 
70590.1  70592.0 
70590.1  70583.0 
70590.1  70582.0 
70590.1  70588.0 
70590.1  70593.0 
70590.1  70594.0 
70591.0  69647.0 
70592.0  69648.0 
70593.0  69649.0 
70594.0  69650.0 
70575.1  70576.1 
70596.1  70598.0 
70596.1  70599.0 
70596.1  70600.0 
70596.1  70601.0 
70596.1  70579.0 
70596.1  70602.0 
70596.1  70603.0 
70596.1  70604.0 
70596.1  70605.0 
70596.1  70583.0 
70596.1  70606.0 
70596.1  70607.0 
70596.1  70608.0 
70596.1  70609.0 
70596.1  70610.0 
70596.1  70611.0 
70596.1  70612.0 
70596.1  70613.0 
70596.1  70614.0 
70596.1  70615.0 
70596.1  70616.0 
70596.1  70617.0 
70596.1  70618.0 
70596.1  70619.0 
70596.1  70620.0 
70596.1  70582.0 
70596.1  70621.0 
70596.1  70622.0 
70596.1  70623.0 
70596.1  70624.0 
70596.1  70625.0 
70596.1  70626.0 
70596.1  70627.0 
70596.1  70628.0 
70596.1  70629.0 
70596.1  70630.0 
70596.1  70631.0 
70596.1  70632.0 
70596.1  70633.0 
70596.1  70634.0 
70596.1  70635.0 
70596.1  70636.0 
70596.1  70637.0 
70596.1  70638.0 
70596.1  70639.0 
70596.1  70588.0 
70596.1  70640.0 
70596.1  70641.0 
70596.1  70642.0 
70596.1  70643.0 
70596.1  70594.0 
70596.1  70644.0 
70596.1  70645.0 
70596.1  70646.0 
70596.1  70647.0 
70596.1  70648.0 
70596.1  70649.0 
70596.1  70650.0 
70596.1  70651.0 
70596.1  70652.0 
70596.1  70653.0 
70596.1  70654.0 
70596.1  70655.0 
70596.1  70656.0 
70596.1  70657.0 
70596.1  70658.0 
70596.1  70659.0 
70596.1  70660.0 
70596.1  70661.0 
70596.1  70662.0 
70596.1  70663.0 
70596.1  70664.0 
70596.1  70665.0 
70596.1  70666.0 
70596.1  70667.0 
70596.1  70668.0 
70596.1  70669.0 
70596.1  70670.0 
70596.1  70671.0 
70596.1  70672.0 
70596.1  70673.0 
70596.1  70674.0 
70596.1  70675.0 
70596.1  70676.0 
70596.1  70677.0 
70596.1  70678.0 
70596.1  70679.0 
70596.1  70680.0 
70596.1  70681.0 
70596.1  70682.0 
70596.1  70683.0 
70596.1  70684.0 
70596.1  70685.0 
70596.1  70686.0 
70596.1  70687.0 
70596.1  70688.0 
70596.1  70689.0 
70596.1  70690.0 
70596.1  70691.0 
70596.1  70692.0 
70596.1  70693.0 
70596.1  70694.0 
70596.1  70695.0 
70596.1  70696.0 
70596.1  70697.0 
70596.1  70698.0 
70596.1  70699.0 
70596.1  70700.0 
70596.1  70701.0 
70596.1  70702.0 
70596.1  70703.0 
70596.1  70704.0 
70596.1  70705.0 
70596.1  70706.0 
70596.1  70707.0 
70596.1  70708.0 
70596.1  70709.0 
70596.1  70710.0 
70596.1  70711.0 
70596.1  70712.0 
70596.1  70713.0 
70596.1  70714.0 
70596.1  70715.0 
70596.1  70716.0 
70596.1  70717.0 
70596.1  70718.0 
70596.1  70719.0 
70596.1  70720.0 
70596.1  70721.0 
70596.1  70722.0 
70596.1  70723.0 
70596.1  70724.0 
70596.1  70725.0 
70596.1  70726.0 
70596.1  70727.0 
70596.1  70728.0 
70596.1  70729.0 
70596.1  70730.0 
70596.1  70731.0 
70596.1  70732.0 
70596.1  70733.0 
70596.1  70734.0 
70596.1  70735.0 
70596.1  70736.0 
70596.1  70737.0 
70596.1  70738.0 
70596.1  70739.0 
70596.1  70740.0 
70596.1  70741.0 
70596.1  70742.0 
70596.1  70743.0 
70596.1  70744.0 
70596.1  70745.0 
70596.1  70746.0 
70596.1  70747.0 
70596.1  70748.0 
70596.1  70749.0 
70596.1  70750.0 
70596.1  70751.0 
70596.1  70752.0 
70596.1  70753.0 
70596.1  70754.0 
70596.1  70755.0 
70596.1  70756.0 
70596.1  70757.0 
70596.1  70593.0 
70596.1  70758.0 
70596.1  70759.0 
70596.1  70760.0 
70596.1  70761.1 
70596.1  70762.0 
70596.1  70763.0 
70596.1  70764.0 
70596.1  70765.0 
70596.1  70766.0 
70596.1  70767.0 
70596.2  70768.0 
70596.2  70769.0 
70596.2  70770.0 
70596.2  70771.0 
70596.2  70772.0 
70596.2  70773.0 
70596.2  70774.0 
70596.2  70775.0 
70596.2  70776.0 
70596.2  70777.0 
70596.2  70778.0 
70596.2  70779.0 
70596.2  70780.0 
70596.2  70781.0 
70596.2  70782.0 
70596.2  70783.0 
70596.2  70784.0 
70596.2  70785.0 
70596.2  70786.0 
70596.2  70787.0 
70596.2  70788.0 
70596.2  70789.0 
70596.2  70790.0 
70596.2  70791.0 
70596.2  70792.0 
70596.2  70793.0 
70596.2  70794.0 
70596.2  70795.0 
70596.2  70796.0 
70596.2  70797.0 
70596.2  70798.0 
70596.2  70580.0 
70596.2  70799.0 
70596.2  70800.0 
70596.2  70801.0 
70596.2  70802.0 
70596.2  70803.0 
70596.2  70804.0 
70596.2  70805.0 
70596.2  70806.0 
70596.2  70807.0 
70596.2  70808.0 
70596.2  70809.0 
70596.2  70585.0 
70596.2  70810.0 
70596.2  70811.0 
70596.2  70812.0 
70596.2  70813.0 
70596.2  70814.0 
70596.2  70815.0 
70596.2  70816.0 
70596.2  70817.0 
70596.2  70818.0 
70596.2  70819.0 
70596.2  70820.0 
70596.2  70821.0 
70596.2  70822.0 
70596.2  70823.0 
70596.2  70824.0 
70596.2  70825.0 
70596.2  70826.0 
70596.2  70827.0 
70596.2  70828.0 
70596.2  70829.0 
70596.2  70830.0 
70596.2  70831.0 
70596.2  70832.0 
70596.2  70833.0 
70596.2  70834.0 
70596.2  70835.0 
70596.2  70836.0 
70596.2  70837.0 
70596.2  70838.0 
70596.2  70839.0 
70596.2  70840.0 
70596.2  70841.0 
70596.2  70842.0 
70596.2  70843.0 
70596.2  70844.0 
70596.2  70845.0 
70596.2  70846.0 
70596.2  70847.0 
70596.2  70848.0 
70596.2  70849.0 
70596.2  70850.0 
70596.2  70851.0 
70596.2  70852.0 
70596.2  70853.0 
70596.2  70854.0 
70596.2  70855.0 
70596.2  70856.0 
70596.2  70857.0 
70596.2  70858.0 
70596.2  70859.0 
70596.2  70860.0 
70596.2  70861.0 
70596.2  70862.0 
70596.2  70863.0 
70596.2  70864.0 
70596.2  70865.0 
70596.2  70866.0 
70596.2  70867.0 
70596.2  70868.0 
70596.2  70869.0 
70596.2  70870.0 
70596.2  70871.0 
70596.2  70872.0 
70596.2  70873.0 
70596.2  70874.0 
70596.2  70875.0 
70596.2  70876.0 
70596.2  70877.0 
70596.2  70878.0 
70596.2  70879.0 
70596.2  70880.0 
70596.2  70881.0 
70596.2  70882.0 
70596.2  70883.0 
70596.2  70884.0 
70596.2  70885.0 
70596.2  70886.0 
70596.2  70887.0 
70596.2  70888.0 
70596.2  70889.0 
70596.2  70890.0 
70596.2  70891.0 
70596.2  70892.0 
70596.2  70893.0 
70596.2  70894.0 
70596.2  70895.0 
70596.2  70896.0 
70596.2  70897.0 
70596.2  70898.0 
70596.2  70899.0 
70596.2  70900.0 
70596.2  70901.0 
70596.2  70902.0 
70596.2  70903.0 
70596.2  70904.0 
70596.2  70905.0 
70596.2  70906.0 
70596.2  70907.0 
70596.2  70908.0 
70596.2  70909.0 
70596.2  70910.0 
70596.2  70911.0 
70596.2  70912.0 
70596.2  70913.0 
70596.2  70914.0 
70596.2  70915.0 
70596.2  70916.0 
70596.2  70917.0 
70596.2  70918.0 
70596.2  70919.0 
70596.2  70920.0 
70596.2  70921.0 
70596.2  70922.0 
70596.2  70923.0 
70596.2  70924.0 
70596.2  70925.0 
70596.2  70926.1 
70596.2  70927.0 
70596.2  70928.0 
70596.2  70929.0 
70596.2  70930.0 
70596.2  70931.0 
70596.2  70932.0 
70596.2  70933.0 
70596.2  70934.0 
70596.2  70935.0 
70596.2  70936.0 
70596.2  70937.0 
70596.2  70938.0 
70596.2  70939.0 
70596.2  70940.0 
70596.2  70941.20 
70596.2  70942.20 
70596.2  70943.0 
70596.2  70944.0 
70596.2  70945.0 
70596.2  70946.0 
70596.2  70947.0 
70596.2  70948.0 
70596.2  70949.0 
70596.2  70950.0 
70596.2  70951.0 
70596.2  70952.0 
70596.2  70953.0 
70596.2  70954.0 
70596.2  70955.0 
70596.3  70956.0 
70596.3  70957.0 
70596.3  70958.0 
70596.3  70959.0 
70596.3  70960.0 
70596.3  70961.0 
70596.3  70962.0 
70596.3  70963.0 
70596.3  70964.2 
70596.3  70965.0 
70596.3  70966.0 
70596.3  70967.0 
70596.3  70968.0 
70596.3  70969.0 
70596.3  70970.0 
70596.4  70971.0 
70596.4  70972.0 
70596.4  70973.0 
70596.4  70974.0 
70596.4  70575.1 
70596.5  70975.0 
70596.5  70976.0 
70596.5  70977.0 
70596.5  70978.0 
70596.5  70979.0 
70596.5  70980.1 
70596.5  70981.0 
70596.5  70982.40 
70596.5  70983.40 
70596.5  70984.0 
70596.5  70985.2 
70596.6  70986.0 
70596.6  70987.0 
70596.6  70988.0 
70596.6  70989.0 
70596.6  70990.0 
70596.6  70991.0 
70596.6  70584.0 
70596.6  70581.0 
70596.6  70992.0 
70596.6  70993.3 
70596.6  70994.0 
70596.6  70995.0 
70596.6  70996.0 
70596.6  70997.0 
70596.6  70998.0 
70596.6  70999.0 
70596.6  71000.0 
70596.6  71001.0 
70596.6  71002.20 
70596.6  71003.0 
70596.6  71004.0 
70596.7  71005.0 
70596.7  71006.0 
70596.7  71007.49 
70596.7  71008.0 
70596.7  71009.0 
70596.7  71010.1 
70596.7  71011.0 
70596.7  71012.0 
70596.7  71013.0 
70596.7  71014.0 
70596.7  71015.0 
70596.8  71016.0 
70596.8  71017.0 
70596.8  71018.0 
70596.8  71019.0 
70596.8  71020.0 
70596.9  71021.0 
70596.9  71022.0 
70596.9  71023.0 
70596.9  71024.0 
70596.10  71025.0 
70596.10  71026.0 
70596.10  71027.0 
70596.10  70964.6 
70596.11  71028.0 
70597.1  71030.0 
70597.1  70579.0 
70597.1  70592.0 
70597.1  70583.0 
70597.1  70582.0 
70597.1  70588.0 
70597.1  70593.0 
70597.1  70594.0 
70597.1  71031.1 
70597.1  71032.1 
70597.1  71033.1 
70598.0  69654.0 
70599.0  69655.0 
70600.0  69656.0 
70601.0  69657.0 
70602.0  69658.0 
70603.0  69659.0 
70604.0  69660.0 
70605.0  69661.0 
70606.0  69662.0 
70607.0  69663.0 
70608.0  69664.0 
70609.0  69665.0 
70610.0  69666.0 
70611.0  69667.0 
70612.0  69668.0 
70613.0  69669.0 
70614.0  69670.0 
70615.0  69671.0 
70616.0  69672.0 
70617.0  69673.0 
70618.0  69674.0 
70619.0  69675.0 
70620.0  69676.0 
70621.0  69677.0 
70622.0  69678.0 
70623.0  69679.0 
70624.0  69680.0 
70625.0  69681.0 
70626.0  69682.0 
70627.0  69683.0 
70628.0  69684.0 
70629.0  69685.0 
70630.0  69686.0 
70631.0  69687.0 
70632.0  69688.0 
70633.0  69689.0 
70634.0  69690.0 
70635.0  69691.0 
70636.0  69692.0 
70637.0  69693.0 
70638.0  69694.0 
70639.0  69695.0 
70640.0  69696.0 
70641.0  69697.0 
70642.0  69698.0 
70643.0  69699.0 
70644.0  69700.0 
70645.0  69701.0 
70646.0  69702.0 
70647.0  69703.0 
70648.0  69704.0 
70649.0  69705.0 
70650.0  69706.0 
70651.0  69707.0 
70652.0  69708.0 
70653.0  69709.0 
70654.0  69710.0 
70655.0  69711.0 
70656.0  69712.0 
70657.0  69713.0 
70658.0  69714.0 
70659.0  69715.0 
70660.0  69716.0 
70661.0  69717.0 
70662.0  69718.0 
70663.0  69719.0 
70664.0  69720.0 
70665.0  69721.0 
70666.0  69722.0 
70667.0  69723.0 
70668.0  69724.0 
70669.0  69725.0 
70670.0  69726.0 
70671.0  69727.0 
70672.0  69728.0 
70673.0  69729.0 
70674.0  69730.0 
70675.0  69731.0 
70676.0  69732.0 
70677.0  69733.0 
70678.0  69734.0 
70679.0  69735.0 
70680.0  69736.0 
70681.0  69737.0 
70682.0  69738.0 
70683.0  69739.0 
70684.0  69740.0 
70685.0  69741.0 
70686.0  69742.0 
70687.0  69743.0 
70688.0  69744.0 
70689.0  69745.0 
70690.0  69746.0 
70691.0  69747.0 
70692.0  69748.0 
70693.0  69749.0 
70694.0  69750.0 
70695.0  69751.0 
70696.0  69752.0 
70697.0  69753.0 
70698.0  69754.0 
70699.0  69755.0 
70700.0  69756.0 
70701.0  69757.0 
70702.0  69758.0 
70703.0  69759.0 
70704.0  69760.0 
70705.0  69761.0 
70706.0  69762.0 
70707.0  69763.0 
70708.0  69764.0 
70709.0  69765.0 
70710.0  69766.0 
70711.0  69767.0 
70712.0  69768.0 
70713.0  69769.0 
70714.0  69770.0 
70715.0  69771.0 
70716.0  69772.0 
70717.0  69773.0 
70718.0  69774.0 
70719.0  69775.0 
70720.0  69776.0 
70721.0  69777.0 
70722.0  69778.0 
70723.0  69779.0 
70724.0  69780.0 
70725.0  69781.0 
70726.0  69782.0 
70727.0  69783.0 
70728.0  69784.0 
70729.0  69785.0 
70730.0  69786.0 
70731.0  69787.0 
70732.0  69788.0 
70733.0  69789.0 
70734.0  69790.0 
70735.0  69791.0 
70736.0  69792.0 
70737.0  69793.0 
70738.0  69794.0 
70739.0  69795.0 
70740.0  69796.0 
70741.0  69797.0 
70742.0  69798.0 
70743.0  69799.0 
70744.0  69800.0 
70745.0  69801.0 
70746.0  69802.0 
70747.0  69803.0 
70748.0  69804.0 
70749.0  69805.0 
70750.0  69806.0 
70751.0  69807.0 
70752.0  69808.0 
70753.0  69809.0 
70754.0  69810.0 
70755.0  69811.0 
70756.0  69812.0 
70757.0  69813.0 
70758.0  69814.0 
70759.0  69815.0 
70760.0  69816.0 
70761.1  71034.18 
70762.0  69818.0 
70763.0  69819.0 
70764.0  69820.0 
70765.0  69821.0 
70766.0  69822.0 
70767.0  69823.0 
70768.0  69824.0 
70769.0  69825.0 
70770.0  69826.0 
70771.0  69827.0 
70772.0  69828.0 
70773.0  69829.0 
70774.0  69830.0 
70775.0  69831.0 
70776.0  69832.0 
70777.0  69833.0 
70778.0  69834.0 
70779.0  69835.0 
70780.0  69836.0 
70781.0  69837.0 
70782.0  69838.0 
70783.0  69839.0 
70784.0  69840.0 
70785.0  69841.0 
70786.0  69842.0 
70787.0  69843.0 
70788.0  69844.0 
70789.0  69845.0 
70790.0  69846.0 
70791.0  69847.0 
70792.0  69848.0 
70793.0  69849.0 
70794.0  69850.0 
70795.0  69851.0 
70796.0  69852.0 
70797.0  69853.0 
70798.0  69854.0 
70799.0  69855.0 
70800.0  69856.0 
70801.0  69857.0 
70802.0  69858.0 
70803.0  69859.0 
70804.0  69860.0 
70805.0  69861.0 
70806.0  69862.0 
70807.0  69863.0 
70808.0  69864.0 
70809.0  69865.0 
70811.0  69867.0 
70812.0  69868.0 
70813.0  69869.0 
70814.0  69870.0 
70815.0  69871.0 
70816.0  69872.0 
70817.0  69873.0 
70818.0  69874.0 
70819.0  69875.0 
70820.0  69876.0 
70821.0  69877.0 
70822.0  69878.0 
70823.0  69879.0 
70824.0  69880.0 
70825.0  69881.0 
70826.0  69882.0 
70827.0  69883.0 
70828.0  69884.0 
70829.0  69885.0 
70830.0  69886.0 
70831.0  69887.0 
70832.0  69888.0 
70833.0  69889.0 
70834.0  69890.0 
70835.0  69891.0 
70836.0  69892.0 
70837.0  69893.0 
70838.0  69894.0 
70839.0  69895.0 
70840.0  69896.0 
70841.0  69897.0 
70842.0  69898.0 
70843.0  69899.0 
70844.0  69900.0 
70845.0  69901.0 
70846.0  69902.0 
70847.0  69903.0 
70848.0  69904.0 
70849.0  69905.0 
70850.0  69906.0 
70851.0  69907.0 
70852.0  69908.0 
70853.0  69909.0 
70854.0  69910.0 
70855.0  69911.0 
70856.0  69912.0 
70857.0  69913.0 
70858.0  69914.0 
70859.0  69915.0 
70860.0  69916.0 
70861.0  69917.0 
70862.0  69918.0 
70863.0  69919.0 
70864.0  69920.0 
70865.0  69921.0 
70866.0  69922.0 
70867.0  69923.0 
70868.0  69924.0 
70869.0  69925.0 
70870.0  69926.0 
70871.0  69927.0 
70872.0  69928.0 
70873.0  69929.0 
70874.0  69930.0 
70875.0  69931.0 
70876.0  69932.0 
70877.0  69933.0 
70878.0  69934.0 
70879.0  69935.0 
70880.0  69936.0 
70881.0  69937.0 
70882.0  69938.0 
70883.0  69939.0 
70884.0  69940.0 
70885.0  69941.0 
70886.0  69942.0 
70887.0  69943.0 
70888.0  69944.0 
70889.0  69945.0 
70890.0  69946.0 
70891.0  69947.0 
70892.0  69948.0 
70893.0  69949.0 
70894.0  69950.0 
70895.0  69951.0 
70896.0  69952.0 
70897.0  69953.0 
70898.0  69954.0 
70899.0  69955.0 
70900.0  69956.0 
70901.0  69957.0 
70902.0  69958.0 
70903.0  69959.0 
70904.0  69960.0 
70905.0  69961.0 
70906.0  69962.0 
70907.0  69963.0 
70908.0  69964.0 
70909.0  69965.0 
70910.0  69966.0 
70911.0  69967.0 
70912.0  69968.0 
70913.0  69969.0 
70914.0  69970.0 
70915.0  69971.0 
70916.0  69972.0 
70917.0  69973.0 
70918.0  69974.0 
70919.0  69975.0 
70920.0  69976.0 
70921.0  69977.0 
70922.0  69978.0 
70923.0  69979.0 
70924.0  69980.0 
70925.0  69981.0 
70926.1  71034.16 
70927.0  69983.0 
70928.0  69984.0 
70929.0  69985.0 
70930.0  69986.0 
70931.0  69987.0 
70932.0  69988.0 
70933.0  69989.0 
70934.0  69990.0 
70935.0  69991.0 
70936.0  69992.0 
70937.0  69993.0 
70938.0  69994.0 
70939.0  69995.0 
70940.0  69996.0 
70941.20  71034.17 
70941.20  69997.20 
70942.20  71034.17 
70942.20  69998.20 
70943.0  69999.0 
70944.0  70000.0 
70945.0  70001.0 
70946.0  70002.0 
70947.0  70003.0 
70948.0  70004.0 
70949.0  70005.0 
70950.0  70006.0 
70951.0  70007.0 
70952.0  70008.0 
70953.0  70009.0 
70954.0  70010.0 
70955.0  70011.0 
70956.0  70012.0 
70957.0  70013.0 
70958.0  70014.0 
70959.0  70015.0 
70960.0  70016.0 
70961.0  70017.0 
70962.0  70018.0 
70963.0  70019.0 
70964.1  70596.1 
70964.2  70596.2 
70964.3  70596.3 
70964.4  70596.4 
70964.5  70596.8 
70964.6  70596.9 
70964.7  70596.10 
70965.0  70021.0 
70966.0  70022.0 
70967.0  70023.0 
70968.0  70024.0 
70969.0  70025.0 
70970.0  70026.0 
70971.0  70027.0 
70972.0  70028.0 
70973.0  70029.0 
70974.0  70030.0 
70975.0  70031.0 
70976.0  70032.0 
70977.0  70033.0 
70978.0  70034.0 
70979.0  70035.0 
70980.1  71034.18 
70981.0  70037.0 
70982.40  71034.18 
70982.40  70038.40 
70982.41  70596.5 
70983.40  71034.18 
70983.40  70039.40 
70983.41  70596.7 
70984.0  70040.0 
70985.2  70041.2 
70986.0  70042.0 
70987.0  70043.0 
70988.0  70044.0 
70989.0  70045.0 
70990.0  70046.0 
70991.0  70047.0 
70992.0  70048.0 
70993.1  71035.1 
70993.2  71036.1 
70993.3  71037.1 
70994.0  70050.0 
70995.0  70051.0 
70996.0  70052.0 
70997.0  70053.0 
70998.0  70054.0 
70999.0  70055.0 
71000.0  70056.0 
71001.0  70057.0 
71002.20  70058.20 
71002.21  70596.6 
71003.0  70059.0 
71004.0  70060.0 
71005.0  70061.0 
71006.0  70062.0 
71007.47  71034.11 
71007.48  71034.14 
71007.49  71034.17 
71007.49  70063.49 
71008.0  70064.0 
71010.1  71038.1 
71011.0  70067.0 
71012.0  70068.0 
71014.0  70070.0 
71015.0  70071.0 
71016.0  70072.0 
71017.0  70073.0 
71018.0  70074.0 
71019.0  70075.0 
71020.0  70076.0 
71021.0  70077.0 
71022.0  70078.0 
71023.0  70079.0 
71024.1  70596.9 
71025.0  70081.0 
71026.0  70082.0 
71027.0  70083.0 
71028.0  70084.0 
71029.1  71040.0 
71029.1  70579.0 
71029.1  70592.0 
71029.1  70583.0 
71029.1  70582.0 
71029.1  70588.0 
71029.1  70593.0 
71029.1  70594.0 
71029.1  71041.1 
71029.1  71042.1 
71029.1  71043.1 
71029.1  71044.1 
71029.1  71045.1 
71030.0  70086.0 
71031.1  71046.1 
71032.1  71047.1 
71033.1  71048.1 
71034.12  71049.0 
71034.13  71050.0 
71034.14  70063.47 
71034.15  70020.10 
71034.16  70105.0 
71034.17  70063.48 
71034.18  71051.1 
71034.19  70020.11 
71034.19  69652.19 
71035.1  71052.0 
71035.1  70579.0 
71035.1  71053.0 
71035.1  71054.0 
71035.1  70582.0 
71035.1  71055.0 
71035.1  70580.0 
71035.1  71056.0 
71035.1  70583.0 
71035.1  70585.0 
71035.1  71057.0 
71035.1  70588.0 
71035.1  71058.2 
71036.1  71060.0 
71036.1  70579.0 
71036.1  71053.0 
71036.1  71054.0 
71036.1  70580.0 
71036.1  70582.0 
71036.1  71055.0 
71036.1  70583.0 
71036.1  71056.0 
71036.1  70585.0 
71036.1  71061.0 
71036.1  70588.0 
71036.1  70993.1 
71037.1  71062.0 
71037.1  70579.0 
71037.1  70582.0 
71037.1  70993.2 
71038.1  71064.0 
71038.1  70579.0 
71038.1  71065.0 
71038.1  70582.0 
71038.1  70588.0 
71038.1  70594.0 
71038.1  70639.0 
71038.1  71066.2 
71038.1  71066.3 
71038.1  71066.4 
71038.1  71066.5 
71038.1  71066.6 
71038.1  71066.7 
71039.1  70591.0 
71039.1  70579.0 
71039.1  70582.0 
71040.0  70096.0 
71041.1  71067.1 
71042.1  71068.1 
71043.1  71069.1 
71044.1  71070.1 
71045.1  71071.1 
71046.1  71072.0 
71046.1  70579.0 
71046.1  70582.0 
71046.1  70588.0 
71047.1  71073.0 
71047.1  70579.0 
71047.1  70582.0 
71047.1  70588.0 
71048.1  71075.0 
71048.1  70579.0 
71048.1  70582.0 
71049.0  68228.0 
71050.0  67294.0 
71051.1  71034.14 
71052.0  70107.0 
71053.0  70108.0 
71054.0  70109.0 
71055.0  70110.0 
71056.0  70111.0 
71058.1  71076.1 
71058.2  71077.1 
71059.1  71079.0 
71059.1  70579.0 
71059.1  70592.0 
71059.1  70583.0 
71059.1  70582.0 
71059.1  70588.0 
71059.1  70593.0 
71059.1  70594.0 
71059.1  70644.0 
71059.1  70645.0 
71059.1  70646.0 
71059.1  71080.1 
71059.1  71081.1 
71059.2  71082.1 
71059.3  71083.1 
71060.0  70115.0 
71062.0  70117.0 
71063.1  71084.0 
71063.1  70579.0 
71063.1  70592.0 
71063.1  70583.0 
71063.1  70582.0 
71063.1  70588.0 
71063.1  70593.0 
71063.1  70594.0 
71064.0  70119.0 
71065.0  70120.0 
71066.1  71085.1 
71066.2  71085.2 
71066.3  71085.3 
71066.4  71085.4 
71066.5  71085.5 
71066.6  71085.6 
71066.7  71085.7 
71067.1  71073.0 
71067.1  70579.0 
71067.1  70582.0 
71067.1  70588.0 
71068.1  71072.0 
71068.1  70579.0 
71068.1  70582.0 
71068.1  70588.0 
71069.1  71086.0 
71069.1  70579.0 
71069.1  70582.0 
71069.1  70588.0 
71070.1  71086.0 
71070.1  70579.0 
71070.1  70582.0 
71070.1  70588.0 
71071.1  71086.0 
71071.1  70579.0 
71071.1  70582.0 
71071.1  70588.0 
71072.0  70127.0 
71073.0  70128.0 
71075.0  70130.0 
71076.1  71052.0 
71076.1  70579.0 
71076.1  71053.0 
71076.1  71054.0 
71076.1  70582.0 
71076.1  71055.0 
71076.1  70580.0 
71076.1  71056.0 
71076.1  70583.0 
71076.1  70585.0 
71076.1  71088.0 
71076.1  70588.0 
71076.1  71089.1 
71077.1  71060.0 
71077.1  70579.0 
71077.1  71053.0 
71077.1  71054.0 
71077.1  70580.0 
71077.1  70582.0 
71077.1  71055.0 
71077.1  70583.0 
71077.1  71056.0 
71077.1  70585.0 
71077.1  71091.0 
71077.1  70588.0 
71077.1  71058.1 
71078.1  71060.0 
71078.1  70579.0 
71078.1  71053.0 
71078.1  71054.0 
71078.1  70580.0 
71078.1  70582.0 
71078.1  71055.0 
71078.1  70583.0 
71078.1  71056.0 
71078.1  70585.0 
71078.1  71092.0 
71078.1  70588.0 
71079.0  70134.0 
71080.1  71093.0 
71081.1  71094.1 
71082.1  71095.1 
71083.1  71096.1 
71084.0  70139.0 
71085.1  71097.0 
71085.1  70579.0 
71085.1  71098.0 
71085.1  70583.0 
71085.1  70582.0 
71085.1  71099.0 
71085.1  70588.0 
71085.1  71100.0 
71085.1  71101.0 
71085.1  70593.0 
71085.1  71102.0 
71085.1  71103.0 
71085.1  71104.0 
71085.1  70594.0 
71085.1  71105.0 
71085.1  71106.0 
71085.1  71107.0 
71085.1  71108.0 
71085.1  71109.0 
71085.1  71110.0 
71085.1  71111.0 
71085.1  71112.0 
71085.1  71113.0 
71085.1  71114.0 
71085.1  71115.0 
71085.1  71116.0 
71085.1  71117.0 
71085.1  71118.0 
71085.1  71119.0 
71085.1  71120.0 
71085.1  71121.0 
71085.1  71122.0 
71085.1  71123.0 
71085.1  71124.0 
71085.1  71125.0 
71085.1  71126.0 
71085.1  71127.0 
71085.1  71128.0 
71085.1  71129.0 
71085.1  71130.0 
71085.1  71131.0 
71085.1  71132.0 
71085.1  71133.0 
71085.1  71134.0 
71085.1  71135.0 
71085.1  71136.0 
71085.1  71137.0 
71085.1  71138.0 
71085.1  71139.0 
71085.1  71140.0 
71085.1  71141.0 
71085.1  71142.0 
71085.1  71143.0 
71085.1  71144.0 
71085.1  71145.0 
71085.1  71146.0 
71085.1  71147.0 
71085.1  71148.0 
71085.1  71149.0 
71085.1  71150.0 
71085.1  71151.0 
71085.1  71152.0 
71085.1  71153.0 
71085.1  71154.0 
71085.1  71155.0 
71085.1  71156.0 
71085.1  71157.0 
71085.1  71158.0 
71085.1  71159.0 
71085.1  71160.0 
71085.1  71161.0 
71085.1  71162.0 
71085.1  71163.0 
71085.1  71164.0 
71085.1  71165.0 
71085.1  71166.0 
71085.1  71167.0 
71085.1  71168.0 
71085.1  71169.0 
71085.1  71170.0 
71085.1  71171.0 
71085.1  71172.0 
71085.1  71173.0 
71085.1  71174.0 
71085.1  71175.0 
71085.1  71176.0 
71085.2  71177.0 
71085.2  71178.0 
71085.2  71179.0 
71085.2  71180.0 
71085.2  71181.0 
71085.2  71182.0 
71085.2  71183.0 
71085.2  71184.0 
71085.2  71185.0 
71085.2  71186.0 
71085.2  71187.0 
71085.2  71188.0 
71085.2  71189.0 
71085.2  71190.0 
71085.2  71191.0 
71085.2  71192.0 
71085.2  71193.0 
71085.2  71194.0 
71085.2  71195.0 
71085.2  71196.0 
71085.2  71197.0 
71085.2  71198.0 
71085.2  71199.0 
71085.2  71200.0 
71085.2  71201.0 
71085.2  71202.0 
71085.2  71203.0 
71085.2  71204.0 
71085.2  71205.0 
71085.2  71206.0 
71085.2  71207.0 
71085.2  71208.0 
71085.2  71209.0 
71085.2  71210.0 
71085.2  71211.0 
71085.2  71212.0 
71085.2  71213.0 
71085.2  71214.0 
71085.2  71215.0 
71085.2  71216.0 
71085.2  71217.0 
71085.2  71218.0 
71085.2  71219.0 
71085.2  71220.0 
71085.2  71221.0 
71085.2  71222.0 
71085.2  71223.0 
71085.2  71224.0 
71085.2  71225.0 
71085.2  71226.0 
71085.2  71227.0 
71085.2  71228.0 
71085.2  71229.0 
71085.2  71230.0 
71085.2  71231.0 
71085.2  71232.0 
71085.2  71233.0 
71085.2  71234.0 
71085.2  71235.0 
71085.2  71236.0 
71085.2  71237.0 
71085.2  71238.0 
71085.2  71239.0 
71085.2  71240.0 
71085.2  71241.0 
71085.2  71242.0 
71085.2  71243.0 
71085.2  71244.0 
71085.2  71245.0 
71085.2  71246.0 
71085.2  71247.0 
71085.2  71248.0 
71085.2  71249.0 
71085.2  71250.0 
71085.2  71251.0 
71085.2  71252.0 
71085.2  71253.0 
71085.2  71254.0 
71085.3  71255.0 
71085.3  71256.0 
71085.3  71257.0 
71085.3  71258.0 
71085.3  71259.0 
71085.3  71260.0 
71085.3  71261.0 
71085.3  71262.0 
71085.3  71263.0 
71085.3  71264.0 
71085.3  71265.0 
71085.3  71266.0 
71085.3  71267.0 
71085.3  71268.0 
71085.3  71269.0 
71085.3  71270.0 
71085.3  71271.0 
71085.3  71272.0 
71085.3  71273.0 
71085.3  71274.0 
71085.3  71275.0 
71085.3  71276.0 
71085.3  71277.0 
71085.3  71278.0 
71085.3  71279.0 
71085.3  71280.0 
71085.3  71281.0 
71085.3  71282.0 
71085.3  71283.0 
71085.3  71284.0 
71085.3  71285.0 
71085.3  71286.0 
71085.3  71287.0 
71085.3  71288.0 
71085.3  71289.0 
71085.3  71290.0 
71085.3  71291.0 
71085.3  71292.0 
71085.3  71293.0 
71085.3  71294.0 
71085.3  71295.0 
71085.3  71296.0 
71085.3  71297.0 
71085.3  71298.0 
71085.3  71299.0 
71085.3  71300.0 
71085.3  71301.0 
71085.3  71302.0 
71085.3  71303.0 
71085.3  71304.0 
71085.3  71305.0 
71085.3  71306.0 
71085.3  71307.0 
71085.3  71308.0 
71085.3  71309.0 
71085.3  71310.0 
71085.3  71311.0 
71085.3  71312.0 
71085.3  71313.0 
71085.3  71314.0 
71085.3  71315.0 
71085.3  71316.0 
71085.3  71317.0 
71085.3  71318.0 
71085.3  71319.0 
71085.3  71320.0 
71085.3  71321.0 
71085.3  71322.0 
71085.3  71323.0 
71085.3  71324.0 
71085.3  71325.0 
71085.3  71326.0 
71085.3  71327.0 
71085.3  71328.0 
71085.3  71329.0 
71085.3  71330.0 
71085.3  71331.0 
71085.3  71332.0 
71085.3  71333.0 
71085.4  71334.0 
71085.4  71335.0 
71085.4  71336.0 
71085.4  71337.0 
71085.4  71338.0 
71085.4  71339.0 
71085.4  71340.0 
71085.4  71341.0 
71085.4  71342.0 
71085.4  71343.0 
71085.4  71344.0 
71085.4  71345.0 
71085.4  71346.0 
71085.4  71347.0 
71085.4  71348.0 
71085.4  71349.0 
71085.4  71350.0 
71085.4  71351.0 
71085.4  71352.0 
71085.4  71353.0 
71085.4  71354.0 
71085.4  71355.0 
71085.4  71356.0 
71085.4  71357.0 
71085.4  71358.0 
71085.4  71359.0 
71085.4  71360.0 
71085.4  71361.0 
71085.4  71362.0 
71085.4  71363.0 
71085.4  71364.0 
71085.4  71365.0 
71085.4  71366.0 
71085.4  71367.0 
71085.4  71368.0 
71085.4  71369.0 
71085.4  71370.0 
71085.4  71371.0 
71085.4  71372.0 
71085.5  71373.0 
71085.5  71374.0 
71085.5  71375.0 
71085.5  71376.0 
71085.5  71377.0 
71085.5  71378.0 
71085.5  71379.0 
71085.5  71380.0 
71085.5  71381.0 
71085.5  71382.0 
71085.5  71383.0 
71085.5  71384.0 
71085.5  71385.0 
71085.5  71386.0 
71085.5  71387.0 
71085.5  71388.0 
71085.5  71389.0 
71085.5  71390.0 
71085.5  71391.0 
71085.5  71392.0 
71085.5  71393.0 
71085.5  71394.0 
71085.5  71395.0 
71085.5  71396.0 
71085.5  71397.0 
71085.5  71398.0 
71085.5  71399.0 
71085.5  71400.0 
71085.5  71401.0 
71085.5  71402.0 
71085.5  71403.0 
71085.5  71404.0 
71085.5  71405.0 
71085.5  71406.0 
71085.5  71407.0 
71085.5  71408.0 
71085.5  71409.0 
71085.5  71410.0 
71085.5  71411.0 
71085.5  71412.0 
71085.5  71413.0 
71085.5  71414.0 
71085.5  71415.0 
71085.5  71416.0 
71085.5  71417.0 
71085.5  71418.0 
71085.5  71419.0 
71085.5  71420.0 
71085.6  71421.0 
71085.6  71422.0 
71085.6  71423.0 
71085.6  71424.0 
71085.6  71425.0 
71085.6  71426.0 
71085.6  71427.0 
71085.6  71428.0 
71085.6  71429.0 
71085.6  71430.0 
71085.6  71431.0 
71085.6  71432.0 
71085.6  71433.0 
71085.6  71434.0 
71085.6  71435.0 
71085.6  71436.0 
71085.6  71437.0 
71085.6  71438.0 
71085.6  71439.0 
71085.6  71440.0 
71085.6  71441.0 
71085.6  71442.0 
71085.6  71443.0 
71085.6  71444.0 
71085.6  71445.0 
71085.6  71446.0 
71085.6  71447.0 
71085.7  71448.0 
71085.7  71449.0 
71085.7  71450.0 
71085.7  71451.0 
71085.7  71452.0 
71085.7  71453.0 
71085.7  71454.0 
71085.7  71455.0 
71085.7  71456.0 
71085.7  71457.0 
71085.7  71458.0 
71085.7  71459.0 
71085.7  71460.0 
71085.7  71461.0 
71085.7  71462.0 
71085.7  71463.0 
71085.7  71464.0 
71085.7  71465.0 
71085.7  71466.0 
71085.7  71467.0 
71085.7  71468.0 
71085.7  71469.0 
71085.7  71470.0 
71085.7  71471.0 
71085.7  71472.0 
71085.7  71473.0 
71085.7  71474.0 
71085.7  71475.0 
71085.7  71476.0 
71085.7  71477.0 
71085.7  71478.0 
71085.7  71479.0 
71085.7  71480.0 
71085.7  71481.0 
71085.7  71482.0 
71085.7  71483.0 
71085.7  71484.0 
71085.7  71485.0 
71085.7  71486.0 
71085.7  71487.0 
71085.7  71488.0 
71086.0  70141.0 
71087.1  70545.0 
71087.1  69635.0 
71087.1  69648.0 
71087.1  69639.0 
71087.1  69638.0 
71087.1  69644.0 
71087.1  69649.0 
71087.1  69650.0 
71087.1  69700.0 
71087.1  69701.0 
71087.1  69702.0 
71087.1  71490.1 
71087.1  71491.1 
71087.1  69695.0 
71087.1  69707.0 
71087.1  71492.1 
71089.1  71493.1 
71090.1  69646.1 
71094.1  71495.0 
71094.1  70579.0 
71094.1  70582.0 
71094.1  70588.0 
71094.1  70594.0 
71094.1  71496.1 
71095.1  71495.0 
71095.1  70579.0 
71095.1  70582.0 
71095.1  70588.0 
71095.1  70594.0 
71095.1  71498.1 
71096.1  71495.0 
71096.1  70579.0 
71096.1  70582.0 
71096.1  70588.0 
71096.1  70594.0 
71096.1  71500.1 
71097.0  70152.0 
71098.0  70153.0 
71099.0  70154.0 
71101.0  70156.0 
71102.0  70157.0 
71103.0  70158.0 
71104.0  70159.0 
71105.0  70160.0 
71106.0  70161.0 
71107.0  70162.0 
71108.0  70163.0 
71109.0  70164.0 
71110.0  70165.0 
71111.0  70166.0 
71112.0  70167.0 
71113.0  70168.0 
71114.0  70169.0 
71115.0  70170.0 
71116.0  70171.0 
71117.0  70172.0 
71118.0  70173.0 
71119.0  70174.0 
71120.0  70175.0 
71121.0  70176.0 
71122.0  70177.0 
71123.0  70178.0 
71124.0  70179.0 
71125.0  70180.0 
71126.0  70181.0 
71127.0  70182.0 
71128.0  70183.0 
71129.0  70184.0 
71130.0  70185.0 
71131.0  70186.0 
71132.0  70187.0 
71133.0  70188.0 
71134.0  70189.0 
71135.0  70190.0 
71136.0  70191.0 
71137.0  70192.0 
71138.0  70193.0 
71139.0  70194.0 
71140.0  70195.0 
71141.0  70196.0 
71142.0  70197.0 
71143.0  70198.0 
71144.0  70199.0 
71145.0  70200.0 
71146.0  70201.0 
71147.0  70202.0 
71148.0  70203.0 
71149.0  70204.0 
71150.0  70205.0 
71151.0  70206.0 
71152.0  70207.0 
71153.0  70208.0 
71154.0  70209.0 
71155.0  70210.0 
71156.0  70211.0 
71157.0  70212.0 
71158.0  70213.0 
71159.0  70214.0 
71160.0  70215.0 
71161.0  70216.0 
71162.0  70217.0 
71163.0  70218.0 
71164.0  70219.0 
71165.0  70220.0 
71166.0  70221.0 
71167.0  70222.0 
71168.0  70223.0 
71169.0  70224.0 
71170.0  70225.0 
71171.0  70226.0 
71172.0  70227.0 
71173.0  70228.0 
71174.0  70229.0 
71175.0  70230.0 
71176.0  70231.0 
71177.0  70232.0 
71178.0  70233.0 
71179.0  70234.0 
71180.0  70235.0 
71181.0  70236.0 
71182.0  70237.0 
71183.0  70238.0 
71184.0  70239.0 
71185.0  70240.0 
71186.0  70241.0 
71187.0  70242.0 
71188.0  70243.0 
71189.0  70244.0 
71190.0  70245.0 
71191.0  70246.0 
71192.0  70247.0 
71193.0  70248.0 
71194.0  70249.0 
71195.0  70250.0 
71196.0  70251.0 
71197.0  70252.0 
71198.0  70253.0 
71199.0  70254.0 
71200.0  70255.0 
71201.0  70256.0 
71202.0  70257.0 
71203.0  70258.0 
71204.0  70259.0 
71205.0  70260.0 
71206.0  70261.0 
71207.0  70262.0 
71208.0  70263.0 
71209.0  70264.0 
71210.0  70265.0 
71211.0  70266.0 
71212.0  70267.0 
71213.0  70268.0 
71214.0  70269.0 
71215.0  70270.0 
71216.0  70271.0 
71217.0  70272.0 
71218.0  70273.0 
71219.0  70274.0 
71220.0  70275.0 
71221.0  70276.0 
71222.0  70277.0 
71223.0  70278.0 
71224.0  70279.0 
71225.0  70280.0 
71226.0  70281.0 
71227.0  70282.0 
71228.0  70283.0 
71229.0  70284.0 
71230.0  70285.0 
71231.0  70286.0 
71232.0  70287.0 
71233.0  70288.0 
71234.0  70289.0 
71235.0  70290.0 
71236.0  70291.0 
71237.0  70292.0 
71238.0  70293.0 
71239.0  70294.0 
71240.0  70295.0 
71241.0  70296.0 
71242.0  70297.0 
71243.0  70298.0 
71244.0  70299.0 
71245.0  70300.0 
71246.0  70301.0 
71247.0  70302.0 
71248.0  70303.0 
71249.0  70304.0 
71250.0  70305.0 
71251.0  70306.0 
71252.0  70307.0 
71253.0  70308.0 
71254.0  70309.0 
71255.0  70310.0 
71256.0  70311.0 
71257.0  70312.0 
71258.0  70313.0 
71259.0  70314.0 
71260.0  70315.0 
71261.0  70316.0 
71262.0  70317.0 
71263.0  70318.0 
71264.0  70319.0 
71265.0  70320.0 
71266.0  70321.0 
71267.0  70322.0 
71268.0  70323.0 
71269.0  70324.0 
71270.0  70325.0 
71271.0  70326.0 
71272.0  70327.0 
71273.0  70328.0 
71274.0  70329.0 
71275.0  70330.0 
71276.0  70331.0 
71277.0  70332.0 
71278.0  70333.0 
71279.0  70334.0 
71280.0  70335.0 
71281.0  70336.0 
71282.0  70337.0 
71283.0  70338.0 
71284.0  70339.0 
71285.0  70340.0 
71286.0  70341.0 
71287.0  70342.0 
71288.0  70343.0 
71289.0  70344.0 
71290.0  70345.0 
71291.0  70346.0 
71292.0  70347.0 
71293.0  70348.0 
71294.0  70349.0 
71295.0  70350.0 
71296.0  70351.0 
71297.0  70352.0 
71298.0  70353.0 
71299.0  70354.0 
71300.0  70355.0 
71301.0  70356.0 
71302.0  70357.0 
71304.0  70359.0 
71305.0  70360.0 
71306.0  70361.0 
71307.0  70362.0 
71308.0  70363.0 
71309.0  70364.0 
71310.0  70365.0 
71311.0  70366.0 
71312.0  70367.0 
71313.0  70368.0 
71314.0  70369.0 
71315.0  70370.0 
71316.0  70371.0 
71317.0  70372.0 
71318.0  70373.0 
71319.0  70374.0 
71320.0  70375.0 
71321.0  70376.0 
71322.0  70377.0 
71323.0  70378.0 
71324.0  70379.0 
71325.0  70380.0 
71326.0  70381.0 
71327.0  70382.0 
71328.0  70383.0 
71329.0  70384.0 
71330.0  70385.0 
71331.0  70386.0 
71332.0  70387.0 
71333.0  70388.0 
71334.0  70389.0 
71335.0  70390.0 
71336.0  70391.0 
71337.0  70392.0 
71338.0  70393.0 
71339.0  70394.0 
71340.0  70395.0 
71341.0  70396.0 
71342.0  70397.0 
71343.0  70398.0 
71344.0  70399.0 
71345.0  70400.0 
71346.0  70401.0 
71347.0  70402.0 
71348.0  70403.0 
71349.0  70404.0 
71350.0  70405.0 
71351.0  70406.0 
71352.0  70407.0 
71353.0  70408.0 
71354.0  70409.0 
71355.0  70410.0 
71356.0  70411.0 
71357.0  70412.0 
71358.0  70413.0 
71359.0  70414.0 
71360.0  70415.0 
71361.0  70416.0 
71362.0  70417.0 
71363.0  70418.0 
71364.0  70419.0 
71365.0  70420.0 
71366.0  70421.0 
71367.0  70422.0 
71368.0  70423.0 
71369.0  70424.0 
71370.0  70425.0 
71371.0  70426.0 
71372.0  70427.0 
71373.0  70428.0 
71374.0  70429.0 
71375.0  70430.0 
71376.0  70431.0 
71377.0  70432.0 
71378.0  70433.0 
71379.0  70434.0 
71380.0  70435.0 
71381.0  70436.0 
71382.0  70437.0 
71383.0  70438.0 
71384.0  70439.0 
71385.0  70440.0 
71386.0  70441.0 
71387.0  70442.0 
71388.0  70443.0 
71389.0  70444.0 
71390.0  70445.0 
71391.0  70446.0 
71392.0  70447.0 
71393.0  70448.0 
71394.0  70449.0 
71395.0  70450.0 
71396.0  70451.0 
71397.0  70452.0 
71398.0  70453.0 
71399.0  70454.0 
71400.0  70455.0 
71401.0  70456.0 
71402.0  70457.0 
71403.0  70458.0 
71404.0  70459.0 
71405.0  70460.0 
71406.0  70461.0 
71407.0  70462.0 
71408.0  70463.0 
71409.0  70464.0 
71410.0  70465.0 
71411.0  70466.0 
71412.0  70467.0 
71413.0  70468.0 
71414.0  70469.0 
71415.0  70470.0 
71416.0  70471.0 
71417.0  70472.0 
71418.0  70473.0 
71419.0  70474.0 
71420.0  70475.0 
71421.0  70476.0 
71422.0  70477.0 
71423.0  70478.0 
71424.0  70479.0 
71425.0  70480.0 
71426.0  70481.0 
71427.0  70482.0 
71428.0  70483.0 
71429.0  70484.0 
71430.0  70485.0 
71431.0  70486.0 
71432.0  70487.0 
71433.0  70488.0 
71434.0  70489.0 
71435.0  70490.0 
71436.0  70491.0 
71437.0  70492.0 
71438.0  70493.0 
71439.0  70494.0 
71440.0  70495.0 
71441.0  70496.0 
71442.0  70497.0 
71443.0  70498.0 
71444.0  70499.0 
71445.0  70500.0 
71446.0  70501.0 
71447.0  70502.0 
71448.0  70503.0 
71449.0  70504.0 
71450.0  70505.0 
71451.0  70506.0 
71452.0  70507.0 
71453.0  70508.0 
71454.0  70509.0 
71455.0  70510.0 
71456.0  70511.0 
71457.0  70512.0 
71458.0  70513.0 
71459.0  70514.0 
71489.1  70107.0 
71489.1  69635.0 
71489.1  70108.0 
71489.1  70109.0 
71489.1  69638.0 
71489.1  70110.0 
71489.1  69636.0 
71489.1  70111.0 
71489.1  69639.0 
71489.1  69641.0 
71489.1  71501.0 
71489.1  69644.0 
71489.1  70049.3 
71490.1  71502.1 
71491.1  71503.1 
71492.1  71504.1 
71493.1  70561.0 
71493.1  69635.0 
71493.1  69638.0 
71493.1  71505.3 
71495.0  70551.0 
71496.1  71506.0 
71498.1  71507.0 
71500.1  71508.0 
71502.1  70551.0 
71502.1  69635.0 
71502.1  69638.0 
71502.1  69644.0 
71502.1  69650.0 
71502.1  71510.1 
71503.1  70568.0 
71503.1  69635.0 
71503.1  69638.0 
71503.1  69644.0 
71503.1  70569.29 
71504.1  70568.0 
71504.1  69635.0 
71504.1  69638.0 
71504.1  69644.0 
71504.1  70570.29 
71505.3  70049.3 
71510.1  71511.0 
70576.0  70577.0 
70577.0  70590.0 
70596.0  70597.0 
70597.0  71029.0 
71029.0  71039.0 
71035.0  70590.0 
71036.0  71059.0 
71037.0  71059.0 
71038.0  71063.0 
71039.0  70590.0 
71046.0  70597.0 
71047.0  70597.0 
71048.0  71074.0 
71059.0  71078.0 
71063.0  70596.0 
71067.0  71029.0 
71068.0  71029.0 
71069.0  71029.0 
71070.0  71029.0 
71071.0  71029.0 
71074.0  70597.0 
71076.0  71087.0 
71077.0  71090.0 
71078.0  70590.0 
71085.0  71063.0 
71087.0  71489.0 
71093.0  71059.0 
71094.0  71494.0 
71095.0  71497.0 
71096.0  71499.0 
71489.0  71090.0 
71493.0  71087.0 
71494.0  71059.0 
71497.0  71059.0 
71499.0  71059.0 
71502.0  71509.0 
71503.0  71087.0 
71504.0  71087.0 
71506.0  71494.0 
71507.0  71497.0 
71508.0  71499.0 
71509.0  71087.0 
71511.0  71509.0 
70595.1  70596.11 
71512.1  70596.11 
