53415.1  53417.0 
53415.1  53418.0 
53415.1  53419.0 
53415.1  53420.0 
53415.1  53421.0 
53415.1  53422.0 
53415.1  53423.0 
53415.1  53424.0 
53415.1  53425.0 
53415.1  53426.0 
53415.1  53427.0 
53415.1  53428.0 
53416.1  53430.0 
53416.1  53418.0 
53416.1  53421.0 
53417.0  53395.0 
53418.0  53396.0 
53419.0  53397.0 
53420.0  53398.0 
53421.0  53399.0 
53422.0  53400.0 
53423.0  53401.0 
53424.0  53402.0 
53427.0  53405.0 
53428.0  52784.0 
53429.1  53418.0 
53429.1  53431.0 
53429.1  53422.0 
53429.1  53421.0 
53429.1  53427.0 
53429.1  53432.0 
53429.1  53433.0 
53430.0  53408.0 
53431.0  53409.0 
53432.0  53410.0 
53433.0  53411.0 
53414.1  53415.1 
53435.5  53413.5 
53415.0  53416.0 
53416.0  53429.0 
53434.1  53435.5 
