52891.1  52893.0 
52891.1  52894.0 
52891.1  52895.0 
52891.1  52896.0 
52891.1  52897.0 
52891.1  52898.0 
52891.1  52899.0 
52891.1  52900.0 
52891.1  52901.0 
52891.1  52902.0 
52891.1  52903.0 
52891.1  52904.0 
52892.1  52906.0 
52892.1  52894.0 
52892.1  52897.0 
52893.0  52873.0 
52894.0  52874.0 
52895.0  52875.0 
52896.0  52876.0 
52897.0  52877.0 
52898.0  52878.0 
52899.0  52879.0 
52900.0  52880.0 
52903.0  52883.0 
52904.0  52505.0 
52905.1  52894.0 
52905.1  52907.0 
52905.1  52898.0 
52905.1  52897.0 
52905.1  52903.0 
52905.1  52908.0 
52905.1  52909.0 
52906.0  52886.0 
52907.0  52887.0 
52908.0  52888.0 
52909.0  52889.0 
52890.1  52891.1 
52891.0  52892.0 
52892.0  52905.0 
