53459.1  53461.0 
53459.1  53462.0 
53459.1  53463.0 
53459.1  53464.0 
53459.1  53465.0 
53459.1  53466.0 
53459.1  53467.0 
53459.1  53468.0 
53459.1  53469.0 
53459.1  53470.0 
53459.1  53471.0 
53459.1  53472.0 
53460.1  53474.0 
53460.1  53462.0 
53460.1  53465.0 
53461.0  53439.0 
53462.0  53440.0 
53463.0  53441.0 
53464.0  53442.0 
53465.0  53443.0 
53466.0  53444.0 
53467.0  53445.0 
53468.0  53446.0 
53471.0  53449.0 
53472.0  52824.0 
53473.1  53462.0 
53473.1  53475.0 
53473.1  53466.0 
53473.1  53465.0 
53473.1  53471.0 
53473.1  53476.0 
53473.1  53477.0 
53474.0  53452.0 
53475.0  53453.0 
53476.0  53454.0 
53477.0  53455.0 
53458.1  53459.1 
53479.5  53457.5 
53459.0  53460.0 
53460.0  53473.0 
53478.1  53479.5 
