102.1  104.0 
102.1  105.0 
102.1  106.0 
102.1  107.0 
102.1  108.0 
102.1  109.0 
102.1  110.0 
102.1  111.0 
102.1  112.0 
102.1  113.0 
102.1  114.0 
102.1  115.0 
103.1  117.0 
103.1  105.0 
103.1  108.0 
104.0  84.0 
105.0  85.0 
106.0  86.0 
107.0  87.0 
108.0  88.0 
109.0  89.0 
110.0  90.0 
111.0  91.0 
114.0  94.0 
115.0  110.0 
116.1  105.0 
116.1  118.0 
116.1  109.0 
116.1  108.0 
116.1  114.0 
116.1  119.0 
116.1  120.0 
117.0  97.0 
118.0  98.0 
119.0  99.0 
120.0  100.0 
101.1  102.1 
102.0  103.0 
103.0  116.0 
