74476.1  74478.0 
74476.1  74479.0 
74476.1  74480.0 
74476.1  74481.0 
74476.1  74482.0 
74476.1  74483.0 
74476.1  74484.0 
74476.1  74485.0 
74476.1  74486.0 
74476.1  74487.0 
74476.1  74488.0 
74476.1  74489.0 
74477.1  74491.0 
74477.1  74479.0 
74477.1  74482.0 
74478.0  74458.0 
74479.0  74459.0 
74480.0  74460.0 
74481.0  74461.0 
74482.0  74462.0 
74483.0  74463.0 
74484.0  74464.0 
74485.0  74465.0 
74488.0  74468.0 
74489.0  59875.0 
74490.1  74479.0 
74490.1  74492.0 
74490.1  74483.0 
74490.1  74482.0 
74490.1  74488.0 
74490.1  74493.0 
74490.1  74494.0 
74491.0  74471.0 
74492.0  74472.0 
74493.0  74473.0 
74494.0  74474.0 
74475.1  74476.1 
74496.1  74498.0 
74496.1  74499.0 
74496.1  74500.0 
74496.1  74501.0 
74496.1  74479.0 
74496.1  74502.0 
74496.1  74503.0 
74496.1  74504.0 
74496.1  74505.0 
74496.1  74483.0 
74496.1  74506.0 
74496.1  74507.0 
74496.1  74508.0 
74496.1  74509.0 
74496.1  74510.0 
74496.1  74511.0 
74496.1  74512.0 
74496.1  74513.0 
74496.1  74514.0 
74496.1  74515.0 
74496.1  74516.0 
74496.1  74517.0 
74496.1  74518.0 
74496.1  74519.0 
74496.1  74520.0 
74496.1  74482.0 
74496.1  74521.0 
74496.1  74522.0 
74496.1  74523.0 
74496.1  74524.0 
74496.1  74525.0 
74496.1  74526.0 
74496.1  74527.0 
74496.1  74528.0 
74496.1  74529.0 
74496.1  74530.0 
74496.1  74531.0 
74496.1  74532.0 
74496.1  74533.0 
74496.1  74534.0 
74496.1  74535.0 
74496.1  74536.0 
74496.1  74537.0 
74496.1  74538.0 
74496.1  74539.0 
74496.1  74488.0 
74496.1  74540.0 
74496.1  74541.0 
74496.1  74542.0 
74496.1  74543.0 
74496.1  74494.0 
74496.1  74544.0 
74496.1  74545.0 
74496.1  74546.0 
74496.1  74547.0 
74496.1  74548.0 
74496.1  74549.0 
74496.1  74550.0 
74496.1  74551.0 
74496.1  74552.0 
74496.1  74553.0 
74496.1  74554.0 
74496.1  74555.0 
74496.1  74556.0 
74496.1  74557.0 
74496.1  74558.0 
74496.1  74559.0 
74496.1  74560.0 
74496.1  74561.0 
74496.1  74562.0 
74496.1  74563.0 
74496.1  74564.0 
74496.1  74565.0 
74496.1  74566.0 
74496.1  74567.0 
74496.1  74568.0 
74496.1  74569.0 
74496.1  74570.0 
74496.1  74571.0 
74496.1  74572.0 
74496.1  74573.0 
74496.1  74574.0 
74496.1  74575.0 
74496.1  74576.0 
74496.1  74577.0 
74496.1  74578.0 
74496.1  74579.0 
74496.1  74580.0 
74496.1  74581.0 
74496.1  74582.0 
74496.1  74583.0 
74496.1  74584.0 
74496.1  74585.0 
74496.1  74586.0 
74496.1  74587.0 
74496.1  74588.0 
74496.1  74589.0 
74496.1  74590.0 
74496.1  74591.0 
74496.1  74592.0 
74496.1  74593.0 
74496.1  74594.0 
74496.1  74595.0 
74496.1  74596.0 
74496.1  74597.0 
74496.1  74598.0 
74496.1  74599.0 
74496.1  74600.0 
74496.1  74601.0 
74496.1  74602.0 
74496.1  74603.0 
74496.1  74604.0 
74496.1  74605.0 
74496.1  74606.0 
74496.1  74607.0 
74496.1  74608.0 
74496.1  74609.0 
74496.1  74610.0 
74496.1  74611.0 
74496.1  74612.0 
74496.1  74613.0 
74496.1  74614.0 
74496.1  74615.0 
74496.1  74616.0 
74496.1  74617.0 
74496.1  74618.0 
74496.1  74619.0 
74496.1  74620.0 
74496.1  74621.0 
74496.1  74622.0 
74496.1  74623.0 
74496.1  74624.0 
74496.1  74625.0 
74496.1  74626.0 
74496.1  74627.0 
74496.1  74628.0 
74496.1  74629.0 
74496.1  74630.0 
74496.1  74631.0 
74496.1  74632.0 
74496.1  74633.0 
74496.1  74634.0 
74496.1  74635.0 
74496.1  74636.0 
74496.1  74637.0 
74496.1  74638.0 
74496.1  74639.0 
74496.1  74640.0 
74496.1  74641.0 
74496.1  74642.0 
74496.1  74643.0 
74496.1  74644.0 
74496.1  74645.0 
74496.1  74646.0 
74496.1  74647.0 
74496.1  74648.0 
74496.1  74649.0 
74496.1  74650.0 
74496.1  74651.0 
74496.1  74652.0 
74496.1  74653.0 
74496.1  74654.0 
74496.1  74655.0 
74496.1  74656.0 
74496.1  74657.0 
74496.1  74493.0 
74496.1  74658.0 
74496.1  74659.0 
74496.1  74660.0 
74496.1  74661.1 
74496.1  74662.0 
74496.1  74663.0 
74496.1  74664.0 
74496.1  74665.0 
74496.1  74666.0 
74496.1  74667.0 
74496.2  74668.0 
74496.2  74669.0 
74496.2  74670.0 
74496.2  74671.0 
74496.2  74672.0 
74496.2  74673.0 
74496.2  74674.0 
74496.2  74675.0 
74496.2  74676.0 
74496.2  74677.0 
74496.2  74678.0 
74496.2  74679.0 
74496.2  74680.0 
74496.2  74681.0 
74496.2  74682.0 
74496.2  74683.0 
74496.2  74684.0 
74496.2  74685.0 
74496.2  74686.0 
74496.2  74687.0 
74496.2  74688.0 
74496.2  74689.0 
74496.2  74690.0 
74496.2  74691.0 
74496.2  74692.0 
74496.2  74693.0 
74496.2  74694.0 
74496.2  74695.0 
74496.2  74696.0 
74496.2  74697.0 
74496.2  74698.0 
74496.2  74480.0 
74496.2  74699.0 
74496.2  74700.0 
74496.2  74701.0 
74496.2  74702.0 
74496.2  74703.0 
74496.2  74704.0 
74496.2  74705.0 
74496.2  74706.0 
74496.2  74707.0 
74496.2  74708.0 
74496.2  74709.0 
74496.2  74485.0 
74496.2  74710.0 
74496.2  74711.0 
74496.2  74712.0 
74496.2  74713.0 
74496.2  74714.0 
74496.2  74715.0 
74496.2  74716.0 
74496.2  74717.0 
74496.2  74718.0 
74496.2  74719.0 
74496.2  74720.0 
74496.2  74721.0 
74496.2  74722.0 
74496.2  74723.0 
74496.2  74724.0 
74496.2  74725.0 
74496.2  74726.0 
74496.2  74727.0 
74496.2  74728.0 
74496.2  74729.0 
74496.2  74730.0 
74496.2  74731.0 
74496.2  74732.0 
74496.2  74733.0 
74496.2  74734.0 
74496.2  74735.0 
74496.2  74736.0 
74496.2  74737.0 
74496.2  74738.0 
74496.2  74739.0 
74496.2  74740.0 
74496.2  74741.0 
74496.2  74742.0 
74496.2  74743.0 
74496.2  74744.0 
74496.2  74745.0 
74496.2  74746.0 
74496.2  74747.0 
74496.2  74748.0 
74496.2  74749.0 
74496.2  74750.0 
74496.2  74751.0 
74496.2  74752.0 
74496.2  74753.0 
74496.2  74754.0 
74496.2  74755.0 
74496.2  74756.0 
74496.2  74757.0 
74496.2  74758.0 
74496.2  74759.0 
74496.2  74760.0 
74496.2  74761.0 
74496.2  74762.0 
74496.2  74763.0 
74496.2  74764.0 
74496.2  74765.0 
74496.2  74766.0 
74496.2  74767.0 
74496.2  74768.0 
74496.2  74769.0 
74496.2  74770.0 
74496.2  74771.0 
74496.2  74772.0 
74496.2  74773.0 
74496.2  74774.0 
74496.2  74775.0 
74496.2  74776.0 
74496.2  74777.0 
74496.2  74778.0 
74496.2  74779.0 
74496.2  74780.0 
74496.2  74781.0 
74496.2  74782.0 
74496.2  74783.0 
74496.2  74784.0 
74496.2  74785.0 
74496.2  74786.0 
74496.2  74787.0 
74496.2  74788.0 
74496.2  74789.0 
74496.2  74790.0 
74496.2  74791.0 
74496.2  74792.0 
74496.2  74793.0 
74496.2  74794.0 
74496.2  74795.0 
74496.2  74796.0 
74496.2  74797.0 
74496.2  74798.0 
74496.2  74799.0 
74496.2  74800.0 
74496.2  74801.0 
74496.2  74802.0 
74496.2  74803.0 
74496.2  74804.0 
74496.2  74805.0 
74496.2  74806.0 
74496.2  74807.0 
74496.2  74808.0 
74496.2  74809.0 
74496.2  74810.0 
74496.2  74811.0 
74496.2  74812.0 
74496.2  74813.0 
74496.2  74814.0 
74496.2  74815.0 
74496.2  74816.0 
74496.2  74817.0 
74496.2  74818.0 
74496.2  74819.0 
74496.2  74820.0 
74496.2  74821.0 
74496.2  74822.0 
74496.2  74823.0 
74496.2  74824.0 
74496.2  74825.0 
74496.2  74826.1 
74496.2  74827.0 
74496.2  74828.0 
74496.2  74829.0 
74496.2  74830.0 
74496.2  74831.0 
74496.2  74832.0 
74496.2  74833.0 
74496.2  74834.0 
74496.2  74835.0 
74496.2  74836.0 
74496.2  74837.0 
74496.2  74838.0 
74496.2  74839.0 
74496.2  74840.0 
74496.2  74841.26 
74496.2  74842.26 
74496.2  74843.0 
74496.2  74844.0 
74496.2  74845.0 
74496.2  74846.0 
74496.2  74847.0 
74496.2  74848.0 
74496.2  74849.0 
74496.2  74850.0 
74496.2  74851.0 
74496.2  74852.0 
74496.2  74853.0 
74496.2  74854.0 
74496.2  74855.0 
74496.3  74856.0 
74496.3  74857.0 
74496.3  74858.0 
74496.3  74859.0 
74496.3  74860.0 
74496.3  74861.0 
74496.3  74862.0 
74496.3  74863.0 
74496.3  74864.2 
74496.3  74865.0 
74496.3  74866.0 
74496.3  74867.0 
74496.3  74868.0 
74496.3  74869.0 
74496.3  74870.0 
74496.4  74871.0 
74496.4  74872.0 
74496.4  74873.0 
74496.4  74874.0 
74496.4  74475.1 
74496.5  74875.0 
74496.5  74876.0 
74496.5  74877.0 
74496.5  74878.0 
74496.5  74879.0 
74496.5  74880.1 
74496.5  74881.0 
74496.5  74882.52 
74496.5  74883.52 
74496.5  74884.0 
74496.5  74885.2 
74496.6  74886.0 
74496.6  74887.0 
74496.6  74888.0 
74496.6  74889.0 
74496.6  74890.0 
74496.6  74891.0 
74496.6  74484.0 
74496.6  74481.0 
74496.6  74892.0 
74496.6  74893.3 
74496.6  74894.0 
74496.6  74895.0 
74496.6  74896.0 
74496.6  74897.0 
74496.6  74898.0 
74496.6  74899.0 
74496.6  74900.0 
74496.6  74901.0 
74496.6  74902.26 
74496.6  74903.0 
74496.6  74904.0 
74496.7  74905.0 
74496.7  74906.0 
74496.7  74907.62 
74496.7  74908.0 
74496.7  74909.0 
74496.7  74910.1 
74496.7  74911.0 
74496.7  74912.0 
74496.7  74913.0 
74496.7  74914.0 
74496.7  74915.0 
74496.8  74916.0 
74496.8  74917.0 
74496.8  74918.0 
74496.8  74919.0 
74496.8  74920.0 
74496.9  74921.0 
74496.9  74922.0 
74496.9  74923.0 
74496.9  74864.5 
74496.10  74924.0 
74497.1  74926.0 
74497.1  74479.0 
74497.1  74492.0 
74497.1  74483.0 
74497.1  74482.0 
74497.1  74488.0 
74497.1  74493.0 
74497.1  74494.0 
74497.1  74927.1 
74497.1  74928.1 
74497.1  74929.1 
74498.0  73428.0 
74499.0  73429.0 
74500.0  73430.0 
74501.0  73431.0 
74502.0  73432.0 
74503.0  73433.0 
74504.0  73434.0 
74505.0  73435.0 
74506.0  73436.0 
74507.0  73437.0 
74508.0  73438.0 
74509.0  73439.0 
74510.0  73440.0 
74511.0  73441.0 
74512.0  73442.0 
74513.0  73443.0 
74514.0  73444.0 
74515.0  73445.0 
74516.0  73446.0 
74517.0  73447.0 
74518.0  73448.0 
74519.0  73449.0 
74520.0  73450.0 
74521.0  73451.0 
74522.0  73452.0 
74523.0  73453.0 
74524.0  73454.0 
74525.0  73455.0 
74526.0  73456.0 
74527.0  73457.0 
74528.0  73458.0 
74529.0  73459.0 
74530.0  73460.0 
74531.0  73461.0 
74532.0  73462.0 
74533.0  73463.0 
74534.0  73464.0 
74535.0  73465.0 
74536.0  73466.0 
74537.0  73467.0 
74538.0  73468.0 
74539.0  73469.0 
74540.0  73470.0 
74541.0  73471.0 
74542.0  73472.0 
74543.0  73473.0 
74544.0  73474.0 
74545.0  73475.0 
74546.0  73476.0 
74547.0  73477.0 
74548.0  73478.0 
74549.0  73479.0 
74550.0  73480.0 
74551.0  73481.0 
74552.0  73482.0 
74553.0  73483.0 
74554.0  73484.0 
74555.0  73485.0 
74556.0  73486.0 
74557.0  73487.0 
74558.0  73488.0 
74559.0  73489.0 
74560.0  73490.0 
74561.0  73491.0 
74562.0  73492.0 
74563.0  73493.0 
74564.0  73494.0 
74565.0  73495.0 
74566.0  73496.0 
74567.0  73497.0 
74568.0  73498.0 
74569.0  73499.0 
74570.0  73500.0 
74571.0  73501.0 
74572.0  73502.0 
74573.0  73503.0 
74574.0  73504.0 
74575.0  73505.0 
74576.0  73506.0 
74577.0  73507.0 
74578.0  73508.0 
74579.0  73509.0 
74580.0  73510.0 
74581.0  73511.0 
74582.0  73512.0 
74583.0  73513.0 
74584.0  73514.0 
74585.0  73515.0 
74586.0  73516.0 
74587.0  73517.0 
74588.0  73518.0 
74589.0  73519.0 
74590.0  73520.0 
74591.0  73521.0 
74592.0  73522.0 
74593.0  73523.0 
74594.0  73524.0 
74595.0  73525.0 
74596.0  73526.0 
74597.0  73527.0 
74598.0  73528.0 
74599.0  73529.0 
74600.0  73530.0 
74601.0  73531.0 
74602.0  73532.0 
74603.0  73533.0 
74604.0  73534.0 
74605.0  73535.0 
74606.0  73536.0 
74607.0  73537.0 
74608.0  73538.0 
74609.0  73539.0 
74610.0  73540.0 
74611.0  73541.0 
74612.0  73542.0 
74613.0  73543.0 
74614.0  73544.0 
74615.0  73545.0 
74616.0  73546.0 
74617.0  73547.0 
74618.0  73548.0 
74619.0  73549.0 
74620.0  73550.0 
74621.0  73551.0 
74622.0  73552.0 
74623.0  73553.0 
74624.0  73554.0 
74625.0  73555.0 
74626.0  73556.0 
74627.0  73557.0 
74628.0  73558.0 
74629.0  73559.0 
74630.0  73560.0 
74631.0  73561.0 
74632.0  73562.0 
74633.0  73563.0 
74634.0  73564.0 
74635.0  73565.0 
74636.0  73566.0 
74637.0  73567.0 
74638.0  73568.0 
74639.0  73569.0 
74640.0  73570.0 
74641.0  73571.0 
74642.0  73572.0 
74643.0  73573.0 
74644.0  73574.0 
74645.0  73575.0 
74646.0  73576.0 
74647.0  73577.0 
74648.0  73578.0 
74649.0  73579.0 
74650.0  73580.0 
74651.0  73581.0 
74652.0  73582.0 
74653.0  73583.0 
74654.0  73584.0 
74655.0  73585.0 
74656.0  73586.0 
74657.0  73587.0 
74658.0  73588.0 
74659.0  73589.0 
74660.0  73590.0 
74661.1  74930.12 
74662.0  73592.0 
74663.0  73593.0 
74664.0  73594.0 
74665.0  73595.0 
74666.0  73596.0 
74667.0  73597.0 
74668.0  73598.0 
74669.0  73599.0 
74670.0  73600.0 
74671.0  73601.0 
74672.0  73602.0 
74673.0  73603.0 
74674.0  73604.0 
74675.0  73605.0 
74676.0  73606.0 
74677.0  73607.0 
74678.0  73608.0 
74679.0  73609.0 
74680.0  73610.0 
74681.0  73611.0 
74682.0  73612.0 
74683.0  73613.0 
74684.0  73614.0 
74685.0  73615.0 
74686.0  73616.0 
74687.0  73617.0 
74688.0  73618.0 
74689.0  73619.0 
74690.0  73620.0 
74691.0  73621.0 
74692.0  73622.0 
74693.0  73623.0 
74694.0  73624.0 
74695.0  73625.0 
74696.0  73626.0 
74697.0  73627.0 
74698.0  73628.0 
74699.0  73629.0 
74700.0  73630.0 
74701.0  73631.0 
74702.0  73632.0 
74703.0  73633.0 
74704.0  73634.0 
74705.0  73635.0 
74706.0  73636.0 
74707.0  73637.0 
74708.0  73638.0 
74709.0  73639.0 
74711.0  73641.0 
74712.0  73642.0 
74713.0  73643.0 
74714.0  73644.0 
74715.0  73645.0 
74716.0  73646.0 
74717.0  73647.0 
74718.0  73648.0 
74719.0  73649.0 
74720.0  73650.0 
74721.0  73651.0 
74722.0  73652.0 
74723.0  73653.0 
74724.0  73654.0 
74725.0  73655.0 
74726.0  73656.0 
74727.0  73657.0 
74728.0  73658.0 
74729.0  73659.0 
74730.0  73660.0 
74731.0  73661.0 
74732.0  73662.0 
74733.0  73663.0 
74734.0  73664.0 
74735.0  73665.0 
74736.0  73666.0 
74737.0  73667.0 
74738.0  73668.0 
74739.0  73669.0 
74740.0  73670.0 
74741.0  73671.0 
74742.0  73672.0 
74743.0  73673.0 
74744.0  73674.0 
74745.0  73675.0 
74746.0  73676.0 
74747.0  73677.0 
74748.0  73678.0 
74749.0  73679.0 
74750.0  73680.0 
74751.0  73681.0 
74752.0  73682.0 
74753.0  73683.0 
74754.0  73684.0 
74755.0  73685.0 
74756.0  73686.0 
74757.0  73687.0 
74758.0  73688.0 
74759.0  73689.0 
74760.0  73690.0 
74761.0  73691.0 
74762.0  73692.0 
74763.0  73693.0 
74764.0  73694.0 
74765.0  73695.0 
74766.0  73696.0 
74767.0  73697.0 
74768.0  73698.0 
74769.0  73699.0 
74770.0  73700.0 
74771.0  73701.0 
74772.0  73702.0 
74773.0  73703.0 
74774.0  73704.0 
74775.0  73705.0 
74776.0  73706.0 
74777.0  73707.0 
74778.0  73708.0 
74779.0  73709.0 
74780.0  73710.0 
74781.0  73711.0 
74782.0  73712.0 
74783.0  73713.0 
74784.0  73714.0 
74785.0  73715.0 
74786.0  73716.0 
74787.0  73717.0 
74788.0  73718.0 
74789.0  73719.0 
74790.0  73720.0 
74791.0  73721.0 
74792.0  73722.0 
74793.0  73723.0 
74794.0  73724.0 
74795.0  73725.0 
74796.0  73726.0 
74797.0  73727.0 
74798.0  73728.0 
74799.0  73729.0 
74800.0  73730.0 
74801.0  73731.0 
74802.0  73732.0 
74803.0  73733.0 
74804.0  73734.0 
74805.0  73735.0 
74806.0  73736.0 
74807.0  73737.0 
74808.0  73738.0 
74809.0  73739.0 
74810.0  73740.0 
74811.0  73741.0 
74812.0  73742.0 
74813.0  73743.0 
74814.0  73744.0 
74815.0  73745.0 
74816.0  73746.0 
74817.0  73747.0 
74818.0  73748.0 
74819.0  73749.0 
74820.0  73750.0 
74821.0  73751.0 
74822.0  73752.0 
74823.0  73753.0 
74824.0  73754.0 
74825.0  73755.0 
74826.1  74930.10 
74827.0  73757.0 
74828.0  73758.0 
74829.0  73759.0 
74830.0  73760.0 
74831.0  73761.0 
74832.0  73762.0 
74833.0  73763.0 
74834.0  73764.0 
74835.0  73765.0 
74836.0  73766.0 
74837.0  73767.0 
74838.0  73768.0 
74839.0  73769.0 
74840.0  73770.0 
74841.25  74931.12 
74841.25  73771.25 
74841.26  74930.11 
74842.25  74931.12 
74842.25  73772.25 
74842.26  74930.11 
74843.0  73773.0 
74844.0  73774.0 
74845.0  73775.0 
74846.0  73776.0 
74847.0  73777.0 
74848.0  73778.0 
74849.0  73779.0 
74850.0  73780.0 
74851.0  73781.0 
74852.0  73782.0 
74853.0  73783.0 
74854.0  73784.0 
74855.0  73785.0 
74856.0  73786.0 
74857.0  73787.0 
74858.0  73788.0 
74859.0  73789.0 
74860.0  73790.0 
74861.0  73791.0 
74862.0  73792.0 
74863.0  73793.0 
74864.1  74496.1 
74864.2  74496.2 
74864.3  74496.3 
74864.4  74496.4 
74864.5  74496.8 
74864.6  74496.9 
74865.0  73795.0 
74866.0  73796.0 
74867.0  73797.0 
74868.0  73798.0 
74869.0  73799.0 
74870.0  73800.0 
74871.0  73801.0 
74872.0  73802.0 
74873.0  73803.0 
74874.0  73804.0 
74875.0  73805.0 
74876.0  73806.0 
74877.0  73807.0 
74878.0  73808.0 
74879.0  73809.0 
74880.1  74930.12 
74881.0  73811.0 
74882.50  74931.13 
74882.50  73812.50 
74882.51  74930.5 
74882.52  74930.12 
74882.53  74496.5 
74883.50  74931.13 
74883.50  73813.50 
74883.51  74930.7 
74883.52  74930.12 
74883.53  74496.7 
74884.0  73814.0 
74885.2  73815.2 
74886.0  73816.0 
74887.0  73817.0 
74888.0  73818.0 
74889.0  73819.0 
74890.0  73820.0 
74891.0  73821.0 
74892.0  73822.0 
74893.1  74932.1 
74893.2  74933.1 
74893.3  74934.1 
74894.0  73824.0 
74895.0  73825.0 
74896.0  73826.0 
74897.0  73827.0 
74898.0  73828.0 
74899.0  73829.0 
74900.0  73830.0 
74901.0  73831.0 
74902.25  73832.25 
74902.26  74930.6 
74902.27  74496.6 
74903.0  73833.0 
74904.0  73834.0 
74905.0  73835.0 
74906.0  73836.0 
74907.59  74931.10 
74907.60  74931.12 
74907.60  73837.60 
74907.61  74930.9 
74907.62  74930.11 
74908.0  73838.0 
74910.1  74935.1 
74911.0  73841.0 
74912.0  73842.0 
74914.0  73844.0 
74915.0  73845.0 
74916.0  73846.0 
74917.0  73847.0 
74918.0  73848.0 
74919.0  73849.0 
74920.0  73850.0 
74921.0  73851.0 
74922.0  73852.0 
74923.0  73853.0 
74924.0  73854.0 
74925.1  74937.0 
74925.1  74479.0 
74925.1  74492.0 
74925.1  74483.0 
74925.1  74482.0 
74925.1  74488.0 
74925.1  74493.0 
74925.1  74494.0 
74925.1  74938.1 
74925.1  74939.1 
74925.1  74940.1 
74925.1  74941.1 
74925.1  74942.1 
74926.0  73856.0 
74927.1  74943.1 
74928.1  74944.1 
74929.1  74945.1 
74930.1  74498.0 
74930.1  74499.0 
74930.1  74500.0 
74930.1  74501.0 
74930.1  74459.0 
74930.1  74502.0 
74930.1  74503.0 
74930.1  74504.0 
74930.1  74505.0 
74930.1  74463.0 
74930.1  74506.0 
74930.1  74507.0 
74930.1  74508.0 
74930.1  74509.0 
74930.1  74510.0 
74930.1  74511.0 
74930.1  74512.0 
74930.1  74513.0 
74930.1  74514.0 
74930.1  74515.0 
74930.1  74516.0 
74930.1  74517.0 
74930.1  74518.0 
74930.1  74519.0 
74930.1  74520.0 
74930.1  74462.0 
74930.1  74521.0 
74930.1  74522.0 
74930.1  74523.0 
74930.1  74524.0 
74930.1  74525.0 
74930.1  74526.0 
74930.1  74527.0 
74930.1  74528.0 
74930.1  74529.0 
74930.1  74530.0 
74930.1  74531.0 
74930.1  74532.0 
74930.1  74533.0 
74930.1  74534.0 
74930.1  74535.0 
74930.1  74536.0 
74930.1  74537.0 
74930.1  74538.0 
74930.1  74539.0 
74930.1  74468.0 
74930.1  74540.0 
74930.1  74541.0 
74930.1  74542.0 
74930.1  74543.0 
74930.1  74474.0 
74930.1  74544.0 
74930.1  74545.0 
74930.1  74546.0 
74930.1  74547.0 
74930.1  74548.0 
74930.1  74549.0 
74930.1  74550.0 
74930.1  74551.0 
74930.1  74552.0 
74930.1  74553.0 
74930.1  74554.0 
74930.1  74555.0 
74930.1  74556.0 
74930.1  74557.0 
74930.1  74558.0 
74930.1  74559.0 
74930.1  74560.0 
74930.1  74561.0 
74930.1  74562.0 
74930.1  74563.0 
74930.1  74564.0 
74930.1  74565.0 
74930.1  74566.0 
74930.1  74567.0 
74930.1  74568.0 
74930.1  74569.0 
74930.1  74570.0 
74930.1  74571.0 
74930.1  74572.0 
74930.1  74573.0 
74930.1  74574.0 
74930.1  74575.0 
74930.1  74576.0 
74930.1  74577.0 
74930.1  74578.0 
74930.1  74579.0 
74930.1  74580.0 
74930.1  74581.0 
74930.1  74582.0 
74930.1  74583.0 
74930.1  74584.0 
74930.1  74585.0 
74930.1  74586.0 
74930.1  74587.0 
74930.1  74588.0 
74930.1  74589.0 
74930.1  74590.0 
74930.1  74591.0 
74930.1  74592.0 
74930.1  74593.0 
74930.1  74594.0 
74930.1  74595.0 
74930.1  74596.0 
74930.1  74597.0 
74930.1  74598.0 
74930.1  74599.0 
74930.1  74600.0 
74930.1  74601.0 
74930.1  74602.0 
74930.1  74603.0 
74930.1  74604.0 
74930.1  74605.0 
74930.1  74606.0 
74930.1  74607.0 
74930.1  74608.0 
74930.1  74609.0 
74930.1  74610.0 
74930.1  74611.0 
74930.1  74612.0 
74930.1  74613.0 
74930.1  74614.0 
74930.1  74615.0 
74930.1  74616.0 
74930.1  74617.0 
74930.1  74618.0 
74930.1  74619.0 
74930.1  74620.0 
74930.1  74621.0 
74930.1  74622.0 
74930.1  74623.0 
74930.1  74624.0 
74930.1  74625.0 
74930.1  74626.0 
74930.1  74627.0 
74930.1  74628.0 
74930.1  74629.0 
74930.1  74630.0 
74930.1  74631.0 
74930.1  74632.0 
74930.1  74633.0 
74930.1  74634.0 
74930.1  74635.0 
74930.1  74636.0 
74930.1  74637.0 
74930.1  74638.0 
74930.1  74639.0 
74930.1  74640.0 
74930.1  74641.0 
74930.1  74642.0 
74930.1  74643.0 
74930.1  74644.0 
74930.1  74645.0 
74930.1  74646.0 
74930.1  74647.0 
74930.1  74648.0 
74930.1  74649.0 
74930.1  74650.0 
74930.1  74651.0 
74930.1  74652.0 
74930.1  74653.0 
74930.1  74654.0 
74930.1  74655.0 
74930.1  74656.0 
74930.1  74657.0 
74930.1  74473.0 
74930.1  74658.0 
74930.1  74659.0 
74930.1  74660.0 
74930.1  74947.1 
74930.1  74662.0 
74930.1  74663.0 
74930.1  74664.0 
74930.1  74665.0 
74930.1  74666.0 
74930.1  74667.0 
74930.2  74668.0 
74930.2  74669.0 
74930.2  74670.0 
74930.2  74671.0 
74930.2  74672.0 
74930.2  74673.0 
74930.2  74674.0 
74930.2  74675.0 
74930.2  74676.0 
74930.2  74677.0 
74930.2  74678.0 
74930.2  74679.0 
74930.2  74680.0 
74930.2  74681.0 
74930.2  74682.0 
74930.2  74683.0 
74930.2  74684.0 
74930.2  74685.0 
74930.2  74686.0 
74930.2  74687.0 
74930.2  74688.0 
74930.2  74689.0 
74930.2  74690.0 
74930.2  74691.0 
74930.2  74692.0 
74930.2  74693.0 
74930.2  74694.0 
74930.2  74695.0 
74930.2  74696.0 
74930.2  74697.0 
74930.2  74698.0 
74930.2  74460.0 
74930.2  74699.0 
74930.2  74700.0 
74930.2  74701.0 
74930.2  74702.0 
74930.2  74703.0 
74930.2  74704.0 
74930.2  74705.0 
74930.2  74706.0 
74930.2  74707.0 
74930.2  74708.0 
74930.2  74709.0 
74930.2  74465.0 
74930.2  74948.0 
74930.2  74711.0 
74930.2  74712.0 
74930.2  74713.0 
74930.2  74714.0 
74930.2  74715.0 
74930.2  74716.0 
74930.2  74717.0 
74930.2  74718.0 
74930.2  74719.0 
74930.2  74720.0 
74930.2  74721.0 
74930.2  74722.0 
74930.2  74723.0 
74930.2  74724.0 
74930.2  74725.0 
74930.2  74726.0 
74930.2  74727.0 
74930.2  74728.0 
74930.2  74729.0 
74930.2  74730.0 
74930.2  74731.0 
74930.2  74732.0 
74930.2  74733.0 
74930.2  74734.0 
74930.2  74735.0 
74930.2  74736.0 
74930.2  74737.0 
74930.2  74738.0 
74930.2  74739.0 
74930.2  74740.0 
74930.2  74741.0 
74930.2  74742.0 
74930.2  74743.0 
74930.2  74744.0 
74930.2  74745.0 
74930.2  74746.0 
74930.2  74747.0 
74930.2  74748.0 
74930.2  74749.0 
74930.2  74750.0 
74930.2  74751.0 
74930.2  74752.0 
74930.2  74753.0 
74930.2  74754.0 
74930.2  74755.0 
74930.2  74756.0 
74930.2  74757.0 
74930.2  74758.0 
74930.2  74759.0 
74930.2  74760.0 
74930.2  74761.0 
74930.2  74762.0 
74930.2  74763.0 
74930.2  74764.0 
74930.2  74765.0 
74930.2  74766.0 
74930.2  74767.0 
74930.2  74768.0 
74930.2  74769.0 
74930.2  74770.0 
74930.2  74771.0 
74930.2  74772.0 
74930.2  74773.0 
74930.2  74774.0 
74930.2  74775.0 
74930.2  74776.0 
74930.2  74777.0 
74930.2  74778.0 
74930.2  74779.0 
74930.2  74780.0 
74930.2  74781.0 
74930.2  74782.0 
74930.2  74783.0 
74930.2  74784.0 
74930.2  74785.0 
74930.2  74786.0 
74930.2  74787.0 
74930.2  74788.0 
74930.2  74789.0 
74930.2  74790.0 
74930.2  74791.0 
74930.2  74792.0 
74930.2  74793.0 
74930.2  74794.0 
74930.2  74795.0 
74930.2  74796.0 
74930.2  74797.0 
74930.2  74798.0 
74930.2  74799.0 
74930.2  74800.0 
74930.2  74801.0 
74930.2  74802.0 
74930.2  74803.0 
74930.2  74804.0 
74930.2  74805.0 
74930.2  74806.0 
74930.2  74807.0 
74930.2  74808.0 
74930.2  74809.0 
74930.2  74810.0 
74930.2  74811.0 
74930.2  74812.0 
74930.2  74813.0 
74930.2  74814.0 
74930.2  74815.0 
74930.2  74816.0 
74930.2  74817.0 
74930.2  74818.0 
74930.2  74819.0 
74930.2  74820.0 
74930.2  74821.0 
74930.2  74822.0 
74930.2  74823.0 
74930.2  74824.0 
74930.2  74825.0 
74930.2  74949.1 
74930.2  74827.0 
74930.2  74828.0 
74930.2  74829.0 
74930.2  74830.0 
74930.2  74831.0 
74930.2  74832.0 
74930.2  74833.0 
74930.2  74834.0 
74930.2  74835.0 
74930.2  74836.0 
74930.2  74837.0 
74930.2  74838.0 
74930.2  74839.0 
74930.2  74840.0 
74930.2  74841.25 
74930.2  74842.25 
74930.2  74843.0 
74930.2  74844.0 
74930.2  74845.0 
74930.2  74846.0 
74930.2  74847.0 
74930.2  74848.0 
74930.2  74849.0 
74930.2  74850.0 
74930.2  74851.0 
74930.2  74852.0 
74930.2  74853.0 
74930.2  74854.0 
74930.2  74855.0 
74930.3  74856.0 
74930.3  74857.0 
74930.3  74858.0 
74930.3  74859.0 
74930.3  74860.0 
74930.3  74861.0 
74930.3  74862.0 
74930.3  74863.0 
74930.3  74950.2 
74930.3  74865.0 
74930.3  74866.0 
74930.3  74867.0 
74930.3  74868.0 
74930.3  74869.0 
74930.3  74870.0 
74930.4  74871.0 
74930.4  74872.0 
74930.4  74873.0 
74930.4  74874.0 
74930.4  74455.1 
74930.5  74875.0 
74930.5  74876.0 
74930.5  74877.0 
74930.5  74878.0 
74930.5  74879.0 
74930.5  74951.1 
74930.5  74881.0 
74930.5  74882.50 
74930.5  74883.50 
74930.5  74884.0 
74930.5  74885.2 
74930.6  74886.0 
74930.6  74887.0 
74930.6  74888.0 
74930.6  74889.0 
74930.6  74890.0 
74930.6  74891.0 
74930.6  74464.0 
74930.6  74461.0 
74930.6  74892.0 
74930.6  74952.3 
74930.6  74894.0 
74930.6  74895.0 
74930.6  74896.0 
74930.6  74897.0 
74930.6  74898.0 
74930.6  74899.0 
74930.6  74900.0 
74930.6  74901.0 
74930.6  74902.25 
74930.6  74903.0 
74930.6  74904.0 
74930.7  74905.0 
74930.7  74906.0 
74930.7  74907.60 
74930.7  74908.0 
74930.7  74953.0 
74930.7  74954.1 
74930.7  74911.0 
74930.7  74912.0 
74930.7  74955.0 
74930.7  74914.0 
74930.7  74915.0 
74930.8  74916.0 
74930.8  74917.0 
74930.8  74918.0 
74930.8  74919.0 
74930.8  74920.0 
74930.9  74921.0 
74930.9  74922.0 
74930.9  74923.0 
74930.9  74950.5 
74930.10  74956.0 
74930.11  74907.61 
74930.12  74957.1 
74931.11  73887.0 
74931.12  73837.59 
74931.13  74958.1 
74931.13  73426.13 
74932.1  74959.0 
74932.1  74479.0 
74932.1  74960.0 
74932.1  74961.0 
74932.1  74482.0 
74932.1  74962.0 
74932.1  74480.0 
74932.1  74963.0 
74932.1  74483.0 
74932.1  74485.0 
74932.1  74964.0 
74932.1  74488.0 
74932.1  74965.2 
74933.1  74967.0 
74933.1  74479.0 
74933.1  74960.0 
74933.1  74961.0 
74933.1  74480.0 
74933.1  74482.0 
74933.1  74962.0 
74933.1  74483.0 
74933.1  74963.0 
74933.1  74485.0 
74933.1  74968.0 
74933.1  74488.0 
74933.1  74893.1 
74934.1  74969.0 
74934.1  74479.0 
74934.1  74482.0 
74934.1  74893.2 
74935.1  74971.0 
74935.1  74479.0 
74935.1  74972.0 
74935.1  74482.0 
74935.1  74488.0 
74935.1  74494.0 
74935.1  74539.0 
74935.1  74973.7 
74936.1  74491.0 
74936.1  74479.0 
74936.1  74482.0 
74937.0  73867.0 
74938.1  74974.1 
74939.1  74975.1 
74940.1  74976.1 
74941.1  74977.1 
74942.1  74978.1 
74943.1  74979.0 
74943.1  74479.0 
74943.1  74482.0 
74943.1  74488.0 
74944.1  74980.0 
74944.1  74479.0 
74944.1  74482.0 
74944.1  74488.0 
74945.1  74982.0 
74945.1  74479.0 
74945.1  74482.0 
74946.1  74926.0 
74946.1  74459.0 
74946.1  74472.0 
74946.1  74463.0 
74946.1  74462.0 
74946.1  74468.0 
74946.1  74473.0 
74946.1  74474.0 
74946.1  74984.1 
74946.1  74985.1 
74946.1  74986.1 
74947.1  74931.13 
74949.1  74931.11 
74950.1  74930.1 
74950.2  74930.2 
74950.3  74930.3 
74950.4  74930.4 
74950.5  74930.8 
74950.6  74930.9 
74950.7  74930.12 
74951.1  74931.13 
74952.1  74987.1 
74952.2  74988.1 
74952.3  74989.1 
74954.1  74990.1 
74956.0  73887.0 
74957.1  74930.9 
74958.1  74931.10 
74959.0  73890.0 
74960.0  73891.0 
74961.0  73892.0 
74962.0  73893.0 
74963.0  73894.0 
74965.1  74991.1 
74965.2  74992.1 
74966.1  74994.0 
74966.1  74479.0 
74966.1  74492.0 
74966.1  74483.0 
74966.1  74482.0 
74966.1  74488.0 
74966.1  74493.0 
74966.1  74494.0 
74966.1  74544.0 
74966.1  74545.0 
74966.1  74546.0 
74966.1  74995.1 
74966.1  74996.1 
74966.2  74997.1 
74966.3  74998.1 
74967.0  73898.0 
74969.0  73900.0 
74970.1  74999.0 
74970.1  74479.0 
74970.1  74492.0 
74970.1  74483.0 
74970.1  74482.0 
74970.1  74488.0 
74970.1  74493.0 
74970.1  74494.0 
74971.0  73902.0 
74972.0  73903.0 
74973.1  75000.1 
74973.2  75000.2 
74973.3  75000.3 
74973.4  75000.4 
74973.5  75000.5 
74973.6  75000.6 
74973.7  75000.7 
74974.1  74980.0 
74974.1  74479.0 
74974.1  74482.0 
74974.1  74488.0 
74975.1  74979.0 
74975.1  74479.0 
74975.1  74482.0 
74975.1  74488.0 
74976.1  75001.0 
74976.1  74479.0 
74976.1  74482.0 
74976.1  74488.0 
74977.1  75001.0 
74977.1  74479.0 
74977.1  74482.0 
74977.1  74488.0 
74978.1  75001.0 
74978.1  74479.0 
74978.1  74482.0 
74978.1  74488.0 
74979.0  73910.0 
74980.0  73911.0 
74982.0  73913.0 
74983.1  74937.0 
74983.1  74459.0 
74983.1  74472.0 
74983.1  74463.0 
74983.1  74462.0 
74983.1  74468.0 
74983.1  74473.0 
74983.1  74474.0 
74983.1  75003.1 
74983.1  75004.1 
74983.1  75005.1 
74983.1  75006.1 
74983.1  75007.1 
74984.1  75008.1 
74985.1  75009.1 
74986.1  75010.1 
74987.1  74959.0 
74987.1  74479.0 
74987.1  74960.0 
74987.1  74961.0 
74987.1  74482.0 
74987.1  74962.0 
74987.1  74480.0 
74987.1  74963.0 
74987.1  74483.0 
74987.1  74485.0 
74987.1  75012.0 
74987.1  74488.0 
74987.1  75013.2 
74988.1  74967.0 
74988.1  74479.0 
74988.1  74960.0 
74988.1  74961.0 
74988.1  74480.0 
74988.1  74482.0 
74988.1  74962.0 
74988.1  74483.0 
74988.1  74963.0 
74988.1  74485.0 
74988.1  75015.0 
74988.1  74488.0 
74988.1  74952.1 
74989.1  74969.0 
74989.1  74479.0 
74989.1  74482.0 
74989.1  74952.2 
74990.1  74971.0 
74990.1  74459.0 
74990.1  74972.0 
74990.1  74462.0 
74990.1  74468.0 
74990.1  74474.0 
74990.1  74539.0 
74990.1  75017.1 
74990.1  75017.3 
74990.1  75017.4 
74990.1  75017.5 
74990.1  75017.6 
74990.1  75017.7 
74991.1  74959.0 
74991.1  74479.0 
74991.1  74960.0 
74991.1  74961.0 
74991.1  74482.0 
74991.1  74962.0 
74991.1  74480.0 
74991.1  74963.0 
74991.1  74483.0 
74991.1  74485.0 
74991.1  75019.0 
74991.1  74488.0 
74991.1  75020.1 
74992.1  74967.0 
74992.1  74479.0 
74992.1  74960.0 
74992.1  74961.0 
74992.1  74480.0 
74992.1  74482.0 
74992.1  74962.0 
74992.1  74483.0 
74992.1  74963.0 
74992.1  74485.0 
74992.1  75021.0 
74992.1  74488.0 
74992.1  74965.1 
74993.1  74967.0 
74993.1  74479.0 
74993.1  74960.0 
74993.1  74961.0 
74993.1  74480.0 
74993.1  74482.0 
74993.1  74962.0 
74993.1  74483.0 
74993.1  74963.0 
74993.1  74485.0 
74993.1  75022.0 
74993.1  74488.0 
74994.0  73925.0 
74995.1  75023.0 
74996.1  75024.1 
74997.1  75025.1 
74998.1  75026.1 
74999.0  73930.0 
75000.1  75027.0 
75000.1  74479.0 
75000.1  75028.0 
75000.1  74483.0 
75000.1  74482.0 
75000.1  75029.0 
75000.1  74488.0 
75000.1  75030.0 
75000.1  75031.0 
75000.1  74493.0 
75000.1  75032.0 
75000.1  75033.0 
75000.1  75034.0 
75000.1  74494.0 
75000.1  75035.0 
75000.1  75036.0 
75000.1  75037.0 
75000.1  75038.0 
75000.1  75039.0 
75000.1  75040.0 
75000.1  75041.0 
75000.1  75042.0 
75000.1  75043.0 
75000.1  75044.0 
75000.1  75045.0 
75000.1  75046.0 
75000.1  75047.0 
75000.1  75048.0 
75000.1  75049.0 
75000.1  75050.0 
75000.1  75051.0 
75000.1  75052.0 
75000.1  75053.0 
75000.1  75054.0 
75000.1  75055.0 
75000.1  75056.0 
75000.1  75057.0 
75000.1  75058.0 
75000.1  75059.0 
75000.1  75060.0 
75000.1  75061.0 
75000.1  75062.0 
75000.1  75063.0 
75000.1  75064.0 
75000.1  75065.0 
75000.1  75066.0 
75000.1  75067.0 
75000.1  75068.0 
75000.1  75069.0 
75000.1  75070.0 
75000.1  75071.0 
75000.1  75072.0 
75000.1  75073.0 
75000.1  75074.0 
75000.1  75075.0 
75000.1  75076.0 
75000.1  75077.0 
75000.1  75078.0 
75000.1  75079.0 
75000.1  75080.0 
75000.1  75081.0 
75000.1  75082.0 
75000.1  75083.0 
75000.1  75084.0 
75000.1  75085.0 
75000.1  75086.0 
75000.1  75087.0 
75000.1  75088.0 
75000.1  75089.0 
75000.1  75090.0 
75000.1  75091.0 
75000.1  75092.0 
75000.1  75093.0 
75000.1  75094.0 
75000.1  75095.0 
75000.1  75096.0 
75000.1  75097.0 
75000.1  75098.0 
75000.1  75099.0 
75000.1  75100.0 
75000.1  75101.0 
75000.1  75102.0 
75000.1  75103.0 
75000.1  75104.0 
75000.1  75105.0 
75000.1  75106.0 
75000.2  75107.0 
75000.2  75108.0 
75000.2  75109.0 
75000.2  75110.0 
75000.2  75111.0 
75000.2  75112.0 
75000.2  75113.0 
75000.2  75114.0 
75000.2  75115.0 
75000.2  75116.0 
75000.2  75117.0 
75000.2  75118.0 
75000.2  75119.0 
75000.2  75120.0 
75000.2  75121.0 
75000.2  75122.0 
75000.2  75123.0 
75000.2  75124.0 
75000.2  75125.0 
75000.2  75126.0 
75000.2  75127.0 
75000.2  75128.0 
75000.2  75129.0 
75000.2  75130.0 
75000.2  75131.0 
75000.2  75132.0 
75000.2  75133.0 
75000.2  75134.0 
75000.2  75135.0 
75000.2  75136.0 
75000.2  75137.0 
75000.2  75138.0 
75000.2  75139.0 
75000.2  75140.0 
75000.2  75141.0 
75000.2  75142.0 
75000.2  75143.0 
75000.2  75144.0 
75000.2  75145.0 
75000.2  75146.0 
75000.2  75147.0 
75000.2  75148.0 
75000.2  75149.0 
75000.2  75150.0 
75000.2  75151.0 
75000.2  75152.0 
75000.2  75153.0 
75000.2  75154.0 
75000.2  75155.0 
75000.2  75156.0 
75000.2  75157.0 
75000.2  75158.0 
75000.2  75159.0 
75000.2  75160.0 
75000.2  75161.0 
75000.2  75162.0 
75000.2  75163.0 
75000.2  75164.0 
75000.2  75165.0 
75000.2  75166.0 
75000.2  75167.0 
75000.2  75168.0 
75000.2  75169.0 
75000.2  75170.0 
75000.2  75171.0 
75000.2  75172.0 
75000.2  75173.0 
75000.2  75174.0 
75000.2  75175.0 
75000.2  75176.0 
75000.2  75177.0 
75000.2  75178.0 
75000.2  75179.0 
75000.2  75180.0 
75000.2  75181.0 
75000.2  75182.0 
75000.2  75183.0 
75000.2  75184.0 
75000.3  75185.0 
75000.3  75186.0 
75000.3  75187.0 
75000.3  75188.0 
75000.3  75189.0 
75000.3  75190.0 
75000.3  75191.0 
75000.3  75192.0 
75000.3  75193.0 
75000.3  75194.0 
75000.3  75195.0 
75000.3  75196.0 
75000.3  75197.0 
75000.3  75198.0 
75000.3  75199.0 
75000.3  75200.0 
75000.3  75201.0 
75000.3  75202.0 
75000.3  75203.0 
75000.3  75204.0 
75000.3  75205.0 
75000.3  75206.0 
75000.3  75207.0 
75000.3  75208.0 
75000.3  75209.0 
75000.3  75210.0 
75000.3  75211.0 
75000.3  75212.0 
75000.3  75213.0 
75000.3  75214.0 
75000.3  75215.0 
75000.3  75216.0 
75000.3  75217.0 
75000.3  75218.0 
75000.3  75219.0 
75000.3  75220.0 
75000.3  75221.0 
75000.3  75222.0 
75000.3  75223.0 
75000.3  75224.0 
75000.3  75225.0 
75000.3  75226.0 
75000.3  75227.0 
75000.3  75228.0 
75000.3  75229.0 
75000.3  75230.0 
75000.3  75231.0 
75000.3  75232.0 
75000.3  75233.0 
75000.3  75234.0 
75000.3  75235.0 
75000.3  75236.0 
75000.3  75237.0 
75000.3  75238.0 
75000.3  75239.0 
75000.3  75240.0 
75000.3  75241.0 
75000.3  75242.0 
75000.3  75243.0 
75000.3  75244.0 
75000.3  75245.0 
75000.3  75246.0 
75000.3  75247.0 
75000.3  75248.0 
75000.3  75249.0 
75000.3  75250.0 
75000.3  75251.0 
75000.3  75252.0 
75000.3  75253.0 
75000.3  75254.0 
75000.3  75255.0 
75000.3  75256.0 
75000.3  75257.0 
75000.3  75258.0 
75000.3  75259.0 
75000.3  75260.0 
75000.3  75261.0 
75000.3  75262.0 
75000.3  75263.0 
75000.4  75264.0 
75000.4  75265.0 
75000.4  75266.0 
75000.4  75267.0 
75000.4  75268.0 
75000.4  75269.0 
75000.4  75270.0 
75000.4  75271.0 
75000.4  75272.0 
75000.4  75273.0 
75000.4  75274.0 
75000.4  75275.0 
75000.4  75276.0 
75000.4  75277.0 
75000.4  75278.0 
75000.4  75279.0 
75000.4  75280.0 
75000.4  75281.0 
75000.4  75282.0 
75000.4  75283.0 
75000.4  75284.0 
75000.4  75285.0 
75000.4  75286.0 
75000.4  75287.0 
75000.4  75288.0 
75000.4  75289.0 
75000.4  75290.0 
75000.4  75291.0 
75000.4  75292.0 
75000.4  75293.0 
75000.4  75294.0 
75000.4  75295.0 
75000.4  75296.0 
75000.4  75297.0 
75000.4  75298.0 
75000.4  75299.0 
75000.4  75300.0 
75000.4  75301.0 
75000.4  75302.0 
75000.5  75303.0 
75000.5  75304.0 
75000.5  75305.0 
75000.5  75306.0 
75000.5  75307.0 
75000.5  75308.0 
75000.5  75309.0 
75000.5  75310.0 
75000.5  75311.0 
75000.5  75312.0 
75000.5  75313.0 
75000.5  75314.0 
75000.5  75315.0 
75000.5  75316.0 
75000.5  75317.0 
75000.5  75318.0 
75000.5  75319.0 
75000.5  75320.0 
75000.5  75321.0 
75000.5  75322.0 
75000.5  75323.0 
75000.5  75324.0 
75000.5  75325.0 
75000.5  75326.0 
75000.5  75327.0 
75000.5  75328.0 
75000.5  75329.0 
75000.5  75330.0 
75000.5  75331.0 
75000.5  75332.0 
75000.5  75333.0 
75000.5  75334.0 
75000.5  75335.0 
75000.5  75336.0 
75000.5  75337.0 
75000.5  75338.0 
75000.5  75339.0 
75000.5  75340.0 
75000.5  75341.0 
75000.5  75342.0 
75000.5  75343.0 
75000.5  75344.0 
75000.5  75345.0 
75000.5  75346.0 
75000.5  75347.0 
75000.5  75348.0 
75000.5  75349.0 
75000.5  75350.0 
75000.6  75351.0 
75000.6  75352.0 
75000.6  75353.0 
75000.6  75354.0 
75000.6  75355.0 
75000.6  75356.0 
75000.6  75357.0 
75000.6  75358.0 
75000.6  75359.0 
75000.6  75360.0 
75000.6  75361.0 
75000.6  75362.0 
75000.6  75363.0 
75000.6  75364.0 
75000.6  75365.0 
75000.6  75366.0 
75000.6  75367.0 
75000.6  75368.0 
75000.6  75369.0 
75000.6  75370.0 
75000.6  75371.0 
75000.6  75372.0 
75000.6  75373.0 
75000.6  75374.0 
75000.6  75375.0 
75000.6  75376.0 
75000.6  75377.0 
75000.7  75378.0 
75000.7  75379.0 
75000.7  75380.0 
75000.7  75381.0 
75000.7  75382.0 
75000.7  75383.0 
75000.7  75384.0 
75000.7  75385.0 
75000.7  75386.0 
75000.7  75387.0 
75000.7  75388.0 
75000.7  75389.0 
75000.7  75390.0 
75000.7  75391.0 
75000.7  75392.0 
75000.7  75393.0 
75000.7  75394.0 
75000.7  75395.0 
75000.7  75396.0 
75000.7  75397.0 
75000.7  75398.0 
75000.7  75399.0 
75000.7  75400.0 
75000.7  75401.0 
75000.7  75402.0 
75000.7  75403.0 
75000.7  75404.0 
75000.7  75405.0 
75000.7  75406.0 
75000.7  75407.0 
75000.7  75408.0 
75000.7  75409.0 
75000.7  75410.0 
75000.7  75411.0 
75000.7  75412.0 
75000.7  75413.0 
75000.7  75414.0 
75000.7  75415.0 
75001.0  73932.0 
75002.1  74471.0 
75002.1  74459.0 
75002.1  74462.0 
75003.1  75416.1 
75004.1  75417.1 
75005.1  75418.1 
75006.1  75419.1 
75007.1  75420.1 
75008.1  74979.0 
75008.1  74459.0 
75008.1  74462.0 
75008.1  74468.0 
75009.1  74980.0 
75009.1  74459.0 
75009.1  74462.0 
75009.1  74468.0 
75010.1  74982.0 
75010.1  74459.0 
75010.1  74462.0 
75011.1  74470.1 
75013.1  75422.1 
75013.2  75423.1 
75014.1  74994.0 
75014.1  74479.0 
75014.1  74492.0 
75014.1  74483.0 
75014.1  74482.0 
75014.1  74488.0 
75014.1  74493.0 
75014.1  74494.0 
75014.1  74544.0 
75014.1  74545.0 
75014.1  74546.0 
75014.1  75425.1 
75014.1  75426.1 
75014.2  75427.1 
75014.3  75428.1 
75016.1  74999.0 
75016.1  74459.0 
75016.1  74472.0 
75016.1  74463.0 
75016.1  74462.0 
75016.1  74468.0 
75016.1  74473.0 
75016.1  74474.0 
75017.1  75429.1 
75017.2  75429.2 
75017.3  75429.3 
75017.4  75429.4 
75017.5  75429.5 
75017.6  75429.6 
75017.7  75429.7 
75018.1  75431.0 
75018.1  74459.0 
75018.1  74472.0 
75018.1  74463.0 
75018.1  74462.0 
75018.1  74468.0 
75018.1  74473.0 
75018.1  74474.0 
75018.1  74544.0 
75018.1  74545.0 
75018.1  74546.0 
75018.1  75432.1 
75018.1  75433.1 
75018.1  74539.0 
75018.1  74551.0 
75018.1  75434.1 
75020.1  75435.1 
75024.1  75437.0 
75024.1  74479.0 
75024.1  74482.0 
75024.1  74488.0 
75024.1  74494.0 
75024.1  75438.1 
75025.1  75437.0 
75025.1  74479.0 
75025.1  74482.0 
75025.1  74488.0 
75025.1  74494.0 
75025.1  75440.1 
75026.1  75437.0 
75026.1  74479.0 
75026.1  74482.0 
75026.1  74488.0 
75026.1  74494.0 
75026.1  75442.1 
75027.0  73958.0 
75028.0  73959.0 
75029.0  73960.0 
75031.0  73962.0 
75032.0  73963.0 
75033.0  73964.0 
75034.0  73965.0 
75035.0  73966.0 
75036.0  73967.0 
75037.0  73968.0 
75038.0  73969.0 
75039.0  73970.0 
75040.0  73971.0 
75041.0  73972.0 
75042.0  73973.0 
75043.0  73974.0 
75044.0  73975.0 
75045.0  73976.0 
75046.0  73977.0 
75047.0  73978.0 
75048.0  73979.0 
75049.0  73980.0 
75050.0  73981.0 
75051.0  73982.0 
75052.0  73983.0 
75053.0  73984.0 
75054.0  73985.0 
75055.0  73986.0 
75056.0  73987.0 
75057.0  73988.0 
75058.0  73989.0 
75059.0  73990.0 
75060.0  73991.0 
75061.0  73992.0 
75062.0  73993.0 
75063.0  73994.0 
75064.0  73995.0 
75065.0  73996.0 
75066.0  73997.0 
75067.0  73998.0 
75068.0  73999.0 
75069.0  74000.0 
75070.0  74001.0 
75071.0  74002.0 
75072.0  74003.0 
75073.0  74004.0 
75074.0  74005.0 
75075.0  74006.0 
75076.0  74007.0 
75077.0  74008.0 
75078.0  74009.0 
75079.0  74010.0 
75080.0  74011.0 
75081.0  74012.0 
75082.0  74013.0 
75083.0  74014.0 
75084.0  74015.0 
75085.0  74016.0 
75086.0  74017.0 
75087.0  74018.0 
75088.0  74019.0 
75089.0  74020.0 
75090.0  74021.0 
75091.0  74022.0 
75092.0  74023.0 
75093.0  74024.0 
75094.0  74025.0 
75095.0  74026.0 
75096.0  74027.0 
75097.0  74028.0 
75098.0  74029.0 
75099.0  74030.0 
75100.0  74031.0 
75101.0  74032.0 
75102.0  74033.0 
75103.0  74034.0 
75104.0  74035.0 
75105.0  74036.0 
75106.0  74037.0 
75107.0  74038.0 
75108.0  74039.0 
75109.0  74040.0 
75110.0  74041.0 
75111.0  74042.0 
75112.0  74043.0 
75113.0  74044.0 
75114.0  74045.0 
75115.0  74046.0 
75116.0  74047.0 
75117.0  74048.0 
75118.0  74049.0 
75119.0  74050.0 
75120.0  74051.0 
75121.0  74052.0 
75122.0  74053.0 
75123.0  74054.0 
75124.0  74055.0 
75125.0  74056.0 
75126.0  74057.0 
75127.0  74058.0 
75128.0  74059.0 
75129.0  74060.0 
75130.0  74061.0 
75131.0  74062.0 
75132.0  74063.0 
75133.0  74064.0 
75134.0  74065.0 
75135.0  74066.0 
75136.0  74067.0 
75137.0  74068.0 
75138.0  74069.0 
75139.0  74070.0 
75140.0  74071.0 
75141.0  74072.0 
75142.0  74073.0 
75143.0  74074.0 
75144.0  74075.0 
75145.0  74076.0 
75146.0  74077.0 
75147.0  74078.0 
75148.0  74079.0 
75149.0  74080.0 
75150.0  74081.0 
75151.0  74082.0 
75152.0  74083.0 
75153.0  74084.0 
75154.0  74085.0 
75155.0  74086.0 
75156.0  74087.0 
75157.0  74088.0 
75158.0  74089.0 
75159.0  74090.0 
75160.0  74091.0 
75161.0  74092.0 
75162.0  74093.0 
75163.0  74094.0 
75164.0  74095.0 
75165.0  74096.0 
75166.0  74097.0 
75167.0  74098.0 
75168.0  74099.0 
75169.0  74100.0 
75170.0  74101.0 
75171.0  74102.0 
75172.0  74103.0 
75173.0  74104.0 
75174.0  74105.0 
75175.0  74106.0 
75176.0  74107.0 
75177.0  74108.0 
75178.0  74109.0 
75179.0  74110.0 
75180.0  74111.0 
75181.0  74112.0 
75182.0  74113.0 
75183.0  74114.0 
75184.0  74115.0 
75185.0  74116.0 
75186.0  74117.0 
75187.0  74118.0 
75188.0  74119.0 
75189.0  74120.0 
75190.0  74121.0 
75191.0  74122.0 
75192.0  74123.0 
75193.0  74124.0 
75194.0  74125.0 
75195.0  74126.0 
75196.0  74127.0 
75197.0  74128.0 
75198.0  74129.0 
75199.0  74130.0 
75200.0  74131.0 
75201.0  74132.0 
75202.0  74133.0 
75203.0  74134.0 
75204.0  74135.0 
75205.0  74136.0 
75206.0  74137.0 
75207.0  74138.0 
75208.0  74139.0 
75209.0  74140.0 
75210.0  74141.0 
75211.0  74142.0 
75212.0  74143.0 
75213.0  74144.0 
75214.0  74145.0 
75215.0  74146.0 
75216.0  74147.0 
75217.0  74148.0 
75218.0  74149.0 
75219.0  74150.0 
75220.0  74151.0 
75221.0  74152.0 
75222.0  74153.0 
75223.0  74154.0 
75224.0  74155.0 
75225.0  74156.0 
75226.0  74157.0 
75227.0  74158.0 
75228.0  74159.0 
75229.0  74160.0 
75230.0  74161.0 
75231.0  74162.0 
75232.0  74163.0 
75234.0  74165.0 
75235.0  74166.0 
75236.0  74167.0 
75237.0  74168.0 
75238.0  74169.0 
75239.0  74170.0 
75240.0  74171.0 
75241.0  74172.0 
75242.0  74173.0 
75243.0  74174.0 
75244.0  74175.0 
75245.0  74176.0 
75246.0  74177.0 
75247.0  74178.0 
75248.0  74179.0 
75249.0  74180.0 
75250.0  74181.0 
75251.0  74182.0 
75252.0  74183.0 
75253.0  74184.0 
75254.0  74185.0 
75255.0  74186.0 
75256.0  74187.0 
75257.0  74188.0 
75258.0  74189.0 
75259.0  74190.0 
75260.0  74191.0 
75261.0  74192.0 
75262.0  74193.0 
75263.0  74194.0 
75264.0  74195.0 
75265.0  74196.0 
75266.0  74197.0 
75267.0  74198.0 
75268.0  74199.0 
75269.0  74200.0 
75270.0  74201.0 
75271.0  74202.0 
75272.0  74203.0 
75273.0  74204.0 
75274.0  74205.0 
75275.0  74206.0 
75276.0  74207.0 
75277.0  74208.0 
75278.0  74209.0 
75279.0  74210.0 
75280.0  74211.0 
75281.0  74212.0 
75282.0  74213.0 
75283.0  74214.0 
75284.0  74215.0 
75285.0  74216.0 
75286.0  74217.0 
75287.0  74218.0 
75288.0  74219.0 
75289.0  74220.0 
75290.0  74221.0 
75291.0  74222.0 
75292.0  74223.0 
75293.0  74224.0 
75294.0  74225.0 
75295.0  74226.0 
75296.0  74227.0 
75297.0  74228.0 
75298.0  74229.0 
75299.0  74230.0 
75300.0  74231.0 
75301.0  74232.0 
75302.0  74233.0 
75303.0  74234.0 
75304.0  74235.0 
75305.0  74236.0 
75306.0  74237.0 
75307.0  74238.0 
75308.0  74239.0 
75309.0  74240.0 
75310.0  74241.0 
75311.0  74242.0 
75312.0  74243.0 
75313.0  74244.0 
75314.0  74245.0 
75315.0  74246.0 
75316.0  74247.0 
75317.0  74248.0 
75318.0  74249.0 
75319.0  74250.0 
75320.0  74251.0 
75321.0  74252.0 
75322.0  74253.0 
75323.0  74254.0 
75324.0  74255.0 
75325.0  74256.0 
75326.0  74257.0 
75327.0  74258.0 
75328.0  74259.0 
75329.0  74260.0 
75330.0  74261.0 
75331.0  74262.0 
75332.0  74263.0 
75333.0  74264.0 
75334.0  74265.0 
75335.0  74266.0 
75336.0  74267.0 
75337.0  74268.0 
75338.0  74269.0 
75339.0  74270.0 
75340.0  74271.0 
75341.0  74272.0 
75342.0  74273.0 
75343.0  74274.0 
75344.0  74275.0 
75345.0  74276.0 
75346.0  74277.0 
75347.0  74278.0 
75348.0  74279.0 
75349.0  74280.0 
75350.0  74281.0 
75351.0  74282.0 
75352.0  74283.0 
75353.0  74284.0 
75354.0  74285.0 
75355.0  74286.0 
75356.0  74287.0 
75357.0  74288.0 
75358.0  74289.0 
75359.0  74290.0 
75360.0  74291.0 
75361.0  74292.0 
75362.0  74293.0 
75363.0  74294.0 
75364.0  74295.0 
75365.0  74296.0 
75366.0  74297.0 
75367.0  74298.0 
75368.0  74299.0 
75369.0  74300.0 
75370.0  74301.0 
75371.0  74302.0 
75372.0  74303.0 
75373.0  74304.0 
75374.0  74305.0 
75375.0  74306.0 
75376.0  74307.0 
75377.0  74308.0 
75378.0  74309.0 
75379.0  74310.0 
75380.0  74311.0 
75381.0  74312.0 
75382.0  74313.0 
75383.0  74314.0 
75384.0  74315.0 
75385.0  74316.0 
75386.0  74317.0 
75387.0  74318.0 
75388.0  74319.0 
75389.0  74320.0 
75416.1  74980.0 
75416.1  74459.0 
75416.1  74462.0 
75416.1  74468.0 
75417.1  74979.0 
75417.1  74459.0 
75417.1  74462.0 
75417.1  74468.0 
75418.1  75001.0 
75418.1  74459.0 
75418.1  74462.0 
75418.1  74468.0 
75419.1  75001.0 
75419.1  74459.0 
75419.1  74462.0 
75419.1  74468.0 
75420.1  75001.0 
75420.1  74459.0 
75420.1  74462.0 
75420.1  74468.0 
75422.1  74959.0 
75422.1  74479.0 
75422.1  74960.0 
75422.1  74961.0 
75422.1  74482.0 
75422.1  74962.0 
75422.1  74480.0 
75422.1  74963.0 
75422.1  74483.0 
75422.1  74485.0 
75422.1  75444.0 
75422.1  74488.0 
75422.1  75445.1 
75423.1  74967.0 
75423.1  74479.0 
75423.1  74960.0 
75423.1  74961.0 
75423.1  74480.0 
75423.1  74482.0 
75423.1  74962.0 
75423.1  74483.0 
75423.1  74963.0 
75423.1  74485.0 
75423.1  75447.0 
75423.1  74488.0 
75423.1  75013.1 
75424.1  74967.0 
75424.1  74479.0 
75424.1  74960.0 
75424.1  74961.0 
75424.1  74480.0 
75424.1  74482.0 
75424.1  74962.0 
75424.1  74483.0 
75424.1  74963.0 
75424.1  74485.0 
75424.1  75448.0 
75424.1  74488.0 
75425.1  75449.0 
75426.1  75450.1 
75427.1  75451.1 
75428.1  75452.1 
75429.1  75027.0 
75429.1  74459.0 
75429.1  75028.0 
75429.1  74463.0 
75429.1  74462.0 
75429.1  75029.0 
75429.1  74468.0 
75429.1  75453.0 
75429.1  75031.0 
75429.1  74473.0 
75429.1  75032.0 
75429.1  75033.0 
75429.1  75034.0 
75429.1  74474.0 
75429.1  75035.0 
75429.1  75036.0 
75429.1  75037.0 
75429.1  75038.0 
75429.1  75039.0 
75429.1  75040.0 
75429.1  75041.0 
75429.1  75042.0 
75429.1  75043.0 
75429.1  75044.0 
75429.1  75045.0 
75429.1  75046.0 
75429.1  75047.0 
75429.1  75048.0 
75429.1  75049.0 
75429.1  75050.0 
75429.1  75051.0 
75429.1  75052.0 
75429.1  75053.0 
75429.1  75054.0 
75429.1  75055.0 
75429.1  75056.0 
75429.1  75057.0 
75429.1  75058.0 
75429.1  75059.0 
75429.1  75060.0 
75429.1  75061.0 
75429.1  75062.0 
75429.1  75063.0 
75429.1  75064.0 
75429.1  75065.0 
75429.1  75066.0 
75429.1  75067.0 
75429.1  75068.0 
75429.1  75069.0 
75429.1  75070.0 
75429.1  75071.0 
75429.1  75072.0 
75429.1  75073.0 
75429.1  75074.0 
75429.1  75075.0 
75429.1  75076.0 
75429.1  75077.0 
75429.1  75078.0 
75429.1  75079.0 
75429.1  75080.0 
75429.1  75081.0 
75429.1  75082.0 
75429.1  75083.0 
75429.1  75084.0 
75429.1  75085.0 
75429.1  75086.0 
75429.1  75087.0 
75429.1  75088.0 
75429.1  75089.0 
75429.1  75090.0 
75429.1  75091.0 
75429.1  75092.0 
75429.1  75093.0 
75429.1  75094.0 
75429.1  75095.0 
75429.1  75096.0 
75429.1  75097.0 
75429.1  75098.0 
75429.1  75099.0 
75429.1  75100.0 
75429.1  75101.0 
75429.1  75102.0 
75429.1  75103.0 
75429.1  75104.0 
75429.1  75105.0 
75429.1  75106.0 
75429.2  75107.0 
75429.2  75108.0 
75429.2  75109.0 
75429.2  75110.0 
75429.2  75111.0 
75429.2  75112.0 
75429.2  75113.0 
75429.2  75114.0 
75429.2  75115.0 
75429.2  75116.0 
75429.2  75117.0 
75429.2  75118.0 
75429.2  75119.0 
75429.2  75120.0 
75429.2  75121.0 
75429.2  75122.0 
75429.2  75123.0 
75429.2  75124.0 
75429.2  75125.0 
75429.2  75126.0 
75429.2  75127.0 
75429.2  75128.0 
75429.2  75129.0 
75429.2  75130.0 
75429.2  75131.0 
75429.2  75132.0 
75429.2  75133.0 
75429.2  75134.0 
75429.2  75135.0 
75429.2  75136.0 
75429.2  75137.0 
75429.2  75138.0 
75429.2  75139.0 
75429.2  75140.0 
75429.2  75141.0 
75429.2  75142.0 
75429.2  75143.0 
75429.2  75144.0 
75429.2  75145.0 
75429.2  75146.0 
75429.2  75147.0 
75429.2  75148.0 
75429.2  75149.0 
75429.2  75150.0 
75429.2  75151.0 
75429.2  75152.0 
75429.2  75153.0 
75429.2  75154.0 
75429.2  75155.0 
75429.2  75156.0 
75429.2  75157.0 
75429.2  75158.0 
75429.2  75159.0 
75429.2  75160.0 
75429.2  75161.0 
75429.2  75162.0 
75429.2  75163.0 
75429.2  75164.0 
75429.2  75165.0 
75429.2  75166.0 
75429.2  75167.0 
75429.2  75168.0 
75429.2  75169.0 
75429.2  75170.0 
75429.2  75171.0 
75429.2  75172.0 
75429.2  75173.0 
75429.2  75174.0 
75429.2  75175.0 
75429.2  75176.0 
75429.2  75177.0 
75429.2  75178.0 
75429.2  75179.0 
75429.2  75180.0 
75429.2  75181.0 
75429.2  75182.0 
75429.2  75183.0 
75429.2  75184.0 
75429.3  75185.0 
75429.3  75186.0 
75429.3  75187.0 
75429.3  75188.0 
75429.3  75189.0 
75429.3  75190.0 
75429.3  75191.0 
75429.3  75192.0 
75429.3  75193.0 
75429.3  75194.0 
75429.3  75195.0 
75429.3  75196.0 
75429.3  75197.0 
75429.3  75198.0 
75429.3  75199.0 
75429.3  75200.0 
75429.3  75201.0 
75429.3  75202.0 
75429.3  75203.0 
75429.3  75204.0 
75429.3  75205.0 
75429.3  75206.0 
75429.3  75207.0 
75429.3  75208.0 
75429.3  75209.0 
75429.3  75210.0 
75429.3  75211.0 
75429.3  75212.0 
75429.3  75213.0 
75429.3  75214.0 
75429.3  75215.0 
75429.3  75216.0 
75429.3  75217.0 
75429.3  75218.0 
75429.3  75219.0 
75429.3  75220.0 
75429.3  75221.0 
75429.3  75222.0 
75429.3  75223.0 
75429.3  75224.0 
75429.3  75225.0 
75429.3  75226.0 
75429.3  75227.0 
75429.3  75228.0 
75429.3  75229.0 
75429.3  75230.0 
75429.3  75231.0 
75429.3  75232.0 
75429.3  75454.0 
75429.3  75234.0 
75429.3  75235.0 
75429.3  75236.0 
75429.3  75237.0 
75429.3  75238.0 
75429.3  75239.0 
75429.3  75240.0 
75429.3  75241.0 
75429.3  75242.0 
75429.3  75243.0 
75429.3  75244.0 
75429.3  75245.0 
75429.3  75246.0 
75429.3  75247.0 
75429.3  75248.0 
75429.3  75249.0 
75429.3  75250.0 
75429.3  75251.0 
75429.3  75252.0 
75429.3  75253.0 
75429.3  75254.0 
75429.3  75255.0 
75429.3  75256.0 
75429.3  75257.0 
75429.3  75258.0 
75429.3  75259.0 
75429.3  75260.0 
75429.3  75261.0 
75429.3  75262.0 
75429.3  75263.0 
75429.4  75264.0 
75429.4  75265.0 
75429.4  75266.0 
75429.4  75267.0 
75429.4  75268.0 
75429.4  75269.0 
75429.4  75270.0 
75429.4  75271.0 
75429.4  75272.0 
75429.4  75273.0 
75429.4  75274.0 
75429.4  75275.0 
75429.4  75276.0 
75429.4  75277.0 
75429.4  75278.0 
75429.4  75279.0 
75429.4  75280.0 
75429.4  75281.0 
75429.4  75282.0 
75429.4  75283.0 
75429.4  75284.0 
75429.4  75285.0 
75429.4  75286.0 
75429.4  75287.0 
75429.4  75288.0 
75429.4  75289.0 
75429.4  75290.0 
75429.4  75291.0 
75429.4  75292.0 
75429.4  75293.0 
75429.4  75294.0 
75429.4  75295.0 
75429.4  75296.0 
75429.4  75297.0 
75429.4  75298.0 
75429.4  75299.0 
75429.4  75300.0 
75429.4  75301.0 
75429.4  75302.0 
75429.5  75303.0 
75429.5  75304.0 
75429.5  75305.0 
75429.5  75306.0 
75429.5  75307.0 
75429.5  75308.0 
75429.5  75309.0 
75429.5  75310.0 
75429.5  75311.0 
75429.5  75312.0 
75429.5  75313.0 
75429.5  75314.0 
75429.5  75315.0 
75429.5  75316.0 
75429.5  75317.0 
75429.5  75318.0 
75429.5  75319.0 
75429.5  75320.0 
75429.5  75321.0 
75429.5  75322.0 
75429.5  75323.0 
75429.5  75324.0 
75429.5  75325.0 
75429.5  75326.0 
75429.5  75327.0 
75429.5  75328.0 
75429.5  75329.0 
75429.5  75330.0 
75429.5  75331.0 
75429.5  75332.0 
75429.5  75333.0 
75429.5  75334.0 
75429.5  75335.0 
75429.5  75336.0 
75429.5  75337.0 
75429.5  75338.0 
75429.5  75339.0 
75429.5  75340.0 
75429.5  75341.0 
75429.5  75342.0 
75429.5  75343.0 
75429.5  75344.0 
75429.5  75345.0 
75429.5  75346.0 
75429.5  75347.0 
75429.5  75348.0 
75429.5  75349.0 
75429.5  75350.0 
75429.6  75351.0 
75429.6  75352.0 
75429.6  75353.0 
75429.6  75354.0 
75429.6  75355.0 
75429.6  75356.0 
75429.6  75357.0 
75429.6  75358.0 
75429.6  75359.0 
75429.6  75360.0 
75429.6  75361.0 
75429.6  75362.0 
75429.6  75363.0 
75429.6  75364.0 
75429.6  75365.0 
75429.6  75366.0 
75429.6  75367.0 
75429.6  75368.0 
75429.6  75369.0 
75429.6  75370.0 
75429.6  75371.0 
75429.6  75372.0 
75429.6  75373.0 
75429.6  75374.0 
75429.6  75375.0 
75429.6  75376.0 
75429.6  75377.0 
75429.7  75378.0 
75429.7  75379.0 
75429.7  75380.0 
75429.7  75381.0 
75429.7  75382.0 
75429.7  75383.0 
75429.7  75384.0 
75429.7  75385.0 
75429.7  75386.0 
75429.7  75387.0 
75429.7  75388.0 
75429.7  75389.0 
75429.7  75455.0 
75429.7  75456.0 
75429.7  75457.0 
75429.7  75458.0 
75429.7  75459.0 
75429.7  75460.0 
75429.7  75461.0 
75429.7  75462.0 
75429.7  75463.0 
75429.7  75464.0 
75429.7  75465.0 
75429.7  75466.0 
75429.7  75467.0 
75429.7  75468.0 
75429.7  75469.0 
75429.7  75470.0 
75429.7  75471.0 
75429.7  75472.0 
75429.7  75473.0 
75429.7  75474.0 
75429.7  75475.0 
75429.7  75476.0 
75429.7  75477.0 
75429.7  75478.0 
75429.7  75479.0 
75429.7  75480.0 
75429.7  75481.0 
75429.7  75482.0 
75429.7  75483.0 
75430.1  74959.0 
75430.1  74459.0 
75430.1  74960.0 
75430.1  74961.0 
75430.1  74462.0 
75430.1  74962.0 
75430.1  74460.0 
75430.1  74963.0 
75430.1  74463.0 
75430.1  74465.0 
75430.1  75484.0 
75430.1  74468.0 
75430.1  74952.3 
75431.0  74365.0 
75432.1  75485.1 
75433.1  75486.1 
75434.1  75487.1 
75435.1  75488.0 
75435.1  74459.0 
75435.1  74462.0 
75435.1  74952.3 
75437.0  74371.0 
75438.1  75489.0 
75440.1  75490.0 
75442.1  75491.0 
75443.1  74365.0 
75443.1  73409.0 
75443.1  73422.0 
75443.1  73413.0 
75443.1  73412.0 
75443.1  73418.0 
75443.1  73423.0 
75443.1  73424.0 
75443.1  73474.0 
75443.1  73475.0 
75443.1  73476.0 
75443.1  75493.1 
75443.1  75494.1 
75443.1  73469.0 
75443.1  73481.0 
75443.1  75495.1 
75445.1  75496.1 
75446.1  73420.1 
75450.1  75437.0 
75450.1  74479.0 
75450.1  74482.0 
75450.1  74488.0 
75450.1  74494.0 
75450.1  75498.1 
75451.1  75437.0 
75451.1  74479.0 
75451.1  74482.0 
75451.1  74488.0 
75451.1  74494.0 
75451.1  75500.1 
75452.1  75437.0 
75452.1  74479.0 
75452.1  74482.0 
75452.1  74488.0 
75452.1  74494.0 
75452.1  75502.1 
75485.1  75437.0 
75485.1  74459.0 
75485.1  74462.0 
75485.1  74468.0 
75485.1  74474.0 
75485.1  75504.1 
75486.1  75505.0 
75486.1  74459.0 
75486.1  74462.0 
75486.1  74468.0 
75486.1  75506.35 
75487.1  75505.0 
75487.1  74459.0 
75487.1  74462.0 
75487.1  74468.0 
75487.1  75507.35 
75488.0  74422.0 
75492.1  73890.0 
75492.1  73409.0 
75492.1  73891.0 
75492.1  73892.0 
75492.1  73412.0 
75492.1  73893.0 
75492.1  73410.0 
75492.1  73894.0 
75492.1  73413.0 
75492.1  73415.0 
75492.1  75508.0 
75492.1  73418.0 
75492.1  73823.3 
75493.1  75509.1 
75494.1  75510.1 
75495.1  75511.1 
75496.1  74422.0 
75496.1  73409.0 
75496.1  73412.0 
75496.1  75512.3 
75498.1  75513.0 
75500.1  75514.0 
75502.1  75515.0 
75504.1  75516.0 
75505.0  74439.0 
75506.34  74440.34 
75506.35  75014.1 
75506.36  74966.1 
75507.34  74441.34 
75507.35  75014.2 
75507.36  74966.2 
75509.1  74371.0 
75509.1  73409.0 
75509.1  73412.0 
75509.1  73418.0 
75509.1  73424.0 
75509.1  75518.1 
75510.1  74439.0 
75510.1  73409.0 
75510.1  73412.0 
75510.1  73418.0 
75510.1  74440.34 
75511.1  74439.0 
75511.1  73409.0 
75511.1  73412.0 
75511.1  73418.0 
75511.1  74441.34 
75512.3  73823.3 
75518.1  75519.0 
74476.0  74477.0 
74477.0  74490.0 
74496.0  74497.0 
74497.0  74925.0 
74925.0  74936.0 
74930.0  74946.0 
74932.0  74490.0 
74933.0  74966.0 
74934.0  74966.0 
74935.0  74970.0 
74936.0  74490.0 
74943.0  74497.0 
74944.0  74497.0 
74945.0  74981.0 
74946.0  74983.0 
74966.0  74993.0 
74970.0  74496.0 
74974.0  74925.0 
74975.0  74925.0 
74976.0  74925.0 
74977.0  74925.0 
74978.0  74925.0 
74981.0  74497.0 
74983.0  75002.0 
74987.0  75011.0 
74988.0  75014.0 
74989.0  75014.0 
74990.0  75016.0 
74991.0  75018.0 
74992.0  75011.0 
74993.0  74490.0 
75000.0  74970.0 
75002.0  75011.0 
75008.0  74946.0 
75009.0  74946.0 
75010.0  75421.0 
75014.0  75424.0 
75016.0  74930.0 
75018.0  75430.0 
75023.0  74966.0 
75024.0  75436.0 
75025.0  75439.0 
75026.0  75441.0 
75416.0  74983.0 
75417.0  74983.0 
75418.0  74983.0 
75419.0  74983.0 
75420.0  74983.0 
75421.0  74946.0 
75422.0  75443.0 
75423.0  75446.0 
75424.0  75011.0 
75429.0  75016.0 
75430.0  75011.0 
75435.0  75018.0 
75436.0  74966.0 
75439.0  74966.0 
75441.0  74966.0 
75443.0  75492.0 
75449.0  75014.0 
75450.0  75497.0 
75451.0  75499.0 
75452.0  75501.0 
75485.0  75503.0 
75486.0  75018.0 
75487.0  75018.0 
75489.0  75436.0 
75490.0  75439.0 
75491.0  75441.0 
75492.0  75446.0 
75496.0  75443.0 
75497.0  75014.0 
75499.0  75014.0 
75501.0  75014.0 
75503.0  75018.0 
75509.0  75517.0 
75510.0  75443.0 
75511.0  75443.0 
75513.0  75497.0 
75514.0  75499.0 
75515.0  75501.0 
75516.0  75503.0 
75517.0  75443.0 
75519.0  75517.0 
74495.1  74496.10 
