242.1  244.0 
242.1  245.0 
242.1  246.0 
242.1  247.0 
242.1  248.0 
242.1  249.0 
242.1  250.0 
242.1  251.0 
242.1  252.0 
242.1  253.0 
242.1  254.0 
242.1  255.0 
243.1  257.0 
243.1  245.0 
243.1  248.0 
244.0  224.0 
245.0  225.0 
246.0  226.0 
247.0  227.0 
248.0  228.0 
249.0  229.0 
250.0  230.0 
251.0  231.0 
254.0  234.0 
255.0  250.0 
256.1  245.0 
256.1  258.0 
256.1  249.0 
256.1  248.0 
256.1  254.0 
256.1  259.0 
256.1  260.0 
257.0  237.0 
258.0  238.0 
259.0  239.0 
260.0  240.0 
241.1  242.1 
242.0  243.0 
243.0  256.0 
