77415.1  77417.0 
77415.1  77418.0 
77415.1  77419.0 
77415.1  77420.0 
77415.1  77421.0 
77415.1  77422.0 
77415.1  77423.0 
77415.1  77424.0 
77415.1  77425.0 
77415.1  77426.0 
77415.1  77427.0 
77415.1  77428.0 
77416.1  77430.0 
77416.1  77418.0 
77416.1  77421.0 
77417.0  77397.0 
77418.0  77398.0 
77419.0  77399.0 
77420.0  77400.0 
77421.0  77401.0 
77422.0  77402.0 
77423.0  77403.0 
77424.0  77404.0 
77427.0  77407.0 
77428.0  61909.0 
77429.1  77418.0 
77429.1  77431.0 
77429.1  77422.0 
77429.1  77421.0 
77429.1  77427.0 
77429.1  77432.0 
77429.1  77433.0 
77430.0  77410.0 
77431.0  77411.0 
77432.0  77412.0 
77433.0  77413.0 
77414.1  77415.1 
77415.0  77416.0 
77416.0  77429.0 
