202.1  204.0 
202.1  205.0 
202.1  206.0 
202.1  207.0 
202.1  208.0 
202.1  209.0 
202.1  210.0 
202.1  211.0 
202.1  212.0 
202.1  213.0 
202.1  214.0 
202.1  215.0 
203.1  217.0 
203.1  205.0 
203.1  208.0 
204.0  184.0 
205.0  185.0 
206.0  186.0 
207.0  187.0 
208.0  188.0 
209.0  189.0 
210.0  190.0 
211.0  191.0 
214.0  194.0 
215.0  210.0 
216.1  205.0 
216.1  218.0 
216.1  209.0 
216.1  208.0 
216.1  214.0 
216.1  219.0 
216.1  220.0 
217.0  197.0 
218.0  198.0 
219.0  199.0 
220.0  200.0 
201.1  202.1 
202.0  203.0 
203.0  216.0 
