52552.1  52554.0 
52552.1  52555.0 
52552.1  52556.0 
52552.1  52557.0 
52552.1  52558.0 
52552.1  52559.0 
52552.1  52560.0 
52552.1  52561.0 
52552.1  52562.0 
52552.1  52563.0 
52552.1  52564.0 
52552.1  52565.0 
52553.1  52567.0 
52553.1  52555.0 
52553.1  52558.0 
52554.0  52534.0 
52555.0  52535.0 
52556.0  52536.0 
52557.0  52537.0 
52558.0  52538.0 
52559.0  52539.0 
52560.0  52540.0 
52561.0  52541.0 
52564.0  52544.0 
52565.0  24413.0 
52566.1  52555.0 
52566.1  52568.0 
52566.1  52559.0 
52566.1  52558.0 
52566.1  52564.0 
52566.1  52569.0 
52566.1  52570.0 
52567.0  52547.0 
52568.0  52548.0 
52569.0  52549.0 
52570.0  52550.0 
52551.1  52552.1 
52552.0  52553.0 
52553.0  52566.0 
