24400.1  24402.0 
24400.1  24403.0 
24400.1  24404.0 
24400.1  24405.0 
24400.1  24406.0 
24400.1  24407.0 
24400.1  24408.0 
24400.1  24409.0 
24400.1  24410.0 
24400.1  24411.0 
24400.1  24412.0 
24400.1  24413.0 
24401.1  24415.0 
24401.1  24403.0 
24401.1  24406.0 
24402.0  23344.0 
24403.0  23345.0 
24404.0  23346.0 
24405.0  23347.0 
24406.0  23348.0 
24407.0  23349.0 
24408.0  23350.0 
24409.0  23351.0 
24412.0  23354.0 
24413.0  75.0 
24414.1  24403.0 
24414.1  24416.0 
24414.1  24407.0 
24414.1  24406.0 
24414.1  24412.0 
24414.1  24417.0 
24414.1  24418.0 
24415.0  23357.0 
24416.0  23358.0 
24417.0  23359.0 
24418.0  23360.0 
24399.1  24400.1 
24420.1  24422.0 
24420.1  24423.0 
24420.1  24424.0 
24420.1  24425.0 
24420.1  24403.0 
24420.1  24426.0 
24420.1  24427.0 
24420.1  24428.0 
24420.1  24429.0 
24420.1  24407.0 
24420.1  24430.0 
24420.1  24431.0 
24420.1  24432.0 
24420.1  24433.0 
24420.1  24434.0 
24420.1  24435.0 
24420.1  24436.0 
24420.1  24437.0 
24420.1  24438.0 
24420.1  24439.0 
24420.1  24440.0 
24420.1  24441.0 
24420.1  24442.0 
24420.1  24443.0 
24420.1  24444.0 
24420.1  24406.0 
24420.1  24445.0 
24420.1  24446.0 
24420.1  24447.0 
24420.1  24448.0 
24420.1  24449.0 
24420.1  24450.0 
24420.1  24451.0 
24420.1  24452.0 
24420.1  24453.0 
24420.1  24454.0 
24420.1  24455.0 
24420.1  24456.0 
24420.1  24457.0 
24420.1  24458.0 
24420.1  24459.0 
24420.1  24460.0 
24420.1  24461.0 
24420.1  24462.0 
24420.1  24463.0 
24420.1  24412.0 
24420.1  24464.0 
24420.1  24465.0 
24420.1  24466.0 
24420.1  24467.0 
24420.1  24418.0 
24420.1  24468.0 
24420.1  24469.0 
24420.1  24470.0 
24420.1  24471.0 
24420.1  24472.0 
24420.1  24473.0 
24420.1  24474.0 
24420.1  24475.0 
24420.1  24476.0 
24420.1  24477.0 
24420.1  24478.0 
24420.1  24479.0 
24420.1  24480.0 
24420.1  24481.0 
24420.1  24482.0 
24420.1  24483.0 
24420.1  24484.0 
24420.1  24485.0 
24420.1  24486.0 
24420.1  24487.0 
24420.1  24488.0 
24420.1  24489.0 
24420.1  24490.0 
24420.1  24491.0 
24420.1  24492.0 
24420.1  24493.0 
24420.1  24494.0 
24420.1  24495.0 
24420.1  24496.0 
24420.1  24497.0 
24420.1  24498.0 
24420.1  24499.0 
24420.1  24500.0 
24420.1  24501.0 
24420.1  24502.0 
24420.1  24503.0 
24420.1  24504.0 
24420.1  24505.0 
24420.1  24506.0 
24420.1  24507.0 
24420.1  24508.0 
24420.1  24509.0 
24420.1  24510.0 
24420.1  24511.0 
24420.1  24512.0 
24420.1  24513.0 
24420.1  24514.0 
24420.1  24515.0 
24420.1  24516.0 
24420.1  24517.0 
24420.1  24518.0 
24420.1  24519.0 
24420.1  24520.0 
24420.1  24521.0 
24420.1  24522.0 
24420.1  24523.0 
24420.1  24524.0 
24420.1  24525.0 
24420.1  24526.0 
24420.1  24527.0 
24420.1  24528.0 
24420.1  24529.0 
24420.1  24530.0 
24420.1  24531.0 
24420.1  24532.0 
24420.1  24533.0 
24420.1  24534.0 
24420.1  24535.0 
24420.1  24536.0 
24420.1  24537.0 
24420.1  24538.0 
24420.1  24539.0 
24420.1  24540.0 
24420.1  24541.0 
24420.1  24542.0 
24420.1  24543.0 
24420.1  24544.0 
24420.1  24545.0 
24420.1  24546.0 
24420.1  24547.0 
24420.1  24548.0 
24420.1  24549.0 
24420.1  24550.0 
24420.1  24551.0 
24420.1  24552.0 
24420.1  24553.0 
24420.1  24554.0 
24420.1  24555.0 
24420.1  24556.0 
24420.1  24557.0 
24420.1  24558.0 
24420.1  24559.0 
24420.1  24560.0 
24420.1  24561.0 
24420.1  24562.0 
24420.1  24563.0 
24420.1  24564.0 
24420.1  24565.0 
24420.1  24566.0 
24420.1  24567.0 
24420.1  24568.0 
24420.1  24569.0 
24420.1  24570.0 
24420.1  24571.0 
24420.1  24572.0 
24420.1  24573.0 
24420.1  24574.0 
24420.1  24575.0 
24420.1  24576.0 
24420.1  24577.0 
24420.1  24578.0 
24420.1  24579.0 
24420.1  24580.0 
24420.1  24581.0 
24420.1  24417.0 
24420.1  24582.0 
24420.1  24583.0 
24420.1  24584.0 
24420.1  24585.1 
24420.1  24586.0 
24420.1  24587.0 
24420.1  24588.0 
24420.1  24589.0 
24420.1  24590.0 
24420.1  24591.0 
24420.2  24592.0 
24420.2  24593.0 
24420.2  24594.0 
24420.2  24595.0 
24420.2  24596.0 
24420.2  24597.0 
24420.2  24598.0 
24420.2  24599.0 
24420.2  24600.0 
24420.2  24601.0 
24420.2  24602.0 
24420.2  24603.0 
24420.2  24604.0 
24420.2  24605.0 
24420.2  24606.0 
24420.2  24607.0 
24420.2  24608.0 
24420.2  24609.0 
24420.2  24610.0 
24420.2  24611.0 
24420.2  24612.0 
24420.2  24613.0 
24420.2  24614.0 
24420.2  24615.0 
24420.2  24616.0 
24420.2  24617.0 
24420.2  24618.0 
24420.2  24619.0 
24420.2  24620.0 
24420.2  24621.0 
24420.2  24622.0 
24420.2  24404.0 
24420.2  24623.0 
24420.2  24624.0 
24420.2  24625.0 
24420.2  24626.0 
24420.2  24627.0 
24420.2  24628.0 
24420.2  24629.0 
24420.2  24630.0 
24420.2  24631.0 
24420.2  24632.0 
24420.2  24633.0 
24420.2  24409.0 
24420.2  24634.0 
24420.2  24635.0 
24420.2  24636.0 
24420.2  24637.0 
24420.2  24638.0 
24420.2  24639.0 
24420.2  24640.0 
24420.2  24641.0 
24420.2  24642.0 
24420.2  24643.0 
24420.2  24644.0 
24420.2  24645.0 
24420.2  24646.0 
24420.2  24647.0 
24420.2  24648.0 
24420.2  24649.0 
24420.2  24650.0 
24420.2  24651.0 
24420.2  24652.0 
24420.2  24653.0 
24420.2  24654.0 
24420.2  24655.0 
24420.2  24656.0 
24420.2  24657.0 
24420.2  24658.0 
24420.2  24659.0 
24420.2  24660.0 
24420.2  24661.0 
24420.2  24662.0 
24420.2  24663.0 
24420.2  24664.0 
24420.2  24665.0 
24420.2  24666.0 
24420.2  24667.0 
24420.2  24668.0 
24420.2  24669.0 
24420.2  24670.0 
24420.2  24671.0 
24420.2  24672.0 
24420.2  24673.0 
24420.2  24674.0 
24420.2  24675.0 
24420.2  24676.0 
24420.2  24677.0 
24420.2  24678.0 
24420.2  24679.0 
24420.2  24680.0 
24420.2  24681.0 
24420.2  24682.0 
24420.2  24683.0 
24420.2  24684.0 
24420.2  24685.0 
24420.2  24686.0 
24420.2  24687.0 
24420.2  24688.0 
24420.2  24689.0 
24420.2  24690.0 
24420.2  24691.0 
24420.2  24692.0 
24420.2  24693.0 
24420.2  24694.0 
24420.2  24695.0 
24420.2  24696.0 
24420.2  24697.0 
24420.2  24698.0 
24420.2  24699.0 
24420.2  24700.0 
24420.2  24701.0 
24420.2  24702.0 
24420.2  24703.0 
24420.2  24704.0 
24420.2  24705.0 
24420.2  24706.0 
24420.2  24707.0 
24420.2  24708.0 
24420.2  24709.0 
24420.2  24710.0 
24420.2  24711.0 
24420.2  24712.0 
24420.2  24713.0 
24420.2  24714.0 
24420.2  24715.0 
24420.2  24716.0 
24420.2  24717.0 
24420.2  24718.0 
24420.2  24719.0 
24420.2  24720.0 
24420.2  24721.0 
24420.2  24722.0 
24420.2  24723.0 
24420.2  24724.0 
24420.2  24725.0 
24420.2  24726.0 
24420.2  24727.0 
24420.2  24728.0 
24420.2  24729.0 
24420.2  24730.0 
24420.2  24731.0 
24420.2  24732.0 
24420.2  24733.0 
24420.2  24734.0 
24420.2  24735.0 
24420.2  24736.0 
24420.2  24737.0 
24420.2  24738.0 
24420.2  24739.0 
24420.2  24740.0 
24420.2  24741.0 
24420.2  24742.0 
24420.2  24743.0 
24420.2  24744.0 
24420.2  24745.0 
24420.2  24746.0 
24420.2  24747.0 
24420.2  24748.0 
24420.2  24749.0 
24420.2  24750.1 
24420.2  24751.0 
24420.2  24752.0 
24420.2  24753.0 
24420.2  24754.0 
24420.2  24755.0 
24420.2  24756.0 
24420.2  24757.0 
24420.2  24758.0 
24420.2  24759.0 
24420.2  24760.0 
24420.2  24761.0 
24420.2  24762.0 
24420.2  24763.0 
24420.2  24764.0 
24420.2  24765.24 
24420.2  24766.24 
24420.2  24767.0 
24420.2  24768.0 
24420.2  24769.0 
24420.2  24770.0 
24420.2  24771.0 
24420.2  24772.0 
24420.2  24773.0 
24420.2  24774.0 
24420.2  24775.0 
24420.2  24776.0 
24420.2  24777.0 
24420.2  24778.0 
24420.2  24779.0 
24420.3  24780.0 
24420.3  24781.0 
24420.3  24782.0 
24420.3  24783.0 
24420.3  24784.0 
24420.3  24785.0 
24420.3  24786.0 
24420.3  24787.0 
24420.3  24788.2 
24420.3  24789.0 
24420.3  24790.0 
24420.3  24791.0 
24420.3  24792.0 
24420.3  24793.0 
24420.3  24794.0 
24420.4  24795.0 
24420.4  24796.0 
24420.4  24797.0 
24420.4  24798.0 
24420.4  24399.1 
24420.5  24799.0 
24420.5  24800.0 
24420.5  24801.0 
24420.5  24802.0 
24420.5  24803.0 
24420.5  24804.1 
24420.5  24805.0 
24420.5  24806.48 
24420.5  24807.48 
24420.5  24808.0 
24420.5  24809.0 
24420.6  24810.0 
24420.6  24811.0 
24420.6  24812.0 
24420.6  24813.0 
24420.6  24814.0 
24420.6  24815.0 
24420.6  24408.0 
24420.6  24405.0 
24420.6  24816.0 
24420.6  24817.3 
24420.6  24818.0 
24420.6  24819.0 
24420.6  24820.0 
24420.6  24821.0 
24420.6  24822.0 
24420.6  24823.0 
24420.6  24824.0 
24420.6  24825.0 
24420.6  24826.24 
24420.6  24827.0 
24420.6  24828.0 
24420.7  24829.0 
24420.7  24830.0 
24420.7  24831.58 
24420.7  24832.0 
24420.7  24833.0 
24420.7  24834.1 
24420.7  24835.0 
24420.7  24836.0 
24420.7  24837.0 
24420.7  24838.0 
24420.7  24839.0 
24420.8  24840.0 
24420.8  24841.0 
24420.8  24842.0 
24420.8  24843.0 
24420.8  24844.0 
24420.9  24845.0 
24420.10  24846.0 
24420.10  24847.0 
24420.10  24848.0 
24420.10  24788.6 
24420.11  24849.0 
24421.1  24851.0 
24421.1  24403.0 
24421.1  24416.0 
24421.1  24407.0 
24421.1  24406.0 
24421.1  24412.0 
24421.1  24417.0 
24421.1  24418.0 
24421.1  24852.1 
24421.1  24853.1 
24421.1  24854.1 
24422.0  23364.0 
24423.0  23365.0 
24424.0  23366.0 
24425.0  23367.0 
24426.0  23368.0 
24427.0  23369.0 
24428.0  23370.0 
24429.0  23371.0 
24430.0  23372.0 
24431.0  23373.0 
24432.0  23374.0 
24433.0  23375.0 
24434.0  23376.0 
24435.0  23377.0 
24436.0  23378.0 
24437.0  23379.0 
24438.0  23380.0 
24439.0  23381.0 
24440.0  23382.0 
24441.0  23383.0 
24442.0  23384.0 
24443.0  23385.0 
24444.0  23386.0 
24445.0  23387.0 
24446.0  23388.0 
24447.0  23389.0 
24448.0  23390.0 
24449.0  23391.0 
24450.0  23392.0 
24451.0  23393.0 
24452.0  23394.0 
24453.0  23395.0 
24454.0  23396.0 
24455.0  23397.0 
24456.0  23398.0 
24457.0  23399.0 
24458.0  23400.0 
24459.0  23401.0 
24460.0  23402.0 
24461.0  23403.0 
24462.0  23404.0 
24463.0  23405.0 
24464.0  23406.0 
24465.0  23407.0 
24466.0  23408.0 
24467.0  23409.0 
24468.0  23410.0 
24469.0  23411.0 
24470.0  23412.0 
24471.0  23413.0 
24472.0  23414.0 
24473.0  23415.0 
24474.0  23416.0 
24475.0  23417.0 
24476.0  23418.0 
24477.0  23419.0 
24478.0  23420.0 
24479.0  23421.0 
24480.0  23422.0 
24481.0  23423.0 
24482.0  23424.0 
24483.0  23425.0 
24484.0  23426.0 
24485.0  23427.0 
24486.0  23428.0 
24487.0  23429.0 
24488.0  23430.0 
24489.0  23431.0 
24490.0  23432.0 
24491.0  23433.0 
24492.0  23434.0 
24493.0  23435.0 
24494.0  23436.0 
24495.0  23437.0 
24496.0  23438.0 
24497.0  23439.0 
24498.0  23440.0 
24499.0  23441.0 
24500.0  23442.0 
24501.0  23443.0 
24502.0  23444.0 
24503.0  23445.0 
24504.0  23446.0 
24505.0  23447.0 
24506.0  23448.0 
24507.0  23449.0 
24508.0  23450.0 
24509.0  23451.0 
24510.0  23452.0 
24511.0  23453.0 
24512.0  23454.0 
24513.0  23455.0 
24514.0  23456.0 
24515.0  23457.0 
24516.0  23458.0 
24517.0  23459.0 
24518.0  23460.0 
24519.0  23461.0 
24520.0  23462.0 
24521.0  23463.0 
24522.0  23464.0 
24523.0  23465.0 
24524.0  23466.0 
24525.0  23467.0 
24526.0  23468.0 
24527.0  23469.0 
24528.0  23470.0 
24529.0  23471.0 
24530.0  23472.0 
24531.0  23473.0 
24532.0  23474.0 
24533.0  23475.0 
24534.0  23476.0 
24535.0  23477.0 
24536.0  23478.0 
24537.0  23479.0 
24538.0  23480.0 
24539.0  23481.0 
24540.0  23482.0 
24541.0  23483.0 
24542.0  23484.0 
24543.0  23485.0 
24544.0  23486.0 
24545.0  23487.0 
24546.0  23488.0 
24547.0  23489.0 
24548.0  23490.0 
24549.0  23491.0 
24550.0  23492.0 
24551.0  23493.0 
24552.0  23494.0 
24553.0  23495.0 
24554.0  23496.0 
24555.0  23497.0 
24556.0  23498.0 
24557.0  23499.0 
24558.0  23500.0 
24559.0  23501.0 
24560.0  23502.0 
24561.0  23503.0 
24562.0  23504.0 
24563.0  23505.0 
24564.0  23506.0 
24565.0  23507.0 
24566.0  23508.0 
24567.0  23509.0 
24568.0  23510.0 
24569.0  23511.0 
24570.0  23512.0 
24571.0  23513.0 
24572.0  23514.0 
24573.0  23515.0 
24574.0  23516.0 
24575.0  23517.0 
24576.0  23518.0 
24577.0  23519.0 
24578.0  23520.0 
24579.0  23521.0 
24580.0  23522.0 
24581.0  23523.0 
24582.0  23524.0 
24583.0  23525.0 
24584.0  23526.0 
24585.1  24855.14 
24586.0  23528.0 
24587.0  23529.0 
24588.0  23530.0 
24589.0  23531.0 
24590.0  23532.0 
24591.0  23533.0 
24592.0  23534.0 
24593.0  23535.0 
24594.0  23536.0 
24595.0  23537.0 
24596.0  23538.0 
24597.0  23539.0 
24598.0  23540.0 
24599.0  23541.0 
24600.0  23542.0 
24601.0  23543.0 
24602.0  23544.0 
24603.0  23545.0 
24604.0  23546.0 
24605.0  23547.0 
24606.0  23548.0 
24607.0  23549.0 
24608.0  23550.0 
24609.0  23551.0 
24610.0  23552.0 
24611.0  23553.0 
24612.0  23554.0 
24613.0  23555.0 
24614.0  23556.0 
24615.0  23557.0 
24616.0  23558.0 
24617.0  23559.0 
24618.0  23560.0 
24619.0  23561.0 
24620.0  23562.0 
24621.0  23563.0 
24622.0  23564.0 
24623.0  23565.0 
24624.0  23566.0 
24625.0  23567.0 
24626.0  23568.0 
24627.0  23569.0 
24628.0  23570.0 
24629.0  23571.0 
24630.0  23572.0 
24631.0  23573.0 
24632.0  23574.0 
24633.0  23575.0 
24635.0  23577.0 
24636.0  23578.0 
24637.0  23579.0 
24638.0  23580.0 
24639.0  23581.0 
24640.0  23582.0 
24641.0  23583.0 
24642.0  23584.0 
24643.0  23585.0 
24644.0  23586.0 
24645.0  23587.0 
24646.0  23588.0 
24647.0  23589.0 
24648.0  23590.0 
24649.0  23591.0 
24650.0  23592.0 
24651.0  23593.0 
24652.0  23594.0 
24653.0  23595.0 
24654.0  23596.0 
24655.0  23597.0 
24656.0  23598.0 
24657.0  23599.0 
24658.0  23600.0 
24659.0  23601.0 
24660.0  23602.0 
24661.0  23603.0 
24662.0  23604.0 
24663.0  23605.0 
24664.0  23606.0 
24665.0  23607.0 
24666.0  23608.0 
24667.0  23609.0 
24668.0  23610.0 
24669.0  23611.0 
24670.0  23612.0 
24671.0  23613.0 
24672.0  23614.0 
24673.0  23615.0 
24674.0  23616.0 
24675.0  23617.0 
24676.0  23618.0 
24677.0  23619.0 
24678.0  23620.0 
24679.0  23621.0 
24680.0  23622.0 
24681.0  23623.0 
24682.0  23624.0 
24683.0  23625.0 
24684.0  23626.0 
24685.0  23627.0 
24686.0  23628.0 
24687.0  23629.0 
24688.0  23630.0 
24689.0  23631.0 
24690.0  23632.0 
24691.0  23633.0 
24692.0  23634.0 
24693.0  23635.0 
24694.0  23636.0 
24695.0  23637.0 
24696.0  23638.0 
24697.0  23639.0 
24698.0  23640.0 
24699.0  23641.0 
24700.0  23642.0 
24701.0  23643.0 
24702.0  23644.0 
24703.0  23645.0 
24704.0  23646.0 
24705.0  23647.0 
24706.0  23648.0 
24707.0  23649.0 
24708.0  23650.0 
24709.0  23651.0 
24710.0  23652.0 
24711.0  23653.0 
24712.0  23654.0 
24713.0  23655.0 
24714.0  23656.0 
24715.0  23657.0 
24716.0  23658.0 
24717.0  23659.0 
24718.0  23660.0 
24719.0  23661.0 
24720.0  23662.0 
24721.0  23663.0 
24722.0  23664.0 
24723.0  23665.0 
24724.0  23666.0 
24725.0  23667.0 
24726.0  23668.0 
24727.0  23669.0 
24728.0  23670.0 
24729.0  23671.0 
24730.0  23672.0 
24731.0  23673.0 
24732.0  23674.0 
24733.0  23675.0 
24734.0  23676.0 
24735.0  23677.0 
24736.0  23678.0 
24737.0  23679.0 
24738.0  23680.0 
24739.0  23681.0 
24740.0  23682.0 
24741.0  23683.0 
24742.0  23684.0 
24743.0  23685.0 
24744.0  23686.0 
24745.0  23687.0 
24746.0  23688.0 
24747.0  23689.0 
24748.0  23690.0 
24749.0  23691.0 
24750.1  24855.12 
24751.0  23693.0 
24752.0  23694.0 
24753.0  23695.0 
24754.0  23696.0 
24755.0  23697.0 
24756.0  23698.0 
24757.0  23699.0 
24758.0  23700.0 
24759.0  23701.0 
24760.0  23702.0 
24761.0  23703.0 
24762.0  23704.0 
24763.0  23705.0 
24764.0  23706.0 
24765.24  24855.13 
24765.24  23707.24 
24766.24  24855.13 
24766.24  23708.24 
24767.0  23709.0 
24768.0  23710.0 
24769.0  23711.0 
24770.0  23712.0 
24771.0  23713.0 
24772.0  23714.0 
24773.0  23715.0 
24774.0  23716.0 
24775.0  23717.0 
24776.0  23718.0 
24777.0  23719.0 
24778.0  23720.0 
24779.0  23721.0 
24780.0  23722.0 
24781.0  23723.0 
24782.0  23724.0 
24783.0  23725.0 
24784.0  23726.0 
24785.0  23727.0 
24786.0  23728.0 
24787.0  23729.0 
24788.1  24420.1 
24788.2  24420.2 
24788.3  24420.3 
24788.4  24420.4 
24788.5  24420.8 
24788.6  24420.9 
24788.7  24420.10 
24789.0  23731.0 
24790.0  23732.0 
24791.0  23733.0 
24792.0  23734.0 
24793.0  23735.0 
24794.0  23736.0 
24795.0  23737.0 
24796.0  23738.0 
24797.0  23739.0 
24798.0  23740.0 
24799.0  23741.0 
24800.0  23742.0 
24801.0  23743.0 
24802.0  23744.0 
24803.0  23745.0 
24804.1  24855.14 
24805.0  23747.0 
24806.48  24855.14 
24806.48  23748.48 
24806.49  24420.5 
24807.48  24855.14 
24807.48  23749.48 
24807.49  24420.7 
24808.0  23750.0 
24809.0  23751.0 
24810.0  23752.0 
24811.0  23753.0 
24812.0  23754.0 
24813.0  23755.0 
24814.0  23756.0 
24815.0  23757.0 
24816.0  23758.0 
24817.1  24856.1 
24817.2  24857.1 
24817.3  24858.1 
24818.0  23760.0 
24819.0  23761.0 
24820.0  23762.0 
24821.0  23763.0 
24822.0  23764.0 
24823.0  23765.0 
24824.0  23766.0 
24825.0  23767.0 
24826.24  23768.24 
24826.25  24420.6 
24827.0  23769.0 
24828.0  23770.0 
24829.0  23771.0 
24830.0  23772.0 
24831.58  24855.13 
24831.58  23773.58 
24832.0  23774.0 
24834.1  24859.1 
24835.0  23777.0 
24836.0  23778.0 
24838.0  23780.0 
24839.0  23781.0 
24840.0  23782.0 
24841.0  23783.0 
24842.0  23784.0 
24843.0  23785.0 
24844.0  23786.0 
24845.0  5863.0 
24846.0  23787.0 
24847.0  23788.0 
24848.0  23789.0 
24849.0  23791.0 
24850.1  24861.0 
24850.1  24403.0 
24850.1  24416.0 
24850.1  24407.0 
24850.1  24406.0 
24850.1  24412.0 
24850.1  24417.0 
24850.1  24418.0 
24850.1  24862.1 
24850.1  24863.1 
24850.1  24864.1 
24850.1  24865.1 
24850.1  24866.1 
24851.0  23793.0 
24852.1  24867.1 
24853.1  24868.1 
24854.1  24869.1 
24855.15  23730.8 
24855.15  23362.15 
24856.1  24870.0 
24856.1  24403.0 
24856.1  24871.0 
24856.1  24872.0 
24856.1  24406.0 
24856.1  24873.0 
24856.1  24404.0 
24856.1  24874.0 
24856.1  24407.0 
24856.1  24409.0 
24856.1  24875.0 
24856.1  24412.0 
24856.1  24876.2 
24857.1  24878.0 
24857.1  24403.0 
24857.1  24871.0 
24857.1  24872.0 
24857.1  24404.0 
24857.1  24406.0 
24857.1  24873.0 
24857.1  24407.0 
24857.1  24874.0 
24857.1  24409.0 
24857.1  24879.0 
24857.1  24412.0 
24857.1  24817.1 
24858.1  24880.0 
24858.1  24403.0 
24858.1  24406.0 
24858.1  24817.2 
24859.1  24882.0 
24859.1  24403.0 
24859.1  24883.0 
24859.1  24406.0 
24859.1  24412.0 
24859.1  24418.0 
24859.1  24463.0 
24859.1  24884.1 
24859.1  24884.2 
24859.1  24884.3 
24859.1  24884.4 
24859.1  24884.5 
24859.1  24884.6 
24859.1  24884.7 
24860.1  24415.0 
24860.1  24403.0 
24860.1  24406.0 
24861.0  23804.0 
24862.1  24885.1 
24863.1  24886.1 
24864.1  24887.1 
24865.1  24888.1 
24866.1  24889.1 
24867.1  24890.0 
24867.1  24403.0 
24867.1  24406.0 
24867.1  24412.0 
24868.1  24891.0 
24868.1  24403.0 
24868.1  24406.0 
24868.1  24412.0 
24869.1  24893.0 
24869.1  24403.0 
24869.1  24406.0 
24870.0  23826.0 
24871.0  23827.0 
24872.0  23828.0 
24873.0  23829.0 
24874.0  23830.0 
24876.1  24894.1 
24876.2  24895.1 
24877.1  24897.0 
24877.1  24403.0 
24877.1  24416.0 
24877.1  24407.0 
24877.1  24406.0 
24877.1  24412.0 
24877.1  24417.0 
24877.1  24418.0 
24877.1  24468.0 
24877.1  24469.0 
24877.1  24470.0 
24877.1  24898.1 
24877.1  24899.1 
24877.2  24900.1 
24877.3  24901.1 
24878.0  23834.0 
24880.0  23836.0 
24881.1  24902.0 
24881.1  24403.0 
24881.1  24416.0 
24881.1  24407.0 
24881.1  24406.0 
24881.1  24412.0 
24881.1  24417.0 
24881.1  24418.0 
24882.0  23838.0 
24883.0  23839.0 
24884.1  24903.1 
24884.2  24903.2 
24884.3  24903.3 
24884.4  24903.4 
24884.5  24903.5 
24884.6  24903.6 
24884.7  24903.7 
24885.1  24891.0 
24885.1  24403.0 
24885.1  24406.0 
24885.1  24412.0 
24886.1  24890.0 
24886.1  24403.0 
24886.1  24406.0 
24886.1  24412.0 
24887.1  24904.0 
24887.1  24403.0 
24887.1  24406.0 
24887.1  24412.0 
24888.1  24904.0 
24888.1  24403.0 
24888.1  24406.0 
24888.1  24412.0 
24889.1  24904.0 
24889.1  24403.0 
24889.1  24406.0 
24889.1  24412.0 
24890.0  23846.0 
24891.0  23847.0 
24893.0  23849.0 
24894.1  24870.0 
24894.1  24403.0 
24894.1  24871.0 
24894.1  24872.0 
24894.1  24406.0 
24894.1  24873.0 
24894.1  24404.0 
24894.1  24874.0 
24894.1  24407.0 
24894.1  24409.0 
24894.1  24906.0 
24894.1  24412.0 
24894.1  24907.1 
24895.1  24878.0 
24895.1  24403.0 
24895.1  24871.0 
24895.1  24872.0 
24895.1  24404.0 
24895.1  24406.0 
24895.1  24873.0 
24895.1  24407.0 
24895.1  24874.0 
24895.1  24409.0 
24895.1  24909.0 
24895.1  24412.0 
24895.1  24876.1 
24896.1  24878.0 
24896.1  24403.0 
24896.1  24871.0 
24896.1  24872.0 
24896.1  24404.0 
24896.1  24406.0 
24896.1  24873.0 
24896.1  24407.0 
24896.1  24874.0 
24896.1  24409.0 
24896.1  24910.0 
24896.1  24412.0 
24897.0  23861.0 
24898.1  24911.0 
24899.1  24912.1 
24900.1  24913.1 
24901.1  24914.1 
24902.0  23866.0 
24903.1  24915.0 
24903.1  24403.0 
24903.1  24916.0 
24903.1  24407.0 
24903.1  24406.0 
24903.1  24917.0 
24903.1  24412.0 
24903.1  24918.0 
24903.1  24919.0 
24903.1  24417.0 
24903.1  24920.0 
24903.1  24921.0 
24903.1  24922.0 
24903.1  24418.0 
24903.1  24923.0 
24903.1  24924.0 
24903.1  24925.0 
24903.1  24926.0 
24903.1  24927.0 
24903.1  24928.0 
24903.1  24929.0 
24903.1  24930.0 
24903.1  24931.0 
24903.1  24932.0 
24903.1  24933.0 
24903.1  24934.0 
24903.1  24935.0 
24903.1  24936.0 
24903.1  24937.0 
24903.1  24938.0 
24903.1  24939.0 
24903.1  24940.0 
24903.1  24941.0 
24903.1  24942.0 
24903.1  24943.0 
24903.1  24944.0 
24903.1  24945.0 
24903.1  24946.0 
24903.1  24947.0 
24903.1  24948.0 
24903.1  24949.0 
24903.1  24950.0 
24903.1  24951.0 
24903.1  24952.0 
24903.1  24953.0 
24903.1  24954.0 
24903.1  24955.0 
24903.1  24956.0 
24903.1  24957.0 
24903.1  24958.0 
24903.1  24959.0 
24903.1  24960.0 
24903.1  24961.0 
24903.1  24962.0 
24903.1  24963.0 
24903.1  24964.0 
24903.1  24965.0 
24903.1  24966.0 
24903.1  24967.0 
24903.1  24968.0 
24903.1  24969.0 
24903.1  24970.0 
24903.1  24971.0 
24903.1  24972.0 
24903.1  24973.0 
24903.1  24974.0 
24903.1  24975.0 
24903.1  24976.0 
24903.1  24977.0 
24903.1  24978.0 
24903.1  24979.0 
24903.1  24980.0 
24903.1  24981.0 
24903.1  24982.0 
24903.1  24983.0 
24903.1  24984.0 
24903.1  24985.0 
24903.1  24986.0 
24903.1  24987.0 
24903.1  24988.0 
24903.1  24989.0 
24903.1  24990.0 
24903.1  24991.0 
24903.1  24992.0 
24903.1  24993.0 
24903.1  24994.0 
24903.2  24995.0 
24903.2  24996.0 
24903.2  24997.0 
24903.2  24998.0 
24903.2  24999.0 
24903.2  25000.0 
24903.2  25001.0 
24903.2  25002.0 
24903.2  25003.0 
24903.2  25004.0 
24903.2  25005.0 
24903.2  25006.0 
24903.2  25007.0 
24903.2  25008.0 
24903.2  25009.0 
24903.2  25010.0 
24903.2  25011.0 
24903.2  25012.0 
24903.2  25013.0 
24903.2  25014.0 
24903.2  25015.0 
24903.2  25016.0 
24903.2  25017.0 
24903.2  25018.0 
24903.2  25019.0 
24903.2  25020.0 
24903.2  25021.0 
24903.2  25022.0 
24903.2  25023.0 
24903.2  25024.0 
24903.2  25025.0 
24903.2  25026.0 
24903.2  25027.0 
24903.2  25028.0 
24903.2  25029.0 
24903.2  25030.0 
24903.2  25031.0 
24903.2  25032.0 
24903.2  25033.0 
24903.2  25034.0 
24903.2  25035.0 
24903.2  25036.0 
24903.2  25037.0 
24903.2  25038.0 
24903.2  25039.0 
24903.2  25040.0 
24903.2  25041.0 
24903.2  25042.0 
24903.2  25043.0 
24903.2  25044.0 
24903.2  25045.0 
24903.2  25046.0 
24903.2  25047.0 
24903.2  25048.0 
24903.2  25049.0 
24903.2  25050.0 
24903.2  25051.0 
24903.2  25052.0 
24903.2  25053.0 
24903.2  25054.0 
24903.2  25055.0 
24903.2  25056.0 
24903.2  25057.0 
24903.2  25058.0 
24903.2  25059.0 
24903.2  25060.0 
24903.2  25061.0 
24903.2  25062.0 
24903.2  25063.0 
24903.2  25064.0 
24903.2  25065.0 
24903.2  25066.0 
24903.2  25067.0 
24903.2  25068.0 
24903.2  25069.0 
24903.2  25070.0 
24903.2  25071.0 
24903.2  25072.0 
24903.2  25073.0 
24903.2  25074.0 
24903.2  25075.0 
24903.2  25076.0 
24903.2  25077.0 
24903.2  25078.0 
24903.3  25079.0 
24903.3  25080.0 
24903.3  25081.0 
24903.3  25082.0 
24903.3  25083.0 
24903.3  25084.0 
24903.3  25085.0 
24903.3  25086.0 
24903.3  25087.0 
24903.3  25088.0 
24903.3  25089.0 
24903.3  25090.0 
24903.3  25091.0 
24903.3  25092.0 
24903.3  25093.0 
24903.3  25094.0 
24903.3  25095.0 
24903.3  25096.0 
24903.3  25097.0 
24903.3  25098.0 
24903.3  25099.0 
24903.3  25100.0 
24903.3  25101.0 
24903.3  25102.0 
24903.3  25103.0 
24903.3  25104.0 
24903.3  25105.0 
24903.3  25106.0 
24903.3  25107.0 
24903.3  25108.0 
24903.3  25109.0 
24903.3  25110.0 
24903.3  25111.0 
24903.3  25112.0 
24903.3  25113.0 
24903.3  25114.0 
24903.3  25115.0 
24903.3  25116.0 
24903.3  25117.0 
24903.3  25118.0 
24903.3  25119.0 
24903.3  25120.0 
24903.3  25121.0 
24903.3  25122.0 
24903.3  25123.0 
24903.3  25124.0 
24903.3  25125.0 
24903.3  25126.0 
24903.3  25127.0 
24903.3  25128.0 
24903.3  25129.0 
24903.3  25130.0 
24903.3  25131.0 
24903.3  25132.0 
24903.3  25133.0 
24903.3  25134.0 
24903.3  25135.0 
24903.3  25136.0 
24903.3  25137.0 
24903.3  25138.0 
24903.3  25139.0 
24903.3  25140.0 
24903.3  25141.0 
24903.3  25142.0 
24903.3  25143.0 
24903.3  25144.0 
24903.3  25145.0 
24903.3  25146.0 
24903.3  25147.0 
24903.3  25148.0 
24903.4  25149.0 
24903.4  25150.0 
24903.4  25151.0 
24903.4  25152.0 
24903.4  25153.0 
24903.4  25154.0 
24903.4  25155.0 
24903.4  25156.0 
24903.4  25157.0 
24903.4  25158.0 
24903.4  25159.0 
24903.4  25160.0 
24903.4  25161.0 
24903.4  25162.0 
24903.4  25163.0 
24903.4  25164.0 
24903.4  25165.0 
24903.4  25166.0 
24903.4  25167.0 
24903.4  25168.0 
24903.4  25169.0 
24903.4  25170.0 
24903.4  25171.0 
24903.4  25172.0 
24903.4  25173.0 
24903.4  25174.0 
24903.4  25175.0 
24903.4  25176.0 
24903.4  25177.0 
24903.4  25178.0 
24903.4  25179.0 
24903.4  25180.0 
24903.4  25181.0 
24903.4  25182.0 
24903.4  25183.0 
24903.4  25184.0 
24903.4  25185.0 
24903.4  25186.0 
24903.4  25187.0 
24903.5  25188.0 
24903.5  25189.0 
24903.5  25190.0 
24903.5  25191.0 
24903.5  25192.0 
24903.5  25193.0 
24903.5  25194.0 
24903.5  25195.0 
24903.5  25196.0 
24903.5  25197.0 
24903.5  25198.0 
24903.5  25199.0 
24903.5  25200.0 
24903.5  25201.0 
24903.5  25202.0 
24903.5  25203.0 
24903.5  25204.0 
24903.5  25205.0 
24903.5  25206.0 
24903.5  25207.0 
24903.5  25208.0 
24903.5  25209.0 
24903.5  25210.0 
24903.5  25211.0 
24903.5  25212.0 
24903.5  25213.0 
24903.5  25214.0 
24903.5  25215.0 
24903.5  25216.0 
24903.5  25217.0 
24903.5  25218.0 
24903.5  25219.0 
24903.5  25220.0 
24903.5  25221.0 
24903.5  25222.0 
24903.5  25223.0 
24903.5  25224.0 
24903.5  25225.0 
24903.5  25226.0 
24903.5  25227.0 
24903.5  25228.0 
24903.5  25229.0 
24903.5  25230.0 
24903.5  25231.0 
24903.5  25232.0 
24903.5  25233.0 
24903.5  25234.0 
24903.5  25235.0 
24903.6  25236.0 
24903.6  25237.0 
24903.6  25238.0 
24903.6  25239.0 
24903.6  25240.0 
24903.6  25241.0 
24903.6  25242.0 
24903.6  25243.0 
24903.6  25244.0 
24903.6  25245.0 
24903.6  25246.0 
24903.6  25247.0 
24903.6  25248.0 
24903.6  25249.0 
24903.6  25250.0 
24903.6  25251.0 
24903.6  25252.0 
24903.6  25253.0 
24903.6  25254.0 
24903.6  25255.0 
24903.6  25256.0 
24903.6  25257.0 
24903.6  25258.0 
24903.6  25259.0 
24903.6  25260.0 
24903.6  25261.0 
24903.6  25262.0 
24903.6  25263.0 
24903.6  25264.0 
24903.6  25265.0 
24903.7  25266.0 
24903.7  25267.0 
24903.7  25268.0 
24903.7  25269.0 
24903.7  25270.0 
24903.7  25271.0 
24903.7  25272.0 
24903.7  25273.0 
24903.7  25274.0 
24903.7  25275.0 
24903.7  25276.0 
24903.7  25277.0 
24903.7  25278.0 
24903.7  25279.0 
24903.7  25280.0 
24903.7  25281.0 
24903.7  25282.0 
24903.7  25283.0 
24903.7  25284.0 
24903.7  25285.0 
24903.7  25286.0 
24903.7  25287.0 
24903.7  25288.0 
24903.7  25289.0 
24903.7  25290.0 
24903.7  25291.0 
24903.7  25292.0 
24903.7  25293.0 
24903.7  25294.0 
24903.7  25295.0 
24903.7  25296.0 
24903.7  25297.0 
24903.7  25298.0 
24903.7  25299.0 
24903.7  25300.0 
24903.7  25301.0 
24903.7  25302.0 
24903.7  25303.0 
24903.7  25304.0 
24903.7  25305.0 
24903.7  25306.0 
24903.7  25307.0 
24903.7  25308.0 
24903.7  25309.0 
24903.7  25310.0 
24903.7  25311.0 
24903.7  25312.0 
24904.0  23868.0 
24905.1  24307.0 
24905.1  23345.0 
24905.1  23358.0 
24905.1  23349.0 
24905.1  23348.0 
24905.1  23354.0 
24905.1  23359.0 
24905.1  23360.0 
24905.1  23410.0 
24905.1  23411.0 
24905.1  23412.0 
24905.1  25314.1 
24905.1  25315.1 
24905.1  23405.0 
24905.1  23417.0 
24905.1  25316.1 
24907.1  25317.1 
24908.1  23356.1 
24912.1  25319.0 
24912.1  24403.0 
24912.1  24406.0 
24912.1  24412.0 
24912.1  24418.0 
24912.1  25320.1 
24913.1  25319.0 
24913.1  24403.0 
24913.1  24406.0 
24913.1  24412.0 
24913.1  24418.0 
24913.1  25322.1 
24914.1  25319.0 
24914.1  24403.0 
24914.1  24406.0 
24914.1  24412.0 
24914.1  24418.0 
24914.1  25324.1 
24915.0  23894.0 
24916.0  23895.0 
24917.0  23896.0 
24919.0  23898.0 
24920.0  23899.0 
24921.0  23900.0 
24922.0  23901.0 
24923.0  23902.0 
24924.0  23903.0 
24925.0  23904.0 
24926.0  23905.0 
24927.0  23906.0 
24928.0  23907.0 
24929.0  23908.0 
24930.0  23909.0 
24931.0  23910.0 
24932.0  23911.0 
24933.0  23912.0 
24934.0  23913.0 
24935.0  23914.0 
24936.0  23915.0 
24937.0  23916.0 
24938.0  23917.0 
24939.0  23918.0 
24940.0  23919.0 
24941.0  23920.0 
24942.0  23921.0 
24943.0  23922.0 
24944.0  23923.0 
24945.0  23924.0 
24946.0  23925.0 
24947.0  23926.0 
24948.0  23927.0 
24949.0  23928.0 
24950.0  23929.0 
24951.0  23930.0 
24952.0  23931.0 
24953.0  23932.0 
24954.0  23933.0 
24955.0  23934.0 
24956.0  23935.0 
24957.0  23936.0 
24958.0  23937.0 
24959.0  23938.0 
24960.0  23939.0 
24961.0  23940.0 
24962.0  23941.0 
24963.0  23942.0 
24964.0  23943.0 
24965.0  23944.0 
24966.0  23945.0 
24967.0  23946.0 
24968.0  23947.0 
24969.0  23948.0 
24970.0  23949.0 
24971.0  23950.0 
24972.0  23951.0 
24973.0  23952.0 
24974.0  23953.0 
24975.0  23954.0 
24976.0  23955.0 
24977.0  23956.0 
24978.0  23957.0 
24979.0  23958.0 
24980.0  23959.0 
24981.0  23960.0 
24982.0  23961.0 
24983.0  23962.0 
24984.0  23963.0 
24985.0  23964.0 
24986.0  23965.0 
24987.0  23966.0 
24988.0  23967.0 
24989.0  23968.0 
24990.0  23969.0 
24991.0  23970.0 
24992.0  23971.0 
24993.0  23972.0 
24994.0  23973.0 
24995.0  23974.0 
24996.0  23975.0 
24997.0  23976.0 
24998.0  23977.0 
24999.0  23978.0 
25000.0  23979.0 
25001.0  23980.0 
25002.0  23981.0 
25003.0  23982.0 
25004.0  23983.0 
25005.0  23984.0 
25006.0  23985.0 
25007.0  23986.0 
25008.0  23987.0 
25009.0  23988.0 
25010.0  23989.0 
25011.0  23990.0 
25012.0  23991.0 
25013.0  23992.0 
25014.0  23993.0 
25015.0  23994.0 
25016.0  23995.0 
25017.0  23996.0 
25018.0  23997.0 
25019.0  23998.0 
25020.0  23999.0 
25021.0  24000.0 
25022.0  24001.0 
25023.0  24002.0 
25024.0  24003.0 
25025.0  24004.0 
25026.0  24005.0 
25027.0  24006.0 
25028.0  24007.0 
25029.0  24008.0 
25030.0  24009.0 
25031.0  24010.0 
25032.0  24011.0 
25033.0  24012.0 
25034.0  24013.0 
25035.0  24014.0 
25036.0  24015.0 
25037.0  24016.0 
25038.0  24017.0 
25039.0  24018.0 
25040.0  24019.0 
25041.0  24020.0 
25042.0  24021.0 
25043.0  24022.0 
25044.0  24023.0 
25045.0  24024.0 
25046.0  24025.0 
25047.0  24026.0 
25048.0  24027.0 
25049.0  24028.0 
25050.0  24029.0 
25051.0  24030.0 
25052.0  24031.0 
25053.0  24032.0 
25054.0  24033.0 
25055.0  24034.0 
25056.0  24035.0 
25057.0  24036.0 
25058.0  24037.0 
25059.0  24038.0 
25060.0  24039.0 
25061.0  24040.0 
25062.0  24041.0 
25063.0  24042.0 
25064.0  24043.0 
25065.0  24044.0 
25066.0  24045.0 
25067.0  24046.0 
25068.0  24047.0 
25069.0  24048.0 
25070.0  24049.0 
25071.0  24050.0 
25072.0  24051.0 
25073.0  24052.0 
25074.0  24053.0 
25075.0  24054.0 
25076.0  24055.0 
25077.0  24056.0 
25078.0  24057.0 
25079.0  24058.0 
25080.0  24059.0 
25081.0  24060.0 
25082.0  24061.0 
25083.0  24062.0 
25084.0  24063.0 
25085.0  24064.0 
25086.0  24065.0 
25087.0  24066.0 
25088.0  24067.0 
25089.0  24068.0 
25090.0  24069.0 
25091.0  24070.0 
25092.0  24071.0 
25093.0  24072.0 
25094.0  24073.0 
25095.0  24074.0 
25096.0  24075.0 
25097.0  24076.0 
25098.0  24077.0 
25099.0  24078.0 
25100.0  24079.0 
25101.0  24080.0 
25102.0  24081.0 
25103.0  24082.0 
25104.0  24083.0 
25105.0  24084.0 
25106.0  24085.0 
25107.0  24086.0 
25108.0  24087.0 
25109.0  24088.0 
25110.0  24089.0 
25111.0  24090.0 
25113.0  24092.0 
25114.0  24093.0 
25115.0  24094.0 
25116.0  24095.0 
25117.0  24096.0 
25118.0  24097.0 
25119.0  24098.0 
25120.0  24099.0 
25121.0  24100.0 
25122.0  24101.0 
25123.0  24102.0 
25124.0  24103.0 
25125.0  24104.0 
25126.0  24105.0 
25127.0  24106.0 
25128.0  24107.0 
25129.0  24108.0 
25130.0  24109.0 
25131.0  24110.0 
25132.0  24111.0 
25133.0  24112.0 
25134.0  24113.0 
25135.0  24114.0 
25136.0  24115.0 
25137.0  24116.0 
25138.0  24117.0 
25139.0  24118.0 
25140.0  24119.0 
25141.0  24120.0 
25142.0  24121.0 
25143.0  24122.0 
25144.0  24123.0 
25145.0  24124.0 
25146.0  24125.0 
25147.0  24126.0 
25148.0  24127.0 
25149.0  24128.0 
25150.0  24129.0 
25151.0  24130.0 
25152.0  24131.0 
25153.0  24132.0 
25154.0  24133.0 
25155.0  24134.0 
25156.0  24135.0 
25157.0  24136.0 
25158.0  24137.0 
25159.0  24138.0 
25160.0  24139.0 
25161.0  24140.0 
25162.0  24141.0 
25163.0  24142.0 
25164.0  24143.0 
25165.0  24144.0 
25166.0  24145.0 
25167.0  24146.0 
25168.0  24147.0 
25169.0  24148.0 
25170.0  24149.0 
25171.0  24150.0 
25172.0  24151.0 
25173.0  24152.0 
25174.0  24153.0 
25175.0  24154.0 
25176.0  24155.0 
25177.0  24156.0 
25178.0  24157.0 
25179.0  24158.0 
25180.0  24159.0 
25181.0  24160.0 
25182.0  24161.0 
25183.0  24162.0 
25184.0  24163.0 
25185.0  24164.0 
25186.0  24165.0 
25187.0  24166.0 
25188.0  24167.0 
25189.0  24168.0 
25190.0  24169.0 
25191.0  24170.0 
25192.0  24171.0 
25193.0  24172.0 
25194.0  24173.0 
25195.0  24174.0 
25196.0  24175.0 
25197.0  24176.0 
25198.0  24177.0 
25199.0  24178.0 
25200.0  24179.0 
25201.0  24180.0 
25202.0  24181.0 
25203.0  24182.0 
25204.0  24183.0 
25205.0  24184.0 
25206.0  24185.0 
25207.0  24186.0 
25208.0  24187.0 
25209.0  24188.0 
25210.0  24189.0 
25211.0  24190.0 
25212.0  24191.0 
25213.0  24192.0 
25214.0  24193.0 
25215.0  24194.0 
25216.0  24195.0 
25217.0  24196.0 
25218.0  24197.0 
25219.0  24198.0 
25220.0  24199.0 
25221.0  24200.0 
25222.0  24201.0 
25223.0  24202.0 
25224.0  24203.0 
25225.0  24204.0 
25226.0  24205.0 
25227.0  24206.0 
25228.0  24207.0 
25229.0  24208.0 
25230.0  24209.0 
25231.0  24210.0 
25232.0  24211.0 
25233.0  24212.0 
25234.0  24213.0 
25235.0  24214.0 
25236.0  24215.0 
25237.0  24216.0 
25238.0  24217.0 
25239.0  24218.0 
25240.0  24219.0 
25241.0  24220.0 
25242.0  24221.0 
25243.0  24222.0 
25244.0  24223.0 
25245.0  24224.0 
25246.0  24225.0 
25247.0  24226.0 
25248.0  24227.0 
25249.0  24228.0 
25250.0  24229.0 
25251.0  24230.0 
25252.0  24231.0 
25253.0  24232.0 
25254.0  24233.0 
25255.0  24234.0 
25256.0  24235.0 
25257.0  24236.0 
25258.0  24237.0 
25259.0  24238.0 
25260.0  24239.0 
25261.0  24240.0 
25262.0  24241.0 
25263.0  24242.0 
25264.0  24243.0 
25265.0  24244.0 
25266.0  24245.0 
25267.0  24246.0 
25268.0  24247.0 
25269.0  24248.0 
25270.0  24249.0 
25271.0  24250.0 
25272.0  24251.0 
25273.0  24252.0 
25274.0  24253.0 
25275.0  24254.0 
25276.0  24255.0 
25277.0  24256.0 
25278.0  24257.0 
25279.0  24258.0 
25280.0  24259.0 
25281.0  24260.0 
25282.0  24261.0 
25283.0  24262.0 
25313.1  23826.0 
25313.1  23345.0 
25313.1  23827.0 
25313.1  23828.0 
25313.1  23348.0 
25313.1  23829.0 
25313.1  23346.0 
25313.1  23830.0 
25313.1  23349.0 
25313.1  23351.0 
25313.1  25325.0 
25313.1  23354.0 
25313.1  23759.3 
25314.1  25326.1 
25315.1  25327.1 
25316.1  25328.1 
25317.1  24364.0 
25317.1  23345.0 
25317.1  23348.0 
25317.1  25329.3 
25319.0  24313.0 
25320.1  25330.0 
25322.1  25331.0 
25324.1  25332.0 
25326.1  24313.0 
25326.1  23345.0 
25326.1  23348.0 
25326.1  23354.0 
25326.1  23360.0 
25326.1  25334.1 
25327.1  24381.0 
25327.1  23345.0 
25327.1  23348.0 
25327.1  23354.0 
25327.1  24382.27 
25328.1  24381.0 
25328.1  23345.0 
25328.1  23348.0 
25328.1  23354.0 
25328.1  24383.3 
25329.3  23759.3 
25334.1  25335.0 
24400.0  24401.0 
24401.0  24414.0 
24420.0  24421.0 
24421.0  24850.0 
24850.0  24860.0 
24856.0  24414.0 
24857.0  24877.0 
24858.0  24877.0 
24859.0  24881.0 
24860.0  24414.0 
24867.0  24421.0 
24868.0  24421.0 
24869.0  24892.0 
24877.0  24896.0 
24881.0  24420.0 
24885.0  24850.0 
24886.0  24850.0 
24887.0  24850.0 
24888.0  24850.0 
24889.0  24850.0 
24892.0  24421.0 
24894.0  24905.0 
24895.0  24908.0 
24896.0  24414.0 
24903.0  24881.0 
24905.0  25313.0 
24911.0  24877.0 
24912.0  25318.0 
24913.0  25321.0 
24914.0  25323.0 
25313.0  24908.0 
25317.0  24905.0 
25318.0  24877.0 
25321.0  24877.0 
25323.0  24877.0 
25326.0  25333.0 
25327.0  24905.0 
25328.0  24905.0 
25330.0  25318.0 
25331.0  25321.0 
25332.0  25323.0 
25333.0  24905.0 
25335.0  25333.0 
24419.1  24420.11 
25336.1  24420.11 
25337.1  24420.11 
