53393.1  53395.0 
53393.1  53396.0 
53393.1  53397.0 
53393.1  53398.0 
53393.1  53399.0 
53393.1  53400.0 
53393.1  53401.0 
53393.1  53402.0 
53393.1  53403.0 
53393.1  53404.0 
53393.1  53405.0 
53393.1  53406.0 
53394.1  53408.0 
53394.1  53396.0 
53394.1  53399.0 
53395.0  53373.0 
53396.0  53374.0 
53397.0  53375.0 
53398.0  53376.0 
53399.0  53377.0 
53400.0  53378.0 
53401.0  53379.0 
53402.0  53380.0 
53405.0  53383.0 
53406.0  52764.0 
53407.1  53396.0 
53407.1  53409.0 
53407.1  53400.0 
53407.1  53399.0 
53407.1  53405.0 
53407.1  53410.0 
53407.1  53411.0 
53408.0  53386.0 
53409.0  53387.0 
53410.0  53388.0 
53411.0  53389.0 
53392.1  53393.1 
53413.5  53391.5 
53393.0  53394.0 
53394.0  53407.0 
53412.1  53413.5 
