43932.1  43934.0 
43932.1  43935.0 
43932.1  43936.0 
43932.1  43937.0 
43932.1  43938.0 
43932.1  43939.0 
43932.1  43940.0 
43932.1  43941.0 
43932.1  43942.0 
43932.1  43943.0 
43932.1  43944.0 
43932.1  43945.0 
43932.1  43946.0 
43932.1  43947.0 
43932.1  43948.0 
43932.1  43949.0 
43932.1  43950.0 
43932.1  43951.0 
43932.1  43952.0 
43932.1  43953.0 
43932.1  43954.0 
43932.1  43955.0 
43932.1  43956.0 
43932.1  43957.0 
43932.1  43958.0 
43932.1  43959.0 
43932.1  43960.0 
43932.1  43961.0 
43932.1  43962.0 
43932.1  43963.0 
43932.1  43964.0 
43932.1  43965.0 
43932.1  43966.0 
43932.1  43967.0 
43932.1  43968.0 
43932.1  43969.0 
43932.1  43970.0 
43932.1  43971.0 
43932.1  43972.0 
43932.1  43973.0 
43932.1  43974.0 
43932.1  43975.0 
43932.1  43976.0 
43932.1  43977.0 
43932.1  43978.0 
43932.1  43979.0 
43932.1  43980.0 
43932.1  43981.0 
43932.1  43982.0 
43932.1  43983.0 
43932.1  43984.0 
43932.1  43985.0 
43932.1  43986.0 
43932.1  43987.0 
43932.1  43988.0 
43932.1  43989.0 
43932.1  43990.0 
43932.1  43991.0 
43932.1  43992.0 
43932.1  43993.0 
43932.1  43994.0 
43932.1  43995.0 
43932.1  43996.0 
43932.1  43997.0 
43932.1  43998.0 
43932.1  43999.0 
43932.1  44000.0 
43932.1  44001.0 
43932.1  44002.0 
43932.1  44003.0 
43932.1  44004.0 
43932.1  44005.0 
43932.1  44006.0 
43932.1  44007.0 
43932.1  44008.0 
43932.1  44009.0 
43932.1  44010.0 
43932.1  44011.0 
43932.1  44012.0 
43932.1  44013.0 
43932.1  44014.0 
43932.1  44015.0 
43932.1  44016.0 
43932.1  44017.0 
43932.1  44018.0 
43932.1  44019.0 
43932.1  44020.0 
43932.1  44021.0 
43932.1  44022.0 
43932.1  44023.0 
43932.1  44024.0 
43932.1  44025.0 
43932.1  44026.0 
43932.1  44027.0 
43932.1  44028.0 
43932.1  44029.0 
43932.1  44030.0 
43932.1  44031.0 
43932.1  44032.0 
43932.1  44033.0 
43932.1  44034.0 
43932.1  44035.0 
43932.1  44036.0 
43932.1  44037.0 
43932.1  44038.0 
43932.1  44039.0 
43932.1  44040.0 
43932.1  44041.0 
43932.1  44042.0 
43932.1  44043.0 
43932.1  44044.0 
43932.1  44045.0 
43932.1  44046.0 
43932.1  44047.0 
43932.1  44048.0 
43932.1  44049.0 
43932.1  44050.0 
43932.1  44051.0 
43932.1  44052.0 
43932.1  44053.0 
43932.1  44054.0 
43932.1  44055.0 
43932.1  44056.0 
43932.1  44057.0 
43932.1  44058.0 
43932.1  44059.0 
43932.1  44060.0 
43932.1  44061.0 
43932.1  44062.0 
43932.1  44063.0 
43932.1  44064.0 
43932.1  44065.0 
43932.1  44066.0 
43932.1  44067.0 
43932.1  44068.0 
43932.1  44069.0 
43932.1  44070.0 
43932.1  44071.0 
43932.1  44072.0 
43932.1  44073.0 
43932.1  44074.0 
43932.1  44075.0 
43932.1  44076.0 
43932.1  44077.0 
43932.1  44078.0 
43932.1  44079.0 
43932.1  44080.0 
43932.1  44081.0 
43932.1  44082.0 
43932.1  44083.0 
43932.1  44084.0 
43932.1  44085.0 
43932.1  44086.0 
43932.1  44087.0 
43932.1  44088.0 
43932.1  44089.0 
43932.1  44090.0 
43932.1  44091.0 
43932.1  44092.0 
43932.1  44093.0 
43932.1  44094.0 
43932.1  44095.0 
43932.1  44096.0 
43932.1  44097.0 
43932.1  44098.0 
43932.1  44099.0 
43932.1  44100.0 
43932.1  44101.0 
43932.1  44102.0 
43932.1  44103.1 
43932.1  44104.0 
43932.1  44105.0 
43932.1  44106.0 
43932.1  44107.0 
43932.1  44108.0 
43932.1  44109.0 
43932.2  44110.0 
43932.2  44111.0 
43932.2  44112.0 
43932.2  44113.0 
43932.2  44114.0 
43932.2  44115.0 
43932.2  44116.0 
43932.2  44117.0 
43932.2  44118.0 
43932.2  44119.0 
43932.2  44120.0 
43932.2  44121.0 
43932.2  44122.0 
43932.2  44123.0 
43932.2  44124.0 
43932.2  44125.0 
43932.2  44126.0 
43932.2  44127.0 
43932.2  44128.0 
43932.2  44129.0 
43932.2  44130.0 
43932.2  44131.0 
43932.2  44132.0 
43932.2  44133.0 
43932.2  44134.0 
43932.2  44135.0 
43932.2  44136.0 
43932.2  44137.0 
43932.2  44138.0 
43932.2  44139.0 
43932.2  44140.0 
43932.2  44141.0 
43932.2  44142.0 
43932.2  44143.0 
43932.2  44144.0 
43932.2  44145.0 
43932.2  44146.0 
43932.2  44147.0 
43932.2  44148.0 
43932.2  44149.0 
43932.2  44150.0 
43932.2  44151.0 
43932.2  44152.0 
43932.2  44153.0 
43932.2  44154.0 
43932.2  44155.0 
43932.2  44156.0 
43932.2  44157.0 
43932.2  44158.0 
43932.2  44159.0 
43932.2  44160.0 
43932.2  44161.0 
43932.2  44162.0 
43932.2  44163.0 
43932.2  44164.0 
43932.2  44165.0 
43932.2  44166.0 
43932.2  44167.0 
43932.2  44168.0 
43932.2  44169.0 
43932.2  44170.0 
43932.2  44171.0 
43932.2  44172.0 
43932.2  44173.0 
43932.2  44174.0 
43932.2  44175.0 
43932.2  44176.0 
43932.2  44177.0 
43932.2  44178.0 
43932.2  44179.0 
43932.2  44180.0 
43932.2  44181.0 
43932.2  44182.0 
43932.2  44183.0 
43932.2  44184.0 
43932.2  44185.0 
43932.2  44186.0 
43932.2  44187.0 
43932.2  44188.0 
43932.2  44189.0 
43932.2  44190.0 
43932.2  44191.0 
43932.2  44192.0 
43932.2  44193.0 
43932.2  44194.0 
43932.2  44195.0 
43932.2  44196.0 
43932.2  44197.0 
43932.2  44198.0 
43932.2  44199.0 
43932.2  44200.0 
43932.2  44201.0 
43932.2  44202.0 
43932.2  44203.0 
43932.2  44204.0 
43932.2  44205.0 
43932.2  44206.0 
43932.2  44207.0 
43932.2  44208.0 
43932.2  44209.0 
43932.2  44210.0 
43932.2  44211.0 
43932.2  44212.0 
43932.2  44213.0 
43932.2  44214.0 
43932.2  44215.0 
43932.2  44216.0 
43932.2  44217.0 
43932.2  44218.0 
43932.2  44219.0 
43932.2  44220.0 
43932.2  44221.0 
43932.2  44222.0 
43932.2  44223.0 
43932.2  44224.0 
43932.2  44225.0 
43932.2  44226.0 
43932.2  44227.0 
43932.2  44228.0 
43932.2  44229.0 
43932.2  44230.0 
43932.2  44231.0 
43932.2  44232.0 
43932.2  44233.0 
43932.2  44234.0 
43932.2  44235.0 
43932.2  44236.0 
43932.2  44237.0 
43932.2  44238.0 
43932.2  44239.0 
43932.2  44240.0 
43932.2  44241.0 
43932.2  44242.0 
43932.2  44243.0 
43932.2  44244.0 
43932.2  44245.0 
43932.2  44246.0 
43932.2  44247.0 
43932.2  44248.0 
43932.2  44249.0 
43932.2  44250.0 
43932.2  44251.0 
43932.2  44252.0 
43932.2  44253.0 
43932.2  44254.0 
43932.2  44255.0 
43932.2  44256.0 
43932.2  44257.0 
43932.2  44258.0 
43932.2  44259.0 
43932.2  44260.0 
43932.2  44261.0 
43932.2  44262.0 
43932.2  44263.0 
43932.2  44264.0 
43932.2  44265.0 
43932.2  44266.0 
43932.2  44267.0 
43932.2  44268.0 
43932.2  44269.0 
43932.2  44270.0 
43932.2  44271.1 
43932.2  44272.0 
43932.2  44273.0 
43932.2  44274.0 
43932.2  44275.0 
43932.2  44276.0 
43932.2  44277.0 
43932.2  44278.0 
43932.2  44279.0 
43932.2  44280.0 
43932.2  44281.0 
43932.2  44282.0 
43932.2  44283.0 
43932.2  44284.0 
43932.2  44285.49 
43932.2  44286.49 
43932.2  44287.0 
43932.2  44288.0 
43932.2  44289.0 
43932.2  44290.0 
43932.2  44291.0 
43932.2  44292.0 
43932.2  44293.0 
43932.2  44294.0 
43932.2  44295.0 
43932.2  44296.0 
43932.2  44297.0 
43932.2  44298.0 
43932.2  44299.0 
43932.3  44300.0 
43932.3  44301.0 
43932.3  44302.0 
43932.3  44303.0 
43932.3  44304.0 
43932.3  44305.0 
43932.3  44306.0 
43932.3  44307.0 
43932.3  44308.2 
43932.3  44309.0 
43932.3  44310.0 
43932.3  44311.0 
43932.3  44312.0 
43932.3  44313.0 
43932.3  44314.0 
43932.4  44315.0 
43932.4  44316.0 
43932.4  44317.0 
43932.4  44318.0 
43932.4  44319.0 
43932.5  44320.0 
43932.5  44321.0 
43932.5  44322.0 
43932.5  44323.0 
43932.5  44324.0 
43932.5  44325.1 
43932.5  44326.0 
43932.5  44327.98 
43932.5  44328.98 
43932.5  44329.0 
43932.5  44330.0 
43932.6  44331.0 
43932.7  44332.0 
43932.7  44333.0 
43932.7  44334.0 
43932.7  44335.0 
43932.7  44336.0 
43932.7  44337.0 
43932.7  44338.116 
43932.7  44339.0 
43932.7  44340.0 
43932.7  44341.0 
43932.7  44342.0 
43932.7  44343.0 
43932.8  44344.0 
43932.8  44345.0 
43932.8  44308.5 
43932.9  44346.0 
43933.1  44348.0 
43933.1  43938.0 
43933.1  44349.0 
43933.1  43943.0 
43933.1  43959.0 
43933.1  43979.0 
43933.1  44099.0 
43933.1  43984.0 
43933.1  44350.1 
43933.1  44351.1 
43933.1  44352.1 
43934.0  43003.0 
43935.0  43004.0 
43936.0  43005.0 
43937.0  43006.0 
43938.0  43007.0 
43939.0  43008.0 
43940.0  43009.0 
43941.0  43010.0 
43942.0  43011.0 
43943.0  43012.0 
43944.0  43013.0 
43945.0  43014.0 
43946.0  43015.0 
43947.0  43016.0 
43948.0  43017.0 
43949.0  43018.0 
43950.0  43019.0 
43951.0  43020.0 
43952.0  43021.0 
43953.0  43022.0 
43954.0  43023.0 
43955.0  43024.0 
43956.0  43025.0 
43957.0  43026.0 
43958.0  43027.0 
43959.0  43028.0 
43960.0  43029.0 
43961.0  43030.0 
43962.0  43031.0 
43963.0  43032.0 
43964.0  43033.0 
43965.0  43034.0 
43966.0  43035.0 
43967.0  43036.0 
43968.0  43037.0 
43969.0  43038.0 
43970.0  43039.0 
43971.0  43040.0 
43972.0  43041.0 
43973.0  43042.0 
43974.0  43043.0 
43975.0  43044.0 
43976.0  43045.0 
43977.0  43046.0 
43978.0  43047.0 
43979.0  43048.0 
43980.0  43049.0 
43981.0  43050.0 
43982.0  43051.0 
43983.0  43052.0 
43984.0  43053.0 
43985.0  43054.0 
43986.0  43055.0 
43987.0  43056.0 
43988.0  43057.0 
43989.0  43058.0 
43990.0  43059.0 
43991.0  43060.0 
43992.0  43061.0 
43993.0  43062.0 
43994.0  43063.0 
43995.0  43064.0 
43996.0  43065.0 
43997.0  43066.0 
43998.0  43067.0 
43999.0  43068.0 
44000.0  43069.0 
44001.0  43070.0 
44002.0  43071.0 
44003.0  43072.0 
44004.0  43073.0 
44005.0  43074.0 
44006.0  43075.0 
44007.0  43076.0 
44008.0  43077.0 
44009.0  43078.0 
44010.0  43079.0 
44011.0  43080.0 
44012.0  43081.0 
44013.0  43082.0 
44014.0  43083.0 
44015.0  43084.0 
44016.0  43085.0 
44017.0  43086.0 
44018.0  43087.0 
44019.0  43088.0 
44020.0  43089.0 
44021.0  43090.0 
44022.0  43091.0 
44023.0  43092.0 
44024.0  43093.0 
44025.0  43094.0 
44026.0  43095.0 
44027.0  43096.0 
44028.0  43097.0 
44029.0  43098.0 
44030.0  43099.0 
44031.0  43100.0 
44032.0  43101.0 
44033.0  43102.0 
44034.0  43103.0 
44035.0  43104.0 
44036.0  43105.0 
44037.0  43106.0 
44038.0  43107.0 
44039.0  43108.0 
44040.0  43109.0 
44041.0  43110.0 
44042.0  43111.0 
44043.0  43112.0 
44044.0  43113.0 
44045.0  43114.0 
44046.0  43115.0 
44047.0  43116.0 
44048.0  43117.0 
44049.0  43118.0 
44050.0  43119.0 
44051.0  43120.0 
44052.0  43121.0 
44053.0  43122.0 
44054.0  43123.0 
44055.0  43124.0 
44056.0  43125.0 
44057.0  43126.0 
44058.0  43127.0 
44059.0  43128.0 
44060.0  43129.0 
44061.0  43130.0 
44062.0  43131.0 
44063.0  43132.0 
44064.0  43133.0 
44065.0  43134.0 
44066.0  43135.0 
44067.0  43136.0 
44068.0  43137.0 
44069.0  43138.0 
44070.0  43139.0 
44071.0  43140.0 
44072.0  43141.0 
44073.0  43142.0 
44074.0  43143.0 
44075.0  43144.0 
44076.0  43145.0 
44077.0  43146.0 
44078.0  43147.0 
44079.0  43148.0 
44080.0  43149.0 
44081.0  43150.0 
44082.0  43151.0 
44083.0  43152.0 
44084.0  43153.0 
44085.0  43154.0 
44086.0  43155.0 
44087.0  43156.0 
44088.0  43157.0 
44089.0  43158.0 
44090.0  43159.0 
44091.0  43160.0 
44092.0  43161.0 
44093.0  43162.0 
44094.0  43163.0 
44095.0  43164.0 
44096.0  43165.0 
44097.0  43166.0 
44098.0  43167.0 
44099.0  43168.0 
44100.0  43169.0 
44101.0  43170.0 
44102.0  43171.0 
44103.1  44353.13 
44104.0  43173.0 
44105.0  43174.0 
44106.0  43175.0 
44107.0  43176.0 
44108.0  43177.0 
44109.0  43178.0 
44110.0  43179.0 
44111.0  43180.0 
44112.0  43181.0 
44113.0  43182.0 
44114.0  43183.0 
44115.0  43184.0 
44116.0  43185.0 
44117.0  43186.0 
44118.0  43187.0 
44119.0  43188.0 
44120.0  43189.0 
44121.0  43190.0 
44122.0  43191.0 
44123.0  43192.0 
44124.0  43193.0 
44125.0  43194.0 
44126.0  43195.0 
44127.0  43196.0 
44128.0  43197.0 
44129.0  43198.0 
44130.0  43199.0 
44131.0  43200.0 
44132.0  43201.0 
44133.0  43202.0 
44134.0  43203.0 
44135.0  43204.0 
44136.0  43205.0 
44137.0  43206.0 
44138.0  43207.0 
44139.0  43208.0 
44140.0  43209.0 
44141.0  43210.0 
44142.0  43211.0 
44143.0  43212.0 
44144.0  43213.0 
44145.0  43214.0 
44146.0  43215.0 
44147.0  43216.0 
44148.0  43217.0 
44149.0  43218.0 
44150.0  43219.0 
44151.0  43220.0 
44152.0  43221.0 
44153.0  43222.0 
44155.0  43224.0 
44156.0  43225.0 
44157.0  43226.0 
44158.0  43227.0 
44159.0  43228.0 
44160.0  43229.0 
44161.0  43230.0 
44162.0  43231.0 
44163.0  43232.0 
44164.0  43233.0 
44165.0  43234.0 
44166.0  43235.0 
44167.0  43236.0 
44168.0  43237.0 
44169.0  43238.0 
44170.0  43239.0 
44171.0  43240.0 
44172.0  43241.0 
44173.0  43242.0 
44174.0  43243.0 
44175.0  43244.0 
44176.0  43245.0 
44177.0  43246.0 
44178.0  43247.0 
44179.0  43248.0 
44180.0  43249.0 
44181.0  43250.0 
44182.0  43251.0 
44183.0  43252.0 
44184.0  43253.0 
44185.0  43254.0 
44186.0  43255.0 
44187.0  43256.0 
44188.0  43257.0 
44189.0  43258.0 
44190.0  43259.0 
44191.0  43260.0 
44192.0  43261.0 
44193.0  43262.0 
44194.0  43346.0 
44195.0  43263.0 
44196.0  43264.0 
44197.0  43265.0 
44198.0  43266.0 
44199.0  43267.0 
44200.0  43268.0 
44201.0  43269.0 
44202.0  43270.0 
44203.0  43271.0 
44204.0  43272.0 
44205.0  43273.0 
44206.0  43274.0 
44207.0  43275.0 
44208.0  43276.0 
44209.0  43277.0 
44210.0  43278.0 
44211.0  43279.0 
44212.0  43280.0 
44213.0  43281.0 
44214.0  43282.0 
44215.0  43283.0 
44216.0  43284.0 
44217.0  43285.0 
44218.0  43286.0 
44219.0  43287.0 
44220.0  43288.0 
44221.0  43289.0 
44222.0  43290.0 
44223.0  43291.0 
44224.0  43292.0 
44225.0  43293.0 
44226.0  43294.0 
44227.0  43295.0 
44228.0  43296.0 
44229.0  43297.0 
44230.0  43298.0 
44231.0  43299.0 
44232.0  43300.0 
44233.0  43301.0 
44234.0  43302.0 
44235.0  43303.0 
44236.0  43304.0 
44237.0  43305.0 
44238.0  43306.0 
44239.0  43307.0 
44240.0  43308.0 
44241.0  43309.0 
44242.0  43310.0 
44243.0  43311.0 
44244.0  43312.0 
44245.0  43313.0 
44246.0  43314.0 
44247.0  43315.0 
44248.0  43316.0 
44249.0  43317.0 
44250.0  43318.0 
44251.0  43319.0 
44252.0  43320.0 
44253.0  43321.0 
44254.0  43322.0 
44255.0  43323.0 
44256.0  43324.0 
44257.0  43325.0 
44258.0  43326.0 
44259.0  43327.0 
44260.0  43328.0 
44261.0  43329.0 
44262.0  43330.0 
44263.0  43331.0 
44264.0  43332.0 
44265.0  43333.0 
44266.0  43334.0 
44267.0  43335.0 
44268.0  43336.0 
44269.0  43337.0 
44270.0  43338.0 
44271.1  44353.11 
44272.0  43340.0 
44273.0  43341.0 
44274.0  43342.0 
44275.0  43343.0 
44276.0  43344.0 
44277.0  43345.0 
44278.0  43347.0 
44279.0  43348.0 
44280.0  43349.0 
44281.0  43350.0 
44282.0  43351.0 
44283.0  43352.0 
44284.0  43353.0 
44285.49  44353.12 
44285.49  43354.49 
44286.49  44353.12 
44286.49  43355.49 
44287.0  43356.0 
44288.0  43357.0 
44289.0  43358.0 
44290.0  43359.0 
44291.0  43360.0 
44292.0  43361.0 
44293.0  43362.0 
44294.0  43363.0 
44295.0  43364.0 
44296.0  43365.0 
44297.0  43366.0 
44298.0  43367.0 
44299.0  43368.0 
44300.0  43369.0 
44301.0  43370.0 
44302.0  43371.0 
44303.0  43372.0 
44304.0  43373.0 
44305.0  43374.0 
44306.0  43375.0 
44307.0  43376.0 
44308.1  43932.1 
44308.2  43932.2 
44308.3  43932.3 
44308.4  43932.4 
44308.5  43932.7 
44308.6  43932.8 
44309.0  43378.0 
44310.0  43379.0 
44311.0  43380.0 
44312.0  43381.0 
44313.0  43382.0 
44314.0  43383.0 
44315.0  43384.0 
44316.0  43385.0 
44317.0  43386.0 
44318.0  43387.0 
44319.0  43388.0 
44320.0  43420.0 
44321.0  43389.0 
44322.0  43390.0 
44323.0  43391.0 
44324.0  43392.0 
44325.1  44353.13 
44326.0  43394.0 
44327.98  44353.13 
44327.98  43395.98 
44327.99  43932.5 
44328.98  44353.13 
44328.98  43396.98 
44328.99  43932.6 
44329.0  43397.0 
44330.0  43398.0 
44331.0  39508.0 
44332.0  43431.0 
44333.0  43432.0 
44334.0  43433.0 
44335.0  43434.0 
44336.0  43435.0 
44337.0  43421.0 
44338.115  44353.10 
44338.116  44353.12 
44338.116  43422.116 
44339.0  43436.0 
44340.0  39517.0 
44341.0  39518.0 
44342.0  39519.0 
44343.0  39520.0 
44344.0  43437.0 
44345.0  43438.0 
44346.0  43440.0 
44347.1  44355.0 
44347.1  43938.0 
44347.1  44349.0 
44347.1  43943.0 
44347.1  43959.0 
44347.1  43979.0 
44347.1  44099.0 
44347.1  43984.0 
44347.1  44356.1 
44347.1  44357.1 
44347.1  44358.1 
44347.1  44359.1 
44347.1  44360.1 
44348.0  43442.0 
44349.0  43443.0 
44350.1  44361.1 
44351.1  44362.1 
44352.1  44363.1 
44353.11  44364.0 
44353.12  43422.115 
44353.13  44365.1 
44353.13  43001.13 
44354.1  44367.0 
44354.1  43938.0 
44354.1  43959.0 
44355.0  43453.0 
44356.1  44368.1 
44357.1  44369.1 
44358.1  44370.1 
44359.1  44371.1 
44360.1  44372.1 
44361.1  44373.0 
44361.1  43938.0 
44361.1  43959.0 
44361.1  43979.0 
44362.1  44374.0 
44362.1  43938.0 
44362.1  43959.0 
44362.1  43979.0 
44363.1  44376.0 
44363.1  43938.0 
44363.1  43959.0 
44364.0  42421.0 
44365.1  44353.10 
44366.1  43938.0 
44366.1  44349.0 
44366.1  43943.0 
44366.1  43959.0 
44366.1  43979.0 
44366.1  44099.0 
44366.1  43984.0 
44367.0  43479.0 
44368.1  44374.0 
44368.1  43938.0 
44368.1  43959.0 
44368.1  43979.0 
44369.1  44373.0 
44369.1  43938.0 
44369.1  43959.0 
44369.1  43979.0 
44370.1  44377.0 
44370.1  43938.0 
44370.1  43959.0 
44370.1  43979.0 
44371.1  44377.0 
44371.1  43938.0 
44371.1  43959.0 
44371.1  43979.0 
44372.1  44377.0 
44372.1  43938.0 
44372.1  43959.0 
44372.1  43979.0 
44373.0  43485.0 
44374.0  43486.0 
44376.0  43488.0 
44377.0  43499.0 
43932.10  44379.0 
44379.0  42998.0 
43932.11  44381.0 
44381.0  43439.0 
43932.0  43933.0 
43933.0  44347.0 
44347.0  44354.0 
44354.0  44366.0 
44361.0  43933.0 
44362.0  43933.0 
44363.0  44375.0 
44368.0  44347.0 
44369.0  44347.0 
44370.0  44347.0 
44371.0  44347.0 
44372.0  44347.0 
44375.0  43933.0 
43931.1  43932.9 
44378.1  43932.10 
44380.1  43932.10 
44382.1  43932.11 
44383.1  43932.11 
44384.1  43932.11 
44385.1  43932.11 
44386.1  43932.11 
44380.2  43932.11 
