52911.1  52913.0 
52911.1  52914.0 
52911.1  52915.0 
52911.1  52916.0 
52911.1  52917.0 
52911.1  52918.0 
52911.1  52919.0 
52911.1  52920.0 
52911.1  52921.0 
52911.1  52922.0 
52911.1  52923.0 
52911.1  52924.0 
52912.1  52926.0 
52912.1  52914.0 
52912.1  52917.0 
52913.0  52893.0 
52914.0  52894.0 
52915.0  52895.0 
52916.0  52896.0 
52917.0  52897.0 
52918.0  52898.0 
52919.0  52899.0 
52920.0  52900.0 
52923.0  52903.0 
52924.0  52525.0 
52925.1  52914.0 
52925.1  52927.0 
52925.1  52918.0 
52925.1  52917.0 
52925.1  52923.0 
52925.1  52928.0 
52925.1  52929.0 
52926.0  52906.0 
52927.0  52907.0 
52928.0  52908.0 
52929.0  52909.0 
52910.1  52911.1 
52911.0  52912.0 
52912.0  52925.0 
