52791.1  52793.0 
52791.1  52794.0 
52791.1  52795.0 
52791.1  52796.0 
52791.1  52797.0 
52791.1  52798.0 
52791.1  52799.0 
52791.1  52800.0 
52791.1  52801.0 
52791.1  52802.0 
52791.1  52803.0 
52791.1  52804.0 
52792.1  52806.0 
52792.1  52794.0 
52792.1  52797.0 
52793.0  52773.0 
52794.0  52774.0 
52795.0  52775.0 
52796.0  52776.0 
52797.0  52777.0 
52798.0  52778.0 
52799.0  52779.0 
52800.0  52780.0 
52803.0  52783.0 
52804.0  35216.0 
52805.1  52794.0 
52805.1  52807.0 
52805.1  52798.0 
52805.1  52797.0 
52805.1  52803.0 
52805.1  52808.0 
52805.1  52809.0 
52806.0  52786.0 
52807.0  52787.0 
52808.0  52788.0 
52809.0  52789.0 
52790.1  52791.1 
52791.0  52792.0 
52792.0  52805.0 
