73386.1  73388.0 
73386.1  73389.0 
73386.1  73390.0 
73386.1  73391.0 
73386.1  73392.0 
73386.1  73393.0 
73386.1  73394.0 
73386.1  73395.0 
73386.1  73396.0 
73386.1  73397.0 
73386.1  73398.0 
73386.1  73399.0 
73387.1  73401.0 
73387.1  73389.0 
73387.1  73392.0 
73388.0  72456.0 
73389.0  72457.0 
73390.0  72458.0 
73391.0  72459.0 
73392.0  72460.0 
73393.0  72461.0 
73394.0  72462.0 
73395.0  72463.0 
73398.0  72466.0 
73399.0  57069.0 
73400.1  73389.0 
73400.1  73402.0 
73400.1  73393.0 
73400.1  73392.0 
73400.1  73398.0 
73400.1  73403.0 
73400.1  73404.0 
73401.0  72469.0 
73402.0  72470.0 
73403.0  72471.0 
73404.0  72472.0 
73385.1  73386.1 
73386.0  73387.0 
73387.0  73400.0 
