37217.1  37219.0 
37217.1  37220.0 
37217.1  37221.0 
37217.1  37222.0 
37217.1  37223.0 
37217.1  37224.0 
37217.1  37225.0 
37217.1  37226.0 
37217.1  37227.0 
37217.1  37228.0 
37217.1  37229.0 
37217.1  37230.0 
37218.1  37232.0 
37218.1  37220.0 
37218.1  37223.0 
37219.0  36163.0 
37220.0  36164.0 
37221.0  36165.0 
37222.0  36166.0 
37223.0  36167.0 
37224.0  36168.0 
37225.0  36169.0 
37226.0  36170.0 
37229.0  36173.0 
37230.0  375.0 
37231.1  37220.0 
37231.1  37233.0 
37231.1  37224.0 
37231.1  37223.0 
37231.1  37229.0 
37231.1  37234.0 
37231.1  37235.0 
37232.0  36176.0 
37233.0  36177.0 
37234.0  36178.0 
37235.0  36179.0 
37216.1  37217.1 
37237.1  37239.0 
37237.1  37240.0 
37237.1  37241.0 
37237.1  37242.0 
37237.1  37220.0 
37237.1  37243.0 
37237.1  37244.0 
37237.1  37245.0 
37237.1  37246.0 
37237.1  37224.0 
37237.1  37247.0 
37237.1  37248.0 
37237.1  37249.0 
37237.1  37250.0 
37237.1  37251.0 
37237.1  37252.0 
37237.1  37253.0 
37237.1  37254.0 
37237.1  37255.0 
37237.1  37256.0 
37237.1  37257.0 
37237.1  37258.0 
37237.1  37259.0 
37237.1  37260.0 
37237.1  37261.0 
37237.1  37223.0 
37237.1  37262.0 
37237.1  37263.0 
37237.1  37264.0 
37237.1  37265.0 
37237.1  37266.0 
37237.1  37267.0 
37237.1  37268.0 
37237.1  37269.0 
37237.1  37270.0 
37237.1  37271.0 
37237.1  37272.0 
37237.1  37273.0 
37237.1  37274.0 
37237.1  37275.0 
37237.1  37276.0 
37237.1  37277.0 
37237.1  37278.0 
37237.1  37279.0 
37237.1  37280.0 
37237.1  37229.0 
37237.1  37281.0 
37237.1  37282.0 
37237.1  37283.0 
37237.1  37284.0 
37237.1  37235.0 
37237.1  37285.0 
37237.1  37286.0 
37237.1  37287.0 
37237.1  37288.0 
37237.1  37289.0 
37237.1  37290.0 
37237.1  37291.0 
37237.1  37292.0 
37237.1  37293.0 
37237.1  37294.0 
37237.1  37295.0 
37237.1  37296.0 
37237.1  37297.0 
37237.1  37298.0 
37237.1  37299.0 
37237.1  37300.0 
37237.1  37301.0 
37237.1  37302.0 
37237.1  37303.0 
37237.1  37304.0 
37237.1  37305.0 
37237.1  37306.0 
37237.1  37307.0 
37237.1  37308.0 
37237.1  37309.0 
37237.1  37310.0 
37237.1  37311.0 
37237.1  37312.0 
37237.1  37313.0 
37237.1  37314.0 
37237.1  37315.0 
37237.1  37316.0 
37237.1  37317.0 
37237.1  37318.0 
37237.1  37319.0 
37237.1  37320.0 
37237.1  37321.0 
37237.1  37322.0 
37237.1  37323.0 
37237.1  37324.0 
37237.1  37325.0 
37237.1  37326.0 
37237.1  37327.0 
37237.1  37328.0 
37237.1  37329.0 
37237.1  37330.0 
37237.1  37331.0 
37237.1  37332.0 
37237.1  37333.0 
37237.1  37334.0 
37237.1  37335.0 
37237.1  37336.0 
37237.1  37337.0 
37237.1  37338.0 
37237.1  37339.0 
37237.1  37340.0 
37237.1  37341.0 
37237.1  37342.0 
37237.1  37343.0 
37237.1  37344.0 
37237.1  37345.0 
37237.1  37346.0 
37237.1  37347.0 
37237.1  37348.0 
37237.1  37349.0 
37237.1  37350.0 
37237.1  37351.0 
37237.1  37352.0 
37237.1  37353.0 
37237.1  37354.0 
37237.1  37355.0 
37237.1  37356.0 
37237.1  37357.0 
37237.1  37358.0 
37237.1  37359.0 
37237.1  37360.0 
37237.1  37361.0 
37237.1  37362.0 
37237.1  37363.0 
37237.1  37364.0 
37237.1  37365.0 
37237.1  37366.0 
37237.1  37367.0 
37237.1  37368.0 
37237.1  37369.0 
37237.1  37370.0 
37237.1  37371.0 
37237.1  37372.0 
37237.1  37373.0 
37237.1  37374.0 
37237.1  37375.0 
37237.1  37376.0 
37237.1  37377.0 
37237.1  37378.0 
37237.1  37379.0 
37237.1  37380.0 
37237.1  37381.0 
37237.1  37382.0 
37237.1  37383.0 
37237.1  37384.0 
37237.1  37385.0 
37237.1  37386.0 
37237.1  37387.0 
37237.1  37388.0 
37237.1  37389.0 
37237.1  37390.0 
37237.1  37391.0 
37237.1  37392.0 
37237.1  37393.0 
37237.1  37394.0 
37237.1  37395.0 
37237.1  37396.0 
37237.1  37397.0 
37237.1  37398.0 
37237.1  37234.0 
37237.1  37399.0 
37237.1  37400.0 
37237.1  37401.0 
37237.1  37402.1 
37237.1  37403.0 
37237.1  37404.0 
37237.1  37405.0 
37237.1  37406.0 
37237.1  37407.0 
37237.1  37408.0 
37237.2  37409.0 
37237.2  37410.0 
37237.2  37411.0 
37237.2  37412.0 
37237.2  37413.0 
37237.2  37414.0 
37237.2  37415.0 
37237.2  37416.0 
37237.2  37417.0 
37237.2  37418.0 
37237.2  37419.0 
37237.2  37420.0 
37237.2  37421.0 
37237.2  37422.0 
37237.2  37423.0 
37237.2  37424.0 
37237.2  37425.0 
37237.2  37426.0 
37237.2  37427.0 
37237.2  37428.0 
37237.2  37429.0 
37237.2  37430.0 
37237.2  37431.0 
37237.2  37432.0 
37237.2  37433.0 
37237.2  37434.0 
37237.2  37435.0 
37237.2  37436.0 
37237.2  37437.0 
37237.2  37438.0 
37237.2  37439.0 
37237.2  37221.0 
37237.2  37440.0 
37237.2  37441.0 
37237.2  37442.0 
37237.2  37443.0 
37237.2  37444.0 
37237.2  37445.0 
37237.2  37446.0 
37237.2  37447.0 
37237.2  37448.0 
37237.2  37449.0 
37237.2  37450.0 
37237.2  37226.0 
37237.2  37451.0 
37237.2  37452.0 
37237.2  37453.0 
37237.2  37454.0 
37237.2  37455.0 
37237.2  37456.0 
37237.2  37457.0 
37237.2  37458.0 
37237.2  37459.0 
37237.2  37460.0 
37237.2  37461.0 
37237.2  37462.0 
37237.2  37463.0 
37237.2  37464.0 
37237.2  37465.0 
37237.2  37466.0 
37237.2  37467.0 
37237.2  37468.0 
37237.2  37469.0 
37237.2  37470.0 
37237.2  37471.0 
37237.2  37472.0 
37237.2  37473.0 
37237.2  37474.0 
37237.2  37475.0 
37237.2  37476.0 
37237.2  37477.0 
37237.2  37478.0 
37237.2  37479.0 
37237.2  37480.0 
37237.2  37481.0 
37237.2  37482.0 
37237.2  37483.0 
37237.2  37484.0 
37237.2  37485.0 
37237.2  37486.0 
37237.2  37487.0 
37237.2  37488.0 
37237.2  37489.0 
37237.2  37490.0 
37237.2  37491.0 
37237.2  37492.0 
37237.2  37493.0 
37237.2  37494.0 
37237.2  37495.0 
37237.2  37496.0 
37237.2  37497.0 
37237.2  37498.0 
37237.2  37499.0 
37237.2  37500.0 
37237.2  37501.0 
37237.2  37502.0 
37237.2  37503.0 
37237.2  37504.0 
37237.2  37505.0 
37237.2  37506.0 
37237.2  37507.0 
37237.2  37508.0 
37237.2  37509.0 
37237.2  37510.0 
37237.2  37511.0 
37237.2  37512.0 
37237.2  37513.0 
37237.2  37514.0 
37237.2  37515.0 
37237.2  37516.0 
37237.2  37517.0 
37237.2  37518.0 
37237.2  37519.0 
37237.2  37520.0 
37237.2  37521.0 
37237.2  37522.0 
37237.2  37523.0 
37237.2  37524.0 
37237.2  37525.0 
37237.2  37526.0 
37237.2  37527.0 
37237.2  37528.0 
37237.2  37529.0 
37237.2  37530.0 
37237.2  37531.0 
37237.2  37532.0 
37237.2  37533.0 
37237.2  37534.0 
37237.2  37535.0 
37237.2  37536.0 
37237.2  37537.0 
37237.2  37538.0 
37237.2  37539.0 
37237.2  37540.0 
37237.2  37541.0 
37237.2  37542.0 
37237.2  37543.0 
37237.2  37544.0 
37237.2  37545.0 
37237.2  37546.0 
37237.2  37547.0 
37237.2  37548.0 
37237.2  37549.0 
37237.2  37550.0 
37237.2  37551.0 
37237.2  37552.0 
37237.2  37553.0 
37237.2  37554.0 
37237.2  37555.0 
37237.2  37556.0 
37237.2  37557.0 
37237.2  37558.0 
37237.2  37559.0 
37237.2  37560.0 
37237.2  37561.0 
37237.2  37562.0 
37237.2  37563.0 
37237.2  37564.0 
37237.2  37565.0 
37237.2  37566.0 
37237.2  37567.1 
37237.2  37568.0 
37237.2  37569.0 
37237.2  37570.0 
37237.2  37571.0 
37237.2  37572.0 
37237.2  37573.0 
37237.2  37574.0 
37237.2  37575.0 
37237.2  37576.0 
37237.2  37577.0 
37237.2  37578.0 
37237.2  37579.0 
37237.2  37580.0 
37237.2  37581.0 
37237.2  37582.40 
37237.2  37583.40 
37237.2  37584.0 
37237.2  37585.0 
37237.2  37586.0 
37237.2  37587.0 
37237.2  37588.0 
37237.2  37589.0 
37237.2  37590.0 
37237.2  37591.0 
37237.2  37592.0 
37237.2  37593.0 
37237.2  37594.0 
37237.2  37595.0 
37237.2  37596.0 
37237.3  37597.0 
37237.3  37598.0 
37237.3  37599.0 
37237.3  37600.0 
37237.3  37601.0 
37237.3  37602.0 
37237.3  37603.0 
37237.3  37604.0 
37237.3  37605.2 
37237.3  37606.0 
37237.3  37607.0 
37237.3  37608.0 
37237.3  37609.0 
37237.3  37610.0 
37237.3  37611.0 
37237.4  37612.0 
37237.4  37613.0 
37237.4  37614.0 
37237.4  37615.0 
37237.4  37216.1 
37237.4  37616.0 
37237.4  37617.0 
37237.4  37618.0 
37237.4  37619.0 
37237.4  37620.0 
37237.4  37621.1 
37237.4  37622.0 
37237.4  37623.80 
37237.4  37624.80 
37237.4  37625.0 
37237.4  37626.0 
37237.5  37627.0 
37237.5  37628.0 
37237.5  37629.0 
37237.5  37630.0 
37237.5  37631.0 
37237.5  37632.0 
37237.5  37225.0 
37237.5  37222.0 
37237.5  37633.0 
37237.5  37634.3 
37237.5  37635.0 
37237.5  37636.0 
37237.5  37637.0 
37237.5  37638.0 
37237.5  37639.0 
37237.5  37640.0 
37237.5  37641.0 
37237.5  37642.0 
37237.5  37643.40 
37237.5  37644.0 
37237.5  37645.0 
37237.6  37646.0 
37237.6  37647.0 
37237.6  37648.95 
37237.6  37649.0 
37237.6  37650.0 
37237.6  37651.1 
37237.6  37652.0 
37237.6  37653.0 
37237.6  37654.0 
37237.6  37655.0 
37237.6  37656.0 
37237.7  37657.0 
37237.7  37658.0 
37237.7  37659.0 
37237.7  37660.0 
37237.7  37661.0 
37237.8  37662.0 
37237.8  37663.0 
37237.8  37664.0 
37237.8  37605.4 
37237.9  37665.0 
37238.1  37667.0 
37238.1  37220.0 
37238.1  37233.0 
37238.1  37224.0 
37238.1  37223.0 
37238.1  37229.0 
37238.1  37234.0 
37238.1  37235.0 
37238.1  37668.1 
37238.1  37669.1 
37238.1  37670.1 
37239.0  36183.0 
37240.0  36184.0 
37241.0  36185.0 
37242.0  36186.0 
37243.0  36187.0 
37244.0  36188.0 
37245.0  36189.0 
37246.0  36190.0 
37247.0  36191.0 
37248.0  36192.0 
37249.0  36193.0 
37250.0  36194.0 
37251.0  36195.0 
37252.0  36196.0 
37253.0  36197.0 
37254.0  36198.0 
37255.0  36199.0 
37256.0  36200.0 
37257.0  36201.0 
37258.0  36202.0 
37259.0  36203.0 
37260.0  36204.0 
37261.0  36205.0 
37262.0  36206.0 
37263.0  36207.0 
37264.0  36208.0 
37265.0  36209.0 
37266.0  36210.0 
37267.0  36211.0 
37268.0  36212.0 
37269.0  36213.0 
37270.0  36214.0 
37271.0  36215.0 
37272.0  36216.0 
37273.0  36217.0 
37274.0  36218.0 
37275.0  36219.0 
37276.0  36220.0 
37277.0  36221.0 
37278.0  36222.0 
37279.0  36223.0 
37280.0  36224.0 
37281.0  36225.0 
37282.0  36226.0 
37283.0  36227.0 
37284.0  36228.0 
37285.0  36229.0 
37286.0  36230.0 
37287.0  36231.0 
37288.0  36232.0 
37289.0  36233.0 
37290.0  36234.0 
37291.0  36235.0 
37292.0  36236.0 
37293.0  36237.0 
37294.0  36238.0 
37295.0  36239.0 
37296.0  36240.0 
37297.0  36241.0 
37298.0  36242.0 
37299.0  36243.0 
37300.0  36244.0 
37301.0  36245.0 
37302.0  36246.0 
37303.0  36247.0 
37304.0  36248.0 
37305.0  36249.0 
37306.0  36250.0 
37307.0  36251.0 
37308.0  36252.0 
37309.0  36253.0 
37310.0  36254.0 
37311.0  36255.0 
37312.0  36256.0 
37313.0  36257.0 
37314.0  36258.0 
37315.0  36259.0 
37316.0  36260.0 
37317.0  36261.0 
37318.0  36262.0 
37319.0  36263.0 
37320.0  36264.0 
37321.0  36265.0 
37322.0  36266.0 
37323.0  36267.0 
37324.0  36268.0 
37325.0  36269.0 
37326.0  36270.0 
37327.0  36271.0 
37328.0  36272.0 
37329.0  36273.0 
37330.0  36274.0 
37331.0  36275.0 
37332.0  36276.0 
37333.0  36277.0 
37334.0  36278.0 
37335.0  36279.0 
37336.0  36280.0 
37337.0  36281.0 
37338.0  36282.0 
37339.0  36283.0 
37340.0  36284.0 
37341.0  36285.0 
37342.0  36286.0 
37343.0  36287.0 
37344.0  36288.0 
37345.0  36289.0 
37346.0  36290.0 
37347.0  36291.0 
37348.0  36292.0 
37349.0  36293.0 
37350.0  36294.0 
37351.0  36295.0 
37352.0  36296.0 
37353.0  36297.0 
37354.0  36298.0 
37355.0  36299.0 
37356.0  36300.0 
37357.0  36301.0 
37358.0  36302.0 
37359.0  36303.0 
37360.0  36304.0 
37361.0  36305.0 
37362.0  36306.0 
37363.0  36307.0 
37364.0  36308.0 
37365.0  36309.0 
37366.0  36310.0 
37367.0  36311.0 
37368.0  36312.0 
37369.0  36313.0 
37370.0  36314.0 
37371.0  36315.0 
37372.0  36316.0 
37373.0  36317.0 
37374.0  36318.0 
37375.0  36319.0 
37376.0  36320.0 
37377.0  36321.0 
37378.0  36322.0 
37379.0  36323.0 
37380.0  36324.0 
37381.0  36325.0 
37382.0  36326.0 
37383.0  36327.0 
37384.0  36328.0 
37385.0  36329.0 
37386.0  36330.0 
37387.0  36331.0 
37388.0  36332.0 
37389.0  36333.0 
37390.0  36334.0 
37391.0  36335.0 
37392.0  36336.0 
37393.0  36337.0 
37394.0  36338.0 
37395.0  36339.0 
37396.0  36340.0 
37397.0  36341.0 
37398.0  36342.0 
37399.0  36343.0 
37400.0  36344.0 
37401.0  36345.0 
37402.1  37671.14 
37403.0  36347.0 
37404.0  36348.0 
37405.0  36349.0 
37406.0  36350.0 
37407.0  36351.0 
37408.0  36352.0 
37409.0  36353.0 
37410.0  36354.0 
37411.0  36355.0 
37412.0  36356.0 
37413.0  36357.0 
37414.0  36358.0 
37415.0  36359.0 
37416.0  36360.0 
37417.0  36361.0 
37418.0  36362.0 
37419.0  36363.0 
37420.0  36364.0 
37421.0  36365.0 
37422.0  36366.0 
37423.0  36367.0 
37424.0  36368.0 
37425.0  36369.0 
37426.0  36370.0 
37427.0  36371.0 
37428.0  36372.0 
37429.0  36373.0 
37430.0  36374.0 
37431.0  36375.0 
37432.0  36376.0 
37433.0  36377.0 
37434.0  36378.0 
37435.0  36379.0 
37436.0  36380.0 
37437.0  36381.0 
37438.0  36382.0 
37439.0  36383.0 
37440.0  36384.0 
37441.0  36385.0 
37442.0  36386.0 
37443.0  36387.0 
37444.0  36388.0 
37445.0  36389.0 
37446.0  36390.0 
37447.0  36391.0 
37448.0  36392.0 
37449.0  36393.0 
37450.0  36394.0 
37452.0  36396.0 
37453.0  36397.0 
37454.0  36398.0 
37455.0  36399.0 
37456.0  36400.0 
37457.0  36401.0 
37458.0  36402.0 
37459.0  36403.0 
37460.0  36404.0 
37461.0  36405.0 
37462.0  36406.0 
37463.0  36407.0 
37464.0  36408.0 
37465.0  36409.0 
37466.0  36410.0 
37467.0  36411.0 
37468.0  36412.0 
37469.0  36413.0 
37470.0  36414.0 
37471.0  36415.0 
37472.0  36416.0 
37473.0  36417.0 
37474.0  36418.0 
37475.0  36419.0 
37476.0  36420.0 
37477.0  36421.0 
37478.0  36422.0 
37479.0  36423.0 
37480.0  36424.0 
37481.0  36425.0 
37482.0  36426.0 
37483.0  36427.0 
37484.0  36428.0 
37485.0  36429.0 
37486.0  36430.0 
37487.0  36431.0 
37488.0  36432.0 
37489.0  36433.0 
37490.0  36434.0 
37491.0  36435.0 
37492.0  36436.0 
37493.0  36437.0 
37494.0  36438.0 
37495.0  36439.0 
37496.0  36440.0 
37497.0  36441.0 
37498.0  36442.0 
37499.0  36443.0 
37500.0  36444.0 
37501.0  36445.0 
37502.0  36446.0 
37503.0  36447.0 
37504.0  36448.0 
37505.0  36449.0 
37506.0  36450.0 
37507.0  36451.0 
37508.0  36452.0 
37509.0  36453.0 
37510.0  36454.0 
37511.0  36455.0 
37512.0  36456.0 
37513.0  36457.0 
37514.0  36458.0 
37515.0  36459.0 
37516.0  36460.0 
37517.0  36461.0 
37518.0  36462.0 
37519.0  36463.0 
37520.0  36464.0 
37521.0  36465.0 
37522.0  36466.0 
37523.0  36467.0 
37524.0  36468.0 
37525.0  36469.0 
37526.0  36470.0 
37527.0  36471.0 
37528.0  36472.0 
37529.0  36473.0 
37530.0  36474.0 
37531.0  36475.0 
37532.0  36476.0 
37533.0  36477.0 
37534.0  36478.0 
37535.0  36479.0 
37536.0  36480.0 
37537.0  36481.0 
37538.0  36482.0 
37539.0  36483.0 
37540.0  36484.0 
37541.0  36485.0 
37542.0  36486.0 
37543.0  36487.0 
37544.0  36488.0 
37545.0  36489.0 
37546.0  36490.0 
37547.0  36491.0 
37548.0  36492.0 
37549.0  36493.0 
37550.0  36494.0 
37551.0  36495.0 
37552.0  36496.0 
37553.0  36497.0 
37554.0  36498.0 
37555.0  36499.0 
37556.0  36500.0 
37557.0  36501.0 
37558.0  36502.0 
37559.0  36503.0 
37560.0  36504.0 
37561.0  36505.0 
37562.0  36506.0 
37563.0  36507.0 
37564.0  36508.0 
37565.0  36509.0 
37566.0  36510.0 
37567.1  37671.12 
37568.0  36512.0 
37569.0  36513.0 
37570.0  36514.0 
37571.0  36515.0 
37572.0  36516.0 
37573.0  36517.0 
37574.0  36518.0 
37575.0  36519.0 
37576.0  36520.0 
37577.0  36521.0 
37578.0  36522.0 
37579.0  36523.0 
37580.0  36524.0 
37581.0  36525.0 
37582.40  37671.13 
37582.40  36526.40 
37583.40  37671.13 
37583.40  36527.40 
37584.0  36528.0 
37585.0  36529.0 
37586.0  36530.0 
37587.0  36531.0 
37588.0  36532.0 
37589.0  36533.0 
37590.0  36534.0 
37591.0  36535.0 
37592.0  36536.0 
37593.0  36537.0 
37594.0  36538.0 
37595.0  36539.0 
37596.0  36540.0 
37597.0  36541.0 
37598.0  36542.0 
37599.0  36543.0 
37600.0  36544.0 
37601.0  36545.0 
37602.0  36546.0 
37603.0  36547.0 
37604.0  36548.0 
37605.1  37237.1 
37605.2  37237.2 
37605.3  37237.3 
37605.4  37237.7 
37605.5  37237.8 
37606.0  36550.0 
37607.0  36551.0 
37608.0  36552.0 
37609.0  36553.0 
37610.0  36554.0 
37611.0  36555.0 
37612.0  36556.0 
37613.0  36557.0 
37614.0  36558.0 
37615.0  36559.0 
37616.0  36560.0 
37617.0  36561.0 
37618.0  36562.0 
37619.0  36563.0 
37620.0  36564.0 
37621.1  37671.14 
37622.0  36566.0 
37623.80  37671.14 
37623.80  36567.80 
37623.81  37237.4 
37624.80  37671.14 
37624.80  36568.80 
37624.81  37237.6 
37625.0  36569.0 
37626.0  36570.0 
37627.0  36571.0 
37628.0  36572.0 
37629.0  36573.0 
37630.0  36574.0 
37631.0  36575.0 
37632.0  36576.0 
37633.0  36577.0 
37634.1  37672.1 
37634.2  37673.1 
37634.3  37674.1 
37635.0  36579.0 
37636.0  36580.0 
37637.0  36581.0 
37638.0  36582.0 
37639.0  36583.0 
37640.0  36584.0 
37641.0  36585.0 
37642.0  36586.0 
37643.40  36587.40 
37643.41  37237.5 
37644.0  36588.0 
37645.0  36589.0 
37646.0  36590.0 
37647.0  36591.0 
37648.94  37671.11 
37648.95  37671.13 
37648.95  36592.95 
37649.0  36593.0 
37651.1  37675.1 
37652.0  36596.0 
37653.0  36597.0 
37655.0  36599.0 
37656.0  36600.0 
37657.0  36601.0 
37658.0  36602.0 
37659.0  36603.0 
37660.0  36604.0 
37661.0  36605.0 
37662.0  36606.0 
37663.0  36607.0 
37664.0  36608.0 
37665.0  36609.0 
37666.1  37677.0 
37666.1  37220.0 
37666.1  37233.0 
37666.1  37224.0 
37666.1  37223.0 
37666.1  37229.0 
37666.1  37234.0 
37666.1  37235.0 
37666.1  37678.1 
37666.1  37679.1 
37666.1  37680.1 
37666.1  37681.1 
37666.1  37682.1 
37667.0  36611.0 
37668.1  37683.1 
37669.1  37684.1 
37670.1  37685.1 
37671.11  36641.0 
37671.12  36642.0 
37671.13  36592.94 
37671.14  37686.1 
37671.14  36181.14 
37672.1  37687.0 
37672.1  37220.0 
37672.1  37688.0 
37672.1  37689.0 
37672.1  37223.0 
37672.1  37690.0 
37672.1  37221.0 
37672.1  37691.0 
37672.1  37224.0 
37672.1  37226.0 
37672.1  37692.0 
37672.1  37229.0 
37672.1  37693.2 
37673.1  37695.0 
37673.1  37220.0 
37673.1  37688.0 
37673.1  37689.0 
37673.1  37221.0 
37673.1  37223.0 
37673.1  37690.0 
37673.1  37224.0 
37673.1  37691.0 
37673.1  37226.0 
37673.1  37696.0 
37673.1  37229.0 
37673.1  37634.1 
37674.1  37697.0 
37674.1  37220.0 
37674.1  37223.0 
37674.1  37634.2 
37675.1  37699.0 
37675.1  37220.0 
37675.1  37700.0 
37675.1  37223.0 
37675.1  37229.0 
37675.1  37235.0 
37675.1  37280.0 
37675.1  37701.1 
37675.1  37701.3 
37675.1  37701.4 
37675.1  37701.5 
37675.1  37701.6 
37675.1  37701.7 
37676.1  37232.0 
37676.1  37220.0 
37676.1  37223.0 
37677.0  36622.0 
37678.1  37702.1 
37679.1  37703.1 
37680.1  37704.1 
37681.1  37705.1 
37682.1  37706.1 
37683.1  37707.0 
37683.1  37220.0 
37683.1  37223.0 
37683.1  37229.0 
37684.1  37708.0 
37684.1  37220.0 
37684.1  37223.0 
37684.1  37229.0 
37685.1  37710.0 
37685.1  37220.0 
37685.1  37223.0 
37686.1  37671.11 
37687.0  36645.0 
37688.0  36646.0 
37689.0  36647.0 
37690.0  36648.0 
37691.0  36649.0 
37693.1  37711.1 
37693.2  37712.1 
37694.1  37714.0 
37694.1  37220.0 
37694.1  37233.0 
37694.1  37224.0 
37694.1  37223.0 
37694.1  37229.0 
37694.1  37234.0 
37694.1  37235.0 
37694.1  37285.0 
37694.1  37286.0 
37694.1  37287.0 
37694.1  37715.1 
37694.1  37716.1 
37694.2  37717.1 
37694.3  37718.1 
37695.0  36653.0 
37697.0  36655.0 
37698.1  37719.0 
37698.1  37220.0 
37698.1  37233.0 
37698.1  37224.0 
37698.1  37223.0 
37698.1  37229.0 
37698.1  37234.0 
37698.1  37235.0 
37699.0  36657.0 
37700.0  36658.0 
37701.1  37720.1 
37701.2  37720.2 
37701.3  37720.3 
37701.4  37720.4 
37701.5  37720.5 
37701.6  37720.6 
37701.7  37720.7 
37702.1  37708.0 
37702.1  37220.0 
37702.1  37223.0 
37702.1  37229.0 
37703.1  37707.0 
37703.1  37220.0 
37703.1  37223.0 
37703.1  37229.0 
37704.1  37721.0 
37704.1  37220.0 
37704.1  37223.0 
37704.1  37229.0 
37705.1  37721.0 
37705.1  37220.0 
37705.1  37223.0 
37705.1  37229.0 
37706.1  37721.0 
37706.1  37220.0 
37706.1  37223.0 
37706.1  37229.0 
37707.0  36665.0 
37708.0  36666.0 
37710.0  36668.0 
37711.1  37687.0 
37711.1  37220.0 
37711.1  37688.0 
37711.1  37689.0 
37711.1  37223.0 
37711.1  37690.0 
37711.1  37221.0 
37711.1  37691.0 
37711.1  37224.0 
37711.1  37226.0 
37711.1  37723.0 
37711.1  37229.0 
37711.1  37724.1 
37712.1  37695.0 
37712.1  37220.0 
37712.1  37688.0 
37712.1  37689.0 
37712.1  37221.0 
37712.1  37223.0 
37712.1  37690.0 
37712.1  37224.0 
37712.1  37691.0 
37712.1  37226.0 
37712.1  37726.0 
37712.1  37229.0 
37712.1  37693.1 
37713.1  37695.0 
37713.1  37220.0 
37713.1  37688.0 
37713.1  37689.0 
37713.1  37221.0 
37713.1  37223.0 
37713.1  37690.0 
37713.1  37224.0 
37713.1  37691.0 
37713.1  37226.0 
37713.1  37727.0 
37713.1  37229.0 
37714.0  36680.0 
37715.1  37728.0 
37716.1  37729.1 
37717.1  37730.1 
37718.1  37731.1 
37719.0  36685.0 
37720.1  37732.0 
37720.1  37220.0 
37720.1  37733.0 
37720.1  37224.0 
37720.1  37223.0 
37720.1  37734.0 
37720.1  37229.0 
37720.1  37735.0 
37720.1  37736.0 
37720.1  37234.0 
37720.1  37737.0 
37720.1  37738.0 
37720.1  37739.0 
37720.1  37235.0 
37720.1  37740.0 
37720.1  37741.0 
37720.1  37742.0 
37720.1  37743.0 
37720.1  37744.0 
37720.1  37745.0 
37720.1  37746.0 
37720.1  37747.0 
37720.1  37748.0 
37720.1  37749.0 
37720.1  37750.0 
37720.1  37751.0 
37720.1  37752.0 
37720.1  37753.0 
37720.1  37754.0 
37720.1  37755.0 
37720.1  37756.0 
37720.1  37757.0 
37720.1  37758.0 
37720.1  37759.0 
37720.1  37760.0 
37720.1  37761.0 
37720.1  37762.0 
37720.1  37763.0 
37720.1  37764.0 
37720.1  37765.0 
37720.1  37766.0 
37720.1  37767.0 
37720.1  37768.0 
37720.1  37769.0 
37720.1  37770.0 
37720.1  37771.0 
37720.1  37772.0 
37720.1  37773.0 
37720.1  37774.0 
37720.1  37775.0 
37720.1  37776.0 
37720.1  37777.0 
37720.1  37778.0 
37720.1  37779.0 
37720.1  37780.0 
37720.1  37781.0 
37720.1  37782.0 
37720.1  37783.0 
37720.1  37784.0 
37720.1  37785.0 
37720.1  37786.0 
37720.1  37787.0 
37720.1  37788.0 
37720.1  37789.0 
37720.1  37790.0 
37720.1  37791.0 
37720.1  37792.0 
37720.1  37793.0 
37720.1  37794.0 
37720.1  37795.0 
37720.1  37796.0 
37720.1  37797.0 
37720.1  37798.0 
37720.1  37799.0 
37720.1  37800.0 
37720.1  37801.0 
37720.1  37802.0 
37720.1  37803.0 
37720.1  37804.0 
37720.1  37805.0 
37720.1  37806.0 
37720.1  37807.0 
37720.1  37808.0 
37720.1  37809.0 
37720.1  37810.0 
37720.1  37811.0 
37720.2  37812.0 
37720.2  37813.0 
37720.2  37814.0 
37720.2  37815.0 
37720.2  37816.0 
37720.2  37817.0 
37720.2  37818.0 
37720.2  37819.0 
37720.2  37820.0 
37720.2  37821.0 
37720.2  37822.0 
37720.2  37823.0 
37720.2  37824.0 
37720.2  37825.0 
37720.2  37826.0 
37720.2  37827.0 
37720.2  37828.0 
37720.2  37829.0 
37720.2  37830.0 
37720.2  37831.0 
37720.2  37832.0 
37720.2  37833.0 
37720.2  37834.0 
37720.2  37835.0 
37720.2  37836.0 
37720.2  37837.0 
37720.2  37838.0 
37720.2  37839.0 
37720.2  37840.0 
37720.2  37841.0 
37720.2  37842.0 
37720.2  37843.0 
37720.2  37844.0 
37720.2  37845.0 
37720.2  37846.0 
37720.2  37847.0 
37720.2  37848.0 
37720.2  37849.0 
37720.2  37850.0 
37720.2  37851.0 
37720.2  37852.0 
37720.2  37853.0 
37720.2  37854.0 
37720.2  37855.0 
37720.2  37856.0 
37720.2  37857.0 
37720.2  37858.0 
37720.2  37859.0 
37720.2  37860.0 
37720.2  37861.0 
37720.2  37862.0 
37720.2  37863.0 
37720.2  37864.0 
37720.2  37865.0 
37720.2  37866.0 
37720.2  37867.0 
37720.2  37868.0 
37720.2  37869.0 
37720.2  37870.0 
37720.2  37871.0 
37720.2  37872.0 
37720.2  37873.0 
37720.2  37874.0 
37720.2  37875.0 
37720.2  37876.0 
37720.2  37877.0 
37720.2  37878.0 
37720.2  37879.0 
37720.2  37880.0 
37720.2  37881.0 
37720.2  37882.0 
37720.2  37883.0 
37720.2  37884.0 
37720.2  37885.0 
37720.2  37886.0 
37720.2  37887.0 
37720.2  37888.0 
37720.2  37889.0 
37720.2  37890.0 
37720.2  37891.0 
37720.2  37892.0 
37720.2  37893.0 
37720.2  37894.0 
37720.2  37895.0 
37720.3  37896.0 
37720.3  37897.0 
37720.3  37898.0 
37720.3  37899.0 
37720.3  37900.0 
37720.3  37901.0 
37720.3  37902.0 
37720.3  37903.0 
37720.3  37904.0 
37720.3  37905.0 
37720.3  37906.0 
37720.3  37907.0 
37720.3  37908.0 
37720.3  37909.0 
37720.3  37910.0 
37720.3  37911.0 
37720.3  37912.0 
37720.3  37913.0 
37720.3  37914.0 
37720.3  37915.0 
37720.3  37916.0 
37720.3  37917.0 
37720.3  37918.0 
37720.3  37919.0 
37720.3  37920.0 
37720.3  37921.0 
37720.3  37922.0 
37720.3  37923.0 
37720.3  37924.0 
37720.3  37925.0 
37720.3  37926.0 
37720.3  37927.0 
37720.3  37928.0 
37720.3  37929.0 
37720.3  37930.0 
37720.3  37931.0 
37720.3  37932.0 
37720.3  37933.0 
37720.3  37934.0 
37720.3  37935.0 
37720.3  37936.0 
37720.3  37937.0 
37720.3  37938.0 
37720.3  37939.0 
37720.3  37940.0 
37720.3  37941.0 
37720.3  37942.0 
37720.3  37943.0 
37720.3  37944.0 
37720.3  37945.0 
37720.3  37946.0 
37720.3  37947.0 
37720.3  37948.0 
37720.3  37949.0 
37720.3  37950.0 
37720.3  37951.0 
37720.3  37952.0 
37720.3  37953.0 
37720.3  37954.0 
37720.3  37955.0 
37720.3  37956.0 
37720.3  37957.0 
37720.3  37958.0 
37720.3  37959.0 
37720.3  37960.0 
37720.3  37961.0 
37720.3  37962.0 
37720.3  37963.0 
37720.3  37964.0 
37720.3  37965.0 
37720.4  37966.0 
37720.4  37967.0 
37720.4  37968.0 
37720.4  37969.0 
37720.4  37970.0 
37720.4  37971.0 
37720.4  37972.0 
37720.4  37973.0 
37720.4  37974.0 
37720.4  37975.0 
37720.4  37976.0 
37720.4  37977.0 
37720.4  37978.0 
37720.4  37979.0 
37720.4  37980.0 
37720.4  37981.0 
37720.4  37982.0 
37720.4  37983.0 
37720.4  37984.0 
37720.4  37985.0 
37720.4  37986.0 
37720.4  37987.0 
37720.4  37988.0 
37720.4  37989.0 
37720.4  37990.0 
37720.4  37991.0 
37720.4  37992.0 
37720.4  37993.0 
37720.4  37994.0 
37720.4  37995.0 
37720.4  37996.0 
37720.4  37997.0 
37720.4  37998.0 
37720.4  37999.0 
37720.4  38000.0 
37720.4  38001.0 
37720.4  38002.0 
37720.4  38003.0 
37720.4  38004.0 
37720.5  38005.0 
37720.5  38006.0 
37720.5  38007.0 
37720.5  38008.0 
37720.5  38009.0 
37720.5  38010.0 
37720.5  38011.0 
37720.5  38012.0 
37720.5  38013.0 
37720.5  38014.0 
37720.5  38015.0 
37720.5  38016.0 
37720.5  38017.0 
37720.5  38018.0 
37720.5  38019.0 
37720.5  38020.0 
37720.5  38021.0 
37720.5  38022.0 
37720.5  38023.0 
37720.5  38024.0 
37720.5  38025.0 
37720.5  38026.0 
37720.5  38027.0 
37720.5  38028.0 
37720.5  38029.0 
37720.5  38030.0 
37720.5  38031.0 
37720.5  38032.0 
37720.5  38033.0 
37720.5  38034.0 
37720.5  38035.0 
37720.5  38036.0 
37720.5  38037.0 
37720.5  38038.0 
37720.5  38039.0 
37720.5  38040.0 
37720.5  38041.0 
37720.5  38042.0 
37720.5  38043.0 
37720.5  38044.0 
37720.5  38045.0 
37720.5  38046.0 
37720.5  38047.0 
37720.5  38048.0 
37720.5  38049.0 
37720.5  38050.0 
37720.5  38051.0 
37720.5  38052.0 
37720.6  38053.0 
37720.6  38054.0 
37720.6  38055.0 
37720.6  38056.0 
37720.6  38057.0 
37720.6  38058.0 
37720.6  38059.0 
37720.6  38060.0 
37720.6  38061.0 
37720.6  38062.0 
37720.6  38063.0 
37720.6  38064.0 
37720.6  38065.0 
37720.6  38066.0 
37720.6  38067.0 
37720.6  38068.0 
37720.6  38069.0 
37720.6  38070.0 
37720.6  38071.0 
37720.6  38072.0 
37720.6  38073.0 
37720.6  38074.0 
37720.6  38075.0 
37720.6  38076.0 
37720.6  38077.0 
37720.6  38078.0 
37720.6  38079.0 
37720.6  38080.0 
37720.6  38081.0 
37720.6  38082.0 
37720.7  38083.0 
37720.7  38084.0 
37720.7  38085.0 
37720.7  38086.0 
37720.7  38087.0 
37720.7  38088.0 
37720.7  38089.0 
37720.7  38090.0 
37720.7  38091.0 
37720.7  38092.0 
37720.7  38093.0 
37720.7  38094.0 
37720.7  38095.0 
37720.7  38096.0 
37720.7  38097.0 
37720.7  38098.0 
37720.7  38099.0 
37720.7  38100.0 
37720.7  38101.0 
37720.7  38102.0 
37720.7  38103.0 
37720.7  38104.0 
37720.7  38105.0 
37720.7  38106.0 
37720.7  38107.0 
37720.7  38108.0 
37720.7  38109.0 
37720.7  38110.0 
37720.7  38111.0 
37720.7  38112.0 
37720.7  38113.0 
37720.7  38114.0 
37720.7  38115.0 
37720.7  38116.0 
37720.7  38117.0 
37720.7  38118.0 
37720.7  38119.0 
37720.7  38120.0 
37720.7  38121.0 
37720.7  38122.0 
37720.7  38123.0 
37720.7  38124.0 
37720.7  38125.0 
37720.7  38126.0 
37720.7  38127.0 
37720.7  38128.0 
37720.7  38129.0 
37721.0  36687.0 
37722.1  37126.0 
37722.1  36164.0 
37722.1  36177.0 
37722.1  36168.0 
37722.1  36167.0 
37722.1  36173.0 
37722.1  36178.0 
37722.1  36179.0 
37722.1  36229.0 
37722.1  36230.0 
37722.1  36231.0 
37722.1  38131.1 
37722.1  38132.1 
37722.1  36224.0 
37722.1  36236.0 
37722.1  38133.1 
37724.1  38134.1 
37725.1  36175.1 
37729.1  38136.0 
37729.1  37220.0 
37729.1  37223.0 
37729.1  37229.0 
37729.1  37235.0 
37729.1  38137.1 
37730.1  38136.0 
37730.1  37220.0 
37730.1  37223.0 
37730.1  37229.0 
37730.1  37235.0 
37730.1  38139.1 
37731.1  38136.0 
37731.1  37220.0 
37731.1  37223.0 
37731.1  37229.0 
37731.1  37235.0 
37731.1  38141.1 
37732.0  36713.0 
37733.0  36714.0 
37734.0  36715.0 
37736.0  36717.0 
37737.0  36718.0 
37738.0  36719.0 
37739.0  36720.0 
37740.0  36721.0 
37741.0  36722.0 
37742.0  36723.0 
37743.0  36724.0 
37744.0  36725.0 
37745.0  36726.0 
37746.0  36727.0 
37747.0  36728.0 
37748.0  36729.0 
37749.0  36730.0 
37750.0  36731.0 
37751.0  36732.0 
37752.0  36733.0 
37753.0  36734.0 
37754.0  36735.0 
37755.0  36736.0 
37756.0  36737.0 
37757.0  36738.0 
37758.0  36739.0 
37759.0  36740.0 
37760.0  36741.0 
37761.0  36742.0 
37762.0  36743.0 
37763.0  36744.0 
37764.0  36745.0 
37765.0  36746.0 
37766.0  36747.0 
37767.0  36748.0 
37768.0  36749.0 
37769.0  36750.0 
37770.0  36751.0 
37771.0  36752.0 
37772.0  36753.0 
37773.0  36754.0 
37774.0  36755.0 
37775.0  36756.0 
37776.0  36757.0 
37777.0  36758.0 
37778.0  36759.0 
37779.0  36760.0 
37780.0  36761.0 
37781.0  36762.0 
37782.0  36763.0 
37783.0  36764.0 
37784.0  36765.0 
37785.0  36766.0 
37786.0  36767.0 
37787.0  36768.0 
37788.0  36769.0 
37789.0  36770.0 
37790.0  36771.0 
37791.0  36772.0 
37792.0  36773.0 
37793.0  36774.0 
37794.0  36775.0 
37795.0  36776.0 
37796.0  36777.0 
37797.0  36778.0 
37798.0  36779.0 
37799.0  36780.0 
37800.0  36781.0 
37801.0  36782.0 
37802.0  36783.0 
37803.0  36784.0 
37804.0  36785.0 
37805.0  36786.0 
37806.0  36787.0 
37807.0  36788.0 
37808.0  36789.0 
37809.0  36790.0 
37810.0  36791.0 
37811.0  36792.0 
37812.0  36793.0 
37813.0  36794.0 
37814.0  36795.0 
37815.0  36796.0 
37816.0  36797.0 
37817.0  36798.0 
37818.0  36799.0 
37819.0  36800.0 
37820.0  36801.0 
37821.0  36802.0 
37822.0  36803.0 
37823.0  36804.0 
37824.0  36805.0 
37825.0  36806.0 
37826.0  36807.0 
37827.0  36808.0 
37828.0  36809.0 
37829.0  36810.0 
37830.0  36811.0 
37831.0  36812.0 
37832.0  36813.0 
37833.0  36814.0 
37834.0  36815.0 
37835.0  36816.0 
37836.0  36817.0 
37837.0  36818.0 
37838.0  36819.0 
37839.0  36820.0 
37840.0  36821.0 
37841.0  36822.0 
37842.0  36823.0 
37843.0  36824.0 
37844.0  36825.0 
37845.0  36826.0 
37846.0  36827.0 
37847.0  36828.0 
37848.0  36829.0 
37849.0  36830.0 
37850.0  36831.0 
37851.0  36832.0 
37852.0  36833.0 
37853.0  36834.0 
37854.0  36835.0 
37855.0  36836.0 
37856.0  36837.0 
37857.0  36838.0 
37858.0  36839.0 
37859.0  36840.0 
37860.0  36841.0 
37861.0  36842.0 
37862.0  36843.0 
37863.0  36844.0 
37864.0  36845.0 
37865.0  36846.0 
37866.0  36847.0 
37867.0  36848.0 
37868.0  36849.0 
37869.0  36850.0 
37870.0  36851.0 
37871.0  36852.0 
37872.0  36853.0 
37873.0  36854.0 
37874.0  36855.0 
37875.0  36856.0 
37876.0  36857.0 
37877.0  36858.0 
37878.0  36859.0 
37879.0  36860.0 
37880.0  36861.0 
37881.0  36862.0 
37882.0  36863.0 
37883.0  36864.0 
37884.0  36865.0 
37885.0  36866.0 
37886.0  36867.0 
37887.0  36868.0 
37888.0  36869.0 
37889.0  36870.0 
37890.0  36871.0 
37891.0  36872.0 
37892.0  36873.0 
37893.0  36874.0 
37894.0  36875.0 
37895.0  36876.0 
37896.0  36877.0 
37897.0  36878.0 
37898.0  36879.0 
37899.0  36880.0 
37900.0  36881.0 
37901.0  36882.0 
37902.0  36883.0 
37903.0  36884.0 
37904.0  36885.0 
37905.0  36886.0 
37906.0  36887.0 
37907.0  36888.0 
37908.0  36889.0 
37909.0  36890.0 
37910.0  36891.0 
37911.0  36892.0 
37912.0  36893.0 
37913.0  36894.0 
37914.0  36895.0 
37915.0  36896.0 
37916.0  36897.0 
37917.0  36898.0 
37918.0  36899.0 
37919.0  36900.0 
37920.0  36901.0 
37921.0  36902.0 
37922.0  36903.0 
37923.0  36904.0 
37924.0  36905.0 
37925.0  36906.0 
37926.0  36907.0 
37927.0  36908.0 
37928.0  36909.0 
37930.0  36911.0 
37931.0  36912.0 
37932.0  36913.0 
37933.0  36914.0 
37934.0  36915.0 
37935.0  36916.0 
37936.0  36917.0 
37937.0  36918.0 
37938.0  36919.0 
37939.0  36920.0 
37940.0  36921.0 
37941.0  36922.0 
37942.0  36923.0 
37943.0  36924.0 
37944.0  36925.0 
37945.0  36926.0 
37946.0  36927.0 
37947.0  36928.0 
37948.0  36929.0 
37949.0  36930.0 
37950.0  36931.0 
37951.0  36932.0 
37952.0  36933.0 
37953.0  36934.0 
37954.0  36935.0 
37955.0  36936.0 
37956.0  36937.0 
37957.0  36938.0 
37958.0  36939.0 
37959.0  36940.0 
37960.0  36941.0 
37961.0  36942.0 
37962.0  36943.0 
37963.0  36944.0 
37964.0  36945.0 
37965.0  36946.0 
37966.0  36947.0 
37967.0  36948.0 
37968.0  36949.0 
37969.0  36950.0 
37970.0  36951.0 
37971.0  36952.0 
37972.0  36953.0 
37973.0  36954.0 
37974.0  36955.0 
37975.0  36956.0 
37976.0  36957.0 
37977.0  36958.0 
37978.0  36959.0 
37979.0  36960.0 
37980.0  36961.0 
37981.0  36962.0 
37982.0  36963.0 
37983.0  36964.0 
37984.0  36965.0 
37985.0  36966.0 
37986.0  36967.0 
37987.0  36968.0 
37988.0  36969.0 
37989.0  36970.0 
37990.0  36971.0 
37991.0  36972.0 
37992.0  36973.0 
37993.0  36974.0 
37994.0  36975.0 
37995.0  36976.0 
37996.0  36977.0 
37997.0  36978.0 
37998.0  36979.0 
37999.0  36980.0 
38000.0  36981.0 
38001.0  36982.0 
38002.0  36983.0 
38003.0  36984.0 
38004.0  36985.0 
38005.0  36986.0 
38006.0  36987.0 
38007.0  36988.0 
38008.0  36989.0 
38009.0  36990.0 
38010.0  36991.0 
38011.0  36992.0 
38012.0  36993.0 
38013.0  36994.0 
38014.0  36995.0 
38015.0  36996.0 
38016.0  36997.0 
38017.0  36998.0 
38018.0  36999.0 
38019.0  37000.0 
38020.0  37001.0 
38021.0  37002.0 
38022.0  37003.0 
38023.0  37004.0 
38024.0  37005.0 
38025.0  37006.0 
38026.0  37007.0 
38027.0  37008.0 
38028.0  37009.0 
38029.0  37010.0 
38030.0  37011.0 
38031.0  37012.0 
38032.0  37013.0 
38033.0  37014.0 
38034.0  37015.0 
38035.0  37016.0 
38036.0  37017.0 
38037.0  37018.0 
38038.0  37019.0 
38039.0  37020.0 
38040.0  37021.0 
38041.0  37022.0 
38042.0  37023.0 
38043.0  37024.0 
38044.0  37025.0 
38045.0  37026.0 
38046.0  37027.0 
38047.0  37028.0 
38048.0  37029.0 
38049.0  37030.0 
38050.0  37031.0 
38051.0  37032.0 
38052.0  37033.0 
38053.0  37034.0 
38054.0  37035.0 
38055.0  37036.0 
38056.0  37037.0 
38057.0  37038.0 
38058.0  37039.0 
38059.0  37040.0 
38060.0  37041.0 
38061.0  37042.0 
38062.0  37043.0 
38063.0  37044.0 
38064.0  37045.0 
38065.0  37046.0 
38066.0  37047.0 
38067.0  37048.0 
38068.0  37049.0 
38069.0  37050.0 
38070.0  37051.0 
38071.0  37052.0 
38072.0  37053.0 
38073.0  37054.0 
38074.0  37055.0 
38075.0  37056.0 
38076.0  37057.0 
38077.0  37058.0 
38078.0  37059.0 
38079.0  37060.0 
38080.0  37061.0 
38081.0  37062.0 
38082.0  37063.0 
38083.0  37064.0 
38084.0  37065.0 
38085.0  37066.0 
38086.0  37067.0 
38087.0  37068.0 
38088.0  37069.0 
38089.0  37070.0 
38090.0  37071.0 
38091.0  37072.0 
38092.0  37073.0 
38093.0  37074.0 
38094.0  37075.0 
38095.0  37076.0 
38096.0  37077.0 
38097.0  37078.0 
38098.0  37079.0 
38099.0  37080.0 
38100.0  37081.0 
38130.1  36645.0 
38130.1  36164.0 
38130.1  36646.0 
38130.1  36647.0 
38130.1  36167.0 
38130.1  36648.0 
38130.1  36165.0 
38130.1  36649.0 
38130.1  36168.0 
38130.1  36170.0 
38130.1  38142.0 
38130.1  36173.0 
38130.1  36578.3 
38131.1  38143.1 
38132.1  38144.1 
38133.1  38145.1 
38134.1  37183.0 
38134.1  36164.0 
38134.1  36167.0 
38134.1  38146.3 
38136.0  37132.0 
38137.1  38147.0 
38139.1  38148.0 
38141.1  38149.0 
38143.1  37132.0 
38143.1  36164.0 
38143.1  36167.0 
38143.1  36173.0 
38143.1  36179.0 
38143.1  38151.1 
38144.1  37200.0 
38144.1  36164.0 
38144.1  36167.0 
38144.1  36173.0 
38144.1  37201.42 
38145.1  37200.0 
38145.1  36164.0 
38145.1  36167.0 
38145.1  36173.0 
38145.1  37202.7 
38146.3  36578.3 
38151.1  38152.0 
37237.10  38154.0 
38154.0  33788.0 
37217.0  37218.0 
37218.0  37231.0 
37237.0  37238.0 
37238.0  37666.0 
37666.0  37676.0 
37672.0  37231.0 
37673.0  37694.0 
37674.0  37694.0 
37675.0  37698.0 
37676.0  37231.0 
37683.0  37238.0 
37684.0  37238.0 
37685.0  37709.0 
37694.0  37713.0 
37698.0  37237.0 
37702.0  37666.0 
37703.0  37666.0 
37704.0  37666.0 
37705.0  37666.0 
37706.0  37666.0 
37709.0  37238.0 
37711.0  37722.0 
37712.0  37725.0 
37713.0  37231.0 
37720.0  37698.0 
37722.0  38130.0 
37728.0  37694.0 
37729.0  38135.0 
37730.0  38138.0 
37731.0  38140.0 
38130.0  37725.0 
38134.0  37722.0 
38135.0  37694.0 
38138.0  37694.0 
38140.0  37694.0 
38143.0  38150.0 
38144.0  37722.0 
38145.0  37722.0 
38147.0  38135.0 
38148.0  38138.0 
38149.0  38140.0 
38150.0  37722.0 
38152.0  38150.0 
37236.1  37237.9 
38153.1  37237.10 
38155.1  37237.10 
