1 21.125
2 1.75
3 13
4 12.375
5 13
6 1.75
7 2.375
8 1.75
9 23
10 1.75
11 1.75
12 55.5
13 1.75
14 1.75
15 1.75
16 1.75
17 1.75
18 1.75
19 56.125
20 1.75
21 1.75
22 2.375
23 1.75
24 3.625
25 3.625
26 3
27 2.375
28 4.875
29 4.25
30 4.875
31 4.875
32 4.875
33 4.875
34 4.875
35 4.875
36 4.875
37 4.875
38 4.875
39 4.875
40 4.875
41 4.875
42 4.875
43 4.875
44 4.875
45 4.875
46 4.875
47 1.75
48 3
49 1.75
50 1.75
51 1.75
52 3
53 2.375
54 3
55 3
56 3.625
57 3
58 13
59 1.75
60 13
61 1.75
62 3
63 23.625
64 1.75
65 1.75
66 1.75
67 24.875
68 1.75
69 24.25
70 24.875
71 24.25
72 24.875
73 24.25
74 1.75
75 24.875
76 24.25
77 24.875
78 1.75
79 24.875
80 24.25
81 24.875
82 24.25
83 1.75
84 24.875
85 24.25
86 24.875
87 24.25
88 1.75
89 24.875
90 24.25
91 24.875
92 1.75
93 24.875
94 24.25
95 24.875
96 1.75
97 24.25
98 24.875
99 24.25
100 24.875
101 24.25
102 1.75
103 24.875
104 24.25
105 24.875
106 24.25
107 1.75
108 24.875
109 24.25
110 24.875
111 24.25
112 1.75
113 24.875
114 24.25
115 24.875
116 1.75
117 24.875
118 24.25
119 24.875
120 1.75
121 24.875
122 24.25
123 24.875
124 24.25
125 1.75
126 24.25
127 24.875
128 24.25
129 24.875
130 1.75
131 24.875
132 24.25
133 24.875
134 24.25
135 1.75
136 24.875
137 24.25
138 24.875
139 1.75
140 24.875
141 24.25
142 24.875
143 24.25
144 24.25
145 24.25
146 24.25
147 24.25
148 24.25
149 24.25
150 24.25
151 24.25
152 24.25
153 24.25
154 24.25
155 24.25
156 24.25
157 24.25
158 24.25
159 24.25
160 24.25
161 24.25
162 24.25
163 1.75
164 1.75
165 24.25
166 24.25
167 24.25
168 24.25
169 24.25
170 24.25
171 24.25
172 24.25
173 12.375
174 11.75
175 3.625
176 12.375
177 1.75
178 1.75
179 24.25
180 1.75
181 24.25
182 1.75
183 24.25
184 1.75
185 24.25
186 24.25
187 25.5
188 24.25
189 24.25
190 1.75
191 1.75
192 1.75
193 26.125
194 1.75
195 1.75
196 12.375
197 1.75
198 1.75
199 12.375
200 12.375
201 12.375
202 12.375
203 12.375
204 12.375
205 12.375
206 12.375
207 1.75
208 3.625
209 3.625
210 3.625
211 3.625
212 4.25
213 1.75
214 1.75
215 3.625
216 3.625
217 3.625
218 3.625
219 12.375
220 1.75
221 4.875
222 4.25
223 24.25
224 1.75
225 1.75
226 24.25
227 1.75
228 1.75
229 1.75
230 3
231 2.375
232 6.75
233 1.75
234 1.75
235 7.375
236 7.375
237 7.375
238 7.375
239 3.625
240 7.375
241 7.375
242 7.375
243 12.375
244 7.375
245 1.75
246 12.375
247 1.75
248 1.75
249 1.75
250 12.375
251 12.375
252 3.625
253 3
254 1.75
255 1.75
256 4.875
257 4.875
258 4.875
259 4.875
260 4.875
261 13
262 1.75
263 13
264 13
265 1.75
266 19.25
267 18.625
268 24.25
269 1.75
270 24.25
271 24.25
272 24.25
273 24.25
274 24.25
275 1.75
276 24.25
277 3.625
278 13
279 12.375
280 3
281 1.75
282 12.375
283 1.75
284 1.75
285 1.75
286 1.75
287 1.75
288 3.625
289 6.125
290 3.625
291 6.125
292 3.625
293 6.125
294 3.625
295 6.125
296 2.375
297 1.75
298 3.625
299 6.125
300 3.625
301 6.125
302 3.625
303 6.125
304 3.625
305 6.125
306 21.75
307 3
308 3
309 4.875
310 1.75
311 3.625
312 23
313 1.75
314 24.25
315 1.75
316 23.625
317 24.25
318 23.625
319 24.25
320 23.625
321 24.25
322 23.625
323 24.25
324 13
325 1.75
326 23.625
327 24.25
328 23.625
329 24.25
330 24.25
331 23.625
332 24.25
333 23.625
334 24.25
335 23.625
336 24.25
337 23.625
338 24.25
339 23.625
340 24.25
341 23.625
342 13.625
343 13
344 26.125
345 1.75
346 1.75
347 1.75
348 1.75
349 1.75
350 1.75
351 1.75
352 1.75
353 1.75
354 1.75
355 1.75
356 1.75
357 1.75
358 1.75
359 1.75
360 21.75
361 21.125
362 1.75
363 32.375
364 31.75
365 63.625
366 1.75
367 23.625
368 24.25
369 23.625
370 24.25
371 23.625
372 24.25
373 23.625
374 24.25
375 24.25
376 23.625
377 24.25
378 1.75
379 24.25
380 23.625
381 24.25
382 24.25
383 23.625
384 24.25
385 35.5
386 34.875
387 24.25
388 69.875
389 23.625
390 24.25
391 23.625
392 24.25
393 23.625
394 24.25
395 23.625
396 24.25
397 23.625
398 24.25
399 23.625
400 24.25
401 23.625
402 24.25
403 23.625
404 24.25
405 23.625
406 24.25
407 24.25
408 23.625
409 24.25
410 1.75
411 24.25
412 23.625
413 24.25
414 23.625
415 1.75
416 23.625
417 24.25
418 23.625
419 24.25
420 1.75
421 24.25
422 23.625
423 24.25
424 1.75
425 24.25
426 23.625
427 24.25
428 1.75
429 24.25
430 23.625
431 24.25
432 14.25
433 13.625
434 27.375
435 33
436 1.75
437 1.75
438 13.625
439 33
440 32.375
441 64.875
442 1.75
443 1.75
444 21.75
445 1.75
446 23.625
447 23.625
448 23.625
449 23.625
450 14.25
451 13.625
452 8
453 1.75
454 1.75
455 14.25
456 1.75
457 1.75
458 1.75
459 14.25
460 1.75
461 1.75
462 14.25
463 1.75
464 1.75
465 1.75
466 14.25
467 1.75
468 1.75
469 14.25
470 1.75
471 1.75
472 1.75
473 14.25
474 1.75
475 1.75
476 14.25
477 1.75
478 1.75
479 1.75
480 14.25
481 1.75
482 1.75
483 14.25
484 1.75
485 1.75
486 1.75
487 1.75
488 23.625
489 1.75
490 23.625
491 1.75
492 23.625
493 1.75
494 23.625
495 23.625
496 23.625
497 1.75
498 23.625
499 23.625
500 23.625
501 1.75
502 13
503 13
504 1.75
505 6.75
506 6.125
507 1.75
508 1.75
509 6.75
510 1.75
511 6.125
512 5.5
513 5.5
514 1.75
515 1.75
516 6.125
517 1.75
518 1.75
519 1.75
520 1.75
521 4.875
522 1.75
523 4.875
524 24.25
525 2.375
526 5.5
527 1.75
528 1.75
529 1.75
530 1.75
531 6.75
532 6.125
533 6.75
534 6.125
535 6.75
536 1.75
537 1.75
538 1.75
539 6.125
540 6.125
541 6.125
542 6.125
543 32.375
544 1.75
545 1.75
546 11.75
547 21.75
548 1.75
549 33
550 12.375
551 33.625
552 21.75
553 1.75
554 14.25
555 12.375
556 1.75
557 1.75
558 12.375
559 1.75
560 1.75
561 21.75
562 1.75
563 1.75
564 1.75
565 1.75
566 1.75
567 1.75
568 1.75
569 1.75
570 1.75
571 1.75
572 1.75
573 1.75
574 1.75
575 21.75
576 1.75
577 14.25
578 35.5
579 32.375
580 31.75
581 63.625
582 1.75
583 1.75
584 1.75
585 1.75
586 1.75
587 1.75
588 1.75
589 1.75
590 1.75
591 1.75
592 1.75
593 1.75
594 1.75
595 31.75
596 1.75
597 1.75
598 21.75
599 1.75
600 13.625
601 1.75
602 1.75
603 21.75
604 1.75
605 1.75
606 1.75
607 13
608 1.75
609 33.625
610 1.75
611 1.75
612 1.75
613 1.75
614 21.75
615 1.75
616 1.75
617 1.75
618 21.75
619 1.75
620 32.375
621 32.375
622 1.75
623 1.75
624 21.75
625 1.75
626 21.75
627 1.75
628 1.75
629 21.75
630 21.75
631 35.5
632 3.625
633 3.625
634 28.625
635 28
636 56.125
637 21.75
638 1.75
639 1.75
640 1.75
641 1.75
642 21.75
643 21.75
644 21.75
645 3
646 2.375
647 4.875
648 21.75
649 1.75
650 1.75
651 1.75
652 1.75
653 1.75
654 1.75
655 1.75
656 1.75
657 1.75
658 1.75
659 13
660 1.75
661 13
662 13
663 1.75
664 3.625
665 13
666 13
667 1.75
668 3.625
669 3.625
670 3.625
671 3.625
672 3.625
673 3.625
674 3.625
675 3.625
676 3.625
677 3.625
678 3.625
679 3.625
680 3.625
681 3.625
682 3.625
683 3.625
684 3.625
685 3.625
686 3.625
687 3.625
688 3.625
689 3.625
690 3.625
691 3.625
692 3.625
693 3.625
694 3.625
695 3.625
696 3.625
697 3.625
698 3.625
699 13
700 1.75
701 13
702 13
703 1.75
704 56.125
705 1.75
706 1.75
707 56.125
708 1.75
709 1.75
710 1.75
711 1.75
712 1.75
713 56.125
714 1.75
715 1.75
716 1.75
717 1.75
718 1.75
719 56.125
720 1.75
721 1.75
722 23.625
723 31.125
724 30.5
725 1.75
726 1.75
727 31.125
728 1.75
729 1.75
730 31.125
731 1.75
732 1.75
733 31.125
734 1.75
735 1.75
736 31.125
737 23.625
738 7.375
739 7.375
740 1.75
741 1.75
742 7.375
743 7.375
744 12.375
745 1.75
746 1.75
747 12.375
748 1.75
749 1.75
750 1.75
751 6.75
752 1.75
753 1.75
754 6.75
755 1.75
756 6.75
757 1.75
758 6.125
759 1.75
760 1.75
761 6.125
762 1.75
763 6.125
764 1.75
765 1.75
766 1.75
767 1.75
768 1.75
769 4.875
770 4.875
771 4.875
772 1.75
773 1.75
774 1.75
775 1.75
776 1.75
777 1.75
778 1.75
779 1.75
780 7.375
781 7.375
782 7.375
783 7.375
784 1.75
785 1.75
786 1.75
787 1.75
788 1.75
789 1.75
790 13
791 12.375
792 24.875
793 21.75
794 13
795 1.75
796 1.75
797 13
798 21.75
799 1.75
800 4.875
801 4.25
802 8.625
803 1.75
804 9.875
805 1.75
806 11.75
807 11.125
808 22.375
809 13.625
810 11.125
811 1.75
812 1.75
813 14.25
814 13.625
815 27.375
816 21.75
817 1.75
818 10.5
819 1.75
820 1.75
821 1.75
822 21.75
823 1.75
824 14.25
825 1.75
826 13
827 12.375
828 24.875
829 14.25
830 13.625
831 27.375
832 21.75
833 1.75
834 1.75
835 14.25
836 14.25
837 13.625
838 27.375
839 1.75
840 1.75
841 14.25
842 21.75
843 1.75
844 1.75
845 21.75
846 1.75
847 1.75
848 14.25
849 21.75
850 1.75
851 1.75
852 13
853 21.75
854 1.75
855 1.75
856 14.25
857 1.75
858 1.75
859 21.75
860 1.75
861 1.75
862 21.75
863 1.75
864 14.25
865 14.25
866 21.75
867 1.75
868 1.75
869 1.75
870 1.75
871 14.25
872 21.75
873 1.75
874 1.75
875 21.75
876 14.25
877 1.75
878 1.75
879 8.625
880 8
881 16.125
882 14.25
883 21.75
884 1.75
885 14.25
886 14.25
887 14.25
888 14.25
889 14.25
890 14.25
891 1.75
892 21.75
893 1.75
894 1.75
895 1.75
896 1.75
897 13
898 1.75
899 1.75
900 1.75
901 13
902 11.75
903 11.125
904 22.375
905 21.75
906 1.75
907 1.75
908 14.25
909 1.75
910 1.75
911 21.75
912 1.75
913 1.75
914 1.75
915 21.75
916 21.75
917 3.625
918 13
919 13
920 1.75
921 3.625
922 3.625
923 3.625
924 3.625
925 3.625
926 3.625
927 3.625
928 3.625
929 3.625
930 3.625
931 3.625
932 3.625
933 3.625
934 3.625
935 3.625
936 13
937 1.75
938 13
939 13
940 1.75
941 13
942 1.75
943 56.125
944 1.75
945 1.75
946 1.75
947 56.125
948 1.75
949 1.75
950 56.125
951 1.75
952 1.75
953 56.125
954 1.75
955 1.75
956 1.75
957 1.75
958 56.125
959 1.75
960 1.75
961 3.625
962 3.625
963 3.625
964 3
965 2.375
966 1.75
967 1.75
968 1.75
969 1.75
970 31.125
971 1.75
972 1.75
973 31.125
974 1.75
975 1.75
976 31.125
977 56.125
978 1.75
979 1.75
980 56.125
981 1.75
982 1.75
983 56.125
984 1.75
985 1.75
986 56.125
987 1.75
988 1.75
989 1.75
990 14.25
991 14.25
992 14.25
993 14.25
994 14.25
995 1.75
996 1.75
997 3
998 1.75
999 1.75
1000 31.125
1001 1.75
1002 1.75
1003 31.125
1004 1.75
1005 1.75
1006 31.125
1007 1.75
1008 1.75
1009 31.125
1010 1.75
1011 56.125
1012 1.75
1013 1.75
1014 1.75
1015 56.125
1016 1.75
1017 1.75
1018 56.125
1019 1.75
1020 1.75
1021 56.125
1022 1.75
1023 1.75
1024 1.75
1025 1.75
1026 56.125
1027 1.75
1028 1.75
1029 3.625
1030 3.625
1031 1.75
1032 1.75
1033 56.125
1034 1.75
1035 1.75
1036 56.125
1037 1.75
1038 1.75
1039 56.125
1040 1.75
1041 1.75
1042 56.125
1043 1.75
1044 1.75
1045 1.75
1046 2.375
1047 1.75
1048 1.75
1049 4.25
1050 1.75
1051 1.75
1052 4.875
1053 31.125
1054 1.75
1055 1.75
1056 31.125
1057 1.75
1058 1.75
1059 31.125
1060 1.75
1061 1.75
1062 31.125
1063 1.75
1064 1.75
1065 31.125
1066 1.75
1067 2.375
1068 4.875
1069 4.875
1070 4.875
1071 4.875
1072 5.5
1073 4.25
1074 3.625
1075 1.75
1076 4.25
1077 1.75
1078 14.25
1079 14.25
1080 14.25
1081 14.25
1082 14.25
1083 1.75
1084 1.75
1085 1.75
1086 21.75
1087 1.75
1088 19.25
1089 1.75
1090 1.75
1091 1.75
1092 1.75
1093 4.875
1094 1.75
1095 56.125
1096 1.75
1097 1.75
1098 2.375
1099 1.75
1100 56.125
1101 1.75
1102 1.75
1103 56.125
1104 1.75
1105 1.75
1106 56.125
1107 1.75
1108 1.75
1109 1.75
1110 1.75
1111 3.625
1112 3.625
1113 56.125
1114 1.75
1115 1.75
1116 3.625
1117 2.375
1118 1.75
1119 1.75
1120 1.75
1121 1.75
1122 31.125
1123 1.75
1124 1.75
1125 31.125
1126 1.75
1127 1.75
1128 31.125
1129 1.75
1130 1.75
1131 31.125
1132 1.75
1133 1.75
1134 31.125
1135 1.75
1136 31.125
1137 1.75
1138 1.75
1139 31.125
1140 1.75
1141 1.75
1142 31.125
1143 1.75
1144 1.75
1145 31.125
1146 1.75
1147 1.75
1148 31.125
1149 56.125
1150 1.75
1151 1.75
1152 56.125
1153 1.75
1154 1.75
1155 56.125
1156 1.75
1157 1.75
1158 56.125
1159 1.75
1160 1.75
1161 1.75
1162 14.25
1163 14.25
1164 14.25
1165 14.25
1166 14.25
1167 1.75
1168 1.75
1169 3
1170 1.75
1171 56.125
1172 1.75
1173 1.75
1174 2.375
1175 1.75
1176 1.75
1177 56.125
1178 1.75
1179 1.75
1180 56.125
1181 1.75
1182 1.75
1183 56.125
1184 1.75
1185 1.75
1186 1.75
1187 1.75
1188 3.625
1189 3.625
1190 56.125
1191 1.75
1192 1.75
1193 1.75
1194 1.75
1195 9.875
1196 9.25
1197 18.625
1198 1.75
1199 1.75
1200 3.625
1201 3.625
1202 13
1203 13
1204 1.75
1205 1.75
1206 9.875
1207 21.75
1208 1.75
1209 1.75
