1018
0
0
0
0
0
0
0
0
0
0
0
0
0
0
0
816
875
883
872
866
862
892
859
905
853
911
915
849
916
845
842
551
550
454
5415
2576
5942
3250
2545
4078
4733
4737
2286
2589
1752
5958
2986
317
329
330
332
334
326
328
331
333
335
324
315
325
311
0
0
609
435
477
610
612
647
689
601
655
623
602
436
470
437
2813
2811
1190
12
1209
1210
1157
1012
1013
1101
1102
1104
1105
1107
1108
1114
1115
1150
155
156
157
167
411
185
186
188
189
372
274
360
278
279
251
246
730
733
790
791
744
747
742
743
781
780
749
789
788
786
785
784
631
386
634
632
359
653
606
605
560
559
538
537
536
345
356
355
276
63
62
65
163
178
184
227
228
229
269
64
0
0
0
0
323
327
398
318
357
2642
2644
2670
2686
2688
2720
2722
2752
2754
0
0
321
322
371
1206
930
932
933
479
873
424
2640
2871
2652
2654
2678
2699
223
243
240
232
222
252
245
0
0
0
0
0
0
0
0
0
1148
724
1008
1147
1143
1129
1127
1126
1124
1123
1121
1120
735
1007
1005
1004
379
378
381
380
391
0
0
0
0
0
0
0
0
0
0
0
319
2639
2641
2643
2645
2646
2647
2648
2649
2650
2651
0
0
0
0
0
320
369
607
1195
782
783
763
770
695
688
669
673
672
1111
633
670
549
440
502
443
628
657
453
456
458
0
0
0
0
0
0
0
722
9
50
1168
1119
1099
989
969
968
956
946
942
51
1674
1454
1467
950
953
787
951
802
801
1112
964
965
803
805
1118
0
0
0
0
543
364
546
544
611
656
0
0
0
0
0
0
0
0
0
0
266
267
572
593
773
775
777
0
0
0
0
0
0
0
0
0
620
580
613
650
583
2807
2809
0
0
0
0
0
0
0
0
0
958
961
957
959
22
23
0
0
0
0
0
0
0
0
0
0
976
975
1133
1135
1137
1138
1140
1141
0
0
0
0
0
0
0
0
417
418
415
419
421
422
473
797
699
701
702
659
666
661
662
665
808
813
809
806
807
810
811
0
0
0
0
0
0
0
0
0
1149
1139
1203
1202
1196
1188
1201
1174
1144
1208
1205
1204
1194
1193
1187
1186
1018
0
0
0
0
0
0
0
0
0
0
0
0
0
0
0
816
875
883
872
866
862
892
859
905
853
911
915
849
916
845
842
551
550
454
5415
2576
5942
3250
2545
4078
4733
4737
2286
2589
1752
5958
2986
317
329
330
332
334
326
328
331
333
335
324
315
325
311
0
0
609
435
477
610
612
647
689
601
655
623
602
436
470
437
2813
2811
1190
12
1209
1210
1157
1012
1013
1101
1102
1104
1105
1107
1108
1114
1115
1150
155
156
157
167
411
185
186
188
189
372
274
360
278
279
251
246
730
733
790
791
744
747
742
743
781
780
749
789
788
786
785
784
631
386
634
632
359
653
606
605
560
559
538
537
536
345
356
355
276
63
62
65
163
178
184
227
228
229
269
64
0
0
0
0
323
327
398
318
357
2642
2644
2670
2686
2688
2720
2722
2752
2754
0
0
321
322
371
1206
930
932
933
479
873
424
2640
2871
2652
2654
2678
2699
223
243
240
232
222
252
245
0
0
0
0
0
0
0
0
0
1148
724
1008
1147
1143
1129
1127
1126
1124
1123
1121
1120
735
1007
1005
1004
379
378
381
380
391
0
0
0
0
0
0
0
0
0
0
0
319
2639
2641
2643
2645
2646
2647
2648
2649
2650
2651
0
0
0
0
0
320
369
607
1195
782
783
763
770
695
688
669
673
672
1111
633
670
549
440
502
443
628
657
453
456
458
0
0
0
0
0
0
0
722
9
50
1168
1119
1099
989
969
968
956
946
942
51
1674
1454
1467
950
953
787
951
802
801
1112
964
965
803
805
1118
0
0
0
0
543
364
546
544
611
656
0
0
0
0
0
0
0
0
0
0
266
267
572
593
773
775
777
0
0
0
0
0
0
0
0
0
620
580
613
650
583
2807
2809
0
0
0
0
0
0
0
0
0
958
961
957
959
22
23
0
0
0
0
0
0
0
0
0
0
976
975
1133
1135
1137
1138
1140
1141
0
0
0
0
0
0
0
0
417
418
415
419
421
422
473
797
699
701
702
659
666
661
662
665
808
813
809
806
807
810
811
0
0
0
0
0
0
0
0
0
1149
1139
1203
1202
1196
1188
1201
1174
1144
1208
1205
1204
1194
1193
1187
1186
