2  1
4  3
4  5
4  6
6  4
8  7
8  7
8  7
8  7
8  7
8  7
8  7
8  7
8  7
8  7
8  7
8  7
8  7
8  7
8  7
8  7
8  7
8  7
8  7
8  7
8  7
8  7
8  7
8  7
10  9
9  11
13  12
13  12
13  12
13  12
13  12
14  12
14  12
14  12
14  12
14  12
14  12
15  12
15  12
15  12
15  12
15  12
15  12
15  12
16  12
16  12
16  12
16  12
16  12
16  12
16  12
16  12
17  12
17  12
17  12
18  12
18  12
18  12
18  12
18  12
12  19
20  12
21  12
23  22
22  24
23  22
23  24
23  22
23  22
22  25
23  22
23  25
23  22
8  7
8  7
8  7
8  7
8  7
8  7
8  7
8  7
8  7
8  7
8  7
8  7
27  26
29  28
29  30
29  28
29  31
29  32
29  33
29  28
29  34
29  28
29  35
29  28
29  36
29  37
29  28
29  38
29  32
29  39
29  28
29  40
29  28
29  41
29  32
29  42
29  28
29  43
29  44
29  45
29  32
29  46
47  27
49  48
49  48
49  48
49  48
49  48
49  48
15  48
15  48
15  48
15  48
15  48
11  9
9  50
50  9
9  51
53  52
53  54
53  55
57  56
4  58
59  4
4  60
4  61
61  4
53  62
62  63
64  63
65  63
66  63
63  67
66  63
66  67
66  63
68  63
68  63
63  69
63  70
68  63
68  70
63  71
63  72
68  63
68  72
63  73
68  63
74  63
74  63
63  75
74  63
74  75
63  76
63  77
74  63
74  77
74  63
78  63
78  63
63  79
78  63
78  79
63  80
63  81
78  63
78  81
63  82
78  63
83  63
83  63
63  84
83  63
83  84
63  85
63  86
83  63
83  86
63  87
83  63
88  63
88  63
63  89
88  63
88  89
63  90
63  91
88  63
88  91
88  63
92  63
92  63
63  93
92  63
92  93
63  94
63  95
92  63
92  95
92  63
96  63
96  63
63  97
63  98
96  63
96  98
63  99
63  100
96  63
96  100
63  101
96  63
102  63
102  63
63  103
102  63
102  103
63  104
63  105
102  63
102  105
63  106
102  63
107  63
107  63
63  108
107  63
107  108
63  109
63  110
107  63
107  110
63  111
107  63
112  63
112  63
63  113
112  63
112  113
63  114
63  115
112  63
112  115
112  63
116  63
116  63
63  117
116  63
116  117
63  118
63  119
116  63
116  119
116  63
120  63
120  63
63  121
120  63
120  121
63  122
63  123
120  63
120  123
63  124
120  63
125  63
125  63
63  126
63  127
125  63
125  127
63  128
63  129
125  63
125  129
125  63
130  63
130  63
63  131
130  63
130  131
63  132
63  133
130  63
130  133
63  134
130  63
135  63
135  63
63  136
135  63
135  136
63  137
63  138
135  63
135  138
135  63
139  63
139  63
63  140
139  63
139  140
63  141
63  142
139  63
139  142
139  63
63  143
63  144
63  145
63  146
63  147
63  148
63  149
63  150
63  151
63  152
63  153
63  154
63  155
63  156
63  157
63  158
63  159
63  160
63  161
63  162
163  63
163  63
163  63
163  63
63  164
63  165
63  166
63  167
63  168
63  169
63  170
63  171
63  172
164  63
174  173
57  175
174  176
174  177
177  174
178  63
63  179
180  63
63  181
182  63
63  183
63  184
63  185
63  186
63  187
63  188
63  189
184  63
63  190
63  191
191  63
63  192
190  63
192  63
187  193
174  194
194  174
174  195
195  174
174  196
174  197
197  174
174  198
198  174
174  199
174  200
174  201
174  202
174  203
174  204
174  205
174  206
207  174
207  174
207  174
57  208
57  209
57  210
57  211
213  212
214  174
214  174
214  174
214  174
57  215
57  216
57  217
57  218
174  219
174  220
220  174
222  221
63  223
224  187
225  187
63  226
63  227
227  63
63  228
63  229
229  63
231  230
233  232
234  232
232  235
232  236
232  237
232  238
57  239
232  240
232  241
232  242
174  243
232  244
245  232
174  246
247  232
248  232
249  232
174  250
174  251
214  174
253  252
214  174
214  174
214  174
254  253
214  174
214  174
214  174
214  174
174  255
255  174
222  256
222  257
222  258
222  259
222  260
4  261
59  4
4  262
262  4
49  48
4  263
4  264
4  265
265  4
267  266
228  63
63  268
63  269
269  63
63  270
63  271
63  272
63  273
63  274
63  275
275  63
63  276
63  63
57  277
4  278
174  279
53  280
174  281
174  282
174  283
283  174
281  174
174  284
284  174
174  285
285  174
174  286
286  174
254  253
287  253
287  253
253  288
288  289
253  289
253  289
253  290
290  291
253  291
253  291
253  292
292  293
253  293
253  293
253  294
294  295
253  295
253  295
297  296
253  298
298  299
253  299
253  299
253  300
300  301
253  301
253  301
253  302
302  303
253  303
253  303
253  304
304  305
253  305
253  305
1  306
53  307
53  308
308  309
53  309
53  309
310  53
254  253
254  253
57  311
253  312
313  312
65  312
66  312
312  314
66  312
66  314
66  312
315  312
315  312
312  316
312  317
315  312
315  317
312  318
312  319
315  312
315  319
312  320
315  312
68  312
68  312
312  321
68  312
68  321
312  322
59  4
312  323
68  312
68  323
4  324
4  325
312  326
325  4
68  312
74  312
74  312
312  327
74  312
74  327
312  328
312  329
74  312
74  329
74  312
78  312
78  312
312  330
78  312
78  330
312  331
312  332
78  312
78  332
312  333
78  312
120  312
120  312
312  334
120  312
120  334
312  335
312  336
120  312
120  336
312  337
120  312
83  312
83  312
312  338
83  312
83  338
312  339
312  340
83  312
83  340
312  341
343  342
342  344
343  344
343  344
345  343
346  343
345  343
347  343
346  343
348  343
347  343
349  343
349  343
347  343
348  343
346  343
347  343
350  343
346  343
351  343
350  343
352  343
351  343
353  343
352  343
353  343
354  343
354  343
354  343
354  343
345  343
346  343
345  343
347  343
346  343
348  343
347  343
349  343
349  343
347  343
348  343
346  343
347  343
350  343
346  343
351  343
350  343
352  343
351  343
353  343
352  343
353  343
354  343
354  343
354  343
354  343
345  343
346  343
345  343
355  343
346  343
356  343
355  343
357  343
356  343
358  343
357  343
358  343
345  343
346  343
345  343
355  343
346  343
356  343
355  343
357  343
356  343
357  343
345  343
346  343
345  343
355  343
346  343
356  343
355  343
356  343
345  343
346  343
345  343
355  343
346  343
355  343
359  343
359  343
359  343
361  360
361  362
362  361
364  363
363  365
364  365
364  365
345  364
346  364
345  364
347  364
346  364
348  364
347  364
349  364
349  364
347  364
348  364
346  364
347  364
350  364
346  364
351  364
350  364
352  364
351  364
353  364
352  364
353  364
354  364
354  364
354  364
354  364
345  364
346  364
345  364
347  364
346  364
348  364
347  364
349  364
349  364
347  364
348  364
346  364
347  364
350  364
346  364
351  364
350  364
352  364
351  364
353  364
352  364
353  364
354  364
354  364
354  364
354  364
345  364
345  364
83  312
366  312
366  312
312  367
312  368
366  312
366  368
312  369
312  370
366  312
366  370
312  371
366  312
88  312
88  312
312  372
88  312
88  372
312  373
312  374
88  312
88  374
88  312
139  312
139  312
312  375
139  312
139  375
312  376
312  377
139  312
139  377
139  312
378  312
378  312
312  379
378  312
378  379
312  380
312  381
378  312
378  381
378  312
125  312
125  312
312  382
125  312
125  382
312  383
312  384
125  312
125  384
125  312
92  312
386  385
92  312
312  387
92  312
92  387
385  388
386  388
386  388
312  389
312  390
92  312
92  390
92  312
96  312
96  312
312  391
312  392
96  312
96  392
312  393
312  394
96  312
96  394
312  395
96  312
102  312
102  312
312  396
102  312
102  396
312  397
312  398
102  312
102  398
312  399
102  312
107  312
107  312
312  400
107  312
107  400
312  401
312  402
107  312
107  402
312  403
107  312
112  312
112  312
312  404
112  312
112  404
312  405
312  406
112  312
112  406
112  312
116  312
116  312
312  407
116  312
116  407
312  408
312  409
116  312
116  409
116  312
410  312
410  312
312  411
410  312
410  411
312  412
312  413
410  312
410  413
312  414
410  312
415  312
415  312
312  416
312  417
415  312
415  417
312  418
312  419
415  312
415  419
415  312
420  312
420  312
312  421
420  312
420  421
312  422
312  423
420  312
420  423
420  312
424  312
424  312
312  425
424  312
424  425
312  426
312  427
424  312
424  427
424  312
428  312
428  312
312  429
428  312
428  429
312  430
312  431
428  312
428  431
433  432
432  434
433  434
433  434
345  433
346  433
345  433
347  433
346  433
348  433
347  433
349  433
349  433
347  433
348  433
346  433
347  433
350  433
346  433
351  433
350  433
352  433
351  433
353  433
352  433
353  433
354  433
354  433
354  433
354  433
345  433
346  433
345  433
354  435
354  435
354  435
354  435
345  435
346  435
345  435
347  435
346  435
348  435
347  435
349  435
349  435
347  435
348  435
346  435
347  435
350  435
346  435
351  435
350  435
352  435
351  435
353  435
352  435
353  435
354  435
354  435
354  435
354  435
345  435
346  435
345  435
355  435
346  435
356  435
355  435
436  435
356  435
437  435
436  435
437  435
345  435
346  435
345  435
355  435
346  435
356  435
355  435
436  435
356  435
436  435
345  435
346  435
345  435
343  438
440  439
439  441
440  441
440  441
345  440
346  440
345  440
347  440
346  440
348  440
347  440
349  440
349  440
347  440
348  440
346  440
347  440
350  440
346  440
351  440
350  440
352  440
351  440
353  440
352  440
353  440
354  440
354  440
354  440
354  440
345  440
346  440
345  440
347  440
346  440
348  440
347  440
349  440
349  440
347  440
348  440
346  440
347  440
350  440
346  440
351  440
350  440
352  440
351  440
353  440
352  440
353  440
354  440
354  440
354  440
354  440
345  440
346  440
345  440
355  440
346  440
356  440
355  440
442  440
356  440
443  440
442  440
443  440
345  440
346  440
345  440
355  440
346  440
356  440
355  440
442  440
356  440
442  440
345  440
346  440
345  440
355  440
346  440
356  440
355  440
356  440
345  440
346  440
345  440
355  440
346  440
355  440
359  440
359  440
359  440
361  444
361  445
445  361
312  446
312  447
312  448
312  449
428  312
451  450
453  452
454  452
451  455
451  456
456  451
451  457
451  458
458  451
457  451
451  459
460  452
461  452
451  462
451  463
463  451
451  464
451  465
465  451
464  451
451  466
467  452
468  452
451  469
451  470
470  451
451  471
451  472
472  451
471  451
451  473
474  452
475  452
451  476
451  477
477  451
451  478
451  479
479  451
478  451
451  480
481  452
482  452
451  483
451  484
484  451
451  485
485  451
451  486
486  451
487  312
312  488
489  312
312  490
491  312
312  492
312  493
312  494
312  495
312  496
312  497
497  312
312  498
312  499
493  312
312  500
501  231
501  231
501  231
4  502
4  503
4  504
504  4
506  505
507  506
506  508
508  506
506  509
506  510
510  506
512  511
514  513
515  513
512  516
512  517
517  512
512  518
512  519
519  512
518  512
520  212
345  386
212  521
346  386
345  386
347  386
522  212
346  386
212  523
522  212
496  524
287  525
287  525
525  526
527  526
528  526
65  526
529  312
530  312
66  526
526  531
66  526
66  531
66  526
83  526
83  526
526  532
526  533
83  526
83  533
526  534
526  535
83  526
83  535
536  386
347  386
537  386
536  386
538  386
526  539
83  526
526  540
526  541
526  542
527  526
527  526
527  526
527  526
526  526
364  543
347  433
346  433
348  433
347  433
349  433
349  433
347  433
348  433
346  433
347  433
350  433
346  433
351  433
350  433
352  433
351  433
353  433
352  433
353  433
354  433
354  433
354  433
354  433
345  433
346  433
345  433
355  433
346  433
356  433
355  433
544  433
356  433
545  433
544  433
545  433
345  433
346  433
345  433
355  433
346  433
356  433
355  433
544  433
356  433
544  433
345  433
345  546
346  546
345  546
347  546
346  546
348  546
347  546
349  546
349  546
347  546
348  546
347  546
345  546
346  546
345  546
355  546
346  546
356  546
355  546
356  546
345  546
346  546
345  546
355  546
346  546
355  546
359  546
359  546
359  546
361  547
361  548
548  361
440  549
546  550
435  551
346  433
345  433
355  433
346  433
356  433
355  433
356  433
345  433
346  433
345  433
355  433
346  433
355  433
359  433
359  433
359  433
361  552
361  553
553  361
433  554
174  555
556  222
557  222
174  558
49  48
49  48
49  48
49  48
15  48
15  48
15  48
15  48
15  48
537  386
537  386
537  386
345  386
346  386
345  386
347  386
346  386
348  386
347  386
349  386
349  386
347  386
348  386
346  386
347  386
350  386
346  386
351  386
350  386
352  386
351  386
353  386
352  386
353  386
354  386
354  386
354  386
354  386
345  386
346  386
345  386
355  386
346  386
356  386
355  386
559  386
356  386
560  386
559  386
560  386
345  386
346  386
345  386
355  386
346  386
356  386
355  386
559  386
356  386
559  386
345  386
346  386
345  386
355  386
346  386
356  386
355  386
356  386
345  386
346  386
345  386
355  386
346  386
355  386
359  386
359  386
359  386
361  561
361  562
562  361
563  1
564  1
565  1
566  1
567  1
568  1
569  1
345  546
346  546
345  546
347  546
346  546
348  546
347  546
349  546
349  546
347  546
348  546
346  546
347  546
350  546
346  546
351  546
350  546
352  546
351  546
353  546
352  546
353  546
354  546
354  546
354  546
354  546
345  546
346  546
345  546
347  546
346  546
348  546
347  546
349  546
349  546
347  546
348  546
346  546
347  546
350  546
346  546
351  546
350  546
352  546
351  546
353  546
352  546
353  546
354  546
354  546
354  546
354  546
345  546
346  546
345  546
355  546
346  546
356  546
355  546
570  546
356  546
571  546
570  546
571  546
345  546
346  546
345  546
355  546
572  267
345  433
346  433
345  433
347  433
346  433
348  433
347  433
349  433
349  433
347  433
348  433
346  433
347  433
350  433
346  433
351  433
350  433
352  433
351  433
353  433
352  433
353  433
354  433
354  433
354  433
354  433
345  433
346  433
345  433
347  433
346  433
348  433
347  433
349  433
349  433
347  433
348  433
346  433
347  433
350  433
346  433
351  433
350  433
352  433
351  433
353  433
352  433
353  433
354  433
354  433
354  433
354  433
345  433
346  433
345  433
355  433
346  433
356  433
355  433
573  433
356  433
574  433
573  433
574  433
345  433
346  433
345  433
355  433
346  433
356  433
355  433
573  433
356  433
573  433
345  433
346  433
345  433
355  433
346  433
356  433
355  433
356  433
345  433
346  433
345  433
355  433
346  433
355  433
359  433
359  433
359  433
361  575
361  576
576  361
433  577
386  578
580  579
579  581
580  581
580  581
345  580
346  580
345  580
347  580
346  580
348  580
347  580
349  580
349  580
347  580
348  580
346  580
347  580
350  580
346  580
351  580
350  580
352  580
351  580
353  580
352  580
353  580
354  580
354  580
354  580
354  580
345  580
346  580
345  580
347  580
346  580
348  580
347  580
349  580
349  580
347  580
348  580
346  580
347  580
350  580
346  580
582  267
583  267
584  267
585  267
586  267
587  267
588  267
589  1
590  267
591  1
592  267
593  267
594  267
351  580
350  580
352  580
351  580
353  580
345  433
346  433
345  433
347  433
346  433
348  433
347  433
349  433
349  433
347  433
348  433
346  433
347  433
350  433
346  433
351  433
350  433
352  433
351  433
353  433
352  433
353  433
354  433
354  433
354  433
354  433
345  433
346  433
345  433
347  433
346  433
348  433
347  433
349  433
349  433
347  433
348  433
346  433
347  433
350  433
346  433
351  433
350  433
352  433
351  433
353  433
352  433
353  433
354  433
345  595
346  595
345  595
347  595
346  595
348  595
347  595
349  595
349  595
347  595
348  595
346  595
347  595
350  595
346  595
351  595
350  595
352  595
351  595
353  595
352  595
353  595
354  595
354  595
354  595
354  595
345  595
346  595
345  595
347  595
346  595
348  595
347  595
349  595
349  595
347  595
348  595
346  595
347  595
350  595
346  595
351  595
350  595
352  595
351  595
353  595
352  595
353  595
354  595
345  343
346  343
345  343
347  343
346  343
348  343
347  343
349  343
349  343
347  343
348  343
346  343
347  343
350  343
346  343
351  343
350  343
352  343
351  343
353  343
352  343
353  343
354  343
354  343
354  343
354  343
345  343
346  343
345  343
347  343
346  343
348  343
347  343
349  343
349  343
347  343
348  343
346  343
347  343
350  343
346  343
351  343
350  343
352  343
351  343
353  343
352  343
353  343
354  343
354  343
354  343
354  343
345  343
346  343
345  343
355  343
346  343
356  343
355  343
596  343
356  343
597  343
596  343
597  343
345  343
346  343
345  343
355  343
346  343
345  435
346  435
345  435
347  435
346  435
348  435
347  435
349  435
349  435
347  435
348  435
346  435
347  435
350  435
346  435
351  435
350  435
352  435
351  435
353  435
352  435
353  435
354  435
354  435
345  364
346  364
345  364
347  364
346  364
348  364
347  364
349  364
349  364
347  364
348  364
346  364
345  440
346  440
345  440
347  440
346  440
348  440
347  440
349  440
349  440
347  440
348  440
346  440
347  440
350  440
346  440
351  440
356  343
355  343
596  343
356  343
596  343
345  343
346  343
345  343
355  343
346  343
356  343
355  343
356  343
345  343
346  343
345  343
355  343
346  343
355  343
359  343
359  343
359  343
361  598
361  599
599  361
343  600
345  386
346  386
345  386
347  386
346  386
348  386
347  386
349  386
349  386
347  386
348  386
346  386
347  386
350  386
354  435
354  435
345  435
346  435
345  435
347  435
346  435
348  435
347  435
349  435
349  435
347  435
348  435
346  435
347  435
350  435
346  435
351  435
350  435
352  435
351  435
353  435
352  435
353  435
354  435
354  435
354  435
354  435
345  435
346  435
345  435
355  435
346  435
356  435
355  435
601  435
356  435
602  435
601  435
602  435
345  435
346  435
345  435
355  435
346  435
356  435
355  435
601  435
356  435
601  435
345  435
346  435
345  435
355  435
346  435
356  435
355  435
356  435
345  435
346  435
345  435
355  435
346  435
355  435
359  435
359  435
359  435
361  603
361  604
604  361
346  386
351  386
350  386
352  386
351  386
353  386
352  386
353  386
354  386
354  386
354  386
354  386
345  386
346  386
345  386
347  386
346  386
348  386
347  386
349  386
349  386
347  386
348  386
346  386
347  386
350  386
346  386
351  386
350  386
352  386
351  386
353  386
352  386
353  386
354  386
354  386
354  386
354  386
345  386
346  386
345  386
355  386
346  386
356  386
355  386
605  386
356  386
606  386
605  386
606  386
345  386
346  386
345  386
355  386
346  386
356  386
355  386
605  386
356  386
605  386
345  386
346  386
345  386
355  386
4  607
59  4
4  608
608  4
435  609
347  364
350  364
346  364
351  364
350  364
352  364
351  364
353  364
352  364
353  364
354  364
354  364
354  364
354  364
345  364
346  364
345  364
347  364
346  364
348  364
347  364
349  364
349  364
347  364
348  364
346  364
347  364
350  364
346  364
351  364
350  364
352  364
351  364
353  364
352  364
353  364
354  364
354  364
354  364
354  364
345  364
346  364
345  364
355  364
346  364
356  364
355  364
610  364
356  364
611  364
610  364
611  364
345  364
346  364
345  364
355  364
346  364
356  364
355  364
352  580
353  580
354  580
354  580
354  580
354  580
345  580
346  580
345  580
355  580
346  580
356  580
355  580
612  580
356  580
613  580
612  580
613  580
345  580
346  580
345  580
355  580
346  580
356  580
355  580
612  580
356  580
612  580
345  580
346  580
345  580
355  580
346  580
356  580
355  580
356  580
345  580
346  580
345  580
355  580
346  580
355  580
359  580
359  580
359  580
361  614
361  615
615  361
354  595
354  595
354  595
345  595
346  595
345  595
355  595
346  595
356  595
355  595
616  595
356  595
617  595
616  595
617  595
345  595
346  595
345  595
355  595
346  595
356  595
355  595
616  595
356  595
616  595
345  595
346  595
345  595
355  595
346  595
356  595
355  595
356  595
345  595
346  595
345  595
355  595
346  595
355  595
359  595
359  595
359  595
361  618
361  619
619  361
580  620
595  621
354  433
354  433
354  433
345  433
346  433
345  433
355  433
346  433
356  433
355  433
622  433
356  433
623  433
622  433
623  433
345  433
346  433
345  433
355  433
346  433
356  433
355  433
622  433
356  433
622  433
345  433
346  433
345  433
355  433
346  433
356  433
355  433
356  433
345  433
346  433
345  433
355  433
346  433
355  433
359  433
359  433
359  433
361  624
361  625
625  361
610  364
356  364
610  364
345  364
346  364
345  364
355  364
346  364
356  364
355  364
356  364
345  364
346  364
345  364
355  364
346  364
355  364
359  364
359  364
359  364
361  626
361  627
627  361
350  440
352  440
351  440
353  440
352  440
628  440
361  629
361  630
386  631
57  632
57  633
635  634
634  636
635  636
635  636
345  635
346  635
345  635
347  635
346  635
348  635
347  635
349  635
349  635
347  635
348  635
346  635
347  635
350  635
346  635
351  635
350  635
352  635
351  635
353  635
352  635
361  637
638  1
639  1
640  1
641  1
361  642
361  643
361  644
646  645
645  647
646  647
646  647
361  648
649  546
1  635
650  580
651  635
1  580
652  595
1  595
653  386
1  386
654  343
655  435
1  435
656  364
1  364
657  440
1  440
658  646
4  659
59  4
4  660
660  4
4  661
4  662
4  663
663  4
57  664
4  665
59  4
4  666
4  667
667  4
57  668
57  669
57  670
57  671
57  672
57  673
57  674
57  675
57  676
57  677
57  678
57  679
57  680
57  681
57  682
57  683
57  684
57  685
57  686
57  687
57  688
57  689
57  690
57  691
57  692
57  693
57  694
57  695
57  696
57  697
57  698
4  699
59  4
4  700
700  4
4  701
4  702
4  703
703  4
13  12
13  12
13  12
13  12
13  12
14  12
14  12
14  12
14  12
14  12
14  12
15  12
15  12
15  12
15  12
15  12
15  12
15  12
16  12
16  12
16  12
16  12
16  12
16  12
16  12
16  12
17  12
17  12
17  12
18  12
18  12
18  12
18  12
18  12
12  704
705  12
706  12
12  707
708  12
709  12
710  12
711  12
711  12
711  12
711  12
710  12
710  12
710  12
710  12
710  12
710  12
712  12
712  12
712  12
12  713
714  12
715  12
716  12
716  12
716  12
716  12
717  12
717  12
717  12
717  12
718  12
718  12
718  12
718  12
718  12
17  12
17  12
17  12
12  719
720  12
721  12
51  9
9  722
8  7
8  7
8  7
8  7
8  7
8  7
8  7
8  7
8  7
8  7
8  7
8  7
724  723
725  724
726  724
724  727
728  724
729  724
724  730
731  724
732  724
724  733
734  724
735  724
724  736
49  48
49  48
49  48
49  48
49  48
49  48
15  48
15  48
15  48
15  48
15  48
312  737
312  312
232  738
232  739
740  232
741  232
232  742
232  743
174  744
745  222
746  222
174  747
174  748
748  174
174  749
174  750
750  174
749  174
506  751
752  506
506  753
753  506
506  754
506  755
755  506
506  756
506  757
757  506
512  758
759  513
760  513
512  761
512  762
762  512
512  763
764  513
765  513
512  766
512  767
767  512
766  512
768  212
212  769
522  212
212  770
522  212
212  771
522  212
772  267
773  267
774  267
775  267
776  267
777  267
778  267
779  267
232  780
232  781
232  782
232  783
784  267
785  267
786  267
787  267
788  267
789  267
791  790
790  792
791  792
791  792
345  791
346  791
345  791
347  791
346  791
348  791
347  791
349  791
349  791
347  791
348  791
346  791
347  791
350  791
346  791
351  791
350  791
352  791
351  791
353  791
352  791
353  791
354  791
354  791
354  791
354  791
345  791
346  791
345  791
347  791
346  791
348  791
347  791
349  791
349  791
347  791
348  791
346  791
347  791
350  791
346  791
351  791
350  791
352  791
351  791
353  791
352  791
353  791
354  791
354  791
354  791
354  791
359  791
359  791
359  791
361  793
791  794
361  795
795  361
796  1
345  791
346  791
345  791
347  791
346  791
348  791
347  791
349  791
349  791
347  791
348  791
346  791
347  791
350  791
346  791
351  791
350  791
352  791
351  791
353  791
352  791
353  791
354  791
354  791
354  791
354  791
345  791
346  791
345  791
347  791
346  791
348  791
347  791
349  791
349  791
347  791
348  791
346  791
347  791
350  791
346  791
351  791
350  791
352  791
351  791
353  791
352  791
353  791
354  791
354  791
354  791
354  791
359  791
359  791
359  791
345  791
346  791
345  791
355  791
346  791
356  791
355  791
573  791
356  791
574  791
573  791
574  791
345  791
346  791
345  791
355  791
346  791
356  791
355  791
573  791
356  791
573  791
345  791
346  791
345  791
355  791
346  791
356  791
355  791
356  791
345  791
346  791
345  791
355  791
346  791
355  791
791  797
361  798
361  799
799  361
801  800
800  802
801  802
801  802
345  801
346  801
345  801
803  801
803  801
805  804
354  804
354  804
354  804
354  804
359  804
359  804
359  804
345  804
346  804
345  804
355  804
346  804
807  806
806  808
807  808
807  808
345  807
346  807
345  807
346  807
354  809
354  809
354  809
354  810
354  809
345  809
346  809
345  809
347  809
346  809
348  809
347  809
349  809
349  809
347  809
348  809
346  809
347  809
350  809
346  809
351  809
350  809
352  809
351  809
353  809
352  809
353  809
354  809
354  809
354  809
354  809
359  809
359  809
359  809
345  809
346  809
345  809
355  809
346  809
356  809
355  809
811  809
356  809
812  809
811  809
812  809
345  809
346  809
345  809
355  809
346  809
356  809
355  809
811  809
356  809
811  809
345  809
346  809
345  809
355  809
346  809
356  809
355  809
356  809
345  809
346  809
345  809
355  809
346  809
355  809
814  813
813  815
814  815
814  815
345  814
346  814
345  814
347  814
346  814
348  814
347  814
349  814
349  814
347  814
348  814
346  814
347  814
350  814
346  814
351  814
350  814
352  814
351  814
353  814
352  814
353  814
354  814
354  814
354  814
354  814
345  814
346  814
345  814
347  814
346  814
348  814
347  814
361  816
361  817
817  361
804  818
819  1
349  814
349  814
347  814
348  814
346  814
347  814
350  814
346  814
351  814
350  814
352  814
351  814
353  814
352  814
353  814
354  814
354  814
354  814
354  814
359  814
359  814
359  814
345  814
346  814
345  814
355  814
346  814
356  814
355  814
820  814
356  814
821  814
820  814
821  814
345  814
346  814
345  814
355  814
346  814
356  814
355  814
820  814
356  814
820  814
345  814
346  814
345  814
355  814
346  814
356  814
355  814
356  814
345  814
346  814
345  814
355  814
346  814
355  814
361  822
361  823
823  361
809  824
825  1
345  809
346  809
345  809
347  809
346  809
348  809
347  809
349  809
349  809
347  809
348  809
346  809
347  809
350  809
346  809
351  809
350  809
827  826
826  828
827  828
827  828
345  827
346  827
345  827
347  827
346  827
348  827
347  827
349  827
349  827
347  827
348  827
346  827
347  827
350  827
346  827
351  827
350  827
352  827
351  827
353  827
352  827
353  827
354  827
354  827
354  827
354  827
345  827
346  827
345  827
347  827
346  827
348  827
347  827
349  827
349  827
347  827
352  809
351  809
353  809
352  809
353  809
354  809
354  809
354  809
354  809
345  809
346  809
345  809
347  809
346  809
348  809
347  809
349  809
349  809
347  809
348  809
346  809
347  809
350  809
346  809
351  809
830  829
829  831
830  831
830  831
345  830
346  830
345  830
347  830
346  830
348  830
347  830
349  830
349  830
347  830
348  830
346  830
347  830
350  830
346  830
351  830
350  830
352  830
351  830
353  830
352  830
353  830
354  830
354  830
354  830
354  830
345  830
346  830
345  830
347  830
346  830
348  830
347  830
349  830
349  830
347  830
348  830
346  830
347  830
350  830
346  830
351  830
350  830
352  830
351  830
353  830
352  830
353  830
354  830
354  830
354  830
354  830
359  830
359  830
359  830
361  832
345  830
346  830
345  830
355  830
346  830
361  833
356  830
833  361
834  1
814  835
345  814
346  814
350  809
352  809
351  809
353  809
352  809
353  809
354  809
354  809
354  809
354  809
837  836
836  838
837  838
837  838
359  809
359  809
359  809
345  809
345  837
346  809
346  837
345  809
345  837
355  809
347  837
346  809
356  809
346  837
348  837
355  809
347  837
839  809
349  837
356  809
349  837
840  809
347  837
348  837
839  809
840  809
346  837
347  837
350  837
345  809
346  837
346  809
351  837
350  837
345  809
352  837
355  809
351  837
346  809
353  837
356  809
352  837
353  837
355  809
839  809
354  837
356  809
839  809
345  809
346  809
345  809
354  837
355  809
354  837
354  837
346  809
356  809
355  809
356  809
345  837
346  837
345  809
345  837
347  837
346  809
346  837
345  809
348  837
355  809
347  837
349  837
346  809
355  809
349  837
347  837
348  837
346  837
347  837
350  837
346  837
351  837
350  837
352  837
351  837
353  837
352  837
353  837
354  837
354  837
354  837
354  837
345  814
347  814
359  837
359  837
346  814
359  837
348  814
347  814
345  837
349  814
346  837
349  814
345  837
355  837
347  814
346  837
348  814
356  837
346  814
355  837
442  837
347  814
350  814
356  837
443  837
346  814
351  814
442  837
443  837
350  814
352  814
345  837
351  814
346  837
353  814
345  837
355  837
352  814
353  814
346  837
356  837
355  837
354  814
442  837
356  837
442  837
354  814
354  814
345  837
354  814
346  837
345  837
355  837
345  814
346  837
346  814
356  837
355  837
345  814
356  837
347  814
346  814
345  837
348  814
346  837
347  814
345  837
349  814
355  837
349  814
346  837
347  814
355  837
348  814
346  814
347  814
350  814
346  814
351  814
350  814
837  841
361  842
361  843
843  361
844  1
348  827
346  827
347  827
350  827
346  827
351  827
350  827
352  827
351  827
353  827
352  827
353  827
354  827
354  827
354  827
354  827
359  827
359  827
359  827
345  827
346  827
345  827
355  827
346  827
356  827
355  827
601  827
356  827
602  827
601  827
602  827
345  827
346  827
345  827
355  827
346  827
356  827
355  827
601  827
356  827
601  827
345  827
346  827
345  827
355  827
346  827
356  827
355  827
356  827
345  827
346  827
345  827
355  827
346  827
355  827
352  814
351  814
353  814
352  814
353  814
354  814
354  814
354  814
354  814
359  814
359  814
359  814
345  814
346  814
345  814
355  814
346  814
356  814
355  814
612  814
356  814
613  814
612  814
613  814
345  814
346  814
345  814
355  814
346  814
356  814
355  814
612  814
356  814
612  814
345  814
346  814
345  814
355  814
346  814
356  814
355  814
356  814
345  814
346  814
345  814
355  814
346  814
355  814
361  845
361  846
846  361
847  1
809  848
345  809
346  809
345  809
347  809
346  809
348  809
347  809
349  809
349  809
347  809
348  809
346  809
347  809
350  809
346  809
351  809
350  809
352  809
351  809
353  809
352  809
353  809
354  809
354  809
354  809
354  809
345  809
346  809
345  809
347  809
346  809
348  809
347  809
349  809
349  809
347  809
348  809
346  809
347  809
350  809
346  809
351  809
350  809
361  849
361  850
850  361
851  1
827  852
345  827
346  827
345  827
347  827
346  827
348  827
347  827
349  827
349  827
347  827
348  827
346  827
347  827
350  827
346  827
351  827
350  827
352  827
351  827
353  827
352  827
353  827
354  827
354  827
354  827
354  827
345  827
346  827
345  827
347  827
346  827
348  827
347  827
349  827
349  827
347  827
348  827
346  827
347  827
350  827
346  827
351  827
350  827
352  827
351  827
353  827
352  827
353  827
354  827
354  827
354  827
354  827
359  827
359  827
359  827
345  827
346  827
345  827
355  827
346  827
356  827
355  827
616  827
356  827
617  827
616  827
617  827
345  827
346  827
345  827
355  827
346  827
356  827
355  827
616  827
356  827
616  827
345  827
346  827
345  827
355  827
346  827
356  827
355  827
356  827
345  827
346  827
345  827
355  827
346  827
355  827
361  853
361  854
854  361
855  1
814  856
345  814
346  814
345  814
347  814
346  814
348  814
347  814
349  814
349  814
347  814
348  814
346  814
347  814
350  814
346  814
351  814
350  814
352  814
351  814
353  814
352  814
353  814
354  814
354  814
354  814
354  814
345  814
346  814
345  814
347  814
346  814
348  814
347  814
349  814
349  814
347  814
348  814
346  814
347  814
350  814
346  814
351  814
350  814
352  814
351  814
353  814
352  814
353  814
354  814
354  814
354  814
354  814
359  814
359  814
359  814
345  814
346  814
345  814
355  814
346  814
356  814
355  814
857  814
356  814
858  814
857  814
858  814
345  814
346  814
345  814
355  814
346  814
356  814
355  814
857  814
356  814
857  814
345  814
346  814
345  814
355  814
346  814
356  814
355  814
356  814
345  814
346  814
345  814
355  814
346  814
355  814
352  809
351  809
353  809
352  809
353  809
354  809
354  809
354  809
354  809
359  809
359  809
359  809
345  809
346  809
345  809
355  809
346  809
356  809
355  809
559  809
356  809
560  809
559  809
560  809
345  809
346  809
345  809
355  809
346  809
356  809
355  809
559  809
356  809
559  809
345  809
346  809
345  809
355  809
346  809
356  809
355  809
356  809
345  809
346  809
345  809
355  809
346  809
355  809
361  859
361  860
860  361
861  1
361  862
361  863
863  361
809  864
345  809
346  809
345  809
347  809
346  809
348  809
347  809
349  809
349  809
347  809
348  809
346  809
347  809
350  809
346  809
351  809
350  809
352  809
351  809
353  809
352  809
353  809
354  809
354  809
354  809
354  809
355  830
436  830
356  830
437  830
436  830
437  830
345  830
346  830
345  830
355  830
346  830
356  830
355  830
436  830
356  830
436  830
345  830
346  830
345  830
355  830
346  830
356  830
355  830
356  830
345  830
346  830
345  830
355  830
346  830
355  830
830  865
345  837
361  866
346  837
345  837
347  837
346  837
361  867
348  837
347  837
867  361
349  837
349  837
347  837
348  837
346  837
347  837
350  837
346  837
351  837
350  837
352  837
351  837
353  837
352  837
353  837
354  837
354  837
354  837
354  837
345  837
346  837
345  837
347  837
346  837
348  837
347  837
349  837
349  837
347  837
348  837
346  837
347  837
350  837
346  837
351  837
350  837
868  1
352  837
351  837
353  837
352  837
353  837
354  837
354  837
354  837
354  837
359  837
359  837
359  837
345  837
346  837
345  837
354  810
355  837
354  810
346  837
354  810
356  837
355  837
570  837
356  837
571  837
570  837
571  837
345  810
346  810
345  837
345  810
346  837
347  810
345  837
346  810
355  837
348  810
346  837
347  810
356  837
349  810
355  837
570  837
349  810
356  837
347  810
570  837
348  810
346  810
345  837
347  810
346  837
350  810
345  837
346  810
355  837
351  810
346  837
350  810
356  837
352  810
355  837
351  810
356  837
353  810
352  810
345  837
353  810
346  837
345  837
354  810
355  837
346  837
354  810
355  837
354  810
354  810
359  810
345  830
346  830
345  830
347  830
346  830
348  830
347  830
349  830
349  830
347  830
348  830
346  830
347  830
350  830
346  830
351  830
350  830
352  830
351  830
353  830
352  830
353  830
354  830
354  830
354  830
354  830
345  830
346  830
345  830
347  830
346  830
348  830
347  830
349  830
349  830
347  830
348  830
346  830
347  830
350  830
346  830
351  830
350  830
352  830
351  830
353  830
352  830
353  830
354  830
354  830
354  830
354  830
359  830
359  830
359  830
345  830
346  830
345  830
355  830
346  830
356  830
355  830
869  830
356  830
870  830
869  830
870  830
345  830
346  830
345  830
355  830
346  830
356  830
355  830
869  830
356  830
869  830
345  830
346  830
345  830
355  830
346  830
356  830
355  830
356  830
345  830
346  830
345  830
355  830
346  830
355  830
830  871
361  872
361  873
873  361
874  1
361  875
837  876
361  877
877  361
345  830
346  830
345  830
347  830
346  830
348  830
347  830
349  830
878  1
349  830
347  830
348  830
346  830
347  830
350  830
346  830
351  830
350  830
352  830
351  830
353  830
352  830
353  830
354  830
354  830
354  830
354  830
345  830
346  830
345  830
347  830
346  830
348  830
347  830
349  830
349  830
347  830
348  830
346  830
880  879
347  830
350  830
346  830
351  830
350  830
879  881
880  881
352  830
880  881
351  830
353  830
352  830
353  830
354  830
354  830
354  830
354  830
345  880
346  880
345  880
347  880
346  880
359  830
348  880
347  880
359  830
349  880
359  830
349  880
345  830
347  880
348  880
346  830
346  880
345  830
347  880
355  830
350  880
346  830
346  880
356  830
351  880
355  830
350  880
544  830
352  880
356  830
351  880
545  830
353  880
544  830
352  880
545  830
353  880
345  830
354  880
346  830
345  830
355  830
346  830
356  830
355  830
544  830
356  830
544  830
345  830
346  830
354  880
354  880
345  830
354  880
355  830
346  830
356  830
355  830
356  830
345  880
346  880
345  830
345  880
346  830
347  880
345  830
346  880
355  830
348  880
346  830
347  880
355  830
349  880
349  880
347  880
348  880
346  880
347  880
350  880
346  880
830  882
361  883
361  884
884  361
345  837
346  837
345  837
347  837
346  837
348  837
347  837
349  837
349  837
347  837
348  837
346  837
347  837
350  837
346  837
351  837
350  837
352  837
351  837
353  837
352  837
353  837
354  837
354  837
354  837
354  837
345  837
346  837
345  837
347  837
346  837
348  837
347  837
349  837
349  837
347  837
348  837
346  837
347  837
350  837
346  837
351  837
350  837
352  837
351  837
353  837
352  837
353  837
354  837
354  837
354  837
354  837
359  837
359  837
359  837
345  837
346  837
345  837
355  837
346  837
356  837
355  837
622  837
356  837
623  837
622  837
623  837
345  837
346  837
345  837
355  837
346  837
356  837
355  837
622  837
356  837
622  837
345  837
346  837
345  837
355  837
346  837
356  837
355  837
356  837
345  837
346  837
345  837
355  837
346  837
355  837
837  885
451  886
451  887
451  888
451  889
451  890
451  891
891  451
361  892
361  893
893  361
894  1
895  1
896  1
827  897
345  791
346  791
345  791
347  791
346  791
348  791
347  791
349  791
349  791
347  791
348  791
346  791
347  791
350  791
346  791
351  791
350  791
352  791
351  791
353  791
352  791
353  791
354  791
354  791
354  791
354  791
345  791
346  791
345  791
347  791
346  791
348  791
347  791
349  791
349  791
347  791
348  791
346  791
347  791
350  791
346  791
351  791
350  791
352  791
351  791
353  791
352  791
353  791
354  791
354  791
354  791
354  791
359  791
359  791
359  791
345  791
346  791
345  791
355  791
346  791
356  791
355  791
898  791
356  791
899  791
898  791
899  791
345  791
346  791
345  791
355  791
346  791
356  791
355  791
898  791
356  791
898  791
345  791
346  791
345  791
355  791
346  791
356  791
355  791
356  791
345  791
346  791
345  791
355  791
346  791
355  791
900  1
791  901
903  902
902  904
903  904
903  904
345  903
361  905
361  906
906  361
907  1
814  908
359  810
359  810
345  810
346  810
345  810
355  810
346  810
356  810
355  810
909  810
356  810
910  810
909  810
910  810
345  810
346  810
345  810
355  810
346  810
356  810
355  810
909  810
356  810
909  810
345  810
346  810
345  810
355  810
346  810
356  810
355  810
356  810
345  810
346  810
345  810
355  810
346  810
355  810
361  911
361  912
912  361
354  807
354  807
354  807
354  807
345  807
346  807
345  807
347  807
346  807
348  807
347  807
349  807
349  807
347  807
348  807
346  807
347  807
350  807
346  807
351  807
350  807
352  807
351  807
353  807
352  807
353  807
354  807
354  807
354  807
354  807
359  807
359  807
359  807
345  807
346  807
345  807
355  807
346  807
356  807
355  807
357  807
356  807
358  807
357  807
358  807
345  807
346  807
345  807
355  807
346  807
346  903
345  903
347  903
346  903
348  903
347  903
349  903
349  903
347  903
348  903
346  903
347  903
350  903
346  903
351  903
350  903
352  903
351  903
353  903
352  903
353  903
354  903
354  903
354  903
354  903
345  903
346  903
345  903
347  903
346  903
348  903
347  903
349  903
349  903
347  903
348  903
346  903
347  903
350  903
346  903
351  903
350  903
352  903
351  903
353  903
352  903
353  903
354  903
354  903
354  903
354  903
359  903
359  903
359  903
345  903
346  903
345  903
355  903
346  903
356  903
355  903
913  903
356  903
914  903
913  903
914  903
345  903
346  903
345  903
355  903
346  903
356  903
355  903
913  903
356  903
913  903
345  903
346  903
345  903
355  903
346  903
356  903
355  903
356  903
345  903
346  903
345  903
355  903
346  903
355  903
361  915
361  916
346  801
345  801
346  801
345  801
355  801
346  801
355  801
345  804
346  804
345  804
347  804
346  804
348  804
347  804
349  804
349  804
347  804
348  804
346  804
347  804
350  804
346  804
351  804
350  804
352  804
351  804
353  804
352  804
353  804
354  804
354  804
354  804
354  804
345  804
346  804
345  804
347  804
347  804
57  917
4  918
59  4
4  919
4  920
920  4
57  921
57  922
57  923
57  924
57  925
57  926
57  927
57  928
57  929
57  930
57  931
57  932
57  933
57  934
57  935
4  936
59  4
4  937
937  4
4  938
4  939
4  940
940  4
174  941
174  174
8  7
8  7
8  7
8  7
8  7
8  7
9  942
942  9
49  48
49  48
49  48
49  48
49  48
49  48
15  48
15  48
15  48
15  48
15  48
13  12
13  12
13  12
13  12
13  12
14  12
14  12
14  12
14  12
14  12
14  12
15  12
15  12
15  12
15  12
15  12
15  12
15  12
16  12
16  12
16  12
16  12
16  12
16  12
16  12
16  12
17  12
17  12
17  12
18  12
18  12
18  12
18  12
18  12
12  943
944  12
945  12
9  946
946  9
49  48
49  48
49  48
49  48
49  48
49  48
15  48
15  48
15  48
15  48
15  48
12  947
948  12
949  12
710  12
711  12
711  12
711  12
711  12
710  12
710  12
710  12
710  12
710  12
710  12
712  12
712  12
712  12
12  950
951  12
952  12
716  12
716  12
716  12
716  12
717  12
717  12
717  12
717  12
718  12
718  12
718  12
718  12
718  12
17  12
17  12
17  12
12  953
954  12
955  12
9  956
956  9
49  48
49  48
49  48
49  48
49  48
49  48
15  48
15  48
15  48
15  48
15  48
9  957
957  9
13  12
13  12
13  12
13  12
13  12
14  12
14  12
14  12
14  12
14  12
14  12
15  12
15  12
15  12
15  12
15  12
15  12
15  12
16  12
16  12
16  12
16  12
16  12
16  12
16  12
16  12
17  12
17  12
17  12
18  12
18  12
18  12
18  12
18  12
12  958
959  12
960  12
23  22
22  961
23  22
23  961
23  22
23  22
22  962
23  22
23  962
23  22
964  963
966  965
967  964
9  968
968  9
49  48
49  48
49  48
49  48
49  48
49  48
15  48
15  48
15  48
15  48
15  48
9  969
969  9
724  970
971  724
972  724
724  973
974  724
975  724
724  976
49  48
49  48
49  48
49  48
49  48
49  48
15  48
15  48
15  48
15  48
15  48
8  7
8  7
8  7
8  7
8  7
8  7
8  7
8  7
8  7
8  7
8  7
8  7
8  7
8  7
8  7
8  7
8  7
8  7
8  7
8  7
8  7
13  12
13  12
13  12
13  12
13  12
14  12
14  12
14  12
14  12
14  12
14  12
15  12
15  12
15  12
15  12
15  12
15  12
15  12
16  12
16  12
16  12
16  12
16  12
16  12
16  12
16  12
17  12
17  12
17  12
18  12
18  12
18  12
18  12
18  12
12  977
978  12
979  12
12  980
981  12
982  12
710  12
711  12
711  12
711  12
711  12
710  12
710  12
710  12
710  12
710  12
710  12
712  12
712  12
712  12
12  983
984  12
985  12
716  12
716  12
716  12
716  12
717  12
717  12
717  12
717  12
718  12
718  12
718  12
718  12
718  12
17  12
17  12
17  12
12  986
987  12
988  12
8  7
8  7
8  7
9  989
989  9
8  7
8  7
8  7
8  7
8  7
8  7
8  7
8  7
8  7
8  7
8  7
8  7
8  7
8  7
8  7
8  7
8  7
8  7
8  7
8  7
8  7
8  7
8  7
8  7
8  7
8  7
8  7
8  7
8  7
8  7
8  7
8  7
8  7
8  7
8  7
8  7
8  7
8  7
8  7
8  7
8  7
8  7
8  7
8  7
8  7
8  7
8  7
8  7
49  48
49  48
49  48
49  48
49  48
49  48
15  48
15  48
15  48
15  48
15  48
8  7
8  7
8  7
8  7
8  7
8  7
451  990
451  991
451  992
451  993
451  994
451  995
995  451
8  7
8  7
8  7
8  7
8  7
8  7
8  7
8  7
8  7
8  7
8  7
8  7
8  7
8  7
8  7
9  996
996  9
8  7
8  7
8  7
27  997
998  724
999  724
724  1000
1001  724
1002  724
724  1003
1004  724
1005  724
724  1006
1007  724
1008  724
724  1009
8  7
8  7
8  7
8  7
8  7
8  7
8  7
8  7
8  7
8  7
8  7
8  7
8  7
8  7
8  7
8  7
8  7
8  7
8  7
8  7
8  7
8  7
8  7
8  7
8  7
8  7
8  7
8  7
8  7
8  7
9  1010
1010  9
49  48
49  48
49  48
49  48
49  48
49  48
15  48
15  48
15  48
15  48
15  48
8  7
8  7
8  7
8  7
8  7
8  7
13  12
13  12
13  12
13  12
13  12
14  12
14  12
14  12
14  12
14  12
14  12
15  12
15  12
15  12
15  12
15  12
15  12
15  12
16  12
16  12
16  12
16  12
16  12
16  12
16  12
16  12
17  12
17  12
17  12
18  12
18  12
18  12
18  12
18  12
12  1011
1012  12
1013  12
9  1014
1014  9
49  48
49  48
49  48
49  48
49  48
49  48
15  48
15  48
15  48
15  48
15  48
8  7
8  7
8  7
8  7
8  7
8  7
8  7
8  7
8  7
8  7
8  7
8  7
8  7
8  7
8  7
8  7
8  7
8  7
8  7
8  7
8  7
8  7
8  7
8  7
8  7
8  7
8  7
8  7
8  7
8  7
8  7
8  7
8  7
8  7
8  7
8  7
12  1015
1016  12
1017  12
710  12
711  12
711  12
711  12
711  12
710  12
710  12
710  12
710  12
710  12
710  12
712  12
712  12
712  12
12  1018
1019  12
1020  12
716  12
716  12
716  12
716  12
717  12
717  12
717  12
717  12
718  12
718  12
718  12
718  12
718  12
17  12
17  12
17  12
12  1021
1022  12
1023  12
8  7
8  7
8  7
8  7
8  7
8  7
9  1024
1024  9
8  7
8  7
8  7
8  7
8  7
8  7
8  7
8  7
8  7
8  7
8  7
8  7
8  7
8  7
8  7
8  7
8  7
8  7
8  7
8  7
8  7
8  7
8  7
8  7
49  48
49  48
49  48
49  48
49  48
49  48
15  48
15  48
15  48
15  48
15  48
9  1025
1025  9
13  12
13  12
13  12
13  12
13  12
14  12
14  12
14  12
14  12
14  12
14  12
15  12
15  12
15  12
15  12
15  12
15  12
15  12
16  12
16  12
16  12
16  12
16  12
16  12
16  12
16  12
17  12
17  12
17  12
18  12
18  12
18  12
18  12
18  12
12  1026
1027  12
1028  12
23  22
22  1029
23  22
23  1029
23  22
23  22
22  1030
23  22
23  1030
23  22
9  1031
1031  9
49  48
49  48
49  48
49  48
49  48
49  48
15  48
15  48
15  48
15  48
15  48
9  1032
1032  9
49  48
49  48
49  48
49  48
49  48
49  48
15  48
15  48
15  48
15  48
15  48
13  12
13  12
13  12
13  12
13  12
14  12
14  12
14  12
14  12
14  12
14  12
15  12
15  12
15  12
15  12
15  12
15  12
15  12
16  12
16  12
16  12
16  12
16  12
16  12
16  12
16  12
17  12
17  12
17  12
18  12
18  12
18  12
18  12
18  12
12  1033
1034  12
1035  12
12  1036
1037  12
1038  12
710  12
711  12
711  12
711  12
711  12
710  12
710  12
710  12
710  12
710  12
710  12
712  12
712  12
712  12
12  1039
1040  12
1041  12
716  12
716  12
716  12
716  12
717  12
717  12
717  12
717  12
718  12
718  12
718  12
718  12
718  12
17  12
17  12
17  12
12  1042
1043  12
1044  12
9  1045
1045  9
1047  1046
1047  1048
1048  1047
49  48
49  48
49  48
49  48
49  48
49  48
15  48
15  48
15  48
15  48
15  48
1050  1049
1051  1050
1051  1050
1051  1050
1051  1050
1049  1052
724  1053
1054  724
1055  724
724  1056
1057  724
1058  724
724  1059
1060  724
1061  724
724  1062
1063  724
1064  724
724  1065
1066  1049
1067  1049
1050  1067
1049  1068
1049  1069
1049  1070
1049  1071
1049  1072
1050  1072
1050  941
1050  1050
1074  1073
1074  1075
1075  1074
1074  1076
1074  1073
1074  1077
1077  1074
451  1078
451  1079
451  1080
451  1081
451  1082
451  1083
1083  451
1074  1084
1073  1074
1074  1073
1084  1074
9  1085
1085  9
1  1086
1087  267
267  1088
1089  29
1090  29
1090  29
1090  29
1090  29
1089  29
1091  29
1092  29
1092  29
1092  29
1092  29
1091  29
1089  29
1090  29
1090  29
1090  29
1090  29
1089  29
1091  29
1092  29
1092  29
1092  29
1092  29
1091  29
1089  29
1090  29
1090  29
1090  29
1090  29
1089  29
29  1093
9  1094
1094  9
49  48
49  48
49  48
49  48
49  48
49  48
15  48
15  48
15  48
15  48
15  48
13  12
13  12
13  12
13  12
13  12
14  12
14  12
14  12
14  12
14  12
14  12
15  12
15  12
15  12
15  12
15  12
15  12
15  12
16  12
16  12
16  12
16  12
16  12
16  12
16  12
16  12
17  12
17  12
17  12
18  12
18  12
18  12
18  12
18  12
12  1095
1096  12
1097  12
1047  1098
1047  1047
9  1099
1099  9
49  48
49  48
49  48
49  48
49  48
49  48
15  48
15  48
15  48
15  48
15  48
710  12
711  12
711  12
711  12
711  12
710  12
710  12
710  12
710  12
710  12
710  12
712  12
712  12
712  12
12  1100
1101  12
1102  12
716  12
716  12
716  12
716  12
717  12
717  12
717  12
717  12
718  12
718  12
718  12
718  12
718  12
17  12
17  12
17  12
12  1103
1104  12
1105  12
12  1106
1107  12
1108  12
9  1109
1109  9
49  48
49  48
49  48
49  48
49  48
49  48
15  48
15  48
15  48
15  48
15  48
9  1110
1110  9
23  22
22  1111
23  22
23  1111
23  22
23  22
22  1112
23  22
23  1112
23  22
13  12
13  12
13  12
13  12
13  12
14  12
14  12
14  12
14  12
14  12
14  12
15  12
15  12
15  12
15  12
15  12
15  12
15  12
16  12
16  12
16  12
16  12
16  12
16  12
16  12
16  12
17  12
17  12
17  12
18  12
18  12
18  12
18  12
18  12
12  1113
1114  12
1115  12
964  1116
966  1117
1118  964
8  7
8  7
8  7
8  7
8  7
8  7
8  7
8  7
8  7
8  7
8  7
8  7
9  1119
1119  9
1120  724
1121  724
724  1122
1123  724
1124  724
724  1125
1126  724
1127  724
724  1128
1129  724
1130  724
724  1131
1132  724
1133  724
724  1134
49  48
49  48
49  48
49  48
49  48
49  48
15  48
15  48
15  48
15  48
15  48
9  1135
1135  9
724  1136
1137  724
1138  724
724  1139
1140  724
1141  724
724  1142
1143  724
1144  724
724  1145
1146  724
1147  724
724  1148
49  48
49  48
49  48
49  48
49  48
49  48
15  48
15  48
15  48
15  48
15  48
8  7
8  7
8  7
8  7
8  7
8  7
8  7
8  7
8  7
8  7
8  7
8  7
13  12
13  12
13  12
13  12
13  12
14  12
14  12
14  12
14  12
14  12
14  12
15  12
15  12
15  12
15  12
15  12
15  12
15  12
16  12
16  12
16  12
16  12
16  12
16  12
16  12
16  12
17  12
17  12
17  12
18  12
18  12
18  12
18  12
18  12
12  1149
1150  12
1151  12
12  1152
1153  12
1154  12
710  12
711  12
711  12
711  12
711  12
710  12
710  12
710  12
710  12
710  12
710  12
712  12
712  12
712  12
12  1155
1156  12
1157  12
716  12
716  12
716  12
716  12
717  12
717  12
717  12
717  12
718  12
718  12
718  12
718  12
718  12
17  12
17  12
17  12
12  1158
1159  12
1160  12
8  7
8  7
8  7
8  7
8  7
8  7
8  7
8  7
8  7
8  7
8  7
8  7
9  1161
1161  9
8  7
8  7
8  7
8  7
8  7
8  7
8  7
8  7
8  7
8  7
8  7
8  7
8  7
8  7
8  7
8  7
8  7
8  7
8  7
8  7
8  7
8  7
8  7
8  7
49  48
49  48
49  48
49  48
49  48
49  48
15  48
15  48
15  48
15  48
15  48
451  1162
451  1163
451  1164
451  1165
451  1166
451  1167
1167  451
9  1168
1168  9
27  1169
8  7
8  7
8  7
8  7
8  7
8  7
8  7
8  7
8  7
8  7
8  7
8  7
8  7
8  7
8  7
8  7
8  7
8  7
8  7
8  7
8  7
8  7
8  7
8  7
8  7
8  7
8  7
8  7
8  7
8  7
8  7
8  7
8  7
8  7
8  7
8  7
8  7
8  7
8  7
8  7
8  7
8  7
8  7
8  7
8  7
8  7
8  7
8  7
8  7
8  7
8  7
8  7
8  7
8  7
8  7
8  7
8  7
8  7
8  7
8  7
8  7
8  7
8  7
8  7
8  7
8  7
8  7
8  7
8  7
8  7
8  7
8  7
8  7
8  7
8  7
8  7
8  7
8  7
8  7
8  7
8  7
8  7
8  7
8  7
8  7
8  7
8  7
8  7
8  7
8  7
8  7
8  7
8  7
8  7
8  7
8  7
8  7
8  7
8  7
8  7
8  7
8  7
8  7
8  7
8  7
8  7
8  7
8  7
8  7
8  7
8  7
9  1170
1170  9
8  7
8  7
8  7
8  7
8  7
8  7
8  7
8  7
8  7
8  7
8  7
8  7
8  7
8  7
8  7
8  7
8  7
8  7
8  7
8  7
8  7
49  48
49  48
49  48
49  48
49  48
49  48
15  48
15  48
15  48
15  48
15  48
8  7
8  7
8  7
8  7
8  7
8  7
8  7
8  7
8  7
8  7
8  7
8  7
8  7
8  7
8  7
8  7
8  7
8  7
8  7
8  7
8  7
8  7
8  7
8  7
8  7
8  7
8  7
8  7
8  7
8  7
8  7
8  7
8  7
8  7
8  7
8  7
8  7
8  7
8  7
8  7
8  7
8  7
8  7
8  7
8  7
8  7
8  7
8  7
8  7
8  7
8  7
8  7
8  7
8  7
8  7
8  7
8  7
8  7
8  7
8  7
8  7
8  7
8  7
8  7
8  7
8  7
13  12
13  12
13  12
13  12
13  12
14  12
14  12
14  12
14  12
14  12
14  12
15  12
15  12
15  12
15  12
15  12
15  12
15  12
16  12
16  12
16  12
16  12
16  12
16  12
16  12
16  12
17  12
17  12
17  12
18  12
18  12
18  12
18  12
18  12
12  1171
1172  12
1173  12
8  7
8  7
8  7
8  7
8  7
8  7
8  7
8  7
8  7
8  7
8  7
8  7
8  7
8  7
8  7
8  7
8  7
8  7
8  7
8  7
8  7
8  7
8  7
8  7
1175  1174
8  7
8  7
8  7
9  1176
1176  9
49  48
49  48
49  48
49  48
49  48
49  48
15  48
15  48
15  48
15  48
15  48
1175  1174
710  12
711  12
711  12
711  12
711  12
710  12
710  12
710  12
710  12
710  12
710  12
712  12
712  12
712  12
12  1177
1178  12
1179  12
716  12
716  12
716  12
716  12
717  12
717  12
717  12
717  12
718  12
718  12
718  12
718  12
718  12
17  12
17  12
17  12
12  1180
1181  12
1182  12
12  1183
1184  12
1185  12
8  7
8  7
8  7
8  7
8  7
8  7
9  1186
1186  9
8  7
8  7
8  7
8  7
8  7
8  7
8  7
8  7
8  7
8  7
8  7
8  7
8  7
8  7
8  7
8  7
8  7
8  7
8  7
8  7
8  7
8  7
8  7
8  7
8  7
8  7
8  7
8  7
8  7
8  7
8  7
8  7
8  7
8  7
8  7
8  7
8  7
8  7
8  7
8  7
8  7
8  7
8  7
8  7
8  7
8  7
8  7
8  7
8  7
8  7
8  7
8  7
8  7
8  7
8  7
8  7
8  7
8  7
8  7
8  7
8  7
8  7
8  7
8  7
8  7
8  7
8  7
8  7
8  7
8  7
8  7
8  7
49  48
49  48
49  48
49  48
49  48
49  48
15  48
15  48
15  48
15  48
15  48
8  7
8  7
8  7
8  7
8  7
8  7
8  7
8  7
8  7
8  7
8  7
8  7
8  7
8  7
8  7
8  7
8  7
8  7
8  7
8  7
8  7
8  7
8  7
8  7
8  7
8  7
8  7
8  7
8  7
8  7
8  7
8  7
8  7
8  7
8  7
8  7
9  1187
1187  9
23  22
22  1188
23  22
23  1188
23  22
23  22
22  1189
23  22
23  1189
23  22
13  12
13  12
13  12
13  12
13  12
14  12
14  12
14  12
14  12
14  12
14  12
15  12
15  12
15  12
15  12
15  12
15  12
15  12
16  12
16  12
16  12
16  12
16  12
16  12
16  12
16  12
17  12
17  12
17  12
18  12
18  12
18  12
18  12
18  12
12  1190
1191  12
1192  12
8  7
8  7
8  7
8  7
8  7
8  7
8  7
8  7
8  7
8  7
8  7
8  7
8  7
8  7
8  7
8  7
8  7
8  7
8  7
8  7
8  7
8  7
8  7
8  7
8  7
8  7
8  7
8  7
8  7
8  7
8  7
8  7
8  7
8  7
8  7
8  7
8  7
8  7
8  7
8  7
8  7
8  7
9  1193
1193  9
49  48
49  48
49  48
49  48
49  48
49  48
15  48
15  48
15  48
15  48
15  48
8  7
8  7
8  7
8  7
8  7
8  7
8  7
8  7
8  7
8  7
8  7
8  7
8  7
8  7
8  7
8  7
8  7
8  7
8  7
8  7
8  7
8  7
8  7
8  7
8  7
8  7
8  7
8  7
8  7
8  7
8  7
8  7
8  7
8  7
8  7
8  7
8  7
8  7
8  7
8  7
8  7
8  7
8  7
8  7
8  7
8  7
8  7
8  7
8  7
8  7
8  7
8  7
8  7
8  7
8  7
8  7
8  7
8  7
8  7
8  7
8  7
8  7
8  7
8  7
8  7
8  7
8  7
8  7
8  7
8  7
8  7
8  7
8  7
8  7
8  7
9  1194
1194  9
8  7
8  7
8  7
8  7
8  7
8  7
8  7
8  7
8  7
8  7
8  7
8  7
8  7
8  7
8  7
8  7
8  7
8  7
8  7
8  7
8  7
8  7
8  7
8  7
8  7
8  7
8  7
8  7
8  7
8  7
8  7
8  7
8  7
8  7
8  7
8  7
49  48
49  48
49  48
49  48
49  48
49  48
15  48
15  48
15  48
15  48
15  48
8  7
8  7
8  7
8  7
8  7
8  7
8  7
8  7
8  7
8  7
8  7
8  7
8  7
8  7
8  7
8  7
8  7
8  7
8  7
8  7
8  7
1196  1195
1195  1197
1196  1197
1196  1197
345  1196
346  1196
345  1196
347  1196
1198  57
346  1196
348  1196
347  1196
349  1196
349  1196
347  1196
348  1196
346  1196
347  1196
350  1196
346  1196
351  1196
1199  57
350  1196
57  1199
352  1196
351  1196
353  1196
1199  57
352  1196
353  1196
1199  57
354  1196
1199  57
1199  57
354  1196
1199  57
354  1196
354  1196
57  1200
57  1201
4  1202
59  4
4  1203
4  1204
1204  4
345  1196
346  1196
345  1196
347  1196
346  1196
348  1196
347  1196
349  1196
349  1196
347  1196
348  1196
346  1196
347  1196
350  1196
346  1196
351  1196
350  1196
352  1196
351  1196
353  1196
352  1196
353  1196
354  1196
354  1196
354  1196
354  1196
359  1196
359  1196
359  1196
345  1196
346  1196
345  1196
1205  1196
346  1196
1205  1196
1196  1206
361  1207
361  1208
1208  361
1209  1196
1196  1196