182.1  184.0 
182.1  185.0 
182.1  186.0 
182.1  187.0 
182.1  188.0 
182.1  189.0 
182.1  190.0 
182.1  191.0 
182.1  192.0 
182.1  193.0 
182.1  194.0 
182.1  195.0 
183.1  197.0 
183.1  185.0 
183.1  188.0 
184.0  164.0 
185.0  165.0 
186.0  166.0 
187.0  167.0 
188.0  168.0 
189.0  169.0 
190.0  170.0 
191.0  171.0 
194.0  174.0 
195.0  190.0 
196.1  185.0 
196.1  198.0 
196.1  189.0 
196.1  188.0 
196.1  194.0 
196.1  199.0 
196.1  200.0 
197.0  177.0 
198.0  178.0 
199.0  179.0 
200.0  180.0 
181.1  182.1 
182.0  183.0 
183.0  196.0 
