80732.1  80734.0 
80732.1  80735.0 
80732.1  80736.0 
80732.1  80737.0 
80732.1  80738.0 
80732.1  80739.0 
80732.1  80740.0 
80732.1  80741.0 
80732.1  80742.0 
80732.1  80743.0 
80732.1  80744.0 
80732.1  80745.0 
80732.1  80746.0 
80732.1  80747.0 
80732.1  80748.0 
80732.1  80749.0 
80732.1  80750.0 
80732.1  80751.0 
80732.1  80752.0 
80732.1  80753.0 
80732.1  80754.0 
80732.1  80755.0 
80732.1  80756.0 
80732.1  80757.0 
80732.1  80758.0 
80732.1  80759.0 
80732.1  80760.0 
80732.1  80761.0 
80732.1  80762.0 
80732.1  80763.0 
80732.1  80764.0 
80732.1  80765.0 
80732.1  80766.0 
80732.1  80767.0 
80732.1  80768.0 
80732.1  80769.0 
80732.1  80770.0 
80732.1  80771.0 
80732.1  80772.0 
80732.1  80773.0 
80732.1  80774.0 
80732.1  80775.0 
80732.1  80776.0 
80732.1  80777.0 
80732.1  80778.0 
80732.1  80779.0 
80732.1  80780.0 
80732.1  80781.0 
80732.1  80782.0 
80732.1  80783.0 
80732.1  80784.0 
80732.1  80785.0 
80732.1  80786.0 
80732.1  80787.0 
80732.1  80788.0 
80732.1  80789.0 
80732.1  80790.0 
80732.1  80791.0 
80732.1  80792.0 
80732.1  80793.0 
80732.1  80794.0 
80732.1  80795.0 
80732.1  80796.0 
80732.1  80797.0 
80732.1  80798.0 
80732.1  80799.0 
80732.1  80800.0 
80732.1  80801.0 
80732.1  80802.0 
80732.1  80803.0 
80732.1  80804.0 
80732.1  80805.0 
80732.1  80806.0 
80732.1  80807.0 
80732.1  80808.0 
80732.1  80809.0 
80732.1  80810.0 
80732.1  80811.0 
80732.1  80812.0 
80732.1  80813.0 
80732.1  80814.0 
80732.1  80815.0 
80732.1  80816.0 
80732.1  80817.0 
80732.1  80818.0 
80732.1  80819.0 
80732.1  80820.0 
80732.1  80821.0 
80732.1  80822.0 
80732.1  80823.0 
80732.1  80824.0 
80732.1  80825.0 
80732.1  80826.0 
80732.1  80827.0 
80732.1  80828.0 
80732.1  80829.0 
80732.1  80830.0 
80732.1  80831.0 
80732.1  80832.0 
80732.1  80833.0 
80732.1  80834.0 
80732.1  80835.0 
80732.1  80836.0 
80732.1  80837.0 
80732.1  80838.0 
80732.1  80839.0 
80732.1  80840.0 
80732.1  80841.0 
80732.1  80842.0 
80732.1  80843.0 
80732.1  80844.0 
80732.1  80845.0 
80732.1  80846.0 
80732.1  80847.0 
80732.1  80848.0 
80732.1  80849.0 
80732.1  80850.0 
80732.1  80851.0 
80732.1  80852.0 
80732.1  80853.0 
80732.1  80854.0 
80732.1  80855.0 
80732.1  80856.0 
80732.1  80857.0 
80732.1  80858.0 
80732.1  80859.0 
80732.1  80860.0 
80732.1  80861.0 
80732.1  80862.0 
80732.1  80863.0 
80732.1  80864.0 
80732.1  80865.0 
80732.1  80866.0 
80732.1  80867.0 
80732.1  80868.0 
80732.1  80869.0 
80732.1  80870.0 
80732.1  80871.0 
80732.1  80872.0 
80732.1  80873.0 
80732.1  80874.0 
80732.1  80875.0 
80732.1  80876.0 
80732.1  80877.0 
80732.1  80878.0 
80732.1  80879.0 
80732.1  80880.0 
80732.1  80881.0 
80732.1  80882.0 
80732.1  80883.0 
80732.1  80884.0 
80732.1  80885.0 
80732.1  80886.0 
80732.1  80887.0 
80732.1  80888.0 
80732.1  80889.0 
80732.1  80890.0 
80732.1  80891.0 
80732.1  80892.0 
80732.1  80893.0 
80732.1  80894.0 
80732.1  80895.0 
80732.1  80896.0 
80732.1  80897.0 
80732.1  80898.0 
80732.1  80899.0 
80732.1  80900.0 
80732.1  80901.0 
80732.1  80902.0 
80732.1  80903.1 
80732.1  80904.0 
80732.1  80905.0 
80732.1  80906.0 
80732.1  80907.0 
80732.1  80908.0 
80732.1  80909.0 
80732.2  80910.0 
80732.2  80911.0 
80732.2  80912.0 
80732.2  80913.0 
80732.2  80914.0 
80732.2  80915.0 
80732.2  80916.0 
80732.2  80917.0 
80732.2  80918.0 
80732.2  80919.0 
80732.2  80920.0 
80732.2  80921.0 
80732.2  80922.0 
80732.2  80923.0 
80732.2  80924.0 
80732.2  80925.0 
80732.2  80926.0 
80732.2  80927.0 
80732.2  80928.0 
80732.2  80929.0 
80732.2  80930.0 
80732.2  80931.0 
80732.2  80932.0 
80732.2  80933.0 
80732.2  80934.0 
80732.2  80935.0 
80732.2  80936.0 
80732.2  80937.0 
80732.2  80938.0 
80732.2  80939.0 
80732.2  80940.0 
80732.2  80941.0 
80732.2  80942.0 
80732.2  80943.0 
80732.2  80944.0 
80732.2  80945.0 
80732.2  80946.0 
80732.2  80947.0 
80732.2  80948.0 
80732.2  80949.0 
80732.2  80950.0 
80732.2  80951.0 
80732.2  80952.0 
80732.2  80953.0 
80732.2  80954.0 
80732.2  80955.0 
80732.2  80956.0 
80732.2  80957.0 
80732.2  80958.0 
80732.2  80959.0 
80732.2  80960.0 
80732.2  80961.0 
80732.2  80962.0 
80732.2  80963.0 
80732.2  80964.0 
80732.2  80965.0 
80732.2  80966.0 
80732.2  80967.0 
80732.2  80968.0 
80732.2  80969.0 
80732.2  80970.0 
80732.2  80971.0 
80732.2  80972.0 
80732.2  80973.0 
80732.2  80974.0 
80732.2  80975.0 
80732.2  80976.0 
80732.2  80977.0 
80732.2  80978.0 
80732.2  80979.0 
80732.2  80980.0 
80732.2  80981.0 
80732.2  80982.0 
80732.2  80983.0 
80732.2  80984.0 
80732.2  80985.0 
80732.2  80986.0 
80732.2  80987.0 
80732.2  80988.0 
80732.2  80989.0 
80732.2  80990.0 
80732.2  80991.0 
80732.2  80992.0 
80732.2  80993.0 
80732.2  80994.0 
80732.2  80995.0 
80732.2  80996.0 
80732.2  80997.0 
80732.2  80998.0 
80732.2  80999.0 
80732.2  81000.0 
80732.2  81001.0 
80732.2  81002.0 
80732.2  81003.0 
80732.2  81004.0 
80732.2  81005.0 
80732.2  81006.0 
80732.2  81007.0 
80732.2  81008.0 
80732.2  81009.0 
80732.2  81010.0 
80732.2  81011.0 
80732.2  81012.0 
80732.2  81013.0 
80732.2  81014.0 
80732.2  81015.0 
80732.2  81016.0 
80732.2  81017.0 
80732.2  81018.0 
80732.2  81019.0 
80732.2  81020.0 
80732.2  81021.0 
80732.2  81022.0 
80732.2  81023.0 
80732.2  81024.0 
80732.2  81025.0 
80732.2  81026.0 
80732.2  81027.0 
80732.2  81028.0 
80732.2  81029.0 
80732.2  81030.0 
80732.2  81031.0 
80732.2  81032.0 
80732.2  81033.0 
80732.2  81034.0 
80732.2  81035.0 
80732.2  81036.0 
80732.2  81037.0 
80732.2  81038.0 
80732.2  81039.0 
80732.2  81040.0 
80732.2  81041.0 
80732.2  81042.0 
80732.2  81043.0 
80732.2  81044.0 
80732.2  81045.0 
80732.2  81046.0 
80732.2  81047.0 
80732.2  81048.0 
80732.2  81049.0 
80732.2  81050.0 
80732.2  81051.0 
80732.2  81052.0 
80732.2  81053.0 
80732.2  81054.0 
80732.2  81055.0 
80732.2  81056.0 
80732.2  81057.0 
80732.2  81058.0 
80732.2  81059.0 
80732.2  81060.0 
80732.2  81061.0 
80732.2  81062.0 
80732.2  81063.0 
80732.2  81064.0 
80732.2  81065.0 
80732.2  81066.0 
80732.2  81067.0 
80732.2  81068.0 
80732.2  81069.0 
80732.2  81070.0 
80732.2  81071.1 
80732.2  81072.0 
80732.2  81073.0 
80732.2  81074.0 
80732.2  81075.0 
80732.2  81076.0 
80732.2  81077.0 
80732.2  81078.0 
80732.2  81079.0 
80732.2  81080.0 
80732.2  81081.0 
80732.2  81082.0 
80732.2  81083.0 
80732.2  81084.0 
80732.2  81085.36 
80732.2  81086.36 
80732.2  81087.0 
80732.2  81088.0 
80732.2  81089.0 
80732.2  81090.0 
80732.2  81091.0 
80732.2  81092.0 
80732.2  81093.0 
80732.2  81094.0 
80732.2  81095.0 
80732.2  81096.0 
80732.2  81097.0 
80732.2  81098.0 
80732.2  81099.0 
80732.3  81100.0 
80732.3  81101.0 
80732.3  81102.0 
80732.3  81103.0 
80732.3  81104.0 
80732.3  81105.0 
80732.3  81106.0 
80732.3  81107.0 
80732.3  81108.2 
80732.3  81109.0 
80732.3  81110.0 
80732.3  81111.0 
80732.3  81112.0 
80732.3  81113.0 
80732.3  81114.0 
80732.4  81115.0 
80732.4  81116.0 
80732.4  81117.0 
80732.4  81118.0 
80732.4  81119.0 
80732.5  81120.0 
80732.5  81121.0 
80732.5  81122.0 
80732.5  81123.0 
80732.5  81124.0 
80732.5  81125.1 
80732.5  81126.0 
80732.5  81127.72 
80732.5  81128.72 
80732.5  81129.0 
80732.5  81130.2 
80732.6  81131.0 
80732.7  81132.0 
80732.7  81133.0 
80732.7  81134.0 
80732.7  81135.0 
80732.7  81136.0 
80732.7  81137.0 
80732.7  81138.83 
80732.7  81139.0 
80732.7  81140.0 
80732.7  81141.0 
80732.7  81142.0 
80732.7  81143.0 
80732.8  81144.0 
80732.8  81145.0 
80732.8  81108.5 
80732.9  81146.0 
80733.1  81148.0 
80733.1  80738.0 
80733.1  81149.0 
80733.1  80743.0 
80733.1  80759.0 
80733.1  80779.0 
80733.1  80899.0 
80733.1  80784.0 
80733.1  81150.1 
80733.1  81151.1 
80733.1  81152.1 
80734.0  79592.0 
80735.0  79593.0 
80736.0  79594.0 
80737.0  79595.0 
80738.0  79573.0 
80739.0  79596.0 
80740.0  79597.0 
80741.0  79598.0 
80742.0  79599.0 
80743.0  79577.0 
80744.0  79600.0 
80745.0  79601.0 
80746.0  79602.0 
80747.0  79603.0 
80748.0  79604.0 
80749.0  79605.0 
80750.0  79606.0 
80751.0  79607.0 
80752.0  79608.0 
80753.0  79609.0 
80754.0  79610.0 
80755.0  79611.0 
80756.0  79612.0 
80757.0  79613.0 
80758.0  79614.0 
80759.0  79576.0 
80760.0  79615.0 
80761.0  79616.0 
80762.0  79617.0 
80763.0  79618.0 
80764.0  79619.0 
80765.0  79620.0 
80766.0  79621.0 
80767.0  79622.0 
80768.0  79623.0 
80769.0  79624.0 
80770.0  79625.0 
80771.0  79626.0 
80772.0  79627.0 
80773.0  79628.0 
80774.0  79629.0 
80775.0  79630.0 
80776.0  79631.0 
80777.0  79632.0 
80778.0  79633.0 
80779.0  79582.0 
80780.0  79634.0 
80781.0  79635.0 
80782.0  79636.0 
80783.0  79637.0 
80784.0  79588.0 
80785.0  79638.0 
80786.0  79639.0 
80787.0  79640.0 
80788.0  79641.0 
80789.0  79642.0 
80790.0  79643.0 
80791.0  79644.0 
80792.0  79645.0 
80793.0  79646.0 
80794.0  79647.0 
80795.0  79648.0 
80796.0  79649.0 
80797.0  79650.0 
80798.0  79651.0 
80799.0  79652.0 
80800.0  79653.0 
80801.0  79654.0 
80802.0  79655.0 
80803.0  79656.0 
80804.0  79657.0 
80805.0  79658.0 
80806.0  79659.0 
80807.0  79660.0 
80808.0  79661.0 
80809.0  79662.0 
80810.0  79663.0 
80811.0  79664.0 
80812.0  79665.0 
80813.0  79666.0 
80814.0  79667.0 
80815.0  79668.0 
80816.0  79669.0 
80817.0  79670.0 
80818.0  79671.0 
80819.0  79672.0 
80820.0  79673.0 
80821.0  79674.0 
80822.0  79675.0 
80823.0  79676.0 
80824.0  79677.0 
80825.0  79678.0 
80826.0  79679.0 
80827.0  79680.0 
80828.0  79681.0 
80829.0  79682.0 
80830.0  79683.0 
80831.0  79684.0 
80832.0  79685.0 
80833.0  79686.0 
80834.0  79687.0 
80835.0  79688.0 
80836.0  79689.0 
80837.0  79690.0 
80838.0  79691.0 
80839.0  79692.0 
80840.0  79693.0 
80841.0  79694.0 
80842.0  79695.0 
80843.0  79696.0 
80844.0  79697.0 
80845.0  79698.0 
80846.0  79699.0 
80847.0  79700.0 
80848.0  79701.0 
80849.0  79702.0 
80850.0  79703.0 
80851.0  79704.0 
80852.0  79705.0 
80853.0  79706.0 
80854.0  79707.0 
80855.0  79708.0 
80856.0  79709.0 
80857.0  79710.0 
80858.0  79711.0 
80859.0  79712.0 
80860.0  79713.0 
80861.0  79714.0 
80862.0  79715.0 
80863.0  79716.0 
80864.0  79717.0 
80865.0  79718.0 
80866.0  79719.0 
80867.0  79720.0 
80868.0  79721.0 
80869.0  79722.0 
80870.0  79723.0 
80871.0  79724.0 
80872.0  79725.0 
80873.0  79726.0 
80874.0  79727.0 
80875.0  79728.0 
80876.0  79729.0 
80877.0  79730.0 
80878.0  79731.0 
80879.0  79732.0 
80880.0  79733.0 
80881.0  79734.0 
80882.0  79735.0 
80883.0  79736.0 
80884.0  79737.0 
80885.0  79738.0 
80886.0  79739.0 
80887.0  79740.0 
80888.0  79741.0 
80889.0  79742.0 
80890.0  79743.0 
80891.0  79744.0 
80892.0  79745.0 
80893.0  79746.0 
80894.0  79747.0 
80895.0  79748.0 
80896.0  79749.0 
80897.0  79750.0 
80898.0  79751.0 
80899.0  79587.0 
80900.0  79752.0 
80901.0  79753.0 
80902.0  79754.0 
80903.1  81153.13 
80904.0  79756.0 
80905.0  79757.0 
80906.0  79758.0 
80907.0  79759.0 
80908.0  79760.0 
80909.0  79761.0 
80910.0  79762.0 
80911.0  79763.0 
80912.0  79764.0 
80913.0  79765.0 
80914.0  79766.0 
80915.0  79767.0 
80916.0  79768.0 
80917.0  79769.0 
80918.0  79770.0 
80919.0  79771.0 
80920.0  79772.0 
80921.0  79773.0 
80922.0  79774.0 
80923.0  79775.0 
80924.0  79776.0 
80925.0  79777.0 
80926.0  79778.0 
80927.0  79779.0 
80928.0  79780.0 
80929.0  79781.0 
80930.0  79782.0 
80931.0  79783.0 
80932.0  79784.0 
80933.0  79785.0 
80934.0  79786.0 
80935.0  79787.0 
80936.0  79788.0 
80937.0  79789.0 
80938.0  79790.0 
80939.0  79791.0 
80940.0  79792.0 
80941.0  79574.0 
80942.0  79793.0 
80943.0  79794.0 
80944.0  79795.0 
80945.0  79796.0 
80946.0  79797.0 
80947.0  79798.0 
80948.0  79799.0 
80949.0  79800.0 
80950.0  79801.0 
80951.0  79802.0 
80952.0  79803.0 
80953.0  79579.0 
80955.0  79805.0 
80956.0  79806.0 
80957.0  79807.0 
80958.0  79808.0 
80959.0  79809.0 
80960.0  79810.0 
80961.0  79811.0 
80962.0  79812.0 
80963.0  79813.0 
80964.0  79814.0 
80965.0  79815.0 
80966.0  79817.0 
80967.0  79816.0 
80968.0  79818.0 
80969.0  79819.0 
80970.0  79820.0 
80971.0  79821.0 
80972.0  79822.0 
80973.0  79823.0 
80974.0  79824.0 
80975.0  79825.0 
80976.0  79826.0 
80977.0  79827.0 
80978.0  79828.0 
80979.0  79829.0 
80980.0  79830.0 
80981.0  79831.0 
80982.0  79832.0 
80983.0  79833.0 
80984.0  79834.0 
80985.0  79835.0 
80986.0  79836.0 
80987.0  79837.0 
80988.0  79838.0 
80989.0  79839.0 
80990.0  79840.0 
80991.0  79841.0 
80992.0  79842.0 
80993.0  79843.0 
80994.0  79927.0 
80995.0  79844.0 
80996.0  79845.0 
80997.0  79846.0 
80998.0  79847.0 
80999.0  79848.0 
81000.0  79849.0 
81001.0  79850.0 
81002.0  79851.0 
81003.0  79852.0 
81004.0  79853.0 
81005.0  79854.0 
81006.0  79855.0 
81007.0  79856.0 
81008.0  79857.0 
81009.0  79858.0 
81010.0  79859.0 
81011.0  79860.0 
81012.0  79861.0 
81013.0  79862.0 
81014.0  79863.0 
81015.0  79864.0 
81016.0  79865.0 
81017.0  79866.0 
81018.0  79867.0 
81019.0  79868.0 
81020.0  79869.0 
81021.0  79870.0 
81022.0  79871.0 
81023.0  79872.0 
81024.0  79873.0 
81025.0  79874.0 
81026.0  79875.0 
81027.0  79876.0 
81028.0  79877.0 
81029.0  79878.0 
81030.0  79879.0 
81031.0  79880.0 
81032.0  79881.0 
81033.0  79882.0 
81034.0  79883.0 
81035.0  79884.0 
81036.0  79885.0 
81037.0  79886.0 
81038.0  79887.0 
81039.0  79888.0 
81040.0  79889.0 
81041.0  79890.0 
81042.0  79891.0 
81043.0  79892.0 
81044.0  79893.0 
81045.0  79894.0 
81046.0  79895.0 
81047.0  79896.0 
81048.0  79897.0 
81049.0  79898.0 
81050.0  79899.0 
81051.0  79900.0 
81052.0  79901.0 
81053.0  79902.0 
81054.0  79903.0 
81055.0  79904.0 
81056.0  79905.0 
81057.0  79906.0 
81058.0  79907.0 
81059.0  79908.0 
81060.0  79909.0 
81061.0  79910.0 
81062.0  79911.0 
81063.0  79912.0 
81064.0  79913.0 
81065.0  79914.0 
81066.0  79915.0 
81067.0  79916.0 
81068.0  79917.0 
81069.0  79918.0 
81070.0  79919.0 
81071.1  81153.11 
81072.0  79921.0 
81073.0  79922.0 
81074.0  79923.0 
81075.0  79924.0 
81076.0  79925.0 
81077.0  79926.0 
81078.0  79928.0 
81079.0  79929.0 
81080.0  79930.0 
81081.0  79931.0 
81082.0  79932.0 
81083.0  79933.0 
81084.0  79934.0 
81085.36  81153.12 
81085.36  79935.36 
81086.36  81153.12 
81086.36  79936.36 
81087.0  79937.0 
81088.0  79938.0 
81089.0  79939.0 
81090.0  79940.0 
81091.0  79941.0 
81092.0  79942.0 
81093.0  79943.0 
81094.0  79944.0 
81095.0  79945.0 
81096.0  79946.0 
81097.0  79947.0 
81098.0  79948.0 
81099.0  79949.0 
81100.0  79950.0 
81101.0  79951.0 
81102.0  79952.0 
81103.0  79953.0 
81104.0  79954.0 
81105.0  79955.0 
81106.0  79956.0 
81107.0  79957.0 
81108.1  80732.1 
81108.2  80732.2 
81108.3  80732.3 
81108.4  80732.4 
81108.5  80732.7 
81108.6  80732.8 
81109.0  79959.0 
81110.0  79960.0 
81111.0  79961.0 
81112.0  79962.0 
81113.0  79963.0 
81114.0  79964.0 
81115.0  79965.0 
81116.0  79966.0 
81117.0  79967.0 
81118.0  79968.0 
81119.0  79969.0 
81120.0  79999.0 
81121.0  79970.0 
81122.0  79971.0 
81123.0  79972.0 
81124.0  79973.0 
81125.1  81153.13 
81126.0  79975.0 
81127.72  81153.13 
81127.72  79976.72 
81127.73  80732.5 
81128.72  81153.13 
81128.72  79977.72 
81128.73  80732.6 
81129.0  79978.0 
81130.2  79979.2 
81132.0  80010.0 
81133.0  80011.0 
81134.0  80012.0 
81135.0  80013.0 
81136.0  80014.0 
81137.0  80000.0 
81138.82  81153.10 
81138.83  81153.12 
81138.83  80001.83 
81139.0  80015.0 
81144.0  80016.0 
81145.0  80017.0 
81146.0  80018.0 
81147.1  81155.0 
81147.1  80738.0 
81147.1  81149.0 
81147.1  80743.0 
81147.1  80759.0 
81147.1  80779.0 
81147.1  80899.0 
81147.1  80784.0 
81147.1  81156.1 
81147.1  81157.1 
81147.1  81158.1 
81147.1  81159.1 
81147.1  81160.1 
81148.0  80020.0 
81149.0  79586.0 
81150.1  81161.1 
81151.1  81162.1 
81152.1  81163.1 
81153.11  80051.0 
81153.12  80001.82 
81153.13  81164.1 
81153.13  79590.13 
81154.1  81166.0 
81154.1  80738.0 
81154.1  80759.0 
81155.0  80032.0 
81156.1  81167.1 
81157.1  81168.1 
81158.1  81169.1 
81159.1  81170.1 
81160.1  81171.1 
81161.1  81172.0 
81161.1  80738.0 
81161.1  80759.0 
81161.1  80779.0 
81162.1  81173.0 
81162.1  80738.0 
81162.1  80759.0 
81162.1  80779.0 
81163.1  81175.0 
81163.1  80738.0 
81163.1  80759.0 
81164.1  81153.10 
81165.1  80738.0 
81165.1  81149.0 
81165.1  80743.0 
81165.1  80759.0 
81165.1  80779.0 
81165.1  80899.0 
81165.1  80784.0 
81166.0  79585.0 
81167.1  81173.0 
81167.1  80738.0 
81167.1  80759.0 
81167.1  80779.0 
81168.1  81172.0 
81168.1  80738.0 
81168.1  80759.0 
81168.1  80779.0 
81169.1  81176.0 
81169.1  80738.0 
81169.1  80759.0 
81169.1  80779.0 
81170.1  81176.0 
81170.1  80738.0 
81170.1  80759.0 
81170.1  80779.0 
81171.1  81176.0 
81171.1  80738.0 
81171.1  80759.0 
81171.1  80779.0 
81172.0  80087.0 
81173.0  80088.0 
81175.0  80090.0 
81176.0  80117.0 
80732.10  81178.0 
81178.0  80065.0 
80732.0  80733.0 
80733.0  81147.0 
81147.0  81154.0 
81154.0  81165.0 
81161.0  80733.0 
81162.0  80733.0 
81163.0  81174.0 
81167.0  81147.0 
81168.0  81147.0 
81169.0  81147.0 
81170.0  81147.0 
81171.0  81147.0 
81174.0  80733.0 
80731.1  80732.9 
81177.1  80732.10 
81179.1  80732.10 
