53481.1  53483.0 
53481.1  53484.0 
53481.1  53485.0 
53481.1  53486.0 
53481.1  53487.0 
53481.1  53488.0 
53481.1  53489.0 
53481.1  53490.0 
53481.1  53491.0 
53481.1  53492.0 
53481.1  53493.0 
53481.1  53494.0 
53482.1  53496.0 
53482.1  53484.0 
53482.1  53487.0 
53483.0  53461.0 
53484.0  53462.0 
53485.0  53463.0 
53486.0  53464.0 
53487.0  53465.0 
53488.0  53466.0 
53489.0  53467.0 
53490.0  53468.0 
53493.0  53471.0 
53494.0  52844.0 
53495.1  53484.0 
53495.1  53497.0 
53495.1  53488.0 
53495.1  53487.0 
53495.1  53493.0 
53495.1  53498.0 
53495.1  53499.0 
53496.0  53474.0 
53497.0  53475.0 
53498.0  53476.0 
53499.0  53477.0 
53480.1  53481.1 
53501.5  53479.5 
53481.0  53482.0 
53482.0  53495.0 
53500.1  53501.5 
