53575.1  53577.0 
53575.1  53578.0 
53575.1  53579.0 
53575.1  53580.0 
53575.1  53581.0 
53575.1  53582.0 
53575.1  53583.0 
53575.1  53584.0 
53575.1  53585.0 
53575.1  53586.0 
53575.1  53587.0 
53575.1  53588.0 
53576.1  53590.0 
53576.1  53578.0 
53576.1  53581.0 
53577.0  53549.0 
53578.0  53550.0 
53579.0  53551.0 
53580.0  53552.0 
53581.0  53553.0 
53582.0  53554.0 
53583.0  53555.0 
53584.0  53556.0 
53587.0  53559.0 
53588.0  52924.0 
53589.1  53578.0 
53589.1  53591.0 
53589.1  53582.0 
53589.1  53581.0 
53589.1  53587.0 
53589.1  53592.0 
53589.1  53593.0 
53590.0  53562.0 
53591.0  53563.0 
53592.0  53564.0 
53593.0  53565.0 
53574.1  53575.1 
53595.1  53577.0 
53595.1  53578.0 
53595.1  53579.0 
53595.1  53580.0 
53595.1  53581.0 
53595.1  53582.0 
53595.1  53583.0 
53595.1  53584.0 
53595.1  53597.0 
53595.1  53598.0 
53595.1  53587.0 
53595.1  53599.0 
53596.1  53590.0 
53596.1  53578.0 
53596.1  53581.0 
53599.0  53362.0 
53594.1  53595.1 
53601.5  53573.5 
53575.0  53576.0 
53576.0  53589.0 
53595.0  53596.0 
53596.0  53589.0 
53600.1  53601.5 
