342.1  344.0 
342.1  345.0 
342.1  346.0 
342.1  347.0 
342.1  348.0 
342.1  349.0 
342.1  350.0 
342.1  351.0 
342.1  352.0 
342.1  353.0 
342.1  354.0 
342.1  355.0 
343.1  357.0 
343.1  345.0 
343.1  348.0 
344.0  324.0 
345.0  325.0 
346.0  326.0 
347.0  327.0 
348.0  328.0 
349.0  329.0 
350.0  330.0 
351.0  331.0 
354.0  334.0 
355.0  350.0 
356.1  345.0 
356.1  358.0 
356.1  349.0 
356.1  348.0 
356.1  354.0 
356.1  359.0 
356.1  360.0 
357.0  337.0 
358.0  338.0 
359.0  339.0 
360.0  340.0 
341.1  342.1 
342.0  343.0 
343.0  356.0 
