46646.1  46648.0 
46646.1  46649.0 
46646.1  46650.0 
46646.1  46651.0 
46646.1  46652.0 
46646.1  46653.0 
46646.1  46654.0 
46646.1  46655.0 
46646.1  46656.0 
46646.1  46657.0 
46646.1  46658.0 
46646.1  46659.0 
46646.1  46660.0 
46646.1  46661.0 
46646.1  46662.0 
46646.1  46663.0 
46646.1  46664.0 
46646.1  46665.0 
46646.1  46666.0 
46646.1  46667.0 
46646.1  46668.0 
46646.1  46669.0 
46646.1  46670.0 
46646.1  46671.0 
46646.1  46672.0 
46646.1  46673.0 
46646.1  46674.0 
46646.1  46675.0 
46646.1  46676.0 
46646.1  46677.0 
46646.1  46678.0 
46646.1  46679.0 
46646.1  46680.0 
46646.1  46681.0 
46646.1  46682.0 
46646.1  46683.0 
46646.1  46684.0 
46646.1  46685.0 
46646.1  46686.0 
46646.1  46687.0 
46646.1  46688.0 
46646.1  46689.0 
46646.1  46690.0 
46646.1  46691.0 
46646.1  46692.0 
46646.1  46693.0 
46646.1  46694.0 
46646.1  46695.0 
46646.1  46696.0 
46646.1  46697.0 
46646.1  46698.0 
46646.1  46699.0 
46646.1  46700.0 
46646.1  46701.0 
46646.1  46702.0 
46646.1  46703.0 
46646.1  46704.0 
46646.1  46705.0 
46646.1  46706.0 
46646.1  46707.0 
46646.1  46708.0 
46646.1  46709.0 
46646.1  46710.0 
46646.1  46711.0 
46646.1  46712.0 
46646.1  46713.0 
46646.1  46714.0 
46646.1  46715.0 
46646.1  46716.0 
46646.1  46717.0 
46646.1  46718.0 
46646.1  46719.0 
46646.1  46720.0 
46646.1  46721.0 
46646.1  46722.0 
46646.1  46723.0 
46646.1  46724.0 
46646.1  46725.0 
46646.1  46726.0 
46646.1  46727.0 
46646.1  46728.0 
46646.1  46729.0 
46646.1  46730.0 
46646.1  46731.0 
46646.1  46732.0 
46646.1  46733.0 
46646.1  46734.0 
46646.1  46735.0 
46646.1  46736.0 
46646.1  46737.0 
46646.1  46738.0 
46646.1  46739.0 
46646.1  46740.0 
46646.1  46741.0 
46646.1  46742.0 
46646.1  46743.0 
46646.1  46744.0 
46646.1  46745.0 
46646.1  46746.0 
46646.1  46747.0 
46646.1  46748.0 
46646.1  46749.0 
46646.1  46750.0 
46646.1  46751.0 
46646.1  46752.0 
46646.1  46753.0 
46646.1  46754.0 
46646.1  46755.0 
46646.1  46756.0 
46646.1  46757.0 
46646.1  46758.0 
46646.1  46759.0 
46646.1  46760.0 
46646.1  46761.0 
46646.1  46762.0 
46646.1  46763.0 
46646.1  46764.0 
46646.1  46765.0 
46646.1  46766.0 
46646.1  46767.0 
46646.1  46768.0 
46646.1  46769.0 
46646.1  46770.0 
46646.1  46771.0 
46646.1  46772.0 
46646.1  46773.0 
46646.1  46774.0 
46646.1  46775.0 
46646.1  46776.0 
46646.1  46777.0 
46646.1  46778.0 
46646.1  46779.0 
46646.1  46780.0 
46646.1  46781.0 
46646.1  46782.0 
46646.1  46783.0 
46646.1  46784.0 
46646.1  46785.0 
46646.1  46786.0 
46646.1  46787.0 
46646.1  46788.0 
46646.1  46789.0 
46646.1  46790.0 
46646.1  46791.0 
46646.1  46792.0 
46646.1  46793.0 
46646.1  46794.0 
46646.1  46795.0 
46646.1  46796.0 
46646.1  46797.0 
46646.1  46798.0 
46646.1  46799.0 
46646.1  46800.0 
46646.1  46801.0 
46646.1  46802.0 
46646.1  46803.0 
46646.1  46804.0 
46646.1  46805.0 
46646.1  46806.0 
46646.1  46807.0 
46646.1  46808.0 
46646.1  46809.0 
46646.1  46810.0 
46646.1  46811.0 
46646.1  46812.0 
46646.1  46813.0 
46646.1  46814.0 
46646.1  46815.0 
46646.1  46816.0 
46646.1  46817.1 
46646.1  46818.0 
46646.1  46819.0 
46646.1  46820.0 
46646.1  46821.0 
46646.1  46822.0 
46646.1  46823.0 
46646.2  46824.0 
46646.2  46825.0 
46646.2  46826.0 
46646.2  46827.0 
46646.2  46828.0 
46646.2  46829.0 
46646.2  46830.0 
46646.2  46831.0 
46646.2  46832.0 
46646.2  46833.0 
46646.2  46834.0 
46646.2  46835.0 
46646.2  46836.0 
46646.2  46837.0 
46646.2  46838.0 
46646.2  46839.0 
46646.2  46840.0 
46646.2  46841.0 
46646.2  46842.0 
46646.2  46843.0 
46646.2  46844.0 
46646.2  46845.0 
46646.2  46846.0 
46646.2  46847.0 
46646.2  46848.0 
46646.2  46849.0 
46646.2  46850.0 
46646.2  46851.0 
46646.2  46852.0 
46646.2  46853.0 
46646.2  46854.0 
46646.2  46855.0 
46646.2  46856.0 
46646.2  46857.0 
46646.2  46858.0 
46646.2  46859.0 
46646.2  46860.0 
46646.2  46861.0 
46646.2  46862.0 
46646.2  46863.0 
46646.2  46864.0 
46646.2  46865.0 
46646.2  46866.0 
46646.2  46867.0 
46646.2  46868.0 
46646.2  46869.0 
46646.2  46870.0 
46646.2  46871.0 
46646.2  46872.0 
46646.2  46873.0 
46646.2  46874.0 
46646.2  46875.0 
46646.2  46876.0 
46646.2  46877.0 
46646.2  46878.0 
46646.2  46879.0 
46646.2  46880.0 
46646.2  46881.0 
46646.2  46882.0 
46646.2  46883.0 
46646.2  46884.0 
46646.2  46885.0 
46646.2  46886.0 
46646.2  46887.0 
46646.2  46888.0 
46646.2  46889.0 
46646.2  46890.0 
46646.2  46891.0 
46646.2  46892.0 
46646.2  46893.0 
46646.2  46894.0 
46646.2  46895.0 
46646.2  46896.0 
46646.2  46897.0 
46646.2  46898.0 
46646.2  46899.0 
46646.2  46900.0 
46646.2  46901.0 
46646.2  46902.0 
46646.2  46903.0 
46646.2  46904.0 
46646.2  46905.0 
46646.2  46906.0 
46646.2  46907.0 
46646.2  46908.0 
46646.2  46909.0 
46646.2  46910.0 
46646.2  46911.0 
46646.2  46912.0 
46646.2  46913.0 
46646.2  46914.0 
46646.2  46915.0 
46646.2  46916.0 
46646.2  46917.0 
46646.2  46918.0 
46646.2  46919.0 
46646.2  46920.0 
46646.2  46921.0 
46646.2  46922.0 
46646.2  46923.0 
46646.2  46924.0 
46646.2  46925.0 
46646.2  46926.0 
46646.2  46927.0 
46646.2  46928.0 
46646.2  46929.0 
46646.2  46930.0 
46646.2  46931.0 
46646.2  46932.0 
46646.2  46933.0 
46646.2  46934.0 
46646.2  46935.0 
46646.2  46936.0 
46646.2  46937.0 
46646.2  46938.0 
46646.2  46939.0 
46646.2  46940.0 
46646.2  46941.0 
46646.2  46942.0 
46646.2  46943.0 
46646.2  46944.0 
46646.2  46945.0 
46646.2  46946.0 
46646.2  46947.0 
46646.2  46948.0 
46646.2  46949.0 
46646.2  46950.0 
46646.2  46951.0 
46646.2  46952.0 
46646.2  46953.0 
46646.2  46954.0 
46646.2  46955.0 
46646.2  46956.0 
46646.2  46957.0 
46646.2  46958.0 
46646.2  46959.0 
46646.2  46960.0 
46646.2  46961.0 
46646.2  46962.0 
46646.2  46963.0 
46646.2  46964.0 
46646.2  46965.0 
46646.2  46966.0 
46646.2  46967.0 
46646.2  46968.0 
46646.2  46969.0 
46646.2  46970.0 
46646.2  46971.0 
46646.2  46972.0 
46646.2  46973.0 
46646.2  46974.0 
46646.2  46975.0 
46646.2  46976.0 
46646.2  46977.0 
46646.2  46978.0 
46646.2  46979.0 
46646.2  46980.0 
46646.2  46981.0 
46646.2  46982.0 
46646.2  46983.0 
46646.2  46984.1 
46646.2  46985.0 
46646.2  46986.0 
46646.2  46987.0 
46646.2  46988.0 
46646.2  46989.0 
46646.2  46990.0 
46646.2  46991.0 
46646.2  46992.0 
46646.2  46993.0 
46646.2  46994.0 
46646.2  46995.0 
46646.2  46996.0 
46646.2  46997.0 
46646.2  46998.0 
46646.2  46999.55 
46646.2  47000.55 
46646.2  47001.0 
46646.2  47002.0 
46646.2  47003.0 
46646.2  47004.0 
46646.2  47005.0 
46646.2  47006.0 
46646.2  47007.0 
46646.2  47008.0 
46646.2  47009.0 
46646.2  47010.0 
46646.2  47011.0 
46646.2  47012.0 
46646.2  47013.0 
46646.3  47014.0 
46646.3  47015.0 
46646.3  47016.0 
46646.3  47017.0 
46646.3  47018.0 
46646.3  47019.0 
46646.3  47020.0 
46646.3  47021.0 
46646.3  47022.2 
46646.3  47023.0 
46646.3  47024.0 
46646.3  47025.0 
46646.3  47026.0 
46646.3  47027.0 
46646.3  47028.0 
46646.4  47029.0 
46646.4  47030.0 
46646.4  47031.0 
46646.4  47032.0 
46646.4  241.2 
46646.5  47033.0 
46646.5  47034.0 
46646.5  47035.0 
46646.5  47036.0 
46646.5  47037.0 
46646.5  47038.1 
46646.5  47039.0 
46646.5  47040.110 
46646.5  47041.110 
46646.5  47042.0 
46646.5  47043.0 
46646.6  47044.0 
46646.6  47045.0 
46646.6  47046.0 
46646.6  47047.0 
46646.6  47048.0 
46646.6  47049.0 
46646.6  47050.0 
46646.6  47051.0 
46646.6  47052.0 
46646.6  47053.3 
46646.6  47054.0 
46646.6  47055.0 
46646.6  47056.0 
46646.6  47057.0 
46646.6  47058.0 
46646.6  47059.0 
46646.6  47060.0 
46646.6  47061.0 
46646.6  47062.53 
46646.6  47063.0 
46646.6  47064.0 
46646.7  47065.0 
46646.7  47066.0 
46646.7  47067.128 
46646.7  47068.0 
46646.7  47069.0 
46646.7  47070.1 
46646.7  47071.0 
46646.7  47072.0 
46646.7  47073.0 
46646.7  47074.0 
46646.7  47075.0 
46646.8  47076.0 
46646.8  47077.0 
46646.8  47078.0 
46646.8  47079.0 
46646.8  47080.0 
46646.9  47081.0 
46646.9  47082.0 
46646.9  47083.0 
46646.9  47022.5 
46646.10  47084.0 
46646.11  47085.0 
46647.1  47087.0 
46647.1  46652.0 
46647.1  47088.0 
46647.1  46657.0 
46647.1  46673.0 
46647.1  46693.0 
46647.1  46813.0 
46647.1  46698.0 
46647.1  47089.1 
46647.1  47090.1 
46647.1  47091.1 
46648.0  45372.0 
46649.0  45373.0 
46650.0  45374.0 
46651.0  45375.0 
46652.0  45376.0 
46653.0  45377.0 
46654.0  45378.0 
46655.0  45379.0 
46656.0  45380.0 
46657.0  45381.0 
46658.0  45382.0 
46659.0  45383.0 
46660.0  45384.0 
46661.0  45385.0 
46662.0  45386.0 
46663.0  45387.0 
46664.0  45388.0 
46665.0  45389.0 
46666.0  45390.0 
46667.0  45391.0 
46668.0  45392.0 
46669.0  45393.0 
46670.0  45394.0 
46671.0  45395.0 
46672.0  45396.0 
46673.0  45397.0 
46674.0  45398.0 
46675.0  45399.0 
46676.0  45400.0 
46677.0  45401.0 
46678.0  45402.0 
46679.0  45403.0 
46680.0  45404.0 
46681.0  45405.0 
46682.0  45406.0 
46683.0  45407.0 
46684.0  45408.0 
46685.0  45409.0 
46686.0  45410.0 
46687.0  45411.0 
46688.0  45412.0 
46689.0  45413.0 
46690.0  45414.0 
46691.0  45415.0 
46692.0  45416.0 
46693.0  45417.0 
46694.0  45418.0 
46695.0  45419.0 
46696.0  45420.0 
46697.0  45421.0 
46698.0  45422.0 
46699.0  45423.0 
46700.0  45424.0 
46701.0  45425.0 
46702.0  45426.0 
46703.0  45427.0 
46704.0  45428.0 
46705.0  45429.0 
46706.0  45430.0 
46707.0  45431.0 
46708.0  45432.0 
46709.0  45433.0 
46710.0  45434.0 
46711.0  45435.0 
46712.0  45436.0 
46713.0  45437.0 
46714.0  45438.0 
46715.0  45439.0 
46716.0  45440.0 
46717.0  45441.0 
46718.0  45442.0 
46719.0  45443.0 
46720.0  45444.0 
46721.0  45445.0 
46722.0  45446.0 
46723.0  45447.0 
46724.0  45448.0 
46725.0  45449.0 
46726.0  45450.0 
46727.0  45451.0 
46728.0  45452.0 
46729.0  45453.0 
46730.0  45454.0 
46731.0  45455.0 
46732.0  45456.0 
46733.0  45457.0 
46734.0  45458.0 
46735.0  45459.0 
46736.0  45460.0 
46737.0  45461.0 
46738.0  45462.0 
46739.0  45463.0 
46740.0  45464.0 
46741.0  45465.0 
46742.0  45466.0 
46743.0  45467.0 
46744.0  45468.0 
46745.0  45469.0 
46746.0  45470.0 
46747.0  45471.0 
46748.0  45472.0 
46749.0  45473.0 
46750.0  45474.0 
46751.0  45475.0 
46752.0  45476.0 
46753.0  45477.0 
46754.0  45478.0 
46755.0  45479.0 
46756.0  45480.0 
46757.0  45481.0 
46758.0  45482.0 
46759.0  45483.0 
46760.0  45484.0 
46761.0  45485.0 
46762.0  45486.0 
46763.0  45487.0 
46764.0  45488.0 
46765.0  45489.0 
46766.0  45490.0 
46767.0  45491.0 
46768.0  45492.0 
46769.0  45493.0 
46770.0  45494.0 
46771.0  45495.0 
46772.0  45496.0 
46773.0  45497.0 
46774.0  45498.0 
46775.0  45499.0 
46776.0  45500.0 
46777.0  45501.0 
46778.0  45502.0 
46779.0  45503.0 
46780.0  45504.0 
46781.0  45505.0 
46782.0  45506.0 
46783.0  45507.0 
46784.0  45508.0 
46785.0  45509.0 
46786.0  45510.0 
46787.0  45511.0 
46788.0  45512.0 
46789.0  45513.0 
46790.0  45514.0 
46791.0  45515.0 
46792.0  45516.0 
46793.0  45517.0 
46794.0  45518.0 
46795.0  45519.0 
46796.0  45520.0 
46797.0  45521.0 
46798.0  45522.0 
46799.0  45523.0 
46800.0  45524.0 
46801.0  45525.0 
46802.0  45526.0 
46803.0  45527.0 
46804.0  45528.0 
46805.0  45529.0 
46806.0  45530.0 
46807.0  45531.0 
46808.0  45532.0 
46809.0  45533.0 
46810.0  45534.0 
46811.0  45535.0 
46812.0  45536.0 
46813.0  45537.0 
46814.0  45538.0 
46815.0  45539.0 
46816.0  45540.0 
46817.1  47092.16 
46818.0  45542.0 
46819.0  45543.0 
46820.0  45544.0 
46821.0  45545.0 
46822.0  45546.0 
46823.0  45547.0 
46824.0  45548.0 
46825.0  45549.0 
46826.0  45550.0 
46827.0  45551.0 
46828.0  45552.0 
46829.0  45553.0 
46830.0  45554.0 
46831.0  45555.0 
46832.0  45556.0 
46833.0  45557.0 
46834.0  45558.0 
46835.0  45559.0 
46836.0  45560.0 
46837.0  45561.0 
46838.0  45562.0 
46839.0  45563.0 
46840.0  45564.0 
46841.0  45565.0 
46842.0  45566.0 
46843.0  45567.0 
46844.0  45568.0 
46845.0  45569.0 
46846.0  45570.0 
46847.0  45571.0 
46848.0  45572.0 
46849.0  45573.0 
46850.0  45574.0 
46851.0  45575.0 
46852.0  45576.0 
46853.0  45577.0 
46854.0  45578.0 
46855.0  45579.0 
46856.0  45580.0 
46857.0  45581.0 
46858.0  45582.0 
46859.0  45583.0 
46860.0  45584.0 
46861.0  45585.0 
46862.0  45586.0 
46863.0  45587.0 
46864.0  45588.0 
46865.0  45589.0 
46866.0  45590.0 
46867.0  45591.0 
46869.0  45593.0 
46870.0  45594.0 
46871.0  45595.0 
46872.0  45596.0 
46873.0  45597.0 
46874.0  45598.0 
46875.0  45599.0 
46876.0  45600.0 
46877.0  45601.0 
46878.0  45602.0 
46879.0  45603.0 
46880.0  45605.0 
46881.0  45604.0 
46882.0  45606.0 
46883.0  45607.0 
46884.0  45608.0 
46885.0  45609.0 
46886.0  45610.0 
46887.0  45611.0 
46888.0  45612.0 
46889.0  45613.0 
46890.0  45614.0 
46891.0  45615.0 
46892.0  45616.0 
46893.0  45617.0 
46894.0  45618.0 
46895.0  45619.0 
46896.0  45620.0 
46897.0  45621.0 
46898.0  45622.0 
46899.0  45623.0 
46900.0  45624.0 
46901.0  45625.0 
46902.0  45626.0 
46903.0  45627.0 
46904.0  45628.0 
46905.0  45629.0 
46906.0  45630.0 
46907.0  45631.0 
46908.0  45632.0 
46909.0  45633.0 
46910.0  45634.0 
46911.0  45635.0 
46912.0  45636.0 
46913.0  45637.0 
46914.0  45638.0 
46915.0  45639.0 
46916.0  45640.0 
46917.0  45641.0 
46918.0  45642.0 
46919.0  45643.0 
46920.0  45644.0 
46921.0  45645.0 
46922.0  45646.0 
46923.0  45647.0 
46924.0  45648.0 
46925.0  45649.0 
46926.0  45650.0 
46927.0  45651.0 
46928.0  45652.0 
46929.0  45653.0 
46930.0  45654.0 
46931.0  45655.0 
46932.0  45656.0 
46933.0  45657.0 
46934.0  45658.0 
46935.0  45659.0 
46936.0  45660.0 
46937.0  45661.0 
46938.0  45662.0 
46939.0  45663.0 
46940.0  45664.0 
46941.0  45665.0 
46942.0  45666.0 
46943.0  45667.0 
46944.0  45668.0 
46945.0  45669.0 
46946.0  45670.0 
46947.0  45671.0 
46948.0  45672.0 
46949.0  45673.0 
46950.0  45674.0 
46951.0  45675.0 
46952.0  45676.0 
46953.0  45677.0 
46954.0  45678.0 
46955.0  45679.0 
46956.0  45680.0 
46957.0  45681.0 
46958.0  45682.0 
46959.0  45683.0 
46960.0  45684.0 
46961.0  45685.0 
46962.0  45686.0 
46963.0  45687.0 
46964.0  45688.0 
46965.0  45689.0 
46966.0  45690.0 
46967.0  45691.0 
46968.0  45692.0 
46969.0  45693.0 
46970.0  45694.0 
46971.0  45695.0 
46972.0  45696.0 
46973.0  45697.0 
46974.0  45698.0 
46975.0  45699.0 
46976.0  45700.0 
46977.0  45701.0 
46978.0  45702.0 
46979.0  45703.0 
46980.0  45704.0 
46981.0  45705.0 
46982.0  45706.0 
46983.0  45707.0 
46984.1  47092.14 
46985.0  45709.0 
46986.0  45710.0 
46987.0  45711.0 
46988.0  45712.0 
46989.0  45713.0 
46990.0  45714.0 
46991.0  45715.0 
46992.0  45716.0 
46993.0  45717.0 
46994.0  45718.0 
46995.0  45719.0 
46996.0  45720.0 
46997.0  45721.0 
46998.0  45722.0 
46999.55  47092.15 
46999.55  45723.55 
47000.55  47092.15 
47000.55  45724.55 
47001.0  45725.0 
47002.0  45726.0 
47003.0  45727.0 
47004.0  45728.0 
47005.0  45729.0 
47006.0  45730.0 
47007.0  45731.0 
47008.0  45732.0 
47009.0  45733.0 
47010.0  45734.0 
47011.0  45735.0 
47012.0  45736.0 
47013.0  45737.0 
47014.0  45738.0 
47015.0  45739.0 
47016.0  45740.0 
47017.0  45741.0 
47018.0  45742.0 
47019.0  45743.0 
47020.0  45744.0 
47021.0  45745.0 
47022.1  46646.1 
47022.2  46646.2 
47022.3  46646.3 
47022.4  46646.4 
47022.5  46646.8 
47022.6  46646.9 
47022.7  46646.10 
47023.0  45747.0 
47024.0  45748.0 
47025.0  45749.0 
47026.0  45750.0 
47027.0  45751.0 
47028.0  45752.0 
47029.0  45753.0 
47030.0  45754.0 
47031.0  45755.0 
47032.0  45756.0 
47033.0  45757.0 
47034.0  45758.0 
47035.0  45759.0 
47036.0  45760.0 
47037.0  45761.0 
47038.1  47092.16 
47039.0  45763.0 
47040.110  47092.16 
47040.110  45764.110 
47040.111  46646.5 
47041.110  47092.16 
47041.110  45765.110 
47041.111  46646.7 
47042.0  45766.0 
47043.0  45767.0 
47044.0  45768.0 
47045.0  45769.0 
47046.0  45770.0 
47047.0  45771.0 
47048.0  45772.0 
47049.0  45773.0 
47050.0  45774.0 
47051.0  45775.0 
47052.0  45776.0 
47053.1  47093.1 
47053.2  47094.1 
47053.3  47095.1 
47054.0  45778.0 
47055.0  45779.0 
47056.0  45780.0 
47057.0  45781.0 
47058.0  45782.0 
47059.0  45783.0 
47060.0  45784.0 
47061.0  45785.0 
47062.53  45786.53 
47062.54  46646.6 
47063.0  45787.0 
47064.0  45788.0 
47065.0  45789.0 
47066.0  45790.0 
47067.126  47092.10 
47067.127  47092.12 
47067.128  47092.15 
47067.128  45791.128 
47068.0  45792.0 
47070.1  47096.1 
47071.0  45795.0 
47072.0  45796.0 
47074.0  45798.0 
47075.0  45799.0 
47076.0  45800.0 
47077.0  45801.0 
47078.0  45802.0 
47079.0  45803.0 
47080.0  45804.0 
47081.0  45805.0 
47082.0  45806.0 
47083.0  45807.0 
47084.0  45808.0 
47085.0  45809.0 
47086.1  47098.0 
47086.1  46652.0 
47086.1  47088.0 
47086.1  46657.0 
47086.1  46673.0 
47086.1  46693.0 
47086.1  46813.0 
47086.1  46698.0 
47086.1  47099.1 
47086.1  47100.1 
47086.1  47101.1 
47086.1  47102.1 
47086.1  47103.1 
47087.0  45811.0 
47088.0  45812.0 
47089.1  47104.1 
47090.1  47105.1 
47091.1  47106.1 
47092.12  45791.126 
47092.13  45746.8 
47092.14  45844.0 
47092.15  45791.127 
47092.16  47107.1 
47092.16  45370.16 
47093.1  47109.0 
47093.1  46652.0 
47093.1  47110.0 
47093.1  47111.0 
47093.1  46673.0 
47093.1  47112.0 
47093.1  46855.0 
47093.1  47113.0 
47093.1  46657.0 
47093.1  46867.0 
47093.1  47114.0 
47093.1  46693.0 
47093.1  47115.2 
47094.1  47117.0 
47094.1  46652.0 
47094.1  47110.0 
47094.1  47111.0 
47094.1  46855.0 
47094.1  46673.0 
47094.1  47112.0 
47094.1  46657.0 
47094.1  47113.0 
47094.1  46867.0 
47094.1  47118.0 
47094.1  46693.0 
47094.1  47053.1 
47095.1  47119.0 
47095.1  46652.0 
47095.1  46673.0 
47095.1  47053.2 
47096.1  47121.0 
47096.1  46652.0 
47096.1  47122.0 
47096.1  46673.0 
47096.1  46693.0 
47096.1  46698.0 
47096.1  46692.0 
47096.1  47123.3 
47096.1  47123.4 
47096.1  47123.5 
47096.1  47123.6 
47096.1  47123.7 
47097.1  47124.0 
47097.1  46652.0 
47097.1  46673.0 
47098.0  45825.0 
47099.1  47125.1 
47100.1  47126.1 
47101.1  47127.1 
47102.1  47128.1 
47103.1  47129.1 
47104.1  47130.0 
47104.1  46652.0 
47104.1  46673.0 
47104.1  46693.0 
47105.1  47131.0 
47105.1  46652.0 
47105.1  46673.0 
47105.1  46693.0 
47106.1  47133.0 
47106.1  46652.0 
47106.1  46673.0 
47107.1  47092.12 
47108.1  46652.0 
47108.1  47088.0 
47108.1  46657.0 
47108.1  46673.0 
47108.1  46693.0 
47108.1  46813.0 
47108.1  46698.0 
47109.0  45875.0 
47110.0  45876.0 
47111.0  45877.0 
47112.0  45878.0 
47113.0  45879.0 
47115.1  47134.1 
47115.2  47135.1 
47116.1  47137.0 
47116.1  46652.0 
47116.1  47088.0 
47116.1  46657.0 
47116.1  46673.0 
47116.1  46693.0 
47116.1  46813.0 
47116.1  46698.0 
47116.1  46699.0 
47116.1  46700.0 
47116.1  46701.0 
47116.1  47138.1 
47116.1  47139.1 
47116.2  47140.1 
47116.3  47141.1 
47117.0  45883.0 
47119.0  45885.0 
47120.1  47142.0 
47120.1  46652.0 
47120.1  47088.0 
47120.1  46657.0 
47120.1  46673.0 
47120.1  46693.0 
47120.1  46813.0 
47120.1  46698.0 
47121.0  45887.0 
47122.0  45888.0 
47123.1  47143.1 
47123.2  47143.2 
47123.3  47143.3 
47123.4  47143.4 
47123.5  47143.5 
47123.6  47143.6 
47123.7  47143.7 
47124.0  45890.0 
47125.1  47131.0 
47125.1  46652.0 
47125.1  46673.0 
47125.1  46693.0 
47126.1  47130.0 
47126.1  46652.0 
47126.1  46673.0 
47126.1  46693.0 
47127.1  47144.0 
47127.1  46652.0 
47127.1  46673.0 
47127.1  46693.0 
47128.1  47144.0 
47128.1  46652.0 
47128.1  46673.0 
47128.1  46693.0 
47129.1  47144.0 
47129.1  46652.0 
47129.1  46673.0 
47129.1  46693.0 
47130.0  45896.0 
47131.0  45897.0 
47133.0  45899.0 
47134.1  47109.0 
47134.1  46652.0 
47134.1  47110.0 
47134.1  47111.0 
47134.1  46673.0 
47134.1  47112.0 
47134.1  46855.0 
47134.1  47113.0 
47134.1  46657.0 
47134.1  46867.0 
47134.1  47146.0 
47134.1  46693.0 
47134.1  47147.1 
47135.1  47117.0 
47135.1  46652.0 
47135.1  47110.0 
47135.1  47111.0 
47135.1  46855.0 
47135.1  46673.0 
47135.1  47112.0 
47135.1  46657.0 
47135.1  47113.0 
47135.1  46867.0 
47135.1  47149.0 
47135.1  46693.0 
47135.1  47115.1 
47136.1  47117.0 
47136.1  46652.0 
47136.1  47110.0 
47136.1  47111.0 
47136.1  46855.0 
47136.1  46673.0 
47136.1  47112.0 
47136.1  46657.0 
47136.1  47113.0 
47136.1  46867.0 
47136.1  47150.0 
47136.1  46693.0 
47137.0  45927.0 
47138.1  47151.0 
47139.1  47152.1 
47140.1  47153.1 
47141.1  47154.1 
47142.0  45932.0 
47143.1  47155.0 
47143.1  46652.0 
47143.1  47156.0 
47143.1  46657.0 
47143.1  46673.0 
47143.1  47157.0 
47143.1  46693.0 
47143.1  47158.0 
47143.1  47159.0 
47143.1  46813.0 
47143.1  47160.0 
47143.1  47161.0 
47143.1  47162.0 
47143.1  46698.0 
47143.1  47163.0 
47143.1  47164.0 
47143.1  47165.0 
47143.1  47166.0 
47143.1  47167.0 
47143.1  47168.0 
47143.1  47169.0 
47143.1  47170.0 
47143.1  47171.0 
47143.1  47172.0 
47143.1  47173.0 
47143.1  47174.0 
47143.1  47175.0 
47143.1  47176.0 
47143.1  47177.0 
47143.1  47178.0 
47143.1  47179.0 
47143.1  47180.0 
47143.1  47181.0 
47143.1  47182.0 
47143.1  47183.0 
47143.1  47184.0 
47143.1  47185.0 
47143.1  47186.0 
47143.1  47187.0 
47143.1  47188.0 
47143.1  47189.0 
47143.1  47190.0 
47143.1  47191.0 
47143.1  47192.0 
47143.1  47193.0 
47143.1  47194.0 
47143.1  47195.0 
47143.1  47196.0 
47143.1  47197.0 
47143.1  47198.0 
47143.1  47199.0 
47143.1  47200.0 
47143.1  47201.0 
47143.1  47202.0 
47143.1  47203.0 
47143.1  47204.0 
47143.1  47205.0 
47143.1  47206.0 
47143.1  47207.0 
47143.1  47208.0 
47143.1  47209.0 
47143.1  47210.0 
47143.1  47211.0 
47143.1  47212.0 
47143.1  47213.0 
47143.1  47214.0 
47143.1  47215.0 
47143.1  47216.0 
47143.1  47217.0 
47143.1  47218.0 
47143.1  47219.0 
47143.1  47220.0 
47143.1  47221.0 
47143.1  47222.0 
47143.1  47223.0 
47143.1  47224.0 
47143.1  47225.0 
47143.1  47226.0 
47143.1  47227.0 
47143.1  47228.0 
47143.1  47229.0 
47143.1  47230.0 
47143.1  47231.0 
47143.1  47232.0 
47143.1  47233.0 
47143.1  47234.0 
47143.2  47235.0 
47143.2  47236.0 
47143.2  47237.0 
47143.2  47238.0 
47143.2  47239.0 
47143.2  47240.0 
47143.2  47241.0 
47143.2  47242.0 
47143.2  47243.0 
47143.2  47244.0 
47143.2  47245.0 
47143.2  47246.0 
47143.2  47247.0 
47143.2  47248.0 
47143.2  47249.0 
47143.2  47250.0 
47143.2  47251.0 
47143.2  47252.0 
47143.2  47253.0 
47143.2  47254.0 
47143.2  47255.0 
47143.2  47256.0 
47143.2  47257.0 
47143.2  47258.0 
47143.2  47259.0 
47143.2  47260.0 
47143.2  47261.0 
47143.2  47262.0 
47143.2  47263.0 
47143.2  47264.0 
47143.2  47265.0 
47143.2  47266.0 
47143.2  47267.0 
47143.2  47268.0 
47143.2  47269.0 
47143.2  47270.0 
47143.2  47271.0 
47143.2  47272.0 
47143.2  47273.0 
47143.2  47274.0 
47143.2  47275.0 
47143.2  47276.0 
47143.2  47277.0 
47143.2  47278.0 
47143.2  47279.0 
47143.2  47280.0 
47143.2  47281.0 
47143.2  47282.0 
47143.2  47283.0 
47143.2  47284.0 
47143.2  47285.0 
47143.2  47286.0 
47143.2  47287.0 
47143.2  47288.0 
47143.2  47289.0 
47143.2  47290.0 
47143.2  47291.0 
47143.2  47292.0 
47143.2  47293.0 
47143.2  47294.0 
47143.2  47295.0 
47143.2  47296.0 
47143.2  47297.0 
47143.2  47298.0 
47143.2  47299.0 
47143.2  47300.0 
47143.2  47301.0 
47143.2  47302.0 
47143.2  47303.0 
47143.2  47304.0 
47143.2  47305.0 
47143.2  47306.0 
47143.2  47307.0 
47143.2  47308.0 
47143.2  47309.0 
47143.2  47310.0 
47143.2  47311.0 
47143.2  47312.0 
47143.2  47313.0 
47143.2  47314.0 
47143.2  47315.0 
47143.2  47316.0 
47143.2  47317.0 
47143.2  47318.0 
47143.3  47319.0 
47143.3  47320.0 
47143.3  47321.0 
47143.3  47322.0 
47143.3  47323.0 
47143.3  47324.0 
47143.3  47325.0 
47143.3  47326.0 
47143.3  47327.0 
47143.3  47328.0 
47143.3  47329.0 
47143.3  47330.0 
47143.3  47331.0 
47143.3  47332.0 
47143.3  47333.0 
47143.3  47334.0 
47143.3  47335.0 
47143.3  47336.0 
47143.3  47337.0 
47143.3  47338.0 
47143.3  47339.0 
47143.3  47340.0 
47143.3  47341.0 
47143.3  47342.0 
47143.3  47343.0 
47143.3  47344.0 
47143.3  47345.0 
47143.3  47346.0 
47143.3  47347.0 
47143.3  47348.0 
47143.3  47349.0 
47143.3  47350.0 
47143.3  47351.0 
47143.3  47352.0 
47143.3  47353.0 
47143.3  47354.0 
47143.3  47355.0 
47143.3  47356.0 
47143.3  47357.0 
47143.3  47358.0 
47143.3  47359.0 
47143.3  47360.0 
47143.3  47361.0 
47143.3  47362.0 
47143.3  47363.0 
47143.3  47364.0 
47143.3  47365.0 
47143.3  47366.0 
47143.3  47367.0 
47143.3  47368.0 
47143.3  47369.0 
47143.3  47370.0 
47143.3  47371.0 
47143.3  47372.0 
47143.3  47373.0 
47143.3  47374.0 
47143.3  47375.0 
47143.3  47376.0 
47143.3  47377.0 
47143.3  47378.0 
47143.3  47379.0 
47143.3  47380.0 
47143.3  47381.0 
47143.3  47382.0 
47143.3  47383.0 
47143.3  47384.0 
47143.3  47385.0 
47143.3  47386.0 
47143.3  47387.0 
47143.3  47388.0 
47143.4  47389.0 
47143.4  47390.0 
47143.4  47391.0 
47143.4  47392.0 
47143.4  47393.0 
47143.4  47394.0 
47143.4  47395.0 
47143.4  47396.0 
47143.4  47397.0 
47143.4  47398.0 
47143.4  47399.0 
47143.4  47400.0 
47143.4  47401.0 
47143.4  47402.0 
47143.4  47403.0 
47143.4  47404.0 
47143.4  47405.0 
47143.4  47406.0 
47143.4  47407.0 
47143.4  47408.0 
47143.4  47409.0 
47143.4  47410.0 
47143.4  47411.0 
47143.4  47412.0 
47143.4  47413.0 
47143.4  47414.0 
47143.4  47415.0 
47143.4  47416.0 
47143.4  47417.0 
47143.4  47418.0 
47143.4  47419.0 
47143.4  47420.0 
47143.4  47421.0 
47143.4  47422.0 
47143.4  47423.0 
47143.4  47424.0 
47143.4  47425.0 
47143.4  47426.0 
47143.4  47427.0 
47143.5  47428.0 
47143.5  47429.0 
47143.5  47430.0 
47143.5  47431.0 
47143.5  47432.0 
47143.5  47433.0 
47143.5  47434.0 
47143.5  47435.0 
47143.5  47436.0 
47143.5  47437.0 
47143.5  47438.0 
47143.5  47439.0 
47143.5  47440.0 
47143.5  47441.0 
47143.5  47442.0 
47143.5  47443.0 
47143.5  47444.0 
47143.5  47445.0 
47143.5  47446.0 
47143.5  47447.0 
47143.5  47448.0 
47143.5  47449.0 
47143.5  47450.0 
47143.5  47451.0 
47143.5  47452.0 
47143.5  47453.0 
47143.5  47454.0 
47143.5  47455.0 
47143.5  47456.0 
47143.5  47457.0 
47143.5  47458.0 
47143.5  47459.0 
47143.5  47460.0 
47143.5  47461.0 
47143.5  47462.0 
47143.5  47463.0 
47143.5  47464.0 
47143.5  47465.0 
47143.5  47466.0 
47143.5  47467.0 
47143.5  47468.0 
47143.5  47469.0 
47143.5  47470.0 
47143.5  47471.0 
47143.5  47472.0 
47143.5  47473.0 
47143.5  47474.0 
47143.5  47475.0 
47143.6  47476.0 
47143.6  47477.0 
47143.6  47478.0 
47143.6  47479.0 
47143.6  47480.0 
47143.6  47481.0 
47143.6  47482.0 
47143.6  47483.0 
47143.6  47484.0 
47143.6  47485.0 
47143.6  47486.0 
47143.6  47487.0 
47143.6  47488.0 
47143.6  47489.0 
47143.6  47490.0 
47143.6  47491.0 
47143.6  47492.0 
47143.6  47493.0 
47143.6  47494.0 
47143.6  47495.0 
47143.6  47496.0 
47143.6  47497.0 
47143.6  47498.0 
47143.6  47499.0 
47143.6  47500.0 
47143.6  47501.0 
47143.6  47502.0 
47143.6  47503.0 
47143.6  47504.0 
47143.6  47505.0 
47143.7  47506.0 
47143.7  47507.0 
47143.7  47508.0 
47143.7  47509.0 
47143.7  47510.0 
47143.7  47511.0 
47143.7  47512.0 
47143.7  47513.0 
47143.7  47514.0 
47143.7  47515.0 
47143.7  47516.0 
47143.7  47517.0 
47143.7  47518.0 
47143.7  47519.0 
47143.7  47520.0 
47143.7  47521.0 
47143.7  47522.0 
47143.7  47523.0 
47143.7  47524.0 
47143.7  47525.0 
47143.7  47526.0 
47143.7  47527.0 
47143.7  47528.0 
47143.7  47529.0 
47143.7  47530.0 
47143.7  47531.0 
47143.7  47532.0 
47143.7  47533.0 
47143.7  47534.0 
47143.7  47535.0 
47143.7  47536.0 
47143.7  47537.0 
47143.7  47538.0 
47143.7  47539.0 
47143.7  47540.0 
47143.7  47541.0 
47143.7  47542.0 
47143.7  47543.0 
47143.7  47544.0 
47143.7  47545.0 
47143.7  47546.0 
47143.7  47547.0 
47143.7  47548.0 
47143.7  47549.0 
47143.7  47550.0 
47143.7  47551.0 
47143.7  47552.0 
47144.0  45934.0 
47145.1  46433.0 
47145.1  45376.0 
47145.1  45812.0 
47145.1  45381.0 
47145.1  45397.0 
47145.1  45417.0 
47145.1  45537.0 
47145.1  45422.0 
47145.1  45423.0 
47145.1  45424.0 
47145.1  45425.0 
47145.1  47554.1 
47145.1  47555.1 
47145.1  45416.0 
47145.1  45430.0 
47145.1  47556.1 
47147.1  47557.1 
47148.1  45874.1 
47152.1  47559.0 
47152.1  46652.0 
47152.1  46673.0 
47152.1  46693.0 
47152.1  46698.0 
47152.1  47560.1 
47153.1  47559.0 
47153.1  46652.0 
47153.1  46673.0 
47153.1  46693.0 
47153.1  46698.0 
47153.1  47562.1 
47154.1  47559.0 
47154.1  46652.0 
47154.1  46673.0 
47154.1  46693.0 
47154.1  46698.0 
47154.1  47564.1 
47155.0  45992.0 
47156.0  45993.0 
47157.0  45994.0 
47159.0  45996.0 
47160.0  45997.0 
47161.0  45998.0 
47162.0  45999.0 
47163.0  46000.0 
47164.0  46001.0 
47165.0  46002.0 
47166.0  46003.0 
47167.0  46004.0 
47168.0  46005.0 
47169.0  46006.0 
47170.0  46007.0 
47171.0  46008.0 
47172.0  46009.0 
47173.0  46010.0 
47174.0  46011.0 
47175.0  46012.0 
47176.0  46013.0 
47177.0  46014.0 
47178.0  46015.0 
47179.0  46016.0 
47180.0  46017.0 
47181.0  46018.0 
47182.0  46019.0 
47183.0  46020.0 
47184.0  46021.0 
47185.0  46022.0 
47186.0  46023.0 
47187.0  46024.0 
47188.0  46025.0 
47189.0  46026.0 
47190.0  46027.0 
47191.0  46028.0 
47192.0  46029.0 
47193.0  46030.0 
47194.0  46031.0 
47195.0  46032.0 
47196.0  46033.0 
47197.0  46034.0 
47198.0  46035.0 
47199.0  46036.0 
47200.0  46037.0 
47201.0  46038.0 
47202.0  46039.0 
47203.0  46040.0 
47204.0  46041.0 
47205.0  46042.0 
47206.0  46043.0 
47207.0  46044.0 
47208.0  46045.0 
47209.0  46046.0 
47210.0  46047.0 
47211.0  46048.0 
47212.0  46049.0 
47213.0  46050.0 
47214.0  46051.0 
47215.0  46052.0 
47216.0  46053.0 
47217.0  46054.0 
47218.0  46055.0 
47219.0  46056.0 
47220.0  46057.0 
47221.0  46058.0 
47222.0  46059.0 
47223.0  46060.0 
47224.0  46061.0 
47225.0  46062.0 
47226.0  46063.0 
47227.0  46064.0 
47228.0  46065.0 
47229.0  46066.0 
47230.0  46067.0 
47231.0  46068.0 
47232.0  46069.0 
47233.0  46070.0 
47234.0  46071.0 
47235.0  46072.0 
47236.0  46073.0 
47237.0  46074.0 
47238.0  46075.0 
47239.0  46076.0 
47240.0  46077.0 
47241.0  46078.0 
47242.0  46079.0 
47243.0  46080.0 
47244.0  46081.0 
47245.0  46082.0 
47246.0  46083.0 
47247.0  46084.0 
47248.0  46085.0 
47249.0  46086.0 
47250.0  46087.0 
47251.0  46088.0 
47252.0  46089.0 
47253.0  46090.0 
47254.0  46091.0 
47255.0  46092.0 
47256.0  46093.0 
47257.0  46094.0 
47258.0  46095.0 
47259.0  46096.0 
47260.0  46097.0 
47261.0  46098.0 
47262.0  46099.0 
47263.0  46100.0 
47264.0  46101.0 
47265.0  46102.0 
47266.0  46103.0 
47267.0  46104.0 
47268.0  46105.0 
47269.0  46106.0 
47270.0  46107.0 
47271.0  46108.0 
47272.0  46109.0 
47273.0  46110.0 
47274.0  46111.0 
47275.0  46112.0 
47276.0  46113.0 
47277.0  46114.0 
47278.0  46115.0 
47279.0  46116.0 
47280.0  46117.0 
47281.0  46118.0 
47282.0  46119.0 
47283.0  46120.0 
47284.0  46121.0 
47285.0  46122.0 
47286.0  46123.0 
47287.0  46124.0 
47288.0  46125.0 
47289.0  46126.0 
47290.0  46127.0 
47291.0  46128.0 
47292.0  46129.0 
47293.0  46130.0 
47294.0  46131.0 
47295.0  46132.0 
47296.0  46133.0 
47297.0  46134.0 
47298.0  46135.0 
47299.0  46136.0 
47300.0  46137.0 
47301.0  46138.0 
47302.0  46139.0 
47303.0  46140.0 
47304.0  46141.0 
47305.0  46142.0 
47306.0  46143.0 
47307.0  46144.0 
47308.0  46145.0 
47309.0  46146.0 
47310.0  46147.0 
47311.0  46148.0 
47312.0  46149.0 
47313.0  46150.0 
47314.0  46151.0 
47315.0  46152.0 
47316.0  46153.0 
47317.0  46154.0 
47318.0  46155.0 
47319.0  46156.0 
47320.0  46157.0 
47321.0  46158.0 
47322.0  46159.0 
47323.0  46160.0 
47324.0  46161.0 
47325.0  46162.0 
47326.0  46163.0 
47327.0  46164.0 
47328.0  46165.0 
47329.0  46166.0 
47330.0  46167.0 
47331.0  46168.0 
47332.0  46169.0 
47333.0  46170.0 
47334.0  46171.0 
47335.0  46172.0 
47336.0  46173.0 
47337.0  46174.0 
47338.0  46175.0 
47339.0  46176.0 
47340.0  46177.0 
47341.0  46178.0 
47342.0  46179.0 
47343.0  46180.0 
47344.0  46181.0 
47345.0  46182.0 
47346.0  46183.0 
47347.0  46184.0 
47348.0  46185.0 
47349.0  46186.0 
47350.0  46187.0 
47351.0  46188.0 
47353.0  46190.0 
47354.0  46191.0 
47355.0  46192.0 
47356.0  46193.0 
47357.0  46194.0 
47358.0  46195.0 
47359.0  46196.0 
47360.0  46197.0 
47361.0  46198.0 
47362.0  46199.0 
47363.0  46200.0 
47364.0  46201.0 
47365.0  46202.0 
47366.0  46203.0 
47367.0  46204.0 
47368.0  46205.0 
47369.0  46206.0 
47370.0  46207.0 
47371.0  46208.0 
47372.0  46209.0 
47373.0  46210.0 
47374.0  46211.0 
47375.0  46212.0 
47376.0  46213.0 
47377.0  46214.0 
47378.0  46215.0 
47379.0  46216.0 
47380.0  46217.0 
47381.0  46218.0 
47382.0  46219.0 
47383.0  46220.0 
47384.0  46221.0 
47385.0  46222.0 
47386.0  46223.0 
47387.0  46224.0 
47388.0  46225.0 
47389.0  46226.0 
47390.0  46227.0 
47391.0  46228.0 
47392.0  46229.0 
47393.0  46230.0 
47394.0  46231.0 
47395.0  46232.0 
47396.0  46233.0 
47397.0  46234.0 
47398.0  46235.0 
47399.0  46236.0 
47400.0  46237.0 
47401.0  46238.0 
47402.0  46239.0 
47403.0  46240.0 
47404.0  46241.0 
47405.0  46242.0 
47406.0  46243.0 
47407.0  46244.0 
47408.0  46245.0 
47409.0  46246.0 
47410.0  46247.0 
47411.0  46248.0 
47412.0  46249.0 
47413.0  46250.0 
47414.0  46251.0 
47415.0  46252.0 
47416.0  46253.0 
47417.0  46254.0 
47418.0  46255.0 
47419.0  46256.0 
47420.0  46257.0 
47421.0  46258.0 
47422.0  46259.0 
47423.0  46260.0 
47424.0  46261.0 
47425.0  46262.0 
47426.0  46263.0 
47427.0  46264.0 
47428.0  46265.0 
47429.0  46266.0 
47430.0  46267.0 
47431.0  46268.0 
47432.0  46269.0 
47433.0  46270.0 
47434.0  46271.0 
47435.0  46272.0 
47436.0  46273.0 
47437.0  46274.0 
47438.0  46275.0 
47439.0  46276.0 
47440.0  46277.0 
47441.0  46278.0 
47442.0  46279.0 
47443.0  46280.0 
47444.0  46281.0 
47445.0  46282.0 
47446.0  46283.0 
47447.0  46284.0 
47448.0  46285.0 
47449.0  46286.0 
47450.0  46287.0 
47451.0  46288.0 
47452.0  46289.0 
47453.0  46290.0 
47454.0  46291.0 
47455.0  46292.0 
47456.0  46293.0 
47457.0  46294.0 
47458.0  46295.0 
47459.0  46296.0 
47460.0  46297.0 
47461.0  46298.0 
47462.0  46299.0 
47463.0  46300.0 
47464.0  46301.0 
47465.0  46302.0 
47466.0  46303.0 
47467.0  46304.0 
47468.0  46305.0 
47469.0  46306.0 
47470.0  46307.0 
47471.0  46308.0 
47472.0  46309.0 
47473.0  46310.0 
47474.0  46311.0 
47475.0  46312.0 
47476.0  46313.0 
47477.0  46314.0 
47478.0  46315.0 
47479.0  46316.0 
47480.0  46317.0 
47481.0  46318.0 
47482.0  46319.0 
47483.0  46320.0 
47484.0  46321.0 
47485.0  46322.0 
47486.0  46323.0 
47487.0  46324.0 
47488.0  46325.0 
47489.0  46326.0 
47490.0  46327.0 
47491.0  46328.0 
47492.0  46329.0 
47493.0  46330.0 
47494.0  46331.0 
47495.0  46332.0 
47496.0  46333.0 
47497.0  46334.0 
47498.0  46335.0 
47499.0  46336.0 
47500.0  46337.0 
47501.0  46338.0 
47502.0  46339.0 
47503.0  46340.0 
47504.0  46341.0 
47505.0  46342.0 
47506.0  46343.0 
47507.0  46344.0 
47508.0  46345.0 
47509.0  46346.0 
47510.0  46347.0 
47511.0  46348.0 
47512.0  46349.0 
47513.0  46350.0 
47514.0  46351.0 
47515.0  46352.0 
47516.0  46353.0 
47517.0  46354.0 
47518.0  46355.0 
47519.0  46356.0 
47520.0  46357.0 
47521.0  46358.0 
47522.0  46359.0 
47523.0  46360.0 
47553.1  45875.0 
47553.1  45376.0 
47553.1  45876.0 
47553.1  45877.0 
47553.1  45397.0 
47553.1  45878.0 
47553.1  45579.0 
47553.1  45879.0 
47553.1  45381.0 
47553.1  45591.0 
47553.1  47565.0 
47553.1  45417.0 
47553.1  45777.3 
47554.1  47566.1 
47555.1  47567.1 
47556.1  47568.1 
47557.1  46570.0 
47557.1  45376.0 
47557.1  45397.0 
47557.1  47569.3 
47559.0  46439.0 
47560.1  47570.0 
47562.1  47571.0 
47564.1  47572.0 
47566.1  46439.0 
47566.1  45376.0 
47566.1  45397.0 
47566.1  45417.0 
47566.1  45422.0 
47566.1  47574.1 
47567.1  46609.0 
47567.1  45376.0 
47567.1  45397.0 
47567.1  45417.0 
47567.1  46610.56 
47568.1  46609.0 
47568.1  45376.0 
47568.1  45397.0 
47568.1  45417.0 
47568.1  46611.21 
47569.3  45777.3 
47574.1  47575.0 
46646.0  46647.0 
46647.0  47086.0 
47086.0  47097.0 
47093.0  47108.0 
47094.0  47116.0 
47095.0  47116.0 
47096.0  47120.0 
47097.0  47108.0 
47104.0  46647.0 
47105.0  46647.0 
47106.0  47132.0 
47116.0  47136.0 
47120.0  46646.0 
47125.0  47086.0 
47126.0  47086.0 
47127.0  47086.0 
47128.0  47086.0 
47129.0  47086.0 
47132.0  46647.0 
47134.0  47145.0 
47135.0  47148.0 
47136.0  47108.0 
47143.0  47120.0 
47145.0  47553.0 
47151.0  47116.0 
47152.0  47558.0 
47153.0  47561.0 
47154.0  47563.0 
47553.0  47148.0 
47557.0  47145.0 
47558.0  47116.0 
47561.0  47116.0 
47563.0  47116.0 
47566.0  47573.0 
47567.0  47145.0 
47568.0  47145.0 
47570.0  47558.0 
47571.0  47561.0 
47572.0  47563.0 
47573.0  47145.0 
47575.0  47573.0 
46645.1  46646.11 
