53327.1  53329.0 
53327.1  53330.0 
53327.1  53331.0 
53327.1  53332.0 
53327.1  53333.0 
53327.1  53334.0 
53327.1  53335.0 
53327.1  53336.0 
53327.1  53337.0 
53327.1  53338.0 
53327.1  53339.0 
53327.1  53340.0 
53328.1  53342.0 
53328.1  53330.0 
53328.1  53333.0 
53329.0  53307.0 
53330.0  53308.0 
53331.0  53309.0 
53332.0  53310.0 
53333.0  53311.0 
53334.0  53312.0 
53335.0  53313.0 
53336.0  53314.0 
53339.0  53317.0 
53340.0  52704.0 
53341.1  53330.0 
53341.1  53343.0 
53341.1  53334.0 
53341.1  53333.0 
53341.1  53339.0 
53341.1  53344.0 
53341.1  53345.0 
53342.0  53320.0 
53343.0  53321.0 
53344.0  53322.0 
53345.0  53323.0 
53326.1  53327.1 
53347.5  53325.5 
53327.0  53328.0 
53328.0  53341.0 
53346.1  53347.5 
