52492.1  52494.0 
52492.1  52495.0 
52492.1  52496.0 
52492.1  52497.0 
52492.1  52498.0 
52492.1  52499.0 
52492.1  52500.0 
52492.1  52501.0 
52492.1  52502.0 
52492.1  52503.0 
52492.1  52504.0 
52492.1  52505.0 
52493.1  52507.0 
52493.1  52495.0 
52493.1  52498.0 
52494.0  38159.0 
52495.0  51556.0 
52496.0  51759.0 
52497.0  51955.0 
52498.0  51577.0 
52499.0  51561.0 
52500.0  51954.0 
52501.0  51771.0 
52504.0  51597.0 
52505.0  21388.0 
52506.1  52495.0 
52506.1  52508.0 
52506.1  52499.0 
52506.1  52498.0 
52506.1  52504.0 
52506.1  52509.0 
52506.1  52510.0 
52507.0  52033.0 
52508.0  51996.0 
52509.0  51717.0 
52510.0  51602.0 
52491.1  52492.1 
52492.0  52493.0 
52493.0  52506.0 
