61896.1  61898.0 
61896.1  61899.0 
61896.1  61900.0 
61896.1  61901.0 
61896.1  61902.0 
61896.1  61903.0 
61896.1  61904.0 
61896.1  61905.0 
61896.1  61906.0 
61896.1  61907.0 
61896.1  61908.0 
61896.1  61909.0 
61897.1  61911.0 
61897.1  61899.0 
61897.1  61902.0 
61898.0  61878.0 
61899.0  61879.0 
61900.0  61880.0 
61901.0  61881.0 
61902.0  61882.0 
61903.0  61883.0 
61904.0  61884.0 
61905.0  61885.0 
61908.0  61888.0 
61910.1  61899.0 
61910.1  61912.0 
61910.1  61903.0 
61910.1  61902.0 
61910.1  61908.0 
61910.1  61913.0 
61910.1  61914.0 
61911.0  61891.0 
61912.0  61892.0 
61913.0  61893.0 
61914.0  61894.0 
61895.1  61896.1 
61896.0  61897.0 
61897.0  61910.0 
