40046.1  40048.0 
40046.1  40049.0 
40046.1  40050.0 
40046.1  40051.0 
40046.1  40052.0 
40046.1  40053.0 
40046.1  40054.0 
40046.1  40055.0 
40046.1  40056.0 
40046.1  40057.0 
40046.1  40058.0 
40046.1  40059.0 
40046.1  40060.0 
40046.1  40061.0 
40046.1  40062.0 
40046.1  40063.0 
40046.1  40064.0 
40046.1  40065.0 
40046.1  40066.0 
40046.1  40067.0 
40046.1  40068.0 
40046.1  40069.0 
40046.1  40070.0 
40046.1  40071.0 
40046.1  40072.0 
40046.1  40073.0 
40046.1  40074.0 
40046.1  40075.0 
40046.1  40076.0 
40046.1  40077.0 
40046.1  40078.0 
40046.1  40079.0 
40046.1  40080.0 
40046.1  40081.0 
40046.1  40082.0 
40046.1  40083.0 
40046.1  40084.0 
40046.1  40085.0 
40046.1  40086.0 
40046.1  40087.0 
40046.1  40088.0 
40046.1  40089.0 
40046.1  40090.0 
40046.1  40091.0 
40046.1  40092.0 
40046.1  40093.0 
40046.1  40094.0 
40046.1  40095.0 
40046.1  40096.0 
40046.1  40097.0 
40046.1  40098.0 
40046.1  40099.0 
40046.1  40100.0 
40046.1  40101.0 
40046.1  40102.0 
40046.1  40103.0 
40046.1  40104.0 
40046.1  40105.0 
40046.1  40106.0 
40046.1  40107.0 
40046.1  40108.0 
40046.1  40109.0 
40046.1  40110.0 
40046.1  40111.0 
40046.1  40112.0 
40046.1  40113.0 
40046.1  40114.0 
40046.1  40115.0 
40046.1  40116.0 
40046.1  40117.0 
40046.1  40118.0 
40046.1  40119.0 
40046.1  40120.0 
40046.1  40121.0 
40046.1  40122.0 
40046.1  40123.0 
40046.1  40124.0 
40046.1  40125.0 
40046.1  40126.0 
40046.1  40127.0 
40046.1  40128.0 
40046.1  40129.0 
40046.1  40130.0 
40046.1  40131.0 
40046.1  40132.0 
40046.1  40133.0 
40046.1  40134.0 
40046.1  40135.0 
40046.1  40136.0 
40046.1  40137.0 
40046.1  40138.0 
40046.1  40139.0 
40046.1  40140.0 
40046.1  40141.0 
40046.1  40142.0 
40046.1  40143.0 
40046.1  40144.0 
40046.1  40145.0 
40046.1  40146.0 
40046.1  40147.0 
40046.1  40148.0 
40046.1  40149.0 
40046.1  40150.0 
40046.1  40151.0 
40046.1  40152.0 
40046.1  40153.0 
40046.1  40154.0 
40046.1  40155.0 
40046.1  40156.0 
40046.1  40157.0 
40046.1  40158.0 
40046.1  40159.0 
40046.1  40160.0 
40046.1  40161.0 
40046.1  40162.0 
40046.1  40163.0 
40046.1  40164.0 
40046.1  40165.0 
40046.1  40166.0 
40046.1  40167.0 
40046.1  40168.0 
40046.1  40169.0 
40046.1  40170.0 
40046.1  40171.0 
40046.1  40172.0 
40046.1  40173.0 
40046.1  40174.0 
40046.1  40175.0 
40046.1  40176.0 
40046.1  40177.0 
40046.1  40178.0 
40046.1  40179.0 
40046.1  40180.0 
40046.1  40181.0 
40046.1  40182.0 
40046.1  40183.0 
40046.1  40184.0 
40046.1  40185.0 
40046.1  40186.0 
40046.1  40187.0 
40046.1  40188.0 
40046.1  40189.0 
40046.1  40190.0 
40046.1  40191.0 
40046.1  40192.0 
40046.1  40193.0 
40046.1  40194.0 
40046.1  40195.0 
40046.1  40196.0 
40046.1  40197.0 
40046.1  40198.0 
40046.1  40199.0 
40046.1  40200.0 
40046.1  40201.0 
40046.1  40202.0 
40046.1  40203.0 
40046.1  40204.0 
40046.1  40205.0 
40046.1  40206.0 
40046.1  40207.0 
40046.1  40208.0 
40046.1  40209.0 
40046.1  40210.0 
40046.1  40211.0 
40046.1  40212.0 
40046.1  40213.0 
40046.1  40214.0 
40046.1  40215.0 
40046.1  40216.0 
40046.1  40217.1 
40046.1  40218.0 
40046.1  40219.0 
40046.1  40220.0 
40046.1  40221.0 
40046.1  40222.0 
40046.1  40223.0 
40046.2  40224.0 
40046.2  40225.0 
40046.2  40226.0 
40046.2  40227.0 
40046.2  40228.0 
40046.2  40229.0 
40046.2  40230.0 
40046.2  40231.0 
40046.2  40232.0 
40046.2  40233.0 
40046.2  40234.0 
40046.2  40235.0 
40046.2  40236.0 
40046.2  40237.0 
40046.2  40238.0 
40046.2  40239.0 
40046.2  40240.0 
40046.2  40241.0 
40046.2  40242.0 
40046.2  40243.0 
40046.2  40244.0 
40046.2  40245.0 
40046.2  40246.0 
40046.2  40247.0 
40046.2  40248.0 
40046.2  40249.0 
40046.2  40250.0 
40046.2  40251.0 
40046.2  40252.0 
40046.2  40253.0 
40046.2  40254.0 
40046.2  40255.0 
40046.2  40256.0 
40046.2  40257.0 
40046.2  40258.0 
40046.2  40259.0 
40046.2  40260.0 
40046.2  40261.0 
40046.2  40262.0 
40046.2  40263.0 
40046.2  40264.0 
40046.2  40265.0 
40046.2  40266.0 
40046.2  40267.0 
40046.2  40268.0 
40046.2  40269.0 
40046.2  40270.0 
40046.2  40271.0 
40046.2  40272.0 
40046.2  40273.0 
40046.2  40274.0 
40046.2  40275.0 
40046.2  40276.0 
40046.2  40277.0 
40046.2  40278.0 
40046.2  40279.0 
40046.2  40280.0 
40046.2  40281.0 
40046.2  40282.0 
40046.2  40283.0 
40046.2  40284.0 
40046.2  40285.0 
40046.2  40286.0 
40046.2  40287.0 
40046.2  40288.0 
40046.2  40289.0 
40046.2  40290.0 
40046.2  40291.0 
40046.2  40292.0 
40046.2  40293.0 
40046.2  40294.0 
40046.2  40295.0 
40046.2  40296.0 
40046.2  40297.0 
40046.2  40298.0 
40046.2  40299.0 
40046.2  40300.0 
40046.2  40301.0 
40046.2  40302.0 
40046.2  40303.0 
40046.2  40304.0 
40046.2  40305.0 
40046.2  40306.0 
40046.2  40307.0 
40046.2  40308.0 
40046.2  40309.0 
40046.2  40310.0 
40046.2  40311.0 
40046.2  40312.0 
40046.2  40313.0 
40046.2  40314.0 
40046.2  40315.0 
40046.2  40316.0 
40046.2  40317.0 
40046.2  40318.0 
40046.2  40319.0 
40046.2  40320.0 
40046.2  40321.0 
40046.2  40322.0 
40046.2  40323.0 
40046.2  40324.0 
40046.2  40325.0 
40046.2  40326.0 
40046.2  40327.0 
40046.2  40328.0 
40046.2  40329.0 
40046.2  40330.0 
40046.2  40331.0 
40046.2  40332.0 
40046.2  40333.0 
40046.2  40334.0 
40046.2  40335.0 
40046.2  40336.0 
40046.2  40337.0 
40046.2  40338.0 
40046.2  40339.0 
40046.2  40340.0 
40046.2  40341.0 
40046.2  40342.0 
40046.2  40343.0 
40046.2  40344.0 
40046.2  40345.0 
40046.2  40346.0 
40046.2  40347.0 
40046.2  40348.0 
40046.2  40349.0 
40046.2  40350.0 
40046.2  40351.0 
40046.2  40352.0 
40046.2  40353.0 
40046.2  40354.0 
40046.2  40355.0 
40046.2  40356.0 
40046.2  40357.0 
40046.2  40358.0 
40046.2  40359.0 
40046.2  40360.0 
40046.2  40361.0 
40046.2  40362.0 
40046.2  40363.0 
40046.2  40364.0 
40046.2  40365.0 
40046.2  40366.0 
40046.2  40367.0 
40046.2  40368.0 
40046.2  40369.0 
40046.2  40370.0 
40046.2  40371.0 
40046.2  40372.0 
40046.2  40373.0 
40046.2  40374.0 
40046.2  40375.0 
40046.2  40376.0 
40046.2  40377.0 
40046.2  40378.0 
40046.2  40379.0 
40046.2  40380.0 
40046.2  40381.0 
40046.2  40382.0 
40046.2  40383.0 
40046.2  40384.1 
40046.2  40385.0 
40046.2  40386.0 
40046.2  40387.0 
40046.2  40388.0 
40046.2  40389.0 
40046.2  40390.0 
40046.2  40391.0 
40046.2  40392.0 
40046.2  40393.0 
40046.2  40394.0 
40046.2  40395.0 
40046.2  40396.0 
40046.2  40397.0 
40046.2  40398.0 
40046.2  40399.44 
40046.2  40400.44 
40046.2  40401.0 
40046.2  40402.0 
40046.2  40403.0 
40046.2  40404.0 
40046.2  40405.0 
40046.2  40406.0 
40046.2  40407.0 
40046.2  40408.0 
40046.2  40409.0 
40046.2  40410.0 
40046.2  40411.0 
40046.2  40412.0 
40046.2  40413.0 
40046.3  40414.0 
40046.3  40415.0 
40046.3  40416.0 
40046.3  40417.0 
40046.3  40418.0 
40046.3  40419.0 
40046.3  40420.0 
40046.3  40421.0 
40046.3  40422.2 
40046.3  40423.0 
40046.3  40424.0 
40046.3  40425.0 
40046.3  40426.0 
40046.3  40427.0 
40046.3  40428.0 
40046.4  40429.0 
40046.4  40430.0 
40046.4  40431.0 
40046.4  40432.0 
40046.4  23321.1 
40046.5  40433.0 
40046.5  40434.0 
40046.5  40435.0 
40046.5  40436.0 
40046.5  40437.0 
40046.5  40438.1 
40046.5  40439.0 
40046.5  40440.88 
40046.5  40441.88 
40046.5  40442.0 
40046.5  40443.0 
40046.6  40444.0 
40046.6  40445.0 
40046.6  40446.0 
40046.6  40447.0 
40046.6  40448.0 
40046.6  40449.0 
40046.6  40450.0 
40046.6  40451.0 
40046.6  40452.0 
40046.6  40453.3 
40046.6  40454.0 
40046.6  40455.0 
40046.6  40456.0 
40046.6  40457.0 
40046.6  40458.0 
40046.6  40459.0 
40046.6  40460.0 
40046.6  40461.0 
40046.6  40462.43 
40046.6  40463.0 
40046.6  40464.0 
40046.7  40465.0 
40046.7  40466.0 
40046.7  40467.104 
40046.7  40468.0 
40046.7  40469.0 
40046.7  40470.1 
40046.7  40471.0 
40046.7  40472.0 
40046.7  40473.0 
40046.7  40474.0 
40046.7  40475.0 
40046.8  40476.0 
40046.8  40477.0 
40046.8  40478.0 
40046.8  40479.0 
40046.8  40480.0 
40046.9  40481.0 
40046.9  40482.0 
40046.9  40483.0 
40046.9  40422.5 
40046.10  40484.0 
40046.11  40485.0 
40047.1  40487.0 
40047.1  40052.0 
40047.1  40488.0 
40047.1  40057.0 
40047.1  40073.0 
40047.1  40093.0 
40047.1  40213.0 
40047.1  40098.0 
40047.1  40489.1 
40047.1  40490.1 
40047.1  40491.1 
40048.0  39111.0 
40049.0  39112.0 
40050.0  39113.0 
40051.0  39114.0 
40052.0  39115.0 
40053.0  39116.0 
40054.0  39117.0 
40055.0  39118.0 
40056.0  39119.0 
40057.0  39120.0 
40058.0  39121.0 
40059.0  39122.0 
40060.0  39123.0 
40061.0  39124.0 
40062.0  39125.0 
40063.0  39126.0 
40064.0  39127.0 
40065.0  39128.0 
40066.0  39129.0 
40067.0  39130.0 
40068.0  39131.0 
40069.0  39132.0 
40070.0  39133.0 
40071.0  39134.0 
40072.0  39135.0 
40073.0  39136.0 
40074.0  39137.0 
40075.0  39138.0 
40076.0  39139.0 
40077.0  39140.0 
40078.0  39141.0 
40079.0  39142.0 
40080.0  39143.0 
40081.0  39144.0 
40082.0  39145.0 
40083.0  39146.0 
40084.0  39147.0 
40085.0  39148.0 
40086.0  39149.0 
40087.0  39150.0 
40088.0  39151.0 
40089.0  39152.0 
40090.0  39153.0 
40091.0  39154.0 
40092.0  39155.0 
40093.0  39156.0 
40094.0  39157.0 
40095.0  39158.0 
40096.0  39159.0 
40097.0  39160.0 
40098.0  39161.0 
40099.0  39162.0 
40100.0  39163.0 
40101.0  39164.0 
40102.0  39165.0 
40103.0  39166.0 
40104.0  39167.0 
40105.0  39168.0 
40106.0  39169.0 
40107.0  39170.0 
40108.0  39171.0 
40109.0  39172.0 
40110.0  39173.0 
40111.0  39174.0 
40112.0  39175.0 
40113.0  39176.0 
40114.0  39177.0 
40115.0  39178.0 
40116.0  39179.0 
40117.0  39180.0 
40118.0  39181.0 
40119.0  39182.0 
40120.0  39183.0 
40121.0  39184.0 
40122.0  39185.0 
40123.0  39186.0 
40124.0  39187.0 
40125.0  39188.0 
40126.0  39189.0 
40127.0  39190.0 
40128.0  39191.0 
40129.0  39192.0 
40130.0  39193.0 
40131.0  39194.0 
40132.0  39195.0 
40133.0  39196.0 
40134.0  39197.0 
40135.0  39198.0 
40136.0  39199.0 
40137.0  39200.0 
40138.0  39201.0 
40139.0  39202.0 
40140.0  39203.0 
40141.0  39204.0 
40142.0  39205.0 
40143.0  39206.0 
40144.0  39207.0 
40145.0  39208.0 
40146.0  39209.0 
40147.0  39210.0 
40148.0  39211.0 
40149.0  39212.0 
40150.0  39213.0 
40151.0  39214.0 
40152.0  39215.0 
40153.0  39216.0 
40154.0  39217.0 
40155.0  39218.0 
40156.0  39219.0 
40157.0  39220.0 
40158.0  39221.0 
40159.0  39222.0 
40160.0  39223.0 
40161.0  39224.0 
40162.0  39225.0 
40163.0  39226.0 
40164.0  39227.0 
40165.0  39228.0 
40166.0  39229.0 
40167.0  39230.0 
40168.0  39231.0 
40169.0  39232.0 
40170.0  39233.0 
40171.0  39234.0 
40172.0  39235.0 
40173.0  39236.0 
40174.0  39237.0 
40175.0  39238.0 
40176.0  39239.0 
40177.0  39240.0 
40178.0  39241.0 
40179.0  39242.0 
40180.0  39243.0 
40181.0  39244.0 
40182.0  39245.0 
40183.0  39246.0 
40184.0  39247.0 
40185.0  39248.0 
40186.0  39249.0 
40187.0  39250.0 
40188.0  39251.0 
40189.0  39252.0 
40190.0  39253.0 
40191.0  39254.0 
40192.0  39255.0 
40193.0  39256.0 
40194.0  39257.0 
40195.0  39258.0 
40196.0  39259.0 
40197.0  39260.0 
40198.0  39261.0 
40199.0  39262.0 
40200.0  39263.0 
40201.0  39264.0 
40202.0  39265.0 
40203.0  39266.0 
40204.0  39267.0 
40205.0  39268.0 
40206.0  39269.0 
40207.0  39270.0 
40208.0  39271.0 
40209.0  39272.0 
40210.0  39273.0 
40211.0  39274.0 
40212.0  39275.0 
40213.0  39276.0 
40214.0  39277.0 
40215.0  39278.0 
40216.0  39279.0 
40217.1  40492.11 
40218.0  39281.0 
40219.0  39282.0 
40220.0  39283.0 
40221.0  39284.0 
40222.0  39285.0 
40223.0  39286.0 
40224.0  39287.0 
40225.0  39288.0 
40226.0  39289.0 
40227.0  39290.0 
40228.0  39291.0 
40229.0  39292.0 
40230.0  39293.0 
40231.0  39294.0 
40232.0  39295.0 
40233.0  39296.0 
40234.0  39297.0 
40235.0  39298.0 
40236.0  39299.0 
40237.0  39300.0 
40238.0  39301.0 
40239.0  39302.0 
40240.0  39303.0 
40241.0  39304.0 
40242.0  39305.0 
40243.0  39306.0 
40244.0  39307.0 
40245.0  39308.0 
40246.0  39309.0 
40247.0  39310.0 
40248.0  39311.0 
40249.0  39312.0 
40250.0  39313.0 
40251.0  39314.0 
40252.0  39315.0 
40253.0  39316.0 
40254.0  39317.0 
40255.0  39318.0 
40256.0  39319.0 
40257.0  39320.0 
40258.0  39321.0 
40259.0  39322.0 
40260.0  39323.0 
40261.0  39324.0 
40262.0  39325.0 
40263.0  39326.0 
40264.0  39327.0 
40265.0  39328.0 
40266.0  39329.0 
40267.0  39330.0 
40269.0  39332.0 
40270.0  39333.0 
40271.0  39334.0 
40272.0  39335.0 
40273.0  39336.0 
40274.0  39337.0 
40275.0  39338.0 
40276.0  39339.0 
40277.0  39340.0 
40278.0  39341.0 
40279.0  39342.0 
40280.0  39343.0 
40281.0  39344.0 
40282.0  39345.0 
40283.0  39346.0 
40284.0  39347.0 
40285.0  39348.0 
40286.0  39349.0 
40287.0  39350.0 
40288.0  39351.0 
40289.0  39352.0 
40290.0  39353.0 
40291.0  39354.0 
40292.0  39355.0 
40293.0  39356.0 
40294.0  39357.0 
40295.0  39358.0 
40296.0  39359.0 
40297.0  39360.0 
40298.0  39361.0 
40299.0  39362.0 
40300.0  39363.0 
40301.0  39364.0 
40302.0  39365.0 
40303.0  39366.0 
40304.0  39367.0 
40305.0  39368.0 
40306.0  39369.0 
40307.0  39370.0 
40308.0  39372.0 
40309.0  39373.0 
40310.0  39374.0 
40311.0  39375.0 
40312.0  39376.0 
40313.0  39377.0 
40314.0  39378.0 
40315.0  39379.0 
40316.0  39380.0 
40317.0  39381.0 
40318.0  39382.0 
40319.0  39383.0 
40320.0  39384.0 
40321.0  39385.0 
40322.0  39386.0 
40323.0  39387.0 
40324.0  39388.0 
40325.0  39389.0 
40326.0  39390.0 
40327.0  39391.0 
40328.0  39392.0 
40329.0  39393.0 
40330.0  39394.0 
40331.0  39395.0 
40332.0  39396.0 
40333.0  39397.0 
40334.0  39398.0 
40335.0  39399.0 
40336.0  39400.0 
40337.0  39401.0 
40338.0  39402.0 
40339.0  39403.0 
40340.0  39404.0 
40341.0  39405.0 
40342.0  39406.0 
40343.0  39407.0 
40344.0  39408.0 
40345.0  39409.0 
40346.0  39410.0 
40347.0  39411.0 
40348.0  39412.0 
40349.0  39413.0 
40350.0  39414.0 
40351.0  39415.0 
40352.0  39416.0 
40353.0  39417.0 
40354.0  39418.0 
40355.0  39419.0 
40356.0  39420.0 
40357.0  39421.0 
40358.0  39422.0 
40359.0  39423.0 
40360.0  39424.0 
40361.0  39425.0 
40362.0  39426.0 
40363.0  39427.0 
40364.0  39428.0 
40365.0  39429.0 
40366.0  39430.0 
40367.0  39431.0 
40368.0  39432.0 
40369.0  39433.0 
40370.0  39434.0 
40371.0  39435.0 
40372.0  39436.0 
40373.0  39437.0 
40374.0  39438.0 
40375.0  39439.0 
40376.0  39440.0 
40377.0  39441.0 
40378.0  39442.0 
40379.0  39443.0 
40380.0  39444.0 
40381.0  39445.0 
40382.0  39446.0 
40383.0  39447.0 
40384.1  40492.10 
40385.0  39449.0 
40386.0  39450.0 
40387.0  39451.0 
40388.0  39452.0 
40389.0  39453.0 
40390.0  39454.0 
40391.0  39371.0 
40392.0  39455.0 
40393.0  39456.0 
40394.0  39457.0 
40395.0  39458.0 
40396.0  39459.0 
40397.0  39460.0 
40398.0  39461.0 
40399.44  40492.10 
40399.44  39462.44 
40400.44  40492.10 
40400.44  39463.44 
40401.0  39464.0 
40402.0  39465.0 
40403.0  39466.0 
40404.0  39467.0 
40405.0  39468.0 
40406.0  39469.0 
40407.0  39470.0 
40408.0  39471.0 
40409.0  39472.0 
40410.0  39473.0 
40411.0  39474.0 
40412.0  39475.0 
40413.0  39476.0 
40414.0  39477.0 
40415.0  39478.0 
40416.0  39479.0 
40417.0  39480.0 
40418.0  39481.0 
40419.0  39482.0 
40420.0  39483.0 
40421.0  39484.0 
40422.1  40046.1 
40422.2  40046.2 
40422.3  40046.3 
40422.4  40046.4 
40422.5  40046.8 
40422.6  40046.9 
40422.7  40046.10 
40423.0  39486.0 
40424.0  39487.0 
40425.0  39488.0 
40426.0  39489.0 
40427.0  39490.0 
40428.0  39491.0 
40429.0  39492.0 
40430.0  39493.0 
40431.0  39494.0 
40432.0  39495.0 
40433.0  39496.0 
40434.0  39498.0 
40435.0  39499.0 
40436.0  39500.0 
40437.0  39501.0 
40438.1  40492.11 
40439.0  39503.0 
40440.88  40492.11 
40440.88  39504.88 
40440.89  40046.5 
40441.88  40492.11 
40441.88  39505.88 
40441.89  40046.7 
40442.0  39506.0 
40443.0  39507.0 
40444.0  39549.0 
40445.0  39550.0 
40446.0  39551.0 
40447.0  39552.0 
40448.0  39553.0 
40449.0  39554.0 
40450.0  39555.0 
40451.0  39556.0 
40452.0  39557.0 
40453.1  40493.1 
40453.2  40494.1 
40453.3  40495.1 
40454.0  39559.0 
40455.0  39560.0 
40456.0  39561.0 
40457.0  39562.0 
40458.0  39563.0 
40459.0  39564.0 
40460.0  39565.0 
40461.0  39566.0 
40462.43  39567.43 
40462.44  40046.6 
40463.0  39568.0 
40464.0  39569.0 
40465.0  39497.0 
40466.0  39514.0 
40467.104  39515.104 
40468.0  39570.0 
40470.1  40496.1 
40471.0  39573.0 
40472.0  39574.0 
40474.0  39576.0 
40475.0  39577.0 
40476.0  39509.0 
40477.0  39510.0 
40478.0  39511.0 
40479.0  39512.0 
40480.0  39513.0 
40481.0  39516.0 
40482.0  39521.0 
40483.0  39522.0 
40484.0  38630.0 
40485.0  39523.0 
40486.1  40498.0 
40486.1  40052.0 
40486.1  40488.0 
40486.1  40057.0 
40486.1  40073.0 
40486.1  40093.0 
40486.1  40213.0 
40486.1  40098.0 
40486.1  40499.1 
40486.1  40500.1 
40486.1  40501.1 
40486.1  40502.1 
40486.1  40503.1 
40487.0  39525.0 
40488.0  39526.0 
40489.1  40504.1 
40490.1  40505.1 
40491.1  40506.1 
40492.10  39583.0 
40492.11  40507.1 
40492.11  39109.11 
40493.1  40509.0 
40493.1  40052.0 
40493.1  40510.0 
40493.1  40511.0 
40493.1  40073.0 
40493.1  40512.0 
40493.1  40255.0 
40493.1  40513.0 
40493.1  40057.0 
40493.1  40267.0 
40493.1  40514.0 
40493.1  40093.0 
40493.1  40515.2 
40494.1  40517.0 
40494.1  40052.0 
40494.1  40510.0 
40494.1  40511.0 
40494.1  40255.0 
40494.1  40073.0 
40494.1  40512.0 
40494.1  40057.0 
40494.1  40513.0 
40494.1  40267.0 
40494.1  40518.0 
40494.1  40093.0 
40494.1  40453.1 
40495.1  40519.0 
40495.1  40052.0 
40495.1  40073.0 
40495.1  40453.2 
40496.1  40521.0 
40496.1  40052.0 
40496.1  40522.0 
40496.1  40073.0 
40496.1  40093.0 
40496.1  40098.0 
40496.1  40092.0 
40496.1  40523.1 
40496.1  40523.2 
40496.1  40523.3 
40496.1  40523.4 
40496.1  40523.5 
40496.1  40523.6 
40496.1  40523.7 
40497.1  40524.0 
40497.1  40052.0 
40497.1  40073.0 
40498.0  39533.0 
40499.1  40525.1 
40500.1  40526.1 
40501.1  40527.1 
40502.1  40528.1 
40503.1  40529.1 
40504.1  40530.0 
40504.1  40052.0 
40504.1  40073.0 
40504.1  40093.0 
40505.1  40531.0 
40505.1  40052.0 
40505.1  40073.0 
40505.1  40093.0 
40506.1  40533.0 
40506.1  40052.0 
40506.1  40073.0 
40507.1  40492.9 
40508.1  40052.0 
40508.1  40488.0 
40508.1  40057.0 
40508.1  40073.0 
40508.1  40093.0 
40508.1  40213.0 
40508.1  40098.0 
40509.0  39614.0 
40510.0  39615.0 
40511.0  39616.0 
40512.0  39617.0 
40513.0  39618.0 
40515.1  40534.1 
40515.2  40535.1 
40516.1  40537.0 
40516.1  40052.0 
40516.1  40488.0 
40516.1  40057.0 
40516.1  40073.0 
40516.1  40093.0 
40516.1  40213.0 
40516.1  40098.0 
40516.1  40099.0 
40516.1  40100.0 
40516.1  40101.0 
40516.1  40538.1 
40516.1  40539.1 
40516.2  40540.1 
40516.3  40541.1 
40517.0  39622.0 
40519.0  38643.0 
40520.1  40542.0 
40520.1  40052.0 
40520.1  40488.0 
40520.1  40057.0 
40520.1  40073.0 
40520.1  40093.0 
40520.1  40213.0 
40520.1  40098.0 
40521.0  39625.0 
40522.0  39626.0 
40523.1  40543.1 
40523.2  40543.2 
40523.3  40543.3 
40523.4  40543.4 
40523.5  40543.5 
40523.6  40543.6 
40523.7  40543.7 
40524.0  39586.0 
40525.1  40531.0 
40525.1  40052.0 
40525.1  40073.0 
40525.1  40093.0 
40526.1  40530.0 
40526.1  40052.0 
40526.1  40073.0 
40526.1  40093.0 
40527.1  40544.0 
40527.1  40052.0 
40527.1  40073.0 
40527.1  40093.0 
40528.1  40544.0 
40528.1  40052.0 
40528.1  40073.0 
40528.1  40093.0 
40529.1  40544.0 
40529.1  40052.0 
40529.1  40073.0 
40529.1  40093.0 
40530.0  39592.0 
40531.0  39593.0 
40533.0  39595.0 
40534.1  40509.0 
40534.1  40052.0 
40534.1  40510.0 
40534.1  40511.0 
40534.1  40073.0 
40534.1  40512.0 
40534.1  40255.0 
40534.1  40513.0 
40534.1  40057.0 
40534.1  40267.0 
40534.1  40546.0 
40534.1  40093.0 
40534.1  40547.1 
40535.1  40517.0 
40535.1  40052.0 
40535.1  40510.0 
40535.1  40511.0 
40535.1  40255.0 
40535.1  40073.0 
40535.1  40512.0 
40535.1  40057.0 
40535.1  40513.0 
40535.1  40267.0 
40535.1  40549.0 
40535.1  40093.0 
40535.1  40515.1 
40536.1  40517.0 
40536.1  40052.0 
40536.1  40510.0 
40536.1  40511.0 
40536.1  40255.0 
40536.1  40073.0 
40536.1  40512.0 
40536.1  40057.0 
40536.1  40513.0 
40536.1  40267.0 
40536.1  40550.0 
40536.1  40093.0 
40537.0  38660.0 
40538.1  40551.0 
40539.1  40552.1 
40540.1  40553.1 
40541.1  40554.1 
40542.0  39640.0 
40543.1  40555.0 
40543.1  40052.0 
40543.1  40556.0 
40543.1  40057.0 
40543.1  40073.0 
40543.1  40557.0 
40543.1  40093.0 
40543.1  40558.0 
40543.1  40559.0 
40543.1  40213.0 
40543.1  40560.0 
40543.1  40561.0 
40543.1  40562.0 
40543.1  40098.0 
40543.1  40563.0 
40543.1  40564.0 
40543.1  40565.0 
40543.1  40566.0 
40543.1  40567.0 
40543.1  40568.0 
40543.1  40569.0 
40543.1  40570.0 
40543.1  40571.0 
40543.1  40572.0 
40543.1  40573.0 
40543.1  40574.0 
40543.1  40575.0 
40543.1  40576.0 
40543.1  40577.0 
40543.1  40578.0 
40543.1  40579.0 
40543.1  40580.0 
40543.1  40581.0 
40543.1  40582.0 
40543.1  40583.0 
40543.1  40584.0 
40543.1  40585.0 
40543.1  40586.0 
40543.1  40587.0 
40543.1  40588.0 
40543.1  40589.0 
40543.1  40590.0 
40543.1  40591.0 
40543.1  40592.0 
40543.1  40593.0 
40543.1  40594.0 
40543.1  40595.0 
40543.1  40596.0 
40543.1  40597.0 
40543.1  40598.0 
40543.1  40599.0 
40543.1  40600.0 
40543.1  40601.0 
40543.1  40602.0 
40543.1  40603.0 
40543.1  40604.0 
40543.1  40605.0 
40543.1  40606.0 
40543.1  40607.0 
40543.1  40608.0 
40543.1  40609.0 
40543.1  40610.0 
40543.1  40611.0 
40543.1  40612.0 
40543.1  40613.0 
40543.1  40614.0 
40543.1  40615.0 
40543.1  40616.0 
40543.1  40617.0 
40543.1  40618.0 
40543.1  40619.0 
40543.1  40620.0 
40543.1  40621.0 
40543.1  40622.0 
40543.1  40623.0 
40543.1  40624.0 
40543.1  40625.0 
40543.1  40626.0 
40543.1  40627.0 
40543.1  40628.0 
40543.1  40629.0 
40543.1  40630.0 
40543.1  40631.0 
40543.1  40632.0 
40543.1  40633.0 
40543.1  40634.0 
40543.2  40635.0 
40543.2  40636.0 
40543.2  40637.0 
40543.2  40638.0 
40543.2  40639.0 
40543.2  40640.0 
40543.2  40641.0 
40543.2  40642.0 
40543.2  40643.0 
40543.2  40644.0 
40543.2  40645.0 
40543.2  40646.0 
40543.2  40647.0 
40543.2  40648.0 
40543.2  40649.0 
40543.2  40650.0 
40543.2  40651.0 
40543.2  40652.0 
40543.2  40653.0 
40543.2  40654.0 
40543.2  40655.0 
40543.2  40656.0 
40543.2  40657.0 
40543.2  40658.0 
40543.2  40659.0 
40543.2  40660.0 
40543.2  40661.0 
40543.2  40662.0 
40543.2  40663.0 
40543.2  40664.0 
40543.2  40665.0 
40543.2  40666.0 
40543.2  40667.0 
40543.2  40668.0 
40543.2  40669.0 
40543.2  40670.0 
40543.2  40671.0 
40543.2  40672.0 
40543.2  40673.0 
40543.2  40674.0 
40543.2  40675.0 
40543.2  40676.0 
40543.2  40677.0 
40543.2  40678.0 
40543.2  40679.0 
40543.2  40680.0 
40543.2  40681.0 
40543.2  40682.0 
40543.2  40683.0 
40543.2  40684.0 
40543.2  40685.0 
40543.2  40686.0 
40543.2  40687.0 
40543.2  40688.0 
40543.2  40689.0 
40543.2  40690.0 
40543.2  40691.0 
40543.2  40692.0 
40543.2  40693.0 
40543.2  40694.0 
40543.2  40695.0 
40543.2  40696.0 
40543.2  40697.0 
40543.2  40698.0 
40543.2  40699.0 
40543.2  40700.0 
40543.2  40701.0 
40543.2  40702.0 
40543.2  40703.0 
40543.2  40704.0 
40543.2  40705.0 
40543.2  40706.0 
40543.2  40707.0 
40543.2  40708.0 
40543.2  40709.0 
40543.2  40710.0 
40543.2  40711.0 
40543.2  40712.0 
40543.2  40713.0 
40543.2  40714.0 
40543.2  40715.0 
40543.2  40716.0 
40543.2  40717.0 
40543.2  40718.0 
40543.3  40719.0 
40543.3  40720.0 
40543.3  40721.0 
40543.3  40722.0 
40543.3  40723.0 
40543.3  40724.0 
40543.3  40725.0 
40543.3  40726.0 
40543.3  40727.0 
40543.3  40728.0 
40543.3  40729.0 
40543.3  40730.0 
40543.3  40731.0 
40543.3  40732.0 
40543.3  40733.0 
40543.3  40734.0 
40543.3  40735.0 
40543.3  40736.0 
40543.3  40737.0 
40543.3  40738.0 
40543.3  40739.0 
40543.3  40740.0 
40543.3  40741.0 
40543.3  40742.0 
40543.3  40743.0 
40543.3  40744.0 
40543.3  40745.0 
40543.3  40746.0 
40543.3  40747.0 
40543.3  40748.0 
40543.3  40749.0 
40543.3  40750.0 
40543.3  40751.0 
40543.3  40752.0 
40543.3  40753.0 
40543.3  40754.0 
40543.3  40755.0 
40543.3  40756.0 
40543.3  40757.0 
40543.3  40758.0 
40543.3  40759.0 
40543.3  40760.0 
40543.3  40761.0 
40543.3  40762.0 
40543.3  40763.0 
40543.3  40764.0 
40543.3  40765.0 
40543.3  40766.0 
40543.3  40767.0 
40543.3  40768.0 
40543.3  40769.0 
40543.3  40770.0 
40543.3  40771.0 
40543.3  40772.0 
40543.3  40773.0 
40543.3  40774.0 
40543.3  40775.0 
40543.3  40776.0 
40543.3  40777.0 
40543.3  40778.0 
40543.3  40779.0 
40543.3  40780.0 
40543.3  40781.0 
40543.3  40782.0 
40543.3  40783.0 
40543.3  40784.0 
40543.3  40785.0 
40543.3  40786.0 
40543.3  40787.0 
40543.3  40788.0 
40543.4  40789.0 
40543.4  40790.0 
40543.4  40791.0 
40543.4  40792.0 
40543.4  40793.0 
40543.4  40794.0 
40543.4  40795.0 
40543.4  40796.0 
40543.4  40797.0 
40543.4  40798.0 
40543.4  40799.0 
40543.4  40800.0 
40543.4  40801.0 
40543.4  40802.0 
40543.4  40803.0 
40543.4  40804.0 
40543.4  40805.0 
40543.4  40806.0 
40543.4  40807.0 
40543.4  40808.0 
40543.4  40809.0 
40543.4  40810.0 
40543.4  40811.0 
40543.4  40812.0 
40543.4  40813.0 
40543.4  40814.0 
40543.4  40815.0 
40543.4  40816.0 
40543.4  40817.0 
40543.4  40818.0 
40543.4  40819.0 
40543.4  40820.0 
40543.4  40821.0 
40543.4  40822.0 
40543.4  40823.0 
40543.4  40824.0 
40543.4  40825.0 
40543.4  40826.0 
40543.4  40827.0 
40543.5  40828.0 
40543.5  40829.0 
40543.5  40830.0 
40543.5  40831.0 
40543.5  40832.0 
40543.5  40833.0 
40543.5  40834.0 
40543.5  40835.0 
40543.5  40836.0 
40543.5  40837.0 
40543.5  40838.0 
40543.5  40839.0 
40543.5  40840.0 
40543.5  40841.0 
40543.5  40842.0 
40543.5  40843.0 
40543.5  40844.0 
40543.5  40845.0 
40543.5  40846.0 
40543.5  40847.0 
40543.5  40848.0 
40543.5  40849.0 
40543.5  40850.0 
40543.5  40851.0 
40543.5  40852.0 
40543.5  40853.0 
40543.5  40854.0 
40543.5  40855.0 
40543.5  40856.0 
40543.5  40857.0 
40543.5  40858.0 
40543.5  40859.0 
40543.5  40860.0 
40543.5  40861.0 
40543.5  40862.0 
40543.5  40863.0 
40543.5  40864.0 
40543.5  40865.0 
40543.5  40866.0 
40543.5  40867.0 
40543.5  40868.0 
40543.5  40869.0 
40543.5  40870.0 
40543.5  40871.0 
40543.5  40872.0 
40543.5  40873.0 
40543.5  40874.0 
40543.5  40875.0 
40543.6  40876.0 
40543.6  40877.0 
40543.6  40878.0 
40543.6  40879.0 
40543.6  40880.0 
40543.6  40881.0 
40543.6  40882.0 
40543.6  40883.0 
40543.6  40884.0 
40543.6  40885.0 
40543.6  40886.0 
40543.6  40887.0 
40543.6  40888.0 
40543.6  40889.0 
40543.6  40890.0 
40543.6  40891.0 
40543.6  40892.0 
40543.6  40893.0 
40543.6  40894.0 
40543.6  40895.0 
40543.6  40896.0 
40543.6  40897.0 
40543.6  40898.0 
40543.6  40899.0 
40543.6  40900.0 
40543.6  40901.0 
40543.6  40902.0 
40543.6  40903.0 
40543.6  40904.0 
40543.6  40905.0 
40543.7  40906.0 
40543.7  40907.0 
40543.7  40908.0 
40543.7  40909.0 
40543.7  40910.0 
40543.7  40911.0 
40543.7  40912.0 
40543.7  40913.0 
40543.7  40914.0 
40543.7  40915.0 
40543.7  40916.0 
40543.7  40917.0 
40543.7  40918.0 
40543.7  40919.0 
40543.7  40920.0 
40543.7  40921.0 
40543.7  40922.0 
40543.7  40923.0 
40543.7  40924.0 
40543.7  40925.0 
40543.7  40926.0 
40543.7  40927.0 
40543.7  40928.0 
40543.7  40929.0 
40543.7  40930.0 
40543.7  40931.0 
40543.7  40932.0 
40543.7  40933.0 
40543.7  40934.0 
40543.7  40935.0 
40543.7  40936.0 
40543.7  40937.0 
40543.7  40938.0 
40543.7  40939.0 
40543.7  40940.0 
40543.7  40941.0 
40543.7  40942.0 
40543.7  40943.0 
40543.7  40944.0 
40543.7  40945.0 
40543.7  40946.0 
40543.7  40947.0 
40543.7  40948.0 
40543.7  40949.0 
40543.7  40950.0 
40543.7  40951.0 
40543.7  40952.0 
40544.0  39603.0 
40545.1  40954.0 
40545.1  39115.0 
40545.1  39526.0 
40545.1  39120.0 
40545.1  39136.0 
40545.1  39156.0 
40545.1  39276.0 
40545.1  39161.0 
40545.1  39162.0 
40545.1  39163.0 
40545.1  39164.0 
40545.1  40955.1 
40545.1  40956.1 
40545.1  39155.0 
40545.1  39169.0 
40545.1  40957.1 
40547.1  40958.1 
40548.1  39585.1 
40552.1  40960.0 
40552.1  40052.0 
40552.1  40073.0 
40552.1  40093.0 
40552.1  40098.0 
40552.1  40961.1 
40553.1  40960.0 
40553.1  40052.0 
40553.1  40073.0 
40553.1  40093.0 
40553.1  40098.0 
40553.1  40963.1 
40554.1  40960.0 
40554.1  40052.0 
40554.1  40073.0 
40554.1  40093.0 
40554.1  40098.0 
40554.1  40965.1 
40555.0  39647.0 
40556.0  39648.0 
40557.0  39649.0 
40559.0  39651.0 
40560.0  39652.0 
40561.0  39653.0 
40562.0  39654.0 
40563.0  39655.0 
40564.0  39656.0 
40565.0  39657.0 
40566.0  39658.0 
40567.0  39659.0 
40568.0  39660.0 
40569.0  39661.0 
40570.0  39662.0 
40571.0  39663.0 
40572.0  39664.0 
40573.0  39665.0 
40574.0  39666.0 
40575.0  39667.0 
40576.0  39668.0 
40577.0  39669.0 
40578.0  39670.0 
40579.0  39671.0 
40580.0  39672.0 
40581.0  39673.0 
40582.0  39674.0 
40583.0  39675.0 
40584.0  39676.0 
40585.0  39677.0 
40586.0  39678.0 
40587.0  39679.0 
40588.0  39680.0 
40589.0  39681.0 
40590.0  39682.0 
40591.0  39683.0 
40592.0  39684.0 
40593.0  39685.0 
40594.0  39686.0 
40595.0  39687.0 
40596.0  39688.0 
40597.0  39689.0 
40598.0  39690.0 
40599.0  39691.0 
40600.0  39692.0 
40601.0  39693.0 
40602.0  39694.0 
40603.0  39695.0 
40604.0  39696.0 
40605.0  39697.0 
40606.0  39698.0 
40607.0  39699.0 
40608.0  39700.0 
40609.0  39701.0 
40610.0  39702.0 
40611.0  39703.0 
40612.0  39704.0 
40613.0  39705.0 
40614.0  39706.0 
40615.0  39707.0 
40616.0  39708.0 
40617.0  39709.0 
40618.0  39710.0 
40619.0  39711.0 
40620.0  39712.0 
40621.0  39713.0 
40622.0  39714.0 
40623.0  39715.0 
40624.0  39716.0 
40625.0  39717.0 
40626.0  39718.0 
40627.0  39719.0 
40628.0  39720.0 
40629.0  39721.0 
40630.0  39722.0 
40631.0  39723.0 
40632.0  39724.0 
40633.0  39725.0 
40634.0  39726.0 
40635.0  39727.0 
40636.0  39728.0 
40637.0  39729.0 
40638.0  39730.0 
40639.0  39731.0 
40640.0  39732.0 
40641.0  39733.0 
40642.0  39734.0 
40643.0  39735.0 
40644.0  39736.0 
40645.0  39737.0 
40646.0  39738.0 
40647.0  39739.0 
40648.0  39740.0 
40649.0  39741.0 
40650.0  39742.0 
40651.0  39743.0 
40652.0  39744.0 
40653.0  39745.0 
40654.0  39746.0 
40655.0  39747.0 
40656.0  39748.0 
40657.0  39749.0 
40658.0  39750.0 
40659.0  39751.0 
40660.0  39752.0 
40661.0  39753.0 
40662.0  39754.0 
40663.0  39755.0 
40664.0  39756.0 
40665.0  39757.0 
40666.0  39758.0 
40667.0  39759.0 
40668.0  39760.0 
40669.0  39761.0 
40670.0  39762.0 
40671.0  39763.0 
40672.0  39764.0 
40673.0  39765.0 
40674.0  39766.0 
40675.0  39767.0 
40676.0  39768.0 
40677.0  39769.0 
40678.0  39770.0 
40679.0  39771.0 
40680.0  39772.0 
40681.0  39773.0 
40682.0  39774.0 
40683.0  39775.0 
40684.0  39776.0 
40685.0  39777.0 
40686.0  39778.0 
40687.0  39779.0 
40688.0  39780.0 
40689.0  39781.0 
40690.0  39782.0 
40691.0  39783.0 
40692.0  39784.0 
40693.0  39785.0 
40694.0  39786.0 
40695.0  39787.0 
40696.0  39788.0 
40697.0  39789.0 
40698.0  39790.0 
40699.0  39791.0 
40700.0  39792.0 
40701.0  39793.0 
40702.0  39794.0 
40703.0  39795.0 
40704.0  39796.0 
40705.0  39797.0 
40706.0  39798.0 
40707.0  39799.0 
40708.0  39800.0 
40709.0  39801.0 
40710.0  39802.0 
40711.0  39803.0 
40712.0  39804.0 
40713.0  39805.0 
40714.0  39806.0 
40715.0  39807.0 
40716.0  39808.0 
40717.0  39809.0 
40718.0  39810.0 
40719.0  39811.0 
40720.0  39812.0 
40721.0  39813.0 
40722.0  39814.0 
40723.0  39815.0 
40724.0  39816.0 
40725.0  39817.0 
40726.0  39818.0 
40727.0  39819.0 
40728.0  39820.0 
40729.0  39821.0 
40730.0  39822.0 
40731.0  39823.0 
40732.0  39824.0 
40733.0  39825.0 
40734.0  39826.0 
40735.0  39827.0 
40736.0  39828.0 
40737.0  39829.0 
40738.0  39830.0 
40739.0  39831.0 
40740.0  39832.0 
40741.0  39833.0 
40742.0  39834.0 
40743.0  39835.0 
40744.0  39836.0 
40745.0  39837.0 
40746.0  39838.0 
40747.0  39839.0 
40748.0  39840.0 
40749.0  39841.0 
40750.0  39842.0 
40751.0  39843.0 
40753.0  39845.0 
40754.0  39846.0 
40755.0  39847.0 
40756.0  39848.0 
40757.0  39849.0 
40758.0  39850.0 
40759.0  39851.0 
40760.0  39852.0 
40761.0  39853.0 
40762.0  39854.0 
40763.0  39855.0 
40764.0  39856.0 
40765.0  39857.0 
40766.0  39858.0 
40767.0  39859.0 
40768.0  39860.0 
40769.0  39861.0 
40770.0  39862.0 
40771.0  39863.0 
40772.0  39864.0 
40773.0  39865.0 
40774.0  39866.0 
40775.0  39867.0 
40776.0  39868.0 
40777.0  39869.0 
40778.0  39870.0 
40779.0  39871.0 
40780.0  39872.0 
40781.0  39873.0 
40782.0  39874.0 
40783.0  39875.0 
40784.0  39876.0 
40785.0  39877.0 
40786.0  39878.0 
40787.0  39879.0 
40788.0  39880.0 
40789.0  39881.0 
40790.0  39882.0 
40791.0  39883.0 
40792.0  39884.0 
40793.0  39885.0 
40794.0  39886.0 
40795.0  39887.0 
40796.0  39888.0 
40797.0  39889.0 
40798.0  39890.0 
40799.0  39891.0 
40800.0  39892.0 
40801.0  39893.0 
40802.0  39894.0 
40803.0  39895.0 
40804.0  39896.0 
40805.0  39897.0 
40806.0  39898.0 
40807.0  39899.0 
40808.0  39900.0 
40809.0  39901.0 
40810.0  39902.0 
40811.0  39903.0 
40812.0  39904.0 
40813.0  39905.0 
40814.0  39906.0 
40815.0  39907.0 
40816.0  39908.0 
40817.0  39909.0 
40818.0  39910.0 
40819.0  39911.0 
40820.0  39912.0 
40821.0  39913.0 
40822.0  39914.0 
40823.0  39915.0 
40824.0  39916.0 
40825.0  39917.0 
40826.0  39918.0 
40827.0  39919.0 
40828.0  39920.0 
40829.0  39921.0 
40830.0  39922.0 
40831.0  39923.0 
40832.0  39924.0 
40833.0  39925.0 
40834.0  39926.0 
40835.0  39927.0 
40836.0  39928.0 
40837.0  39929.0 
40838.0  39930.0 
40839.0  39931.0 
40840.0  39932.0 
40841.0  39933.0 
40842.0  39934.0 
40843.0  39935.0 
40844.0  39936.0 
40845.0  39937.0 
40846.0  39938.0 
40847.0  39939.0 
40848.0  39940.0 
40849.0  39941.0 
40850.0  39942.0 
40851.0  39943.0 
40852.0  39944.0 
40853.0  39945.0 
40854.0  39946.0 
40855.0  39947.0 
40856.0  39948.0 
40857.0  39949.0 
40858.0  39950.0 
40859.0  39951.0 
40860.0  39952.0 
40861.0  39953.0 
40862.0  39954.0 
40863.0  39955.0 
40864.0  39956.0 
40865.0  39957.0 
40866.0  39958.0 
40867.0  39959.0 
40868.0  39960.0 
40869.0  39961.0 
40870.0  39962.0 
40871.0  39963.0 
40872.0  39964.0 
40873.0  39965.0 
40874.0  39966.0 
40875.0  39967.0 
40876.0  39968.0 
40877.0  39969.0 
40878.0  39970.0 
40879.0  39971.0 
40880.0  39972.0 
40881.0  39973.0 
40882.0  39974.0 
40883.0  39975.0 
40884.0  39976.0 
40885.0  39977.0 
40886.0  39978.0 
40887.0  39979.0 
40888.0  39980.0 
40889.0  39981.0 
40890.0  39982.0 
40891.0  39983.0 
40892.0  39984.0 
40893.0  39985.0 
40894.0  39986.0 
40895.0  39987.0 
40896.0  39988.0 
40897.0  39989.0 
40898.0  39990.0 
40899.0  39991.0 
40900.0  39992.0 
40901.0  39993.0 
40902.0  39994.0 
40903.0  39995.0 
40904.0  39996.0 
40905.0  39997.0 
40906.0  39998.0 
40907.0  39999.0 
40908.0  40000.0 
40909.0  40001.0 
40910.0  40002.0 
40911.0  40003.0 
40912.0  40004.0 
40913.0  40005.0 
40914.0  40006.0 
40915.0  40007.0 
40916.0  40008.0 
40917.0  40009.0 
40918.0  40010.0 
40919.0  40011.0 
40920.0  40012.0 
40921.0  40013.0 
40922.0  40014.0 
40923.0  40015.0 
40953.1  39614.0 
40953.1  39115.0 
40953.1  39615.0 
40953.1  39616.0 
40953.1  39136.0 
40953.1  39617.0 
40953.1  39318.0 
40953.1  39618.0 
40953.1  39120.0 
40953.1  39330.0 
40953.1  40966.0 
40953.1  39156.0 
40953.1  40967.3 
40954.0  39077.0 
40955.1  40968.1 
40956.1  40969.1 
40957.1  40970.1 
40958.1  40971.0 
40958.1  39115.0 
40958.1  39136.0 
40958.1  40967.3 
40960.0  39083.0 
40961.1  40972.0 
40963.1  40973.0 
40965.1  40974.0 
40967.1  40975.1 
40967.2  40976.1 
40967.3  40977.1 
40968.1  40960.0 
40968.1  39115.0 
40968.1  39136.0 
40968.1  39156.0 
40968.1  39161.0 
40968.1  40979.1 
40969.1  40980.0 
40969.1  39115.0 
40969.1  39136.0 
40969.1  39156.0 
40969.1  40981.45 
40970.1  40980.0 
40970.1  39115.0 
40970.1  39136.0 
40970.1  39156.0 
40970.1  40982.10 
40971.0  39093.0 
40975.1  40509.0 
40975.1  40052.0 
40975.1  40510.0 
40975.1  40511.0 
40975.1  40073.0 
40975.1  40512.0 
40975.1  40255.0 
40975.1  40513.0 
40975.1  40057.0 
40975.1  40267.0 
40975.1  40983.0 
40975.1  40093.0 
40975.1  40984.2 
40976.1  40517.0 
40976.1  40052.0 
40976.1  40510.0 
40976.1  40511.0 
40976.1  40255.0 
40976.1  40073.0 
40976.1  40512.0 
40976.1  40057.0 
40976.1  40513.0 
40976.1  40267.0 
40976.1  40986.0 
40976.1  40093.0 
40976.1  40967.1 
40977.1  40519.0 
40977.1  40052.0 
40977.1  40073.0 
40977.1  40967.2 
40979.1  40987.0 
40980.0  39100.0 
40981.44  39101.44 
40981.45  40985.1 
40981.46  40516.1 
40982.9  39102.9 
40982.10  40985.2 
40982.11  40516.2 
40984.1  40988.1 
40984.2  40989.1 
40985.1  40537.0 
40985.1  40052.0 
40985.1  40488.0 
40985.1  40057.0 
40985.1  40073.0 
40985.1  40093.0 
40985.1  40213.0 
40985.1  40098.0 
40985.1  40099.0 
40985.1  40100.0 
40985.1  40101.0 
40985.1  40991.1 
40985.1  40992.1 
40985.2  40993.1 
40985.3  40994.1 
40988.1  40509.0 
40988.1  40052.0 
40988.1  40510.0 
40988.1  40511.0 
40988.1  40073.0 
40988.1  40512.0 
40988.1  40255.0 
40988.1  40513.0 
40988.1  40057.0 
40988.1  40267.0 
40988.1  40996.0 
40988.1  40093.0 
40988.1  40997.2 
40989.1  40517.0 
40989.1  40052.0 
40989.1  40510.0 
40989.1  40511.0 
40989.1  40255.0 
40989.1  40073.0 
40989.1  40512.0 
40989.1  40057.0 
40989.1  40513.0 
40989.1  40267.0 
40989.1  40998.0 
40989.1  40093.0 
40989.1  40984.1 
40990.1  40517.0 
40990.1  40052.0 
40990.1  40510.0 
40990.1  40511.0 
40990.1  40255.0 
40990.1  40073.0 
40990.1  40512.0 
40990.1  40057.0 
40990.1  40513.0 
40990.1  40267.0 
40990.1  40999.0 
40990.1  40093.0 
40991.1  41000.0 
40992.1  41001.1 
40993.1  41002.1 
40994.1  41003.1 
40995.1  39628.1 
40997.2  39558.2 
41001.1  40960.0 
41001.1  40052.0 
41001.1  40073.0 
41001.1  40093.0 
41001.1  40098.0 
41001.1  41005.1 
41002.1  40960.0 
41002.1  40052.0 
41002.1  40073.0 
41002.1  40093.0 
41002.1  40098.0 
41002.1  41007.1 
41003.1  40960.0 
41003.1  40052.0 
41003.1  40073.0 
41003.1  40093.0 
41003.1  40098.0 
41003.1  41009.1 
41005.1  41010.0 
41007.1  41011.0 
41009.1  41012.0 
40046.12  41014.0 
41014.0  39582.0 
40046.0  40047.0 
40047.0  40486.0 
40486.0  40497.0 
40493.0  40508.0 
40494.0  40516.0 
40495.0  40516.0 
40496.0  40520.0 
40497.0  40508.0 
40504.0  40047.0 
40505.0  40047.0 
40506.0  40532.0 
40516.0  40536.0 
40520.0  40046.0 
40525.0  40486.0 
40526.0  40486.0 
40527.0  40486.0 
40528.0  40486.0 
40529.0  40486.0 
40532.0  40047.0 
40534.0  40545.0 
40535.0  40548.0 
40536.0  40508.0 
40543.0  40520.0 
40545.0  40953.0 
40551.0  40516.0 
40552.0  40959.0 
40553.0  40962.0 
40554.0  40964.0 
40953.0  40548.0 
40958.0  40545.0 
40959.0  40516.0 
40962.0  40516.0 
40964.0  40516.0 
40968.0  40978.0 
40969.0  40545.0 
40970.0  40545.0 
40972.0  40959.0 
40973.0  40962.0 
40974.0  40964.0 
40975.0  40548.0 
40976.0  40985.0 
40977.0  40985.0 
40978.0  40545.0 
40985.0  40990.0 
40987.0  40978.0 
40988.0  40995.0 
40989.0  40995.0 
40990.0  40548.0 
41000.0  40985.0 
41001.0  41004.0 
41002.0  41006.0 
41003.0  41008.0 
41004.0  40985.0 
41006.0  40985.0 
41008.0  40985.0 
41010.0  41004.0 
41011.0  41006.0 
41012.0  41008.0 
40045.1  40046.11 
41013.1  40046.12 
41015.1  40046.12 
