27363.1  27365.0 
27363.1  27366.0 
27363.1  27367.0 
27363.1  27368.0 
27363.1  27369.0 
27363.1  27370.0 
27363.1  27371.0 
27363.1  27372.0 
27363.1  27373.0 
27363.1  27374.0 
27363.1  27375.0 
27363.1  27376.0 
27364.1  27378.0 
27364.1  27366.0 
27364.1  27369.0 
27365.0  26308.0 
27366.0  26309.0 
27367.0  26310.0 
27368.0  26311.0 
27369.0  26312.0 
27370.0  26313.0 
27371.0  26314.0 
27372.0  26315.0 
27375.0  26318.0 
27376.0  155.0 
27377.1  27366.0 
27377.1  27379.0 
27377.1  27370.0 
27377.1  27369.0 
27377.1  27375.0 
27377.1  27380.0 
27377.1  27381.0 
27378.0  26321.0 
27379.0  26322.0 
27380.0  26323.0 
27381.0  26324.0 
27362.1  27363.1 
27383.1  27385.0 
27383.1  27386.0 
27383.1  27387.0 
27383.1  27388.0 
27383.1  27366.0 
27383.1  27389.0 
27383.1  27390.0 
27383.1  27391.0 
27383.1  27392.0 
27383.1  27370.0 
27383.1  27393.0 
27383.1  27394.0 
27383.1  27395.0 
27383.1  27396.0 
27383.1  27397.0 
27383.1  27398.0 
27383.1  27399.0 
27383.1  27400.0 
27383.1  27401.0 
27383.1  27402.0 
27383.1  27403.0 
27383.1  27404.0 
27383.1  27405.0 
27383.1  27406.0 
27383.1  27407.0 
27383.1  27369.0 
27383.1  27408.0 
27383.1  27409.0 
27383.1  27410.0 
27383.1  27411.0 
27383.1  27412.0 
27383.1  27413.0 
27383.1  27414.0 
27383.1  27415.0 
27383.1  27416.0 
27383.1  27417.0 
27383.1  27418.0 
27383.1  27419.0 
27383.1  27420.0 
27383.1  27421.0 
27383.1  27422.0 
27383.1  27423.0 
27383.1  27424.0 
27383.1  27425.0 
27383.1  27426.0 
27383.1  27375.0 
27383.1  27427.0 
27383.1  27428.0 
27383.1  27429.0 
27383.1  27430.0 
27383.1  27381.0 
27383.1  27431.0 
27383.1  27432.0 
27383.1  27433.0 
27383.1  27434.0 
27383.1  27435.0 
27383.1  27436.0 
27383.1  27437.0 
27383.1  27438.0 
27383.1  27439.0 
27383.1  27440.0 
27383.1  27441.0 
27383.1  27442.0 
27383.1  27443.0 
27383.1  27444.0 
27383.1  27445.0 
27383.1  27446.0 
27383.1  27447.0 
27383.1  27448.0 
27383.1  27449.0 
27383.1  27450.0 
27383.1  27451.0 
27383.1  27452.0 
27383.1  27453.0 
27383.1  27454.0 
27383.1  27455.0 
27383.1  27456.0 
27383.1  27457.0 
27383.1  27458.0 
27383.1  27459.0 
27383.1  27460.0 
27383.1  27461.0 
27383.1  27462.0 
27383.1  27463.0 
27383.1  27464.0 
27383.1  27465.0 
27383.1  27466.0 
27383.1  27467.0 
27383.1  27468.0 
27383.1  27469.0 
27383.1  27470.0 
27383.1  27471.0 
27383.1  27472.0 
27383.1  27473.0 
27383.1  27474.0 
27383.1  27475.0 
27383.1  27476.0 
27383.1  27477.0 
27383.1  27478.0 
27383.1  27479.0 
27383.1  27480.0 
27383.1  27481.0 
27383.1  27482.0 
27383.1  27483.0 
27383.1  27484.0 
27383.1  27485.0 
27383.1  27486.0 
27383.1  27487.0 
27383.1  27488.0 
27383.1  27489.0 
27383.1  27490.0 
27383.1  27491.0 
27383.1  27492.0 
27383.1  27493.0 
27383.1  27494.0 
27383.1  27495.0 
27383.1  27496.0 
27383.1  27497.0 
27383.1  27498.0 
27383.1  27499.0 
27383.1  27500.0 
27383.1  27501.0 
27383.1  27502.0 
27383.1  27503.0 
27383.1  27504.0 
27383.1  27505.0 
27383.1  27506.0 
27383.1  27507.0 
27383.1  27508.0 
27383.1  27509.0 
27383.1  27510.0 
27383.1  27511.0 
27383.1  27512.0 
27383.1  27513.0 
27383.1  27514.0 
27383.1  27515.0 
27383.1  27516.0 
27383.1  27517.0 
27383.1  27518.0 
27383.1  27519.0 
27383.1  27520.0 
27383.1  27521.0 
27383.1  27522.0 
27383.1  27523.0 
27383.1  27524.0 
27383.1  27525.0 
27383.1  27526.0 
27383.1  27527.0 
27383.1  27528.0 
27383.1  27529.0 
27383.1  27530.0 
27383.1  27531.0 
27383.1  27532.0 
27383.1  27533.0 
27383.1  27534.0 
27383.1  27535.0 
27383.1  27536.0 
27383.1  27537.0 
27383.1  27538.0 
27383.1  27539.0 
27383.1  27540.0 
27383.1  27541.0 
27383.1  27542.0 
27383.1  27543.0 
27383.1  27544.0 
27383.1  27380.0 
27383.1  27545.0 
27383.1  27546.0 
27383.1  27547.0 
27383.1  27548.1 
27383.1  27549.0 
27383.1  27550.0 
27383.1  27551.0 
27383.1  27552.0 
27383.1  27553.0 
27383.1  27554.0 
27383.2  27555.0 
27383.2  27556.0 
27383.2  27557.0 
27383.2  27558.0 
27383.2  27559.0 
27383.2  27560.0 
27383.2  27561.0 
27383.2  27562.0 
27383.2  27563.0 
27383.2  27564.0 
27383.2  27565.0 
27383.2  27566.0 
27383.2  27567.0 
27383.2  27568.0 
27383.2  27569.0 
27383.2  27570.0 
27383.2  27571.0 
27383.2  27572.0 
27383.2  27573.0 
27383.2  27574.0 
27383.2  27575.0 
27383.2  27576.0 
27383.2  27577.0 
27383.2  27578.0 
27383.2  27579.0 
27383.2  27580.0 
27383.2  27581.0 
27383.2  27582.0 
27383.2  27583.0 
27383.2  27584.0 
27383.2  27585.0 
27383.2  27367.0 
27383.2  27586.0 
27383.2  27587.0 
27383.2  27588.0 
27383.2  27589.0 
27383.2  27590.0 
27383.2  27591.0 
27383.2  27592.0 
27383.2  27593.0 
27383.2  27594.0 
27383.2  27595.0 
27383.2  27596.0 
27383.2  27372.0 
27383.2  27597.0 
27383.2  27598.0 
27383.2  27599.0 
27383.2  27600.0 
27383.2  27601.0 
27383.2  27602.0 
27383.2  27603.0 
27383.2  27604.0 
27383.2  27605.0 
27383.2  27606.0 
27383.2  27607.0 
27383.2  27608.0 
27383.2  27609.0 
27383.2  27610.0 
27383.2  27611.0 
27383.2  27612.0 
27383.2  27613.0 
27383.2  27614.0 
27383.2  27615.0 
27383.2  27616.0 
27383.2  27617.0 
27383.2  27618.0 
27383.2  27619.0 
27383.2  27620.0 
27383.2  27621.0 
27383.2  27622.0 
27383.2  27623.0 
27383.2  27624.0 
27383.2  27625.0 
27383.2  27626.0 
27383.2  27627.0 
27383.2  27628.0 
27383.2  27629.0 
27383.2  27630.0 
27383.2  27631.0 
27383.2  27632.0 
27383.2  27633.0 
27383.2  27634.0 
27383.2  27635.0 
27383.2  27636.0 
27383.2  27637.0 
27383.2  27638.0 
27383.2  27639.0 
27383.2  27640.0 
27383.2  27641.0 
27383.2  27642.0 
27383.2  27643.0 
27383.2  27644.0 
27383.2  27645.0 
27383.2  27646.0 
27383.2  27647.0 
27383.2  27648.0 
27383.2  27649.0 
27383.2  27650.0 
27383.2  27651.0 
27383.2  27652.0 
27383.2  27653.0 
27383.2  27654.0 
27383.2  27655.0 
27383.2  27656.0 
27383.2  27657.0 
27383.2  27658.0 
27383.2  27659.0 
27383.2  27660.0 
27383.2  27661.0 
27383.2  27662.0 
27383.2  27663.0 
27383.2  27664.0 
27383.2  27665.0 
27383.2  27666.0 
27383.2  27667.0 
27383.2  27668.0 
27383.2  27669.0 
27383.2  27670.0 
27383.2  27671.0 
27383.2  27672.0 
27383.2  27673.0 
27383.2  27674.0 
27383.2  27675.0 
27383.2  27676.0 
27383.2  27677.0 
27383.2  27678.0 
27383.2  27679.0 
27383.2  27680.0 
27383.2  27681.0 
27383.2  27682.0 
27383.2  27683.0 
27383.2  27684.0 
27383.2  27685.0 
27383.2  27686.0 
27383.2  27687.0 
27383.2  27688.0 
27383.2  27689.0 
27383.2  27690.0 
27383.2  27691.0 
27383.2  27692.0 
27383.2  27693.0 
27383.2  27694.0 
27383.2  27695.0 
27383.2  27696.0 
27383.2  27697.0 
27383.2  27698.0 
27383.2  27699.0 
27383.2  27700.0 
27383.2  27701.0 
27383.2  27702.0 
27383.2  27703.0 
27383.2  27704.0 
27383.2  27705.0 
27383.2  27706.0 
27383.2  27707.0 
27383.2  27708.0 
27383.2  27709.0 
27383.2  27710.0 
27383.2  27711.0 
27383.2  27712.0 
27383.2  27713.1 
27383.2  27714.0 
27383.2  27715.0 
27383.2  27716.0 
27383.2  27717.0 
27383.2  27718.0 
27383.2  27719.0 
27383.2  27720.0 
27383.2  27721.0 
27383.2  27722.0 
27383.2  27723.0 
27383.2  27724.0 
27383.2  27725.0 
27383.2  27726.0 
27383.2  27727.0 
27383.2  27728.28 
27383.2  27729.28 
27383.2  27730.0 
27383.2  27731.0 
27383.2  27732.0 
27383.2  27733.0 
27383.2  27734.0 
27383.2  27735.0 
27383.2  27736.0 
27383.2  27737.0 
27383.2  27738.0 
27383.2  27739.0 
27383.2  27740.0 
27383.2  27741.0 
27383.2  27742.0 
27383.3  27743.0 
27383.3  27744.0 
27383.3  27745.0 
27383.3  27746.0 
27383.3  27747.0 
27383.3  27748.0 
27383.3  27749.0 
27383.3  27750.0 
27383.3  27751.2 
27383.3  27752.0 
27383.3  27753.0 
27383.3  27754.0 
27383.3  27755.0 
27383.3  27756.0 
27383.3  27757.0 
27383.4  27758.0 
27383.4  27759.0 
27383.4  27760.0 
27383.4  27761.0 
27383.4  27362.1 
27383.5  27762.0 
27383.5  27763.0 
27383.5  27764.0 
27383.5  27765.0 
27383.5  27766.0 
27383.5  27767.1 
27383.5  27768.0 
27383.5  27769.56 
27383.5  27770.56 
27383.5  27771.0 
27383.5  27772.0 
27383.6  27773.0 
27383.6  27774.0 
27383.6  27775.0 
27383.6  27776.0 
27383.6  27777.0 
27383.6  27778.0 
27383.6  27371.0 
27383.6  27368.0 
27383.6  27779.0 
27383.6  27780.3 
27383.6  27781.0 
27383.6  27782.0 
27383.6  27783.0 
27383.6  27784.0 
27383.6  27785.0 
27383.6  27786.0 
27383.6  27787.0 
27383.6  27788.0 
27383.6  27789.28 
27383.6  27790.0 
27383.6  27791.0 
27383.7  27792.0 
27383.7  27793.0 
27383.7  27794.67 
27383.7  27795.0 
27383.7  27796.0 
27383.7  27797.1 
27383.7  27798.0 
27383.7  27799.0 
27383.7  27800.0 
27383.7  27801.0 
27383.7  27802.0 
27383.8  27803.0 
27383.8  27804.0 
27383.8  27805.0 
27383.8  27806.0 
27383.8  27807.0 
27383.9  27808.0 
27383.10  27809.0 
27383.10  27810.0 
27383.10  27811.0 
27383.11  27812.0 
27384.1  27814.0 
27384.1  27366.0 
27384.1  27379.0 
27384.1  27370.0 
27384.1  27369.0 
27384.1  27375.0 
27384.1  27380.0 
27384.1  27381.0 
27384.1  27815.1 
27384.1  27816.1 
27384.1  27817.1 
27385.0  26328.0 
27386.0  26329.0 
27387.0  26330.0 
27388.0  26331.0 
27389.0  26332.0 
27390.0  26333.0 
27391.0  26334.0 
27392.0  26335.0 
27393.0  26336.0 
27394.0  26337.0 
27395.0  26338.0 
27396.0  26339.0 
27397.0  26340.0 
27398.0  26341.0 
27399.0  26342.0 
27400.0  26343.0 
27401.0  26344.0 
27402.0  26345.0 
27403.0  26346.0 
27404.0  26347.0 
27405.0  26348.0 
27406.0  26349.0 
27407.0  26350.0 
27408.0  26351.0 
27409.0  26352.0 
27410.0  26353.0 
27411.0  26354.0 
27412.0  26355.0 
27413.0  26356.0 
27414.0  26357.0 
27415.0  26358.0 
27416.0  26359.0 
27417.0  26360.0 
27418.0  26361.0 
27419.0  26362.0 
27420.0  26363.0 
27421.0  26364.0 
27422.0  26365.0 
27423.0  26366.0 
27424.0  26367.0 
27425.0  26368.0 
27426.0  26369.0 
27427.0  26370.0 
27428.0  26371.0 
27429.0  26372.0 
27430.0  26373.0 
27431.0  26374.0 
27432.0  26375.0 
27433.0  26376.0 
27434.0  26377.0 
27435.0  26378.0 
27436.0  26379.0 
27437.0  26380.0 
27438.0  26381.0 
27439.0  26382.0 
27440.0  26383.0 
27441.0  26384.0 
27442.0  26385.0 
27443.0  26386.0 
27444.0  26387.0 
27445.0  26388.0 
27446.0  26389.0 
27447.0  26390.0 
27448.0  26391.0 
27449.0  26392.0 
27450.0  26393.0 
27451.0  26394.0 
27452.0  26395.0 
27453.0  26396.0 
27454.0  26397.0 
27455.0  26398.0 
27456.0  26399.0 
27457.0  26400.0 
27458.0  26401.0 
27459.0  26402.0 
27460.0  26403.0 
27461.0  26404.0 
27462.0  26405.0 
27463.0  26406.0 
27464.0  26407.0 
27465.0  26408.0 
27466.0  26409.0 
27467.0  26410.0 
27468.0  26411.0 
27469.0  26412.0 
27470.0  26413.0 
27471.0  26414.0 
27472.0  26415.0 
27473.0  26416.0 
27474.0  26417.0 
27475.0  26418.0 
27476.0  26419.0 
27477.0  26420.0 
27478.0  26421.0 
27479.0  26422.0 
27480.0  26423.0 
27481.0  26424.0 
27482.0  26425.0 
27483.0  26426.0 
27484.0  26427.0 
27485.0  26428.0 
27486.0  26429.0 
27487.0  26430.0 
27488.0  26431.0 
27489.0  26432.0 
27490.0  26433.0 
27491.0  26434.0 
27492.0  26435.0 
27493.0  26436.0 
27494.0  26437.0 
27495.0  26438.0 
27496.0  26439.0 
27497.0  26440.0 
27498.0  26441.0 
27499.0  26442.0 
27500.0  26443.0 
27501.0  26444.0 
27502.0  26445.0 
27503.0  26446.0 
27504.0  26447.0 
27505.0  26448.0 
27506.0  26449.0 
27507.0  26450.0 
27508.0  26451.0 
27509.0  26452.0 
27510.0  26453.0 
27511.0  26454.0 
27512.0  26455.0 
27513.0  26456.0 
27514.0  26457.0 
27515.0  26458.0 
27516.0  26459.0 
27517.0  26460.0 
27518.0  26461.0 
27519.0  26462.0 
27520.0  26463.0 
27521.0  26464.0 
27522.0  26465.0 
27523.0  26466.0 
27524.0  26467.0 
27525.0  26468.0 
27526.0  26469.0 
27527.0  26470.0 
27528.0  26471.0 
27529.0  26472.0 
27530.0  26473.0 
27531.0  26474.0 
27532.0  26475.0 
27533.0  26476.0 
27534.0  26477.0 
27535.0  26478.0 
27536.0  26479.0 
27537.0  26480.0 
27538.0  26481.0 
27539.0  26482.0 
27540.0  26483.0 
27541.0  26484.0 
27542.0  26485.0 
27543.0  26486.0 
27544.0  26487.0 
27545.0  26488.0 
27546.0  26489.0 
27547.0  26490.0 
27548.1  27818.17 
27549.0  26492.0 
27550.0  26493.0 
27551.0  26494.0 
27552.0  26495.0 
27553.0  26496.0 
27554.0  26497.0 
27555.0  26498.0 
27556.0  26499.0 
27557.0  26500.0 
27558.0  26501.0 
27559.0  26502.0 
27560.0  26503.0 
27561.0  26504.0 
27562.0  26505.0 
27563.0  26506.0 
27564.0  26507.0 
27565.0  26508.0 
27566.0  26509.0 
27567.0  26510.0 
27568.0  26511.0 
27569.0  26512.0 
27570.0  26513.0 
27571.0  26514.0 
27572.0  26515.0 
27573.0  26516.0 
27574.0  26517.0 
27575.0  26518.0 
27576.0  26519.0 
27577.0  26520.0 
27578.0  26521.0 
27579.0  26522.0 
27580.0  26523.0 
27581.0  26524.0 
27582.0  26525.0 
27583.0  26526.0 
27584.0  26527.0 
27585.0  26528.0 
27586.0  26529.0 
27587.0  26530.0 
27588.0  26531.0 
27589.0  26532.0 
27590.0  26533.0 
27591.0  26534.0 
27592.0  26535.0 
27593.0  26536.0 
27594.0  26537.0 
27595.0  26538.0 
27596.0  26539.0 
27598.0  26541.0 
27599.0  26542.0 
27600.0  26543.0 
27601.0  26544.0 
27602.0  26545.0 
27603.0  26546.0 
27604.0  26547.0 
27605.0  26548.0 
27606.0  26549.0 
27607.0  26550.0 
27608.0  26551.0 
27609.0  26552.0 
27610.0  26553.0 
27611.0  26554.0 
27612.0  26555.0 
27613.0  26556.0 
27614.0  26557.0 
27615.0  26558.0 
27616.0  26559.0 
27617.0  26560.0 
27618.0  26561.0 
27619.0  26562.0 
27620.0  26563.0 
27621.0  26564.0 
27622.0  26565.0 
27623.0  26566.0 
27624.0  26567.0 
27625.0  26568.0 
27626.0  26569.0 
27627.0  26570.0 
27628.0  26571.0 
27629.0  26572.0 
27630.0  26573.0 
27631.0  26574.0 
27632.0  26575.0 
27633.0  26576.0 
27634.0  26577.0 
27635.0  26578.0 
27636.0  26579.0 
27637.0  26580.0 
27638.0  26581.0 
27639.0  26582.0 
27640.0  26583.0 
27641.0  26584.0 
27642.0  26585.0 
27643.0  26586.0 
27644.0  26587.0 
27645.0  26588.0 
27646.0  26589.0 
27647.0  26590.0 
27648.0  26591.0 
27649.0  26592.0 
27650.0  26593.0 
27651.0  26594.0 
27652.0  26595.0 
27653.0  26596.0 
27654.0  26597.0 
27655.0  26598.0 
27656.0  26599.0 
27657.0  26600.0 
27658.0  26601.0 
27659.0  26602.0 
27660.0  26603.0 
27661.0  26604.0 
27662.0  26605.0 
27663.0  26606.0 
27664.0  26607.0 
27665.0  26608.0 
27666.0  26609.0 
27667.0  26610.0 
27668.0  26611.0 
27669.0  26612.0 
27670.0  26613.0 
27671.0  26614.0 
27672.0  26615.0 
27673.0  26616.0 
27674.0  26617.0 
27675.0  26618.0 
27676.0  26619.0 
27677.0  26620.0 
27678.0  26621.0 
27679.0  26622.0 
27680.0  26623.0 
27681.0  26624.0 
27682.0  26625.0 
27683.0  26626.0 
27684.0  26627.0 
27685.0  26628.0 
27686.0  26629.0 
27687.0  26630.0 
27688.0  26631.0 
27689.0  26632.0 
27690.0  26633.0 
27691.0  26634.0 
27692.0  26635.0 
27693.0  26636.0 
27694.0  26637.0 
27695.0  26638.0 
27696.0  26639.0 
27697.0  26640.0 
27698.0  26641.0 
27699.0  26642.0 
27700.0  26643.0 
27701.0  26644.0 
27702.0  26645.0 
27703.0  26646.0 
27704.0  26647.0 
27705.0  26648.0 
27706.0  26649.0 
27707.0  26650.0 
27708.0  26651.0 
27709.0  26652.0 
27710.0  26653.0 
27711.0  26654.0 
27712.0  26655.0 
27713.1  27818.15 
27714.0  26657.0 
27715.0  26658.0 
27716.0  26659.0 
27717.0  26660.0 
27718.0  26661.0 
27719.0  26662.0 
27720.0  26663.0 
27721.0  26664.0 
27722.0  26665.0 
27723.0  26666.0 
27724.0  26667.0 
27725.0  26668.0 
27726.0  26669.0 
27727.0  26670.0 
27728.28  27818.16 
27728.28  26671.28 
27729.28  27818.16 
27729.28  26672.28 
27730.0  26673.0 
27731.0  26674.0 
27732.0  26675.0 
27733.0  26676.0 
27734.0  26677.0 
27735.0  26678.0 
27736.0  26679.0 
27737.0  26680.0 
27738.0  26681.0 
27739.0  26682.0 
27740.0  26683.0 
27741.0  26684.0 
27742.0  26685.0 
27743.0  26686.0 
27744.0  26687.0 
27745.0  26688.0 
27746.0  26689.0 
27747.0  26690.0 
27748.0  26691.0 
27749.0  26692.0 
27750.0  26693.0 
27751.1  27383.1 
27751.2  27383.2 
27751.3  27383.3 
27751.4  27383.4 
27751.5  27383.8 
27751.6  27383.9 
27751.7  27383.10 
27752.0  26695.0 
27753.0  26696.0 
27754.0  26697.0 
27755.0  26698.0 
27756.0  26699.0 
27757.0  26700.0 
27758.0  26701.0 
27759.0  26702.0 
27760.0  26703.0 
27761.0  26704.0 
27762.0  26705.0 
27763.0  26706.0 
27764.0  26707.0 
27765.0  26708.0 
27766.0  26709.0 
27767.1  27818.17 
27768.0  26711.0 
27769.56  27818.17 
27769.56  26712.56 
27769.57  27383.5 
27770.56  27818.17 
27770.56  26713.56 
27770.57  27383.7 
27771.0  26714.0 
27772.0  26715.0 
27773.0  26716.0 
27774.0  26717.0 
27775.0  26718.0 
27776.0  26719.0 
27777.0  26720.0 
27778.0  26721.0 
27779.0  26722.0 
27780.1  27819.1 
27780.2  27820.1 
27780.3  27821.1 
27781.0  26724.0 
27782.0  26725.0 
27783.0  26726.0 
27784.0  26727.0 
27785.0  26728.0 
27786.0  26729.0 
27787.0  26730.0 
27788.0  26731.0 
27789.28  26732.28 
27789.29  27383.6 
27790.0  26733.0 
27791.0  26734.0 
27792.0  26735.0 
27793.0  26736.0 
27794.65  27818.10 
27794.66  27818.13 
27794.67  27818.16 
27794.67  26737.67 
27795.0  26738.0 
27797.1  27822.1 
27798.0  26741.0 
27799.0  26742.0 
27801.0  26744.0 
27802.0  26745.0 
27803.0  26746.0 
27804.0  26747.0 
27805.0  26748.0 
27806.0  26749.0 
27807.0  26750.0 
27808.0  26786.0 
27809.0  26751.0 
27810.0  26752.0 
27811.0  26753.0 
27812.0  26754.0 
27813.1  27824.0 
27813.1  27366.0 
27813.1  27379.0 
27813.1  27370.0 
27813.1  27369.0 
27813.1  27375.0 
27813.1  27380.0 
27813.1  27381.0 
27813.1  27825.1 
27813.1  27826.1 
27813.1  27827.1 
27813.1  27828.1 
27813.1  27829.1 
27814.0  26756.0 
27815.1  27830.1 
27816.1  27831.1 
27817.1  27832.1 
27818.11  27833.0 
27818.12  26786.0 
27818.12  26694.8 
27818.13  26737.65 
27818.14  26694.9 
27818.15  26787.0 
27818.16  26737.66 
27818.17  27834.1 
27818.18  26694.10 
27818.18  26326.18 
27819.1  27835.0 
27819.1  27366.0 
27819.1  27836.0 
27819.1  27837.0 
27819.1  27369.0 
27819.1  27838.0 
27819.1  27367.0 
27819.1  27839.0 
27819.1  27370.0 
27819.1  27372.0 
27819.1  27840.0 
27819.1  27375.0 
27819.1  27841.2 
27820.1  27843.0 
27820.1  27366.0 
27820.1  27836.0 
27820.1  27837.0 
27820.1  27367.0 
27820.1  27369.0 
27820.1  27838.0 
27820.1  27370.0 
27820.1  27839.0 
27820.1  27372.0 
27820.1  27844.0 
27820.1  27375.0 
27820.1  27780.1 
27821.1  27845.0 
27821.1  27366.0 
27821.1  27369.0 
27821.1  27780.2 
27822.1  27847.0 
27822.1  27366.0 
27822.1  27848.0 
27822.1  27369.0 
27822.1  27375.0 
27822.1  27381.0 
27822.1  27426.0 
27822.1  27849.6 
27822.1  27849.7 
27823.1  27378.0 
27823.1  27366.0 
27823.1  27369.0 
27824.0  26767.0 
27825.1  27850.1 
27826.1  27851.1 
27827.1  27852.1 
27828.1  27853.1 
27829.1  27854.1 
27830.1  27855.0 
27830.1  27366.0 
27830.1  27369.0 
27830.1  27375.0 
27831.1  27856.0 
27831.1  27366.0 
27831.1  27369.0 
27831.1  27375.0 
27832.1  27858.0 
27832.1  27366.0 
27832.1  27369.0 
27833.0  21862.0 
27834.1  27818.13 
27835.0  26790.0 
27836.0  26791.0 
27837.0  26792.0 
27838.0  26793.0 
27839.0  26794.0 
27841.1  27859.1 
27841.2  27860.1 
27842.1  27862.0 
27842.1  27366.0 
27842.1  27379.0 
27842.1  27370.0 
27842.1  27369.0 
27842.1  27375.0 
27842.1  27380.0 
27842.1  27381.0 
27842.1  27431.0 
27842.1  27432.0 
27842.1  27433.0 
27842.1  27863.1 
27842.1  27864.1 
27842.2  27865.1 
27842.3  27866.1 
27843.0  26798.0 
27845.0  26800.0 
27846.1  27867.0 
27846.1  27366.0 
27846.1  27379.0 
27846.1  27370.0 
27846.1  27369.0 
27846.1  27375.0 
27846.1  27380.0 
27846.1  27381.0 
27847.0  26802.0 
27848.0  26803.0 
27849.1  27868.1 
27849.2  27868.2 
27849.3  27868.3 
27849.4  27868.4 
27849.5  27868.5 
27849.6  27868.6 
27849.7  27868.7 
27850.1  27856.0 
27850.1  27366.0 
27850.1  27369.0 
27850.1  27375.0 
27851.1  27855.0 
27851.1  27366.0 
27851.1  27369.0 
27851.1  27375.0 
27852.1  27869.0 
27852.1  27366.0 
27852.1  27369.0 
27852.1  27375.0 
27853.1  27869.0 
27853.1  27366.0 
27853.1  27369.0 
27853.1  27375.0 
27854.1  27869.0 
27854.1  27366.0 
27854.1  27369.0 
27854.1  27375.0 
27855.0  26810.0 
27856.0  26811.0 
27858.0  26813.0 
27859.1  27835.0 
27859.1  27366.0 
27859.1  27836.0 
27859.1  27837.0 
27859.1  27369.0 
27859.1  27838.0 
27859.1  27367.0 
27859.1  27839.0 
27859.1  27370.0 
27859.1  27372.0 
27859.1  27871.0 
27859.1  27375.0 
27859.1  27872.1 
27860.1  27843.0 
27860.1  27366.0 
27860.1  27836.0 
27860.1  27837.0 
27860.1  27367.0 
27860.1  27369.0 
27860.1  27838.0 
27860.1  27370.0 
27860.1  27839.0 
27860.1  27372.0 
27860.1  27874.0 
27860.1  27375.0 
27860.1  27841.1 
27861.1  27843.0 
27861.1  27366.0 
27861.1  27836.0 
27861.1  27837.0 
27861.1  27367.0 
27861.1  27369.0 
27861.1  27838.0 
27861.1  27370.0 
27861.1  27839.0 
27861.1  27372.0 
27861.1  27875.0 
27861.1  27375.0 
27862.0  26825.0 
27863.1  27876.0 
27864.1  27877.1 
27865.1  27878.1 
27866.1  27879.1 
27867.0  26830.0 
27868.1  27880.0 
27868.1  27366.0 
27868.1  27881.0 
27868.1  27370.0 
27868.1  27369.0 
27868.1  27882.0 
27868.1  27375.0 
27868.1  27883.0 
27868.1  27884.0 
27868.1  27380.0 
27868.1  27885.0 
27868.1  27886.0 
27868.1  27887.0 
27868.1  27381.0 
27868.1  27888.0 
27868.1  27889.0 
27868.1  27890.0 
27868.1  27891.0 
27868.1  27892.0 
27868.1  27893.0 
27868.1  27894.0 
27868.1  27895.0 
27868.1  27896.0 
27868.1  27897.0 
27868.1  27898.0 
27868.1  27899.0 
27868.1  27900.0 
27868.1  27901.0 
27868.1  27902.0 
27868.1  27903.0 
27868.1  27904.0 
27868.1  27905.0 
27868.1  27906.0 
27868.1  27907.0 
27868.1  27908.0 
27868.1  27909.0 
27868.1  27910.0 
27868.1  27911.0 
27868.1  27912.0 
27868.1  27913.0 
27868.1  27914.0 
27868.1  27915.0 
27868.1  27916.0 
27868.1  27917.0 
27868.1  27918.0 
27868.1  27919.0 
27868.1  27920.0 
27868.1  27921.0 
27868.1  27922.0 
27868.1  27923.0 
27868.1  27924.0 
27868.1  27925.0 
27868.1  27926.0 
27868.1  27927.0 
27868.1  27928.0 
27868.1  27929.0 
27868.1  27930.0 
27868.1  27931.0 
27868.1  27932.0 
27868.1  27933.0 
27868.1  27934.0 
27868.1  27935.0 
27868.1  27936.0 
27868.1  27937.0 
27868.1  27938.0 
27868.1  27939.0 
27868.1  27940.0 
27868.1  27941.0 
27868.1  27942.0 
27868.1  27943.0 
27868.1  27944.0 
27868.1  27945.0 
27868.1  27946.0 
27868.1  27947.0 
27868.1  27948.0 
27868.1  27949.0 
27868.1  27950.0 
27868.1  27951.0 
27868.1  27952.0 
27868.1  27953.0 
27868.1  27954.0 
27868.1  27955.0 
27868.1  27956.0 
27868.1  27957.0 
27868.1  27958.0 
27868.1  27959.0 
27868.2  27960.0 
27868.2  27961.0 
27868.2  27962.0 
27868.2  27963.0 
27868.2  27964.0 
27868.2  27965.0 
27868.2  27966.0 
27868.2  27967.0 
27868.2  27968.0 
27868.2  27969.0 
27868.2  27970.0 
27868.2  27971.0 
27868.2  27972.0 
27868.2  27973.0 
27868.2  27974.0 
27868.2  27975.0 
27868.2  27976.0 
27868.2  27977.0 
27868.2  27978.0 
27868.2  27979.0 
27868.2  27980.0 
27868.2  27981.0 
27868.2  27982.0 
27868.2  27983.0 
27868.2  27984.0 
27868.2  27985.0 
27868.2  27986.0 
27868.2  27987.0 
27868.2  27988.0 
27868.2  27989.0 
27868.2  27990.0 
27868.2  27991.0 
27868.2  27992.0 
27868.2  27993.0 
27868.2  27994.0 
27868.2  27995.0 
27868.2  27996.0 
27868.2  27997.0 
27868.2  27998.0 
27868.2  27999.0 
27868.2  28000.0 
27868.2  28001.0 
27868.2  28002.0 
27868.2  28003.0 
27868.2  28004.0 
27868.2  28005.0 
27868.2  28006.0 
27868.2  28007.0 
27868.2  28008.0 
27868.2  28009.0 
27868.2  28010.0 
27868.2  28011.0 
27868.2  28012.0 
27868.2  28013.0 
27868.2  28014.0 
27868.2  28015.0 
27868.2  28016.0 
27868.2  28017.0 
27868.2  28018.0 
27868.2  28019.0 
27868.2  28020.0 
27868.2  28021.0 
27868.2  28022.0 
27868.2  28023.0 
27868.2  28024.0 
27868.2  28025.0 
27868.2  28026.0 
27868.2  28027.0 
27868.2  28028.0 
27868.2  28029.0 
27868.2  28030.0 
27868.2  28031.0 
27868.2  28032.0 
27868.2  28033.0 
27868.2  28034.0 
27868.2  28035.0 
27868.2  28036.0 
27868.2  28037.0 
27868.2  28038.0 
27868.2  28039.0 
27868.2  28040.0 
27868.2  28041.0 
27868.2  28042.0 
27868.2  28043.0 
27868.3  28044.0 
27868.3  28045.0 
27868.3  28046.0 
27868.3  28047.0 
27868.3  28048.0 
27868.3  28049.0 
27868.3  28050.0 
27868.3  28051.0 
27868.3  28052.0 
27868.3  28053.0 
27868.3  28054.0 
27868.3  28055.0 
27868.3  28056.0 
27868.3  28057.0 
27868.3  28058.0 
27868.3  28059.0 
27868.3  28060.0 
27868.3  28061.0 
27868.3  28062.0 
27868.3  28063.0 
27868.3  28064.0 
27868.3  28065.0 
27868.3  28066.0 
27868.3  28067.0 
27868.3  28068.0 
27868.3  28069.0 
27868.3  28070.0 
27868.3  28071.0 
27868.3  28072.0 
27868.3  28073.0 
27868.3  28074.0 
27868.3  28075.0 
27868.3  28076.0 
27868.3  28077.0 
27868.3  28078.0 
27868.3  28079.0 
27868.3  28080.0 
27868.3  28081.0 
27868.3  28082.0 
27868.3  28083.0 
27868.3  28084.0 
27868.3  28085.0 
27868.3  28086.0 
27868.3  28087.0 
27868.3  28088.0 
27868.3  28089.0 
27868.3  28090.0 
27868.3  28091.0 
27868.3  28092.0 
27868.3  28093.0 
27868.3  28094.0 
27868.3  28095.0 
27868.3  28096.0 
27868.3  28097.0 
27868.3  28098.0 
27868.3  28099.0 
27868.3  28100.0 
27868.3  28101.0 
27868.3  28102.0 
27868.3  28103.0 
27868.3  28104.0 
27868.3  28105.0 
27868.3  28106.0 
27868.3  28107.0 
27868.3  28108.0 
27868.3  28109.0 
27868.3  28110.0 
27868.3  28111.0 
27868.3  28112.0 
27868.3  28113.0 
27868.4  28114.0 
27868.4  28115.0 
27868.4  28116.0 
27868.4  28117.0 
27868.4  28118.0 
27868.4  28119.0 
27868.4  28120.0 
27868.4  28121.0 
27868.4  28122.0 
27868.4  28123.0 
27868.4  28124.0 
27868.4  28125.0 
27868.4  28126.0 
27868.4  28127.0 
27868.4  28128.0 
27868.4  28129.0 
27868.4  28130.0 
27868.4  28131.0 
27868.4  28132.0 
27868.4  28133.0 
27868.4  28134.0 
27868.4  28135.0 
27868.4  28136.0 
27868.4  28137.0 
27868.4  28138.0 
27868.4  28139.0 
27868.4  28140.0 
27868.4  28141.0 
27868.4  28142.0 
27868.4  28143.0 
27868.4  28144.0 
27868.4  28145.0 
27868.4  28146.0 
27868.4  28147.0 
27868.4  28148.0 
27868.4  28149.0 
27868.4  28150.0 
27868.4  28151.0 
27868.4  28152.0 
27868.5  28153.0 
27868.5  28154.0 
27868.5  28155.0 
27868.5  28156.0 
27868.5  28157.0 
27868.5  28158.0 
27868.5  28159.0 
27868.5  28160.0 
27868.5  28161.0 
27868.5  28162.0 
27868.5  28163.0 
27868.5  28164.0 
27868.5  28165.0 
27868.5  28166.0 
27868.5  28167.0 
27868.5  28168.0 
27868.5  28169.0 
27868.5  28170.0 
27868.5  28171.0 
27868.5  28172.0 
27868.5  28173.0 
27868.5  28174.0 
27868.5  28175.0 
27868.5  28176.0 
27868.5  28177.0 
27868.5  28178.0 
27868.5  28179.0 
27868.5  28180.0 
27868.5  28181.0 
27868.5  28182.0 
27868.5  28183.0 
27868.5  28184.0 
27868.5  28185.0 
27868.5  28186.0 
27868.5  28187.0 
27868.5  28188.0 
27868.5  28189.0 
27868.5  28190.0 
27868.5  28191.0 
27868.5  28192.0 
27868.5  28193.0 
27868.5  28194.0 
27868.5  28195.0 
27868.5  28196.0 
27868.5  28197.0 
27868.5  28198.0 
27868.5  28199.0 
27868.5  28200.0 
27868.6  28201.0 
27868.6  28202.0 
27868.6  28203.0 
27868.6  28204.0 
27868.6  28205.0 
27868.6  28206.0 
27868.6  28207.0 
27868.6  28208.0 
27868.6  28209.0 
27868.6  28210.0 
27868.6  28211.0 
27868.6  28212.0 
27868.6  28213.0 
27868.6  28214.0 
27868.6  28215.0 
27868.6  28216.0 
27868.6  28217.0 
27868.6  28218.0 
27868.6  28219.0 
27868.6  28220.0 
27868.6  28221.0 
27868.6  28222.0 
27868.6  28223.0 
27868.6  28224.0 
27868.6  28225.0 
27868.6  28226.0 
27868.6  28227.0 
27868.6  28228.0 
27868.6  28229.0 
27868.6  28230.0 
27868.7  28231.0 
27868.7  28232.0 
27868.7  28233.0 
27868.7  28234.0 
27868.7  28235.0 
27868.7  28236.0 
27868.7  28237.0 
27868.7  28238.0 
27868.7  28239.0 
27868.7  28240.0 
27868.7  28241.0 
27868.7  28242.0 
27868.7  28243.0 
27868.7  28244.0 
27868.7  28245.0 
27868.7  28246.0 
27868.7  28247.0 
27868.7  28248.0 
27868.7  28249.0 
27868.7  28250.0 
27868.7  28251.0 
27868.7  28252.0 
27868.7  28253.0 
27868.7  28254.0 
27868.7  28255.0 
27868.7  28256.0 
27868.7  28257.0 
27868.7  28258.0 
27868.7  28259.0 
27868.7  28260.0 
27868.7  28261.0 
27868.7  28262.0 
27868.7  28263.0 
27868.7  28264.0 
27868.7  28265.0 
27868.7  28266.0 
27868.7  28267.0 
27868.7  28268.0 
27868.7  28269.0 
27868.7  28270.0 
27868.7  28271.0 
27868.7  28272.0 
27868.7  28273.0 
27868.7  28274.0 
27868.7  28275.0 
27868.7  28276.0 
27868.7  28277.0 
27869.0  26832.0 
27870.1  27271.0 
27870.1  26309.0 
27870.1  26322.0 
27870.1  26313.0 
27870.1  26312.0 
27870.1  26318.0 
27870.1  26323.0 
27870.1  26324.0 
27870.1  26374.0 
27870.1  26375.0 
27870.1  26376.0 
27870.1  28279.1 
27870.1  28280.1 
27870.1  26369.0 
27870.1  26381.0 
27870.1  28281.1 
27872.1  28282.1 
27873.1  26320.1 
27877.1  28284.0 
27877.1  27366.0 
27877.1  27369.0 
27877.1  27375.0 
27877.1  27381.0 
27877.1  28285.1 
27878.1  28284.0 
27878.1  27366.0 
27878.1  27369.0 
27878.1  27375.0 
27878.1  27381.0 
27878.1  28287.1 
27879.1  28284.0 
27879.1  27366.0 
27879.1  27369.0 
27879.1  27375.0 
27879.1  27381.0 
27879.1  28289.1 
27880.0  26858.0 
27881.0  26859.0 
27882.0  26860.0 
27884.0  26862.0 
27885.0  26863.0 
27886.0  26864.0 
27887.0  26865.0 
27888.0  26866.0 
27889.0  26867.0 
27890.0  26868.0 
27891.0  26869.0 
27892.0  26870.0 
27893.0  26871.0 
27894.0  26872.0 
27895.0  26873.0 
27896.0  26874.0 
27897.0  26875.0 
27898.0  26876.0 
27899.0  26877.0 
27900.0  26878.0 
27901.0  26879.0 
27902.0  26880.0 
27903.0  26881.0 
27904.0  26882.0 
27905.0  26883.0 
27906.0  26884.0 
27907.0  26885.0 
27908.0  26886.0 
27909.0  26887.0 
27910.0  26888.0 
27911.0  26889.0 
27912.0  26890.0 
27913.0  26891.0 
27914.0  26892.0 
27915.0  26893.0 
27916.0  26894.0 
27917.0  26895.0 
27918.0  26896.0 
27919.0  26897.0 
27920.0  26898.0 
27921.0  26899.0 
27922.0  26900.0 
27923.0  26901.0 
27924.0  26902.0 
27925.0  26903.0 
27926.0  26904.0 
27927.0  26905.0 
27928.0  26906.0 
27929.0  26907.0 
27930.0  26908.0 
27931.0  26909.0 
27932.0  26910.0 
27933.0  26911.0 
27934.0  26912.0 
27935.0  26913.0 
27936.0  26914.0 
27937.0  26915.0 
27938.0  26916.0 
27939.0  26917.0 
27940.0  26918.0 
27941.0  26919.0 
27942.0  26920.0 
27943.0  26921.0 
27944.0  26922.0 
27945.0  26923.0 
27946.0  26924.0 
27947.0  26925.0 
27948.0  26926.0 
27949.0  26927.0 
27950.0  26928.0 
27951.0  26929.0 
27952.0  26930.0 
27953.0  26931.0 
27954.0  26932.0 
27955.0  26933.0 
27956.0  26934.0 
27957.0  26935.0 
27958.0  26936.0 
27959.0  26937.0 
27960.0  26938.0 
27961.0  26939.0 
27962.0  26940.0 
27963.0  26941.0 
27964.0  26942.0 
27965.0  26943.0 
27966.0  26944.0 
27967.0  26945.0 
27968.0  26946.0 
27969.0  26947.0 
27970.0  26948.0 
27971.0  26949.0 
27972.0  26950.0 
27973.0  26951.0 
27974.0  26952.0 
27975.0  26953.0 
27976.0  26954.0 
27977.0  26955.0 
27978.0  26956.0 
27979.0  26957.0 
27980.0  26958.0 
27981.0  26959.0 
27982.0  26960.0 
27983.0  26961.0 
27984.0  26962.0 
27985.0  26963.0 
27986.0  26964.0 
27987.0  26965.0 
27988.0  26966.0 
27989.0  26967.0 
27990.0  26968.0 
27991.0  26969.0 
27992.0  26970.0 
27993.0  26971.0 
27994.0  26972.0 
27995.0  26973.0 
27996.0  26974.0 
27997.0  26975.0 
27998.0  26976.0 
27999.0  26977.0 
28000.0  26978.0 
28001.0  26979.0 
28002.0  26980.0 
28003.0  26981.0 
28004.0  26982.0 
28005.0  26983.0 
28006.0  26984.0 
28007.0  26985.0 
28008.0  26986.0 
28009.0  26987.0 
28010.0  26988.0 
28011.0  26989.0 
28012.0  26990.0 
28013.0  26991.0 
28014.0  26992.0 
28015.0  26993.0 
28016.0  26994.0 
28017.0  26995.0 
28018.0  26996.0 
28019.0  26997.0 
28020.0  26998.0 
28021.0  26999.0 
28022.0  27000.0 
28023.0  27001.0 
28024.0  27002.0 
28025.0  27003.0 
28026.0  27004.0 
28027.0  27005.0 
28028.0  27006.0 
28029.0  27007.0 
28030.0  27008.0 
28031.0  27009.0 
28032.0  27010.0 
28033.0  27011.0 
28034.0  27012.0 
28035.0  27013.0 
28036.0  27014.0 
28037.0  27015.0 
28038.0  27016.0 
28039.0  27017.0 
28040.0  27018.0 
28041.0  27019.0 
28042.0  27020.0 
28043.0  27021.0 
28044.0  27022.0 
28045.0  27023.0 
28046.0  27024.0 
28047.0  27025.0 
28048.0  27026.0 
28049.0  27027.0 
28050.0  27028.0 
28051.0  27029.0 
28052.0  27030.0 
28053.0  27031.0 
28054.0  27032.0 
28055.0  27033.0 
28056.0  27034.0 
28057.0  27035.0 
28058.0  27036.0 
28059.0  27037.0 
28060.0  27038.0 
28061.0  27039.0 
28062.0  27040.0 
28063.0  27041.0 
28064.0  27042.0 
28065.0  27043.0 
28066.0  27044.0 
28067.0  27045.0 
28068.0  27046.0 
28069.0  27047.0 
28070.0  27048.0 
28071.0  27049.0 
28072.0  27050.0 
28073.0  27051.0 
28074.0  27052.0 
28075.0  27053.0 
28076.0  27054.0 
28078.0  27056.0 
28079.0  27057.0 
28080.0  27058.0 
28081.0  27059.0 
28082.0  27060.0 
28083.0  27061.0 
28084.0  27062.0 
28085.0  27063.0 
28086.0  27064.0 
28087.0  27065.0 
28088.0  27066.0 
28089.0  27067.0 
28090.0  27068.0 
28091.0  27069.0 
28092.0  27070.0 
28093.0  27071.0 
28094.0  27072.0 
28095.0  27073.0 
28096.0  27074.0 
28097.0  27075.0 
28098.0  27076.0 
28099.0  27077.0 
28100.0  27078.0 
28101.0  27079.0 
28102.0  27080.0 
28103.0  27081.0 
28104.0  27082.0 
28105.0  27083.0 
28106.0  27084.0 
28107.0  27085.0 
28108.0  27086.0 
28109.0  27087.0 
28110.0  27088.0 
28111.0  27089.0 
28112.0  27090.0 
28113.0  27091.0 
28114.0  27092.0 
28115.0  27093.0 
28116.0  27094.0 
28117.0  27095.0 
28118.0  27096.0 
28119.0  27097.0 
28120.0  27098.0 
28121.0  27099.0 
28122.0  27100.0 
28123.0  27101.0 
28124.0  27102.0 
28125.0  27103.0 
28126.0  27104.0 
28127.0  27105.0 
28128.0  27106.0 
28129.0  27107.0 
28130.0  27108.0 
28131.0  27109.0 
28132.0  27110.0 
28133.0  27111.0 
28134.0  27112.0 
28135.0  27113.0 
28136.0  27114.0 
28137.0  27115.0 
28138.0  27116.0 
28139.0  27117.0 
28140.0  27118.0 
28141.0  27119.0 
28142.0  27120.0 
28143.0  27121.0 
28144.0  27122.0 
28145.0  27123.0 
28146.0  27124.0 
28147.0  27125.0 
28148.0  27126.0 
28149.0  27127.0 
28150.0  27128.0 
28151.0  27129.0 
28152.0  27130.0 
28153.0  27131.0 
28154.0  27132.0 
28155.0  27133.0 
28156.0  27134.0 
28157.0  27135.0 
28158.0  27136.0 
28159.0  27137.0 
28160.0  27138.0 
28161.0  27139.0 
28162.0  27140.0 
28163.0  27141.0 
28164.0  27142.0 
28165.0  27143.0 
28166.0  27144.0 
28167.0  27145.0 
28168.0  27146.0 
28169.0  27147.0 
28170.0  27148.0 
28171.0  27149.0 
28172.0  27150.0 
28173.0  27151.0 
28174.0  27152.0 
28175.0  27153.0 
28176.0  27154.0 
28177.0  27155.0 
28178.0  27156.0 
28179.0  27157.0 
28180.0  27158.0 
28181.0  27159.0 
28182.0  27160.0 
28183.0  27161.0 
28184.0  27162.0 
28185.0  27163.0 
28186.0  27164.0 
28187.0  27165.0 
28188.0  27166.0 
28189.0  27167.0 
28190.0  27168.0 
28191.0  27169.0 
28192.0  27170.0 
28193.0  27171.0 
28194.0  27172.0 
28195.0  27173.0 
28196.0  27174.0 
28197.0  27175.0 
28198.0  27176.0 
28199.0  27177.0 
28200.0  27178.0 
28201.0  27179.0 
28202.0  27180.0 
28203.0  27181.0 
28204.0  27182.0 
28205.0  27183.0 
28206.0  27184.0 
28207.0  27185.0 
28208.0  27186.0 
28209.0  27187.0 
28210.0  27188.0 
28211.0  27189.0 
28212.0  27190.0 
28213.0  27191.0 
28214.0  27192.0 
28215.0  27193.0 
28216.0  27194.0 
28217.0  27195.0 
28218.0  27196.0 
28219.0  27197.0 
28220.0  27198.0 
28221.0  27199.0 
28222.0  27200.0 
28223.0  27201.0 
28224.0  27202.0 
28225.0  27203.0 
28226.0  27204.0 
28227.0  27205.0 
28228.0  27206.0 
28229.0  27207.0 
28230.0  27208.0 
28231.0  27209.0 
28232.0  27210.0 
28233.0  27211.0 
28234.0  27212.0 
28235.0  27213.0 
28236.0  27214.0 
28237.0  27215.0 
28238.0  27216.0 
28239.0  27217.0 
28240.0  27218.0 
28241.0  27219.0 
28242.0  27220.0 
28243.0  27221.0 
28244.0  27222.0 
28245.0  27223.0 
28246.0  27224.0 
28247.0  27225.0 
28248.0  27226.0 
28278.1  26790.0 
28278.1  26309.0 
28278.1  26791.0 
28278.1  26792.0 
28278.1  26312.0 
28278.1  26793.0 
28278.1  26310.0 
28278.1  26794.0 
28278.1  26313.0 
28278.1  26315.0 
28278.1  28290.0 
28278.1  26318.0 
28278.1  26723.3 
28279.1  28291.1 
28280.1  28292.1 
28281.1  28293.1 
28282.1  27328.0 
28282.1  26309.0 
28282.1  26312.0 
28282.1  28294.3 
28284.0  27277.0 
28285.1  28295.0 
28287.1  28296.0 
28289.1  28297.0 
28291.1  27277.0 
28291.1  26309.0 
28291.1  26312.0 
28291.1  26318.0 
28291.1  26324.0 
28291.1  28299.1 
28292.1  27345.0 
28292.1  26309.0 
28292.1  26312.0 
28292.1  26318.0 
28292.1  27346.31 
28293.1  27345.0 
28293.1  26309.0 
28293.1  26312.0 
28293.1  26318.0 
28293.1  27347.7 
28294.3  26723.3 
28299.1  28300.0 
28304.1  27366.0 
28304.1  28305.0 
28304.1  27392.0 
28304.1  27370.0 
28304.1  27586.0 
28304.1  27406.0 
28304.1  27369.0 
28304.1  27380.0 
28304.1  28306.0 
28304.1  28307.0 
28304.1  28308.0 
28304.1  28309.0 
28304.1  28310.0 
28304.1  28311.0 
28304.1  28312.0 
28304.1  28313.0 
28304.1  28314.0 
28304.1  28315.0 
28304.1  28316.0 
28304.1  28317.0 
28304.1  28318.0 
28304.1  27375.0 
28304.1  28319.0 
28304.1  28320.0 
28304.1  28321.0 
28304.1  28322.0 
28304.1  28323.0 
28304.1  28324.0 
28304.1  28325.0 
28304.1  28326.0 
28304.1  27559.0 
28304.1  28327.0 
28304.1  27419.0 
28304.1  28328.0 
28304.1  28329.0 
28304.1  28330.0 
28304.1  28331.0 
28304.1  28332.0 
28304.1  27579.0 
28304.1  27590.0 
28304.1  28333.0 
28304.1  28334.0 
28304.1  28335.0 
28304.1  28336.0 
28304.1  28337.0 
28304.1  28338.0 
28304.1  28339.0 
28304.1  28340.0 
28304.1  28341.0 
28304.1  28342.0 
28304.1  28343.0 
28304.1  28344.0 
28304.1  28345.0 
28304.1  28346.0 
28304.1  28347.0 
28304.1  28348.0 
28304.1  28349.0 
28304.1  28350.0 
28304.1  28351.0 
28304.1  28352.0 
28304.1  28353.0 
28304.1  28354.0 
28304.1  28355.0 
28304.1  28356.0 
28304.1  27423.0 
28304.1  28357.0 
28304.1  28358.0 
28304.1  28359.0 
28304.1  28360.0 
28304.1  28361.0 
28304.1  28362.0 
28304.1  28363.0 
28304.1  28364.0 
28304.1  28365.0 
28304.1  28366.0 
28304.1  28367.0 
28304.1  28368.0 
28304.1  27578.0 
28304.1  27400.0 
28304.1  27402.0 
28304.1  27589.0 
28304.1  28369.0 
28304.1  28370.0 
28304.1  28371.0 
28304.1  28372.0 
28304.1  27580.0 
28304.1  27581.0 
28304.1  27591.0 
28304.1  27592.0 
28304.1  27593.0 
28304.1  27594.0 
28304.1  27585.0 
28304.1  27595.0 
28304.1  27596.0 
28304.1  27367.0 
28304.1  27372.0 
28304.1  28373.0 
28304.1  28374.0 
28304.1  28375.0 
28304.1  28376.0 
28304.1  28377.0 
28304.1  28378.0 
28304.1  28379.0 
28304.1  28380.0 
28304.1  28381.0 
28304.1  28382.0 
28304.1  28383.0 
28304.1  28384.0 
28304.1  28385.0 
28304.1  28386.0 
28304.1  28387.0 
28304.1  28388.0 
28304.1  28389.0 
28304.1  28390.0 
28304.1  28391.0 
28304.1  28392.0 
28304.1  28393.0 
28304.1  28394.0 
28304.1  28395.0 
28304.1  28396.0 
28304.1  28397.0 
28304.1  28398.0 
28304.1  28399.0 
28304.1  28400.0 
28304.1  28401.0 
28304.1  28402.0 
28304.1  28403.0 
28304.1  28404.0 
28304.1  28405.0 
28304.1  28406.0 
28304.1  28407.0 
28304.1  28408.0 
28304.1  28409.0 
28304.1  28410.0 
28304.1  27576.0 
28304.1  27437.0 
28304.1  28411.0 
28304.1  27422.0 
28304.1  28412.0 
28304.1  28413.0 
28304.1  27407.0 
28304.1  28414.0 
28304.1  28415.0 
28304.1  28416.0 
28304.1  28417.0 
28304.1  28418.0 
28304.1  28419.0 
28304.1  28420.0 
28304.1  28421.0 
28304.1  28422.0 
28304.1  28423.0 
28304.1  28424.0 
28304.1  28425.0 
28304.1  28426.0 
28304.1  28427.0 
28304.1  28428.0 
28304.1  28429.0 
28304.1  28430.0 
28304.1  28431.0 
28304.1  28432.0 
28304.1  28433.0 
28304.1  28434.0 
28304.1  28435.0 
28304.1  28436.0 
28304.1  28437.0 
28304.1  28438.0 
28304.1  28439.0 
28304.1  28440.0 
28304.1  28441.0 
28304.1  28442.0 
28304.1  28443.0 
28304.1  28444.0 
28304.1  28445.0 
28304.1  28446.0 
28304.1  28447.0 
28304.1  28448.0 
28304.1  28449.0 
28304.1  28450.0 
28304.1  28451.0 
28304.1  28452.0 
28304.1  28453.0 
28304.1  28454.0 
28304.1  28455.0 
28304.1  28456.0 
28304.1  28457.0 
28304.1  28458.0 
28304.1  28459.0 
28304.1  28460.0 
28304.1  28461.0 
28304.1  28462.0 
28304.1  28463.0 
28304.1  28464.0 
28304.1  28465.0 
28304.1  28466.0 
28304.1  28467.0 
28304.1  28468.0 
28304.1  28469.0 
28304.1  28470.0 
28304.1  28471.0 
28304.1  28472.0 
28304.1  28473.0 
28304.1  28474.0 
28304.1  28475.0 
28304.1  28476.0 
28304.1  28477.0 
28304.1  28478.0 
28304.1  28479.0 
28304.1  28480.0 
28304.1  28481.0 
28304.1  28482.0 
28304.1  28483.0 
28304.1  28484.0 
28304.1  28485.0 
28304.1  28486.0 
28304.1  28487.0 
28304.1  28488.0 
28304.1  27577.0 
28304.1  28489.0 
28304.1  28490.0 
28304.1  28491.0 
28304.1  28492.0 
28304.1  28493.0 
28304.1  28494.0 
28304.1  28495.0 
28304.1  28496.0 
28304.1  28497.0 
28304.1  28498.0 
28304.1  28499.0 
28304.1  28500.0 
28304.1  28501.0 
28304.1  27882.0 
28304.1  28502.0 
28304.2  28503.0 
28304.3  28504.0 
28304.4  28505.0 
28304.4  28506.0 
28304.4  28507.0 
28304.4  28508.0 
28304.4  28509.0 
28304.4  28510.0 
28304.4  28511.0 
28304.5  28512.0 
28304.5  28513.0 
28304.5  27431.0 
28304.5  27443.0 
28304.5  27432.0 
28304.5  27445.0 
28304.5  27812.0 
28502.1  28304.1 
28503.1  28304.2 
28504.1  28304.3 
28304.6  28517.0 
28304.6  28518.0 
27383.12  27833.0 
27383.13  27794.68 
27383.14  28524.0 
27383.14  27751.9 
27383.14  28525.0 
27383.14  28526.0 
27383.15  28528.1 
28528.1  27383.13 
27363.0  27364.0 
27364.0  27377.0 
27383.0  27384.0 
27384.0  27813.0 
27813.0  27823.0 
27819.0  27377.0 
27820.0  27842.0 
27821.0  27842.0 
27822.0  27846.0 
27823.0  27377.0 
27830.0  27384.0 
27831.0  27384.0 
27832.0  27857.0 
27842.0  27861.0 
27846.0  27383.0 
27850.0  27813.0 
27851.0  27813.0 
27852.0  27813.0 
27853.0  27813.0 
27854.0  27813.0 
27857.0  27384.0 
27859.0  27870.0 
27860.0  27873.0 
27861.0  27377.0 
27868.0  27846.0 
27870.0  28278.0 
27876.0  27842.0 
27877.0  28283.0 
27878.0  28286.0 
27879.0  28288.0 
28278.0  27873.0 
28282.0  27870.0 
28283.0  27842.0 
28286.0  27842.0 
28288.0  27842.0 
28291.0  28298.0 
28292.0  27870.0 
28293.0  27870.0 
28295.0  28283.0 
28296.0  28286.0 
28297.0  28288.0 
28298.0  27870.0 
28300.0  28298.0 
27382.1  27383.11 
28301.1  27383.11 
28302.1  27383.11 
28303.1  28304.5 
28514.1  28304.5 
28515.1  28304.5 
28516.1  28304.5 
28519.1  27383.12 
28520.1  27383.12 
28521.1  27383.12 
28522.1  27383.12 
28523.1  27383.14 
28527.1  27383.15 
28516.2  28304.6 
