74456.1  74458.0 
74456.1  74459.0 
74456.1  74460.0 
74456.1  74461.0 
74456.1  74462.0 
74456.1  74463.0 
74456.1  74464.0 
74456.1  74465.0 
74456.1  74466.0 
74456.1  74467.0 
74456.1  74468.0 
74456.1  74469.0 
74457.1  74471.0 
74457.1  74459.0 
74457.1  74462.0 
74458.0  73408.0 
74459.0  73409.0 
74460.0  73410.0 
74461.0  73411.0 
74462.0  73412.0 
74463.0  73413.0 
74464.0  73414.0 
74465.0  73415.0 
74468.0  73418.0 
74469.0  58941.0 
74470.1  74459.0 
74470.1  74472.0 
74470.1  74463.0 
74470.1  74462.0 
74470.1  74468.0 
74470.1  74473.0 
74470.1  74474.0 
74471.0  73421.0 
74472.0  73422.0 
74473.0  73423.0 
74474.0  73424.0 
74455.1  74456.1 
74456.0  74457.0 
74457.0  74470.0 
