47577.1  47579.0 
47577.1  47580.0 
47577.1  47581.0 
47577.1  47582.0 
47577.1  47583.0 
47577.1  47584.0 
47577.1  47585.0 
47577.1  47586.0 
47577.1  47587.0 
47577.1  47588.0 
47577.1  47589.0 
47577.1  47590.0 
47577.1  47591.0 
47577.1  47592.0 
47577.1  47593.0 
47577.1  47594.0 
47577.1  47595.0 
47577.1  47596.0 
47577.1  47597.0 
47577.1  47598.0 
47577.1  47599.0 
47577.1  47600.0 
47577.1  47601.0 
47577.1  47602.0 
47577.1  47603.0 
47577.1  47604.0 
47577.1  47605.0 
47577.1  47606.0 
47577.1  47607.0 
47577.1  47608.0 
47577.1  47609.0 
47577.1  47610.0 
47577.1  47611.0 
47577.1  47612.0 
47577.1  47613.0 
47577.1  47614.0 
47577.1  47615.0 
47577.1  47616.0 
47577.1  47617.0 
47577.1  47618.0 
47577.1  47619.0 
47577.1  47620.0 
47577.1  47621.0 
47577.1  47622.0 
47577.1  47623.0 
47577.1  47624.0 
47577.1  47625.0 
47577.1  47626.0 
47577.1  47627.0 
47577.1  47628.0 
47577.1  47629.0 
47577.1  47630.0 
47577.1  47631.0 
47577.1  47632.0 
47577.1  47633.0 
47577.1  47634.0 
47577.1  47635.0 
47577.1  47636.0 
47577.1  47637.0 
47577.1  47638.0 
47577.1  47639.0 
47577.1  47640.0 
47577.1  47641.0 
47577.1  47642.0 
47577.1  47643.0 
47577.1  47644.0 
47577.1  47645.0 
47577.1  47646.0 
47577.1  47647.0 
47577.1  47648.0 
47577.1  47649.0 
47577.1  47650.0 
47577.1  47651.0 
47577.1  47652.0 
47577.1  47653.0 
47577.1  47654.0 
47577.1  47655.0 
47577.1  47656.0 
47577.1  47657.0 
47577.1  47658.0 
47577.1  47659.0 
47577.1  47660.0 
47577.1  47661.0 
47577.1  47662.0 
47577.1  47663.0 
47577.1  47664.0 
47577.1  47665.0 
47577.1  47666.0 
47577.1  47667.0 
47577.1  47668.0 
47577.1  47669.0 
47577.1  47670.0 
47577.1  47671.0 
47577.1  47672.0 
47577.1  47673.0 
47577.1  47674.0 
47577.1  47675.0 
47577.1  47676.0 
47577.1  47677.0 
47577.1  47678.0 
47577.1  47679.0 
47577.1  47680.0 
47577.1  47681.0 
47577.1  47682.0 
47577.1  47683.0 
47577.1  47684.0 
47577.1  47685.0 
47577.1  47686.0 
47577.1  47687.0 
47577.1  47688.0 
47577.1  47689.0 
47577.1  47690.0 
47577.1  47691.0 
47577.1  47692.0 
47577.1  47693.0 
47577.1  47694.0 
47577.1  47695.0 
47577.1  47696.0 
47577.1  47697.0 
47577.1  47698.0 
47577.1  47699.0 
47577.1  47700.0 
47577.1  47701.0 
47577.1  47702.0 
47577.1  47703.0 
47577.1  47704.0 
47577.1  47705.0 
47577.1  47706.0 
47577.1  47707.0 
47577.1  47708.0 
47577.1  47709.0 
47577.1  47710.0 
47577.1  47711.0 
47577.1  47712.0 
47577.1  47713.0 
47577.1  47714.0 
47577.1  47715.0 
47577.1  47716.0 
47577.1  47717.0 
47577.1  47718.0 
47577.1  47719.0 
47577.1  47720.0 
47577.1  47721.0 
47577.1  47722.0 
47577.1  47723.0 
47577.1  47724.0 
47577.1  47725.0 
47577.1  47726.0 
47577.1  47727.0 
47577.1  47728.0 
47577.1  47729.0 
47577.1  47730.0 
47577.1  47731.0 
47577.1  47732.0 
47577.1  47733.0 
47577.1  47734.0 
47577.1  47735.0 
47577.1  47736.0 
47577.1  47737.0 
47577.1  47738.0 
47577.1  47739.0 
47577.1  47740.0 
47577.1  47741.0 
47577.1  47742.0 
47577.1  47743.0 
47577.1  47744.0 
47577.1  47745.0 
47577.1  47746.0 
47577.1  47747.0 
47577.1  47748.1 
47577.1  47749.0 
47577.1  47750.0 
47577.1  47751.0 
47577.1  47752.0 
47577.1  47753.0 
47577.1  47754.0 
47577.2  47755.0 
47577.2  47756.0 
47577.2  47757.0 
47577.2  47758.0 
47577.2  47759.0 
47577.2  47760.0 
47577.2  47761.0 
47577.2  47762.0 
47577.2  47763.0 
47577.2  47764.0 
47577.2  47765.0 
47577.2  47766.0 
47577.2  47767.0 
47577.2  47768.0 
47577.2  47769.0 
47577.2  47770.0 
47577.2  47771.0 
47577.2  47772.0 
47577.2  47773.0 
47577.2  47774.0 
47577.2  47775.0 
47577.2  47776.0 
47577.2  47777.0 
47577.2  47778.0 
47577.2  47779.0 
47577.2  47780.0 
47577.2  47781.0 
47577.2  47782.0 
47577.2  47783.0 
47577.2  47784.0 
47577.2  47785.0 
47577.2  47786.0 
47577.2  47787.0 
47577.2  47788.0 
47577.2  47789.0 
47577.2  47790.0 
47577.2  47791.0 
47577.2  47792.0 
47577.2  47793.0 
47577.2  47794.0 
47577.2  47795.0 
47577.2  47796.0 
47577.2  47797.0 
47577.2  47798.0 
47577.2  47799.0 
47577.2  47800.0 
47577.2  47801.0 
47577.2  47802.0 
47577.2  47803.0 
47577.2  47804.0 
47577.2  47805.0 
47577.2  47806.0 
47577.2  47807.0 
47577.2  47808.0 
47577.2  47809.0 
47577.2  47810.0 
47577.2  47811.0 
47577.2  47812.0 
47577.2  47813.0 
47577.2  47814.0 
47577.2  47815.0 
47577.2  47816.0 
47577.2  47817.0 
47577.2  47818.0 
47577.2  47819.0 
47577.2  47820.0 
47577.2  47821.0 
47577.2  47822.0 
47577.2  47823.0 
47577.2  47824.0 
47577.2  47825.0 
47577.2  47826.0 
47577.2  47827.0 
47577.2  47828.0 
47577.2  47829.0 
47577.2  47830.0 
47577.2  47831.0 
47577.2  47832.0 
47577.2  47833.0 
47577.2  47834.0 
47577.2  47835.0 
47577.2  47836.0 
47577.2  47837.0 
47577.2  47838.0 
47577.2  47839.0 
47577.2  47840.0 
47577.2  47841.0 
47577.2  47842.0 
47577.2  47843.0 
47577.2  47844.0 
47577.2  47845.0 
47577.2  47846.0 
47577.2  47847.0 
47577.2  47848.0 
47577.2  47849.0 
47577.2  47850.0 
47577.2  47851.0 
47577.2  47852.0 
47577.2  47853.0 
47577.2  47854.0 
47577.2  47855.0 
47577.2  47856.0 
47577.2  47857.0 
47577.2  47858.0 
47577.2  47859.0 
47577.2  47860.0 
47577.2  47861.0 
47577.2  47862.0 
47577.2  47863.0 
47577.2  47864.0 
47577.2  47865.0 
47577.2  47866.0 
47577.2  47867.0 
47577.2  47868.0 
47577.2  47869.0 
47577.2  47870.0 
47577.2  47871.0 
47577.2  47872.0 
47577.2  47873.0 
47577.2  47874.0 
47577.2  47875.0 
47577.2  47876.0 
47577.2  47877.0 
47577.2  47878.0 
47577.2  47879.0 
47577.2  47880.0 
47577.2  47881.0 
47577.2  47882.0 
47577.2  47883.0 
47577.2  47884.0 
47577.2  47885.0 
47577.2  47886.0 
47577.2  47887.0 
47577.2  47888.0 
47577.2  47889.0 
47577.2  47890.0 
47577.2  47891.0 
47577.2  47892.0 
47577.2  47893.0 
47577.2  47894.0 
47577.2  47895.0 
47577.2  47896.0 
47577.2  47897.0 
47577.2  47898.0 
47577.2  47899.0 
47577.2  47900.0 
47577.2  47901.0 
47577.2  47902.0 
47577.2  47903.0 
47577.2  47904.0 
47577.2  47905.0 
47577.2  47906.0 
47577.2  47907.0 
47577.2  47908.0 
47577.2  47909.0 
47577.2  47910.0 
47577.2  47911.0 
47577.2  47912.0 
47577.2  47913.0 
47577.2  47914.0 
47577.2  47915.1 
47577.2  47916.0 
47577.2  47917.0 
47577.2  47918.0 
47577.2  47919.0 
47577.2  47920.0 
47577.2  47921.0 
47577.2  47922.0 
47577.2  47923.0 
47577.2  47924.0 
47577.2  47925.0 
47577.2  47926.0 
47577.2  47927.0 
47577.2  47928.0 
47577.2  47929.0 
47577.2  47930.58 
47577.2  47931.58 
47577.2  47932.0 
47577.2  47933.0 
47577.2  47934.0 
47577.2  47935.0 
47577.2  47936.0 
47577.2  47937.0 
47577.2  47938.0 
47577.2  47939.0 
47577.2  47940.0 
47577.2  47941.0 
47577.2  47942.0 
47577.2  47943.0 
47577.2  47944.0 
47577.3  47945.0 
47577.3  47946.0 
47577.3  47947.0 
47577.3  47948.0 
47577.3  47949.0 
47577.3  47950.0 
47577.3  47951.0 
47577.3  47952.0 
47577.3  47953.2 
47577.3  47954.0 
47577.3  47955.0 
47577.3  47956.0 
47577.3  47957.0 
47577.3  47958.0 
47577.3  47959.0 
47577.4  47960.0 
47577.4  47961.0 
47577.4  47962.0 
47577.4  47963.0 
47577.4  35202.1 
47577.5  47964.0 
47577.5  47965.0 
47577.5  47966.0 
47577.5  47967.0 
47577.5  47968.0 
47577.5  47969.1 
47577.5  47970.0 
47577.5  47971.116 
47577.5  47972.116 
47577.5  47973.0 
47577.5  47974.0 
47577.6  47975.0 
47577.6  47976.0 
47577.6  47977.0 
47577.6  47978.0 
47577.6  47979.0 
47577.6  47980.0 
47577.6  47981.0 
47577.6  47982.0 
47577.6  47983.0 
47577.6  47984.3 
47577.6  47985.0 
47577.6  47986.0 
47577.6  47987.0 
47577.6  47988.0 
47577.6  47989.0 
47577.6  47990.0 
47577.6  47991.0 
47577.6  47992.0 
47577.6  47993.56 
47577.6  47994.0 
47577.6  47995.0 
47577.7  47996.0 
47577.7  47997.0 
47577.7  47998.134 
47577.7  47999.0 
47577.7  48000.0 
47577.7  48001.1 
47577.7  48002.0 
47577.7  48003.0 
47577.7  48004.0 
47577.7  48005.0 
47577.7  48006.0 
47577.8  48007.0 
47577.8  48008.0 
47577.8  48009.0 
47577.8  48010.0 
47577.8  48011.0 
47577.9  48012.0 
47577.9  48013.0 
47577.9  48014.0 
47577.9  47953.5 
47577.10  48015.0 
47578.1  48017.0 
47578.1  47583.0 
47578.1  48018.0 
47578.1  47588.0 
47578.1  47604.0 
47578.1  47624.0 
47578.1  47744.0 
47578.1  47629.0 
47578.1  48019.1 
47578.1  48020.1 
47578.1  48021.1 
47579.0  46648.0 
47580.0  46649.0 
47581.0  46650.0 
47582.0  46651.0 
47583.0  46652.0 
47584.0  46653.0 
47585.0  46654.0 
47586.0  46655.0 
47587.0  46656.0 
47588.0  46657.0 
47589.0  46658.0 
47590.0  46659.0 
47591.0  46660.0 
47592.0  46661.0 
47593.0  46662.0 
47594.0  46663.0 
47595.0  46664.0 
47596.0  46665.0 
47597.0  46666.0 
47598.0  46667.0 
47599.0  46668.0 
47600.0  46669.0 
47601.0  46670.0 
47602.0  46671.0 
47603.0  46672.0 
47604.0  46673.0 
47605.0  46674.0 
47606.0  46675.0 
47607.0  46676.0 
47608.0  46677.0 
47609.0  46678.0 
47610.0  46679.0 
47611.0  46680.0 
47612.0  46681.0 
47613.0  46682.0 
47614.0  46683.0 
47615.0  46684.0 
47616.0  46685.0 
47617.0  46686.0 
47618.0  46687.0 
47619.0  46688.0 
47620.0  46689.0 
47621.0  46690.0 
47622.0  46691.0 
47623.0  46692.0 
47624.0  46693.0 
47625.0  46694.0 
47626.0  46695.0 
47627.0  46696.0 
47628.0  46697.0 
47629.0  46698.0 
47630.0  46699.0 
47631.0  46700.0 
47632.0  46701.0 
47633.0  46702.0 
47634.0  46703.0 
47635.0  46704.0 
47636.0  46705.0 
47637.0  46706.0 
47638.0  46707.0 
47639.0  46708.0 
47640.0  46709.0 
47641.0  46710.0 
47642.0  46711.0 
47643.0  46712.0 
47644.0  46713.0 
47645.0  46714.0 
47646.0  46715.0 
47647.0  46716.0 
47648.0  46717.0 
47649.0  46718.0 
47650.0  46719.0 
47651.0  46720.0 
47652.0  46721.0 
47653.0  46722.0 
47654.0  46723.0 
47655.0  46724.0 
47656.0  46725.0 
47657.0  46726.0 
47658.0  46727.0 
47659.0  46728.0 
47660.0  46729.0 
47661.0  46730.0 
47662.0  46731.0 
47663.0  46732.0 
47664.0  46733.0 
47665.0  46734.0 
47666.0  46735.0 
47667.0  46736.0 
47668.0  46737.0 
47669.0  46738.0 
47670.0  46739.0 
47671.0  46740.0 
47672.0  46741.0 
47673.0  46742.0 
47674.0  46743.0 
47675.0  46744.0 
47676.0  46745.0 
47677.0  46746.0 
47678.0  46747.0 
47679.0  46748.0 
47680.0  46749.0 
47681.0  46750.0 
47682.0  46751.0 
47683.0  46752.0 
47684.0  46753.0 
47685.0  46754.0 
47686.0  46755.0 
47687.0  46756.0 
47688.0  46757.0 
47689.0  46758.0 
47690.0  46759.0 
47691.0  46760.0 
47692.0  46761.0 
47693.0  46762.0 
47694.0  46763.0 
47695.0  46764.0 
47696.0  46765.0 
47697.0  46766.0 
47698.0  46767.0 
47699.0  46768.0 
47700.0  46769.0 
47701.0  46770.0 
47702.0  46771.0 
47703.0  46772.0 
47704.0  46773.0 
47705.0  46774.0 
47706.0  46775.0 
47707.0  46776.0 
47708.0  46777.0 
47709.0  46778.0 
47710.0  46779.0 
47711.0  46780.0 
47712.0  46781.0 
47713.0  46782.0 
47714.0  46783.0 
47715.0  46784.0 
47716.0  46785.0 
47717.0  46786.0 
47718.0  46787.0 
47719.0  46788.0 
47720.0  46789.0 
47721.0  46790.0 
47722.0  46791.0 
47723.0  46792.0 
47724.0  46793.0 
47725.0  46794.0 
47726.0  46795.0 
47727.0  46796.0 
47728.0  46797.0 
47729.0  46798.0 
47730.0  46799.0 
47731.0  46800.0 
47732.0  46801.0 
47733.0  46802.0 
47734.0  46803.0 
47735.0  46804.0 
47736.0  46805.0 
47737.0  46806.0 
47738.0  46807.0 
47739.0  46808.0 
47740.0  46809.0 
47741.0  46810.0 
47742.0  46811.0 
47743.0  46812.0 
47744.0  46813.0 
47745.0  46814.0 
47746.0  46815.0 
47747.0  46816.0 
47748.1  48022.13 
47749.0  46818.0 
47750.0  46819.0 
47751.0  46820.0 
47752.0  46821.0 
47753.0  46822.0 
47754.0  46823.0 
47755.0  46824.0 
47756.0  46825.0 
47757.0  46826.0 
47758.0  46827.0 
47759.0  46828.0 
47760.0  46829.0 
47761.0  46830.0 
47762.0  46831.0 
47763.0  46832.0 
47764.0  46833.0 
47765.0  46834.0 
47766.0  46835.0 
47767.0  46836.0 
47768.0  46837.0 
47769.0  46838.0 
47770.0  46839.0 
47771.0  46840.0 
47772.0  46841.0 
47773.0  46842.0 
47774.0  46843.0 
47775.0  46844.0 
47776.0  46845.0 
47777.0  46846.0 
47778.0  46847.0 
47779.0  46848.0 
47780.0  46849.0 
47781.0  46850.0 
47782.0  46851.0 
47783.0  46852.0 
47784.0  46853.0 
47785.0  46854.0 
47786.0  46855.0 
47787.0  46856.0 
47788.0  46857.0 
47789.0  46858.0 
47790.0  46859.0 
47791.0  46860.0 
47792.0  46861.0 
47793.0  46862.0 
47794.0  46863.0 
47795.0  46864.0 
47796.0  46865.0 
47797.0  46866.0 
47798.0  46867.0 
47800.0  46869.0 
47801.0  46870.0 
47802.0  46871.0 
47803.0  46872.0 
47804.0  46873.0 
47805.0  46874.0 
47806.0  46875.0 
47807.0  46876.0 
47808.0  46877.0 
47809.0  46878.0 
47810.0  46879.0 
47811.0  46880.0 
47812.0  46881.0 
47813.0  46882.0 
47814.0  46883.0 
47815.0  46884.0 
47816.0  46885.0 
47817.0  46886.0 
47818.0  46887.0 
47819.0  46888.0 
47820.0  46889.0 
47821.0  46890.0 
47822.0  46891.0 
47823.0  46892.0 
47824.0  46893.0 
47825.0  46894.0 
47826.0  46895.0 
47827.0  46896.0 
47828.0  46897.0 
47829.0  46898.0 
47830.0  46899.0 
47831.0  46900.0 
47832.0  46901.0 
47833.0  46902.0 
47834.0  46903.0 
47835.0  46904.0 
47836.0  46905.0 
47837.0  46906.0 
47838.0  46907.0 
47839.0  46908.0 
47840.0  46909.0 
47841.0  46910.0 
47842.0  46911.0 
47843.0  46912.0 
47844.0  46913.0 
47845.0  46914.0 
47846.0  46915.0 
47847.0  46916.0 
47848.0  46917.0 
47849.0  46918.0 
47850.0  46919.0 
47851.0  46920.0 
47852.0  46921.0 
47853.0  46922.0 
47854.0  46923.0 
47855.0  46924.0 
47856.0  46925.0 
47857.0  46926.0 
47858.0  46927.0 
47859.0  46928.0 
47860.0  46929.0 
47861.0  46930.0 
47862.0  46931.0 
47863.0  46932.0 
47864.0  46933.0 
47865.0  46934.0 
47866.0  46935.0 
47867.0  46936.0 
47868.0  46937.0 
47869.0  46938.0 
47870.0  46939.0 
47871.0  46940.0 
47872.0  46941.0 
47873.0  46942.0 
47874.0  46943.0 
47875.0  46944.0 
47876.0  46945.0 
47877.0  46946.0 
47878.0  46947.0 
47879.0  46948.0 
47880.0  46949.0 
47881.0  46950.0 
47882.0  46951.0 
47883.0  46952.0 
47884.0  46953.0 
47885.0  46954.0 
47886.0  46955.0 
47887.0  46956.0 
47888.0  46957.0 
47889.0  46958.0 
47890.0  46959.0 
47891.0  46960.0 
47892.0  46961.0 
47893.0  46962.0 
47894.0  46963.0 
47895.0  46964.0 
47896.0  46965.0 
47897.0  46966.0 
47898.0  46967.0 
47899.0  46968.0 
47900.0  46969.0 
47901.0  46970.0 
47902.0  46971.0 
47903.0  46972.0 
47904.0  46973.0 
47905.0  46974.0 
47906.0  46975.0 
47907.0  46976.0 
47908.0  46977.0 
47909.0  46978.0 
47910.0  46979.0 
47911.0  46980.0 
47912.0  46981.0 
47913.0  46982.0 
47914.0  46983.0 
47915.1  48022.11 
47916.0  46985.0 
47917.0  46986.0 
47918.0  46987.0 
47919.0  46988.0 
47920.0  46989.0 
47921.0  46990.0 
47922.0  46991.0 
47923.0  46992.0 
47924.0  46993.0 
47925.0  46994.0 
47926.0  46995.0 
47927.0  46996.0 
47928.0  46997.0 
47929.0  46998.0 
47930.56  48023.13 
47930.56  46999.56 
47930.57  48024.12 
47930.58  48022.12 
47931.56  48023.13 
47931.56  47000.56 
47931.57  48024.12 
47931.58  48022.12 
47932.0  47001.0 
47933.0  47002.0 
47934.0  47003.0 
47935.0  47004.0 
47936.0  47005.0 
47937.0  47006.0 
47938.0  47007.0 
47939.0  47008.0 
47940.0  47009.0 
47941.0  47010.0 
47942.0  47011.0 
47943.0  47012.0 
47944.0  47013.0 
47945.0  47014.0 
47946.0  47015.0 
47947.0  47016.0 
47948.0  47017.0 
47949.0  47018.0 
47950.0  47019.0 
47951.0  47020.0 
47952.0  47021.0 
47953.1  47577.1 
47953.2  47577.2 
47953.3  47577.3 
47953.4  47577.4 
47953.5  47577.8 
47953.6  47577.9 
47954.0  47023.0 
47955.0  47024.0 
47956.0  47025.0 
47957.0  47026.0 
47958.0  47027.0 
47959.0  47028.0 
47960.0  47029.0 
47961.0  47030.0 
47962.0  47031.0 
47963.0  47032.0 
47964.0  47033.0 
47965.0  47034.0 
47966.0  47035.0 
47967.0  47036.0 
47968.0  47037.0 
47969.1  48022.13 
47970.0  47039.0 
47971.112  48023.14 
47971.112  47040.112 
47971.113  48024.5 
47971.114  48024.13 
47971.115  48022.5 
47971.116  48022.13 
47971.117  47577.5 
47972.112  48023.14 
47972.112  47041.112 
47972.113  48024.7 
47972.114  48024.13 
47972.115  48022.7 
47972.116  48022.13 
47972.117  47577.7 
47973.0  47042.0 
47974.0  47043.0 
47975.0  47044.0 
47976.0  47045.0 
47977.0  47046.0 
47978.0  47047.0 
47979.0  47048.0 
47980.0  47049.0 
47981.0  47050.0 
47982.0  47051.0 
47983.0  47052.0 
47984.1  48025.1 
47984.2  48026.1 
47984.3  48027.1 
47985.0  47054.0 
47986.0  47055.0 
47987.0  47056.0 
47988.0  47057.0 
47989.0  47058.0 
47990.0  47059.0 
47991.0  47060.0 
47992.0  47061.0 
47993.54  47062.54 
47993.55  48024.6 
47993.56  48022.6 
47993.57  47577.6 
47994.0  47063.0 
47995.0  47064.0 
47996.0  47065.0 
47997.0  47066.0 
47998.129  48023.11 
47998.130  48023.13 
47998.130  47067.130 
47998.131  48024.10 
47998.132  48024.12 
47998.133  48022.10 
47998.134  48022.12 
47999.0  47068.0 
48001.1  48028.1 
48002.0  47071.0 
48003.0  47072.0 
48005.0  47074.0 
48006.0  47075.0 
48007.0  47076.0 
48008.0  47077.0 
48009.0  47078.0 
48010.0  47079.0 
48011.0  47080.0 
48012.0  47081.0 
48013.0  47082.0 
48014.0  47083.0 
48015.0  47085.0 
48016.1  48030.0 
48016.1  47583.0 
48016.1  48018.0 
48016.1  47588.0 
48016.1  47604.0 
48016.1  47624.0 
48016.1  47744.0 
48016.1  47629.0 
48016.1  48031.1 
48016.1  48032.1 
48016.1  48033.1 
48016.1  48034.1 
48016.1  48035.1 
48017.0  47087.0 
48018.0  47088.0 
48019.1  48036.1 
48020.1  48037.1 
48021.1  48038.1 
48022.1  47579.0 
48022.1  47580.0 
48022.1  47581.0 
48022.1  47582.0 
48022.1  47583.0 
48022.1  47584.0 
48022.1  47585.0 
48022.1  47586.0 
48022.1  47587.0 
48022.1  47588.0 
48022.1  47589.0 
48022.1  47590.0 
48022.1  47591.0 
48022.1  47592.0 
48022.1  47593.0 
48022.1  47594.0 
48022.1  47595.0 
48022.1  47596.0 
48022.1  47597.0 
48022.1  47598.0 
48022.1  47599.0 
48022.1  47600.0 
48022.1  47601.0 
48022.1  47602.0 
48022.1  47603.0 
48022.1  47604.0 
48022.1  47605.0 
48022.1  47606.0 
48022.1  47607.0 
48022.1  47608.0 
48022.1  47609.0 
48022.1  47610.0 
48022.1  47611.0 
48022.1  47612.0 
48022.1  47613.0 
48022.1  47614.0 
48022.1  47615.0 
48022.1  47616.0 
48022.1  47617.0 
48022.1  47618.0 
48022.1  47619.0 
48022.1  47620.0 
48022.1  47621.0 
48022.1  47622.0 
48022.1  47623.0 
48022.1  47624.0 
48022.1  47625.0 
48022.1  47626.0 
48022.1  47627.0 
48022.1  47628.0 
48022.1  47629.0 
48022.1  47630.0 
48022.1  47631.0 
48022.1  47632.0 
48022.1  47633.0 
48022.1  47634.0 
48022.1  47635.0 
48022.1  47636.0 
48022.1  47637.0 
48022.1  47638.0 
48022.1  47639.0 
48022.1  47640.0 
48022.1  47641.0 
48022.1  47642.0 
48022.1  47643.0 
48022.1  47644.0 
48022.1  47645.0 
48022.1  47646.0 
48022.1  47647.0 
48022.1  47648.0 
48022.1  47649.0 
48022.1  47650.0 
48022.1  47651.0 
48022.1  47652.0 
48022.1  47653.0 
48022.1  47654.0 
48022.1  47655.0 
48022.1  47656.0 
48022.1  47657.0 
48022.1  47658.0 
48022.1  47659.0 
48022.1  47660.0 
48022.1  47661.0 
48022.1  47662.0 
48022.1  47663.0 
48022.1  47664.0 
48022.1  47665.0 
48022.1  47666.0 
48022.1  47667.0 
48022.1  47668.0 
48022.1  47669.0 
48022.1  47670.0 
48022.1  47671.0 
48022.1  47672.0 
48022.1  47673.0 
48022.1  47674.0 
48022.1  47675.0 
48022.1  47676.0 
48022.1  47677.0 
48022.1  47678.0 
48022.1  47679.0 
48022.1  47680.0 
48022.1  47681.0 
48022.1  47682.0 
48022.1  47683.0 
48022.1  47684.0 
48022.1  47685.0 
48022.1  47686.0 
48022.1  47687.0 
48022.1  47688.0 
48022.1  47689.0 
48022.1  47690.0 
48022.1  47691.0 
48022.1  47692.0 
48022.1  47693.0 
48022.1  47694.0 
48022.1  47695.0 
48022.1  47696.0 
48022.1  47697.0 
48022.1  47698.0 
48022.1  47699.0 
48022.1  47700.0 
48022.1  47701.0 
48022.1  47702.0 
48022.1  47703.0 
48022.1  47704.0 
48022.1  47705.0 
48022.1  47706.0 
48022.1  47707.0 
48022.1  47708.0 
48022.1  47709.0 
48022.1  47710.0 
48022.1  47711.0 
48022.1  47712.0 
48022.1  47713.0 
48022.1  47714.0 
48022.1  47715.0 
48022.1  47716.0 
48022.1  47717.0 
48022.1  47718.0 
48022.1  47719.0 
48022.1  47720.0 
48022.1  47721.0 
48022.1  47722.0 
48022.1  47723.0 
48022.1  47724.0 
48022.1  47725.0 
48022.1  47726.0 
48022.1  47727.0 
48022.1  47728.0 
48022.1  47729.0 
48022.1  47730.0 
48022.1  47731.0 
48022.1  47732.0 
48022.1  47733.0 
48022.1  47734.0 
48022.1  47735.0 
48022.1  47736.0 
48022.1  47737.0 
48022.1  47738.0 
48022.1  47739.0 
48022.1  47740.0 
48022.1  47741.0 
48022.1  47742.0 
48022.1  47743.0 
48022.1  47744.0 
48022.1  47745.0 
48022.1  47746.0 
48022.1  47747.0 
48022.1  48040.1 
48022.1  47749.0 
48022.1  47750.0 
48022.1  47751.0 
48022.1  47752.0 
48022.1  47753.0 
48022.1  47754.0 
48022.2  47755.0 
48022.2  47756.0 
48022.2  47757.0 
48022.2  47758.0 
48022.2  47759.0 
48022.2  47760.0 
48022.2  47761.0 
48022.2  47762.0 
48022.2  47763.0 
48022.2  47764.0 
48022.2  47765.0 
48022.2  47766.0 
48022.2  47767.0 
48022.2  47768.0 
48022.2  47769.0 
48022.2  47770.0 
48022.2  47771.0 
48022.2  47772.0 
48022.2  47773.0 
48022.2  47774.0 
48022.2  47775.0 
48022.2  47776.0 
48022.2  47777.0 
48022.2  47778.0 
48022.2  47779.0 
48022.2  47780.0 
48022.2  47781.0 
48022.2  47782.0 
48022.2  47783.0 
48022.2  47784.0 
48022.2  47785.0 
48022.2  47786.0 
48022.2  47787.0 
48022.2  47788.0 
48022.2  47789.0 
48022.2  47790.0 
48022.2  47791.0 
48022.2  47792.0 
48022.2  47793.0 
48022.2  47794.0 
48022.2  47795.0 
48022.2  47796.0 
48022.2  47797.0 
48022.2  47798.0 
48022.2  48041.0 
48022.2  47800.0 
48022.2  47801.0 
48022.2  47802.0 
48022.2  47803.0 
48022.2  47804.0 
48022.2  47805.0 
48022.2  47806.0 
48022.2  47807.0 
48022.2  47808.0 
48022.2  47809.0 
48022.2  47810.0 
48022.2  47811.0 
48022.2  47812.0 
48022.2  47813.0 
48022.2  47814.0 
48022.2  47815.0 
48022.2  47816.0 
48022.2  47817.0 
48022.2  47818.0 
48022.2  47819.0 
48022.2  47820.0 
48022.2  47821.0 
48022.2  47822.0 
48022.2  47823.0 
48022.2  47824.0 
48022.2  47825.0 
48022.2  47826.0 
48022.2  47827.0 
48022.2  47828.0 
48022.2  47829.0 
48022.2  47830.0 
48022.2  47831.0 
48022.2  47832.0 
48022.2  47833.0 
48022.2  47834.0 
48022.2  47835.0 
48022.2  47836.0 
48022.2  47837.0 
48022.2  47838.0 
48022.2  47839.0 
48022.2  47840.0 
48022.2  47841.0 
48022.2  47842.0 
48022.2  47843.0 
48022.2  47844.0 
48022.2  47845.0 
48022.2  47846.0 
48022.2  47847.0 
48022.2  47848.0 
48022.2  47849.0 
48022.2  47850.0 
48022.2  47851.0 
48022.2  47852.0 
48022.2  47853.0 
48022.2  47854.0 
48022.2  47855.0 
48022.2  47856.0 
48022.2  47857.0 
48022.2  47858.0 
48022.2  47859.0 
48022.2  47860.0 
48022.2  47861.0 
48022.2  47862.0 
48022.2  47863.0 
48022.2  47864.0 
48022.2  47865.0 
48022.2  47866.0 
48022.2  47867.0 
48022.2  47868.0 
48022.2  47869.0 
48022.2  47870.0 
48022.2  47871.0 
48022.2  47872.0 
48022.2  47873.0 
48022.2  47874.0 
48022.2  47875.0 
48022.2  47876.0 
48022.2  47877.0 
48022.2  47878.0 
48022.2  47879.0 
48022.2  47880.0 
48022.2  47881.0 
48022.2  47882.0 
48022.2  47883.0 
48022.2  47884.0 
48022.2  47885.0 
48022.2  47886.0 
48022.2  47887.0 
48022.2  47888.0 
48022.2  47889.0 
48022.2  47890.0 
48022.2  47891.0 
48022.2  47892.0 
48022.2  47893.0 
48022.2  47894.0 
48022.2  47895.0 
48022.2  47896.0 
48022.2  47897.0 
48022.2  47898.0 
48022.2  47899.0 
48022.2  47900.0 
48022.2  47901.0 
48022.2  47902.0 
48022.2  47903.0 
48022.2  47904.0 
48022.2  47905.0 
48022.2  47906.0 
48022.2  47907.0 
48022.2  47908.0 
48022.2  47909.0 
48022.2  47910.0 
48022.2  47911.0 
48022.2  47912.0 
48022.2  47913.0 
48022.2  47914.0 
48022.2  48042.1 
48022.2  47916.0 
48022.2  47917.0 
48022.2  47918.0 
48022.2  47919.0 
48022.2  47920.0 
48022.2  47921.0 
48022.2  47922.0 
48022.2  47923.0 
48022.2  47924.0 
48022.2  47925.0 
48022.2  47926.0 
48022.2  47927.0 
48022.2  47928.0 
48022.2  47929.0 
48022.2  47930.57 
48022.2  47931.57 
48022.2  47932.0 
48022.2  47933.0 
48022.2  47934.0 
48022.2  47935.0 
48022.2  47936.0 
48022.2  47937.0 
48022.2  47938.0 
48022.2  47939.0 
48022.2  47940.0 
48022.2  47941.0 
48022.2  47942.0 
48022.2  47943.0 
48022.2  47944.0 
48022.3  47945.0 
48022.3  47946.0 
48022.3  47947.0 
48022.3  47948.0 
48022.3  47949.0 
48022.3  47950.0 
48022.3  47951.0 
48022.3  47952.0 
48022.3  48043.2 
48022.3  47954.0 
48022.3  47955.0 
48022.3  47956.0 
48022.3  47957.0 
48022.3  47958.0 
48022.3  47959.0 
48022.4  47960.0 
48022.4  47961.0 
48022.4  47962.0 
48022.4  47963.0 
48022.4  34258.1 
48022.5  47964.0 
48022.5  47965.0 
48022.5  47966.0 
48022.5  47967.0 
48022.5  47968.0 
48022.5  48044.1 
48022.5  47970.0 
48022.5  47971.114 
48022.5  47972.114 
48022.5  47973.0 
48022.5  47974.0 
48022.6  47975.0 
48022.6  47976.0 
48022.6  47977.0 
48022.6  47978.0 
48022.6  47979.0 
48022.6  47980.0 
48022.6  47981.0 
48022.6  47982.0 
48022.6  47983.0 
48022.6  48045.3 
48022.6  47985.0 
48022.6  47986.0 
48022.6  47987.0 
48022.6  47988.0 
48022.6  47989.0 
48022.6  47990.0 
48022.6  47991.0 
48022.6  47992.0 
48022.6  47993.55 
48022.6  47994.0 
48022.6  47995.0 
48022.7  47996.0 
48022.7  47997.0 
48022.7  47998.132 
48022.7  47999.0 
48022.7  48046.0 
48022.7  48047.1 
48022.7  48002.0 
48022.7  48003.0 
48022.7  48048.0 
48022.7  48005.0 
48022.7  48006.0 
48022.8  48007.0 
48022.8  48008.0 
48022.8  48009.0 
48022.8  48010.0 
48022.8  48011.0 
48022.9  48012.0 
48022.9  48013.0 
48022.9  48014.0 
48022.9  48043.5 
48022.10  48049.0 
48022.11  48050.0 
48022.12  47998.133 
48022.13  48051.1 
48023.12  48050.0 
48023.13  47067.129 
48023.14  48052.1 
48023.14  46646.14 
48024.1  47579.0 
48024.1  47580.0 
48024.1  47581.0 
48024.1  47582.0 
48024.1  47583.0 
48024.1  47584.0 
48024.1  47585.0 
48024.1  47586.0 
48024.1  47587.0 
48024.1  47588.0 
48024.1  47589.0 
48024.1  47590.0 
48024.1  47591.0 
48024.1  47592.0 
48024.1  47593.0 
48024.1  47594.0 
48024.1  47595.0 
48024.1  47596.0 
48024.1  47597.0 
48024.1  47598.0 
48024.1  47599.0 
48024.1  47600.0 
48024.1  47601.0 
48024.1  47602.0 
48024.1  47603.0 
48024.1  47604.0 
48024.1  47605.0 
48024.1  47606.0 
48024.1  47607.0 
48024.1  47608.0 
48024.1  47609.0 
48024.1  47610.0 
48024.1  47611.0 
48024.1  47612.0 
48024.1  47613.0 
48024.1  47614.0 
48024.1  47615.0 
48024.1  47616.0 
48024.1  47617.0 
48024.1  47618.0 
48024.1  47619.0 
48024.1  47620.0 
48024.1  47621.0 
48024.1  47622.0 
48024.1  47623.0 
48024.1  47624.0 
48024.1  47625.0 
48024.1  47626.0 
48024.1  47627.0 
48024.1  47628.0 
48024.1  47629.0 
48024.1  47630.0 
48024.1  47631.0 
48024.1  47632.0 
48024.1  47633.0 
48024.1  47634.0 
48024.1  47635.0 
48024.1  47636.0 
48024.1  47637.0 
48024.1  47638.0 
48024.1  47639.0 
48024.1  47640.0 
48024.1  47641.0 
48024.1  47642.0 
48024.1  47643.0 
48024.1  47644.0 
48024.1  47645.0 
48024.1  47646.0 
48024.1  47647.0 
48024.1  47648.0 
48024.1  47649.0 
48024.1  47650.0 
48024.1  47651.0 
48024.1  47652.0 
48024.1  47653.0 
48024.1  47654.0 
48024.1  47655.0 
48024.1  47656.0 
48024.1  47657.0 
48024.1  47658.0 
48024.1  47659.0 
48024.1  47660.0 
48024.1  47661.0 
48024.1  47662.0 
48024.1  47663.0 
48024.1  47664.0 
48024.1  47665.0 
48024.1  47666.0 
48024.1  47667.0 
48024.1  47668.0 
48024.1  47669.0 
48024.1  47670.0 
48024.1  47671.0 
48024.1  47672.0 
48024.1  47673.0 
48024.1  47674.0 
48024.1  47675.0 
48024.1  47676.0 
48024.1  47677.0 
48024.1  47678.0 
48024.1  47679.0 
48024.1  47680.0 
48024.1  47681.0 
48024.1  47682.0 
48024.1  47683.0 
48024.1  47684.0 
48024.1  47685.0 
48024.1  47686.0 
48024.1  47687.0 
48024.1  47688.0 
48024.1  47689.0 
48024.1  47690.0 
48024.1  47691.0 
48024.1  47692.0 
48024.1  47693.0 
48024.1  47694.0 
48024.1  47695.0 
48024.1  47696.0 
48024.1  47697.0 
48024.1  47698.0 
48024.1  47699.0 
48024.1  47700.0 
48024.1  47701.0 
48024.1  47702.0 
48024.1  47703.0 
48024.1  47704.0 
48024.1  47705.0 
48024.1  47706.0 
48024.1  47707.0 
48024.1  47708.0 
48024.1  47709.0 
48024.1  47710.0 
48024.1  47711.0 
48024.1  47712.0 
48024.1  47713.0 
48024.1  47714.0 
48024.1  47715.0 
48024.1  47716.0 
48024.1  47717.0 
48024.1  47718.0 
48024.1  47719.0 
48024.1  47720.0 
48024.1  47721.0 
48024.1  47722.0 
48024.1  47723.0 
48024.1  47724.0 
48024.1  47725.0 
48024.1  47726.0 
48024.1  47727.0 
48024.1  47728.0 
48024.1  47729.0 
48024.1  47730.0 
48024.1  47731.0 
48024.1  47732.0 
48024.1  47733.0 
48024.1  47734.0 
48024.1  47735.0 
48024.1  47736.0 
48024.1  47737.0 
48024.1  47738.0 
48024.1  47739.0 
48024.1  47740.0 
48024.1  47741.0 
48024.1  47742.0 
48024.1  47743.0 
48024.1  47744.0 
48024.1  47745.0 
48024.1  47746.0 
48024.1  47747.0 
48024.1  48054.1 
48024.1  47749.0 
48024.1  47750.0 
48024.1  47751.0 
48024.1  47752.0 
48024.1  47753.0 
48024.1  47754.0 
48024.2  47755.0 
48024.2  47756.0 
48024.2  47757.0 
48024.2  47758.0 
48024.2  47759.0 
48024.2  47760.0 
48024.2  47761.0 
48024.2  47762.0 
48024.2  47763.0 
48024.2  47764.0 
48024.2  47765.0 
48024.2  47766.0 
48024.2  47767.0 
48024.2  47768.0 
48024.2  47769.0 
48024.2  47770.0 
48024.2  47771.0 
48024.2  47772.0 
48024.2  47773.0 
48024.2  47774.0 
48024.2  47775.0 
48024.2  47776.0 
48024.2  47777.0 
48024.2  47778.0 
48024.2  47779.0 
48024.2  47780.0 
48024.2  47781.0 
48024.2  47782.0 
48024.2  47783.0 
48024.2  47784.0 
48024.2  47785.0 
48024.2  47786.0 
48024.2  47787.0 
48024.2  47788.0 
48024.2  47789.0 
48024.2  47790.0 
48024.2  47791.0 
48024.2  47792.0 
48024.2  47793.0 
48024.2  47794.0 
48024.2  47795.0 
48024.2  47796.0 
48024.2  47797.0 
48024.2  47798.0 
48024.2  48055.0 
48024.2  47800.0 
48024.2  47801.0 
48024.2  47802.0 
48024.2  47803.0 
48024.2  47804.0 
48024.2  47805.0 
48024.2  47806.0 
48024.2  47807.0 
48024.2  47808.0 
48024.2  47809.0 
48024.2  47810.0 
48024.2  47811.0 
48024.2  47812.0 
48024.2  47813.0 
48024.2  47814.0 
48024.2  47815.0 
48024.2  47816.0 
48024.2  47817.0 
48024.2  47818.0 
48024.2  47819.0 
48024.2  47820.0 
48024.2  47821.0 
48024.2  47822.0 
48024.2  47823.0 
48024.2  47824.0 
48024.2  47825.0 
48024.2  47826.0 
48024.2  47827.0 
48024.2  47828.0 
48024.2  47829.0 
48024.2  47830.0 
48024.2  47831.0 
48024.2  47832.0 
48024.2  47833.0 
48024.2  47834.0 
48024.2  47835.0 
48024.2  47836.0 
48024.2  47837.0 
48024.2  47838.0 
48024.2  47839.0 
48024.2  47840.0 
48024.2  47841.0 
48024.2  47842.0 
48024.2  47843.0 
48024.2  47844.0 
48024.2  47845.0 
48024.2  47846.0 
48024.2  47847.0 
48024.2  47848.0 
48024.2  47849.0 
48024.2  47850.0 
48024.2  47851.0 
48024.2  47852.0 
48024.2  47853.0 
48024.2  47854.0 
48024.2  47855.0 
48024.2  47856.0 
48024.2  47857.0 
48024.2  47858.0 
48024.2  47859.0 
48024.2  47860.0 
48024.2  47861.0 
48024.2  47862.0 
48024.2  47863.0 
48024.2  47864.0 
48024.2  47865.0 
48024.2  47866.0 
48024.2  47867.0 
48024.2  47868.0 
48024.2  47869.0 
48024.2  47870.0 
48024.2  47871.0 
48024.2  47872.0 
48024.2  47873.0 
48024.2  47874.0 
48024.2  47875.0 
48024.2  47876.0 
48024.2  47877.0 
48024.2  47878.0 
48024.2  47879.0 
48024.2  47880.0 
48024.2  47881.0 
48024.2  47882.0 
48024.2  47883.0 
48024.2  47884.0 
48024.2  47885.0 
48024.2  47886.0 
48024.2  47887.0 
48024.2  47888.0 
48024.2  47889.0 
48024.2  47890.0 
48024.2  47891.0 
48024.2  47892.0 
48024.2  47893.0 
48024.2  47894.0 
48024.2  47895.0 
48024.2  47896.0 
48024.2  47897.0 
48024.2  47898.0 
48024.2  47899.0 
48024.2  47900.0 
48024.2  47901.0 
48024.2  47902.0 
48024.2  47903.0 
48024.2  47904.0 
48024.2  47905.0 
48024.2  47906.0 
48024.2  47907.0 
48024.2  47908.0 
48024.2  47909.0 
48024.2  47910.0 
48024.2  47911.0 
48024.2  47912.0 
48024.2  47913.0 
48024.2  47914.0 
48024.2  48056.1 
48024.2  47916.0 
48024.2  47917.0 
48024.2  47918.0 
48024.2  47919.0 
48024.2  47920.0 
48024.2  47921.0 
48024.2  47922.0 
48024.2  47923.0 
48024.2  47924.0 
48024.2  47925.0 
48024.2  47926.0 
48024.2  47927.0 
48024.2  47928.0 
48024.2  47929.0 
48024.2  47930.56 
48024.2  47931.56 
48024.2  47932.0 
48024.2  47933.0 
48024.2  47934.0 
48024.2  47935.0 
48024.2  47936.0 
48024.2  47937.0 
48024.2  47938.0 
48024.2  47939.0 
48024.2  47940.0 
48024.2  47941.0 
48024.2  47942.0 
48024.2  47943.0 
48024.2  47944.0 
48024.3  47945.0 
48024.3  47946.0 
48024.3  47947.0 
48024.3  47948.0 
48024.3  47949.0 
48024.3  47950.0 
48024.3  47951.0 
48024.3  47952.0 
48024.3  48057.2 
48024.3  47954.0 
48024.3  47955.0 
48024.3  47956.0 
48024.3  47957.0 
48024.3  47958.0 
48024.3  47959.0 
48024.4  47960.0 
48024.4  47961.0 
48024.4  47962.0 
48024.4  47963.0 
48024.4  33318.1 
48024.5  47964.0 
48024.5  47965.0 
48024.5  47966.0 
48024.5  47967.0 
48024.5  47968.0 
48024.5  48058.1 
48024.5  47970.0 
48024.5  47971.112 
48024.5  47972.112 
48024.5  47973.0 
48024.5  47974.0 
48024.6  47975.0 
48024.6  47976.0 
48024.6  47977.0 
48024.6  47978.0 
48024.6  47979.0 
48024.6  47980.0 
48024.6  47981.0 
48024.6  47982.0 
48024.6  47983.0 
48024.6  48059.3 
48024.6  47985.0 
48024.6  47986.0 
48024.6  47987.0 
48024.6  47988.0 
48024.6  47989.0 
48024.6  47990.0 
48024.6  47991.0 
48024.6  47992.0 
48024.6  47993.54 
48024.6  47994.0 
48024.6  47995.0 
48024.7  47996.0 
48024.7  47997.0 
48024.7  47998.130 
48024.7  47999.0 
48024.7  48060.0 
48024.7  48061.1 
48024.7  48002.0 
48024.7  48003.0 
48024.7  48062.0 
48024.7  48005.0 
48024.7  48006.0 
48024.8  48007.0 
48024.8  48008.0 
48024.8  48009.0 
48024.8  48010.0 
48024.8  48011.0 
48024.9  48012.0 
48024.9  48013.0 
48024.9  48014.0 
48024.9  48057.5 
48024.10  48049.0 
48024.11  48050.0 
48024.12  47998.131 
48024.13  48063.1 
48025.1  48065.0 
48025.1  47583.0 
48025.1  48066.0 
48025.1  48067.0 
48025.1  47604.0 
48025.1  48068.0 
48025.1  47786.0 
48025.1  48069.0 
48025.1  47588.0 
48025.1  47798.0 
48025.1  48070.0 
48025.1  47624.0 
48025.1  48071.2 
48026.1  48073.0 
48026.1  47583.0 
48026.1  48066.0 
48026.1  48067.0 
48026.1  47786.0 
48026.1  47604.0 
48026.1  48068.0 
48026.1  47588.0 
48026.1  48069.0 
48026.1  47798.0 
48026.1  48074.0 
48026.1  47624.0 
48026.1  47984.1 
48027.1  48075.0 
48027.1  47583.0 
48027.1  47604.0 
48027.1  47984.2 
48028.1  48077.0 
48028.1  47583.0 
48028.1  48078.0 
48028.1  47604.0 
48028.1  47624.0 
48028.1  47629.0 
48028.1  47623.0 
48028.1  48079.1 
48028.1  48079.2 
48028.1  48079.3 
48028.1  48079.4 
48028.1  48079.5 
48028.1  48079.6 
48028.1  48079.7 
48029.1  48080.0 
48029.1  47583.0 
48029.1  47604.0 
48030.0  47098.0 
48031.1  48081.1 
48032.1  48082.1 
48033.1  48083.1 
48034.1  48084.1 
48035.1  48085.1 
48036.1  48086.0 
48036.1  47583.0 
48036.1  47604.0 
48036.1  47624.0 
48037.1  48087.0 
48037.1  47583.0 
48037.1  47604.0 
48037.1  47624.0 
48038.1  48089.0 
48038.1  47583.0 
48038.1  47604.0 
48039.1  48017.0 
48039.1  47583.0 
48039.1  48018.0 
48039.1  47588.0 
48039.1  47604.0 
48039.1  47624.0 
48039.1  47744.0 
48039.1  47629.0 
48039.1  48091.1 
48039.1  48092.1 
48039.1  48093.1 
48040.1  48024.13 
48042.1  48024.11 
48043.1  48022.1 
48043.2  48022.2 
48043.3  48022.3 
48043.4  48022.4 
48043.5  48022.8 
48043.6  48022.9 
48043.7  48022.10 
48043.8  48022.13 
48044.1  48024.13 
48045.1  48094.1 
48045.2  48095.1 
48045.3  48096.1 
48047.1  48097.1 
48049.0  47084.0 
48050.0  45844.0 
48051.1  48022.10 
48052.1  48023.11 
48053.1  48017.0 
48053.1  47583.0 
48053.1  48018.0 
48053.1  47588.0 
48053.1  47604.0 
48053.1  47624.0 
48053.1  47744.0 
48053.1  47629.0 
48053.1  48099.1 
48053.1  48100.1 
48053.1  48101.1 
48054.1  48023.14 
48056.1  48023.12 
48057.1  48024.1 
48057.2  48024.2 
48057.3  48024.3 
48057.4  48024.4 
48057.5  48024.8 
48057.6  48024.9 
48057.7  48024.10 
48057.8  48024.13 
48058.1  48023.14 
48059.1  48102.1 
48059.2  48103.1 
48059.3  48104.1 
48061.1  48105.1 
48063.1  48024.10 
48064.1  47583.0 
48064.1  48018.0 
48064.1  47588.0 
48064.1  47604.0 
48064.1  47624.0 
48064.1  47744.0 
48064.1  47629.0 
48065.0  47109.0 
48066.0  47110.0 
48067.0  47111.0 
48068.0  47112.0 
48069.0  47113.0 
48071.1  48106.1 
48071.2  48107.1 
48072.1  48109.0 
48072.1  47583.0 
48072.1  48018.0 
48072.1  47588.0 
48072.1  47604.0 
48072.1  47624.0 
48072.1  47744.0 
48072.1  47629.0 
48072.1  47630.0 
48072.1  47631.0 
48072.1  47632.0 
48072.1  48110.1 
48072.1  48111.1 
48072.2  48112.1 
48072.3  48113.1 
48073.0  47117.0 
48075.0  47119.0 
48076.1  48114.0 
48076.1  47583.0 
48076.1  48018.0 
48076.1  47588.0 
48076.1  47604.0 
48076.1  47624.0 
48076.1  47744.0 
48076.1  47629.0 
48077.0  47121.0 
48078.0  47122.0 
48079.1  48115.1 
48079.2  48115.2 
48079.3  48115.3 
48079.4  48115.4 
48079.5  48115.5 
48079.6  48115.6 
48079.7  48115.7 
48080.0  47124.0 
48081.1  48087.0 
48081.1  47583.0 
48081.1  47604.0 
48081.1  47624.0 
48082.1  48086.0 
48082.1  47583.0 
48082.1  47604.0 
48082.1  47624.0 
48083.1  48116.0 
48083.1  47583.0 
48083.1  47604.0 
48083.1  47624.0 
48084.1  48116.0 
48084.1  47583.0 
48084.1  47604.0 
48084.1  47624.0 
48085.1  48116.0 
48085.1  47583.0 
48085.1  47604.0 
48085.1  47624.0 
48086.0  47130.0 
48087.0  47131.0 
48089.0  47133.0 
48090.1  48030.0 
48090.1  47583.0 
48090.1  48018.0 
48090.1  47588.0 
48090.1  47604.0 
48090.1  47624.0 
48090.1  47744.0 
48090.1  47629.0 
48090.1  48118.1 
48090.1  48119.1 
48090.1  48120.1 
48090.1  48121.1 
48090.1  48122.1 
48091.1  48123.1 
48092.1  48124.1 
48093.1  48125.1 
48094.1  48065.0 
48094.1  47583.0 
48094.1  48066.0 
48094.1  48067.0 
48094.1  47604.0 
48094.1  48068.0 
48094.1  47786.0 
48094.1  48069.0 
48094.1  47588.0 
48094.1  47798.0 
48094.1  48127.0 
48094.1  47624.0 
48094.1  48128.2 
48095.1  48073.0 
48095.1  47583.0 
48095.1  48066.0 
48095.1  48067.0 
48095.1  47786.0 
48095.1  47604.0 
48095.1  48068.0 
48095.1  47588.0 
48095.1  48069.0 
48095.1  47798.0 
48095.1  48130.0 
48095.1  47624.0 
48095.1  48045.1 
48096.1  48075.0 
48096.1  47583.0 
48096.1  47604.0 
48096.1  48045.2 
48097.1  48077.0 
48097.1  47583.0 
48097.1  48078.0 
48097.1  47604.0 
48097.1  47624.0 
48097.1  47629.0 
48097.1  47623.0 
48097.1  48132.1 
48097.1  48132.2 
48097.1  48132.3 
48097.1  48132.4 
48097.1  48132.5 
48097.1  48132.6 
48097.1  48132.7 
48098.1  48030.0 
48098.1  47583.0 
48098.1  48018.0 
48098.1  47588.0 
48098.1  47604.0 
48098.1  47624.0 
48098.1  47744.0 
48098.1  47629.0 
48098.1  48134.1 
48098.1  48135.1 
48098.1  48136.1 
48098.1  48137.1 
48098.1  48138.1 
48099.1  48139.1 
48100.1  48140.1 
48101.1  48141.1 
48102.1  48065.0 
48102.1  47583.0 
48102.1  48066.0 
48102.1  48067.0 
48102.1  47604.0 
48102.1  48068.0 
48102.1  47786.0 
48102.1  48069.0 
48102.1  47588.0 
48102.1  47798.0 
48102.1  48143.0 
48102.1  47624.0 
48102.1  48144.2 
48103.1  48073.0 
48103.1  47583.0 
48103.1  48066.0 
48103.1  48067.0 
48103.1  47786.0 
48103.1  47604.0 
48103.1  48068.0 
48103.1  47588.0 
48103.1  48069.0 
48103.1  47798.0 
48103.1  48146.0 
48103.1  47624.0 
48103.1  48059.1 
48104.1  48075.0 
48104.1  47583.0 
48104.1  47604.0 
48104.1  48059.2 
48105.1  48077.0 
48105.1  47583.0 
48105.1  48078.0 
48105.1  47604.0 
48105.1  47624.0 
48105.1  47629.0 
48105.1  47623.0 
48105.1  48148.1 
48105.1  48148.3 
48105.1  48148.4 
48105.1  48148.5 
48105.1  48148.6 
48105.1  48148.7 
48106.1  48065.0 
48106.1  47583.0 
48106.1  48066.0 
48106.1  48067.0 
48106.1  47604.0 
48106.1  48068.0 
48106.1  47786.0 
48106.1  48069.0 
48106.1  47588.0 
48106.1  47798.0 
48106.1  48150.0 
48106.1  47624.0 
48106.1  48151.1 
48107.1  48073.0 
48107.1  47583.0 
48107.1  48066.0 
48107.1  48067.0 
48107.1  47786.0 
48107.1  47604.0 
48107.1  48068.0 
48107.1  47588.0 
48107.1  48069.0 
48107.1  47798.0 
48107.1  48152.0 
48107.1  47624.0 
48107.1  48071.1 
48108.1  48073.0 
48108.1  47583.0 
48108.1  48066.0 
48108.1  48067.0 
48108.1  47786.0 
48108.1  47604.0 
48108.1  48068.0 
48108.1  47588.0 
48108.1  48069.0 
48108.1  47798.0 
48108.1  48153.0 
48108.1  47624.0 
48109.0  47137.0 
48110.1  48154.0 
48111.1  48155.1 
48112.1  48156.1 
48113.1  48157.1 
48114.0  47142.0 
48115.1  48158.0 
48115.1  47583.0 
48115.1  48159.0 
48115.1  47588.0 
48115.1  47604.0 
48115.1  48160.0 
48115.1  47624.0 
48115.1  48161.0 
48115.1  48162.0 
48115.1  47744.0 
48115.1  48163.0 
48115.1  48164.0 
48115.1  48165.0 
48115.1  47629.0 
48115.1  48166.0 
48115.1  48167.0 
48115.1  48168.0 
48115.1  48169.0 
48115.1  48170.0 
48115.1  48171.0 
48115.1  48172.0 
48115.1  48173.0 
48115.1  48174.0 
48115.1  48175.0 
48115.1  48176.0 
48115.1  48177.0 
48115.1  48178.0 
48115.1  48179.0 
48115.1  48180.0 
48115.1  48181.0 
48115.1  48182.0 
48115.1  48183.0 
48115.1  48184.0 
48115.1  48185.0 
48115.1  48186.0 
48115.1  48187.0 
48115.1  48188.0 
48115.1  48189.0 
48115.1  48190.0 
48115.1  48191.0 
48115.1  48192.0 
48115.1  48193.0 
48115.1  48194.0 
48115.1  48195.0 
48115.1  48196.0 
48115.1  48197.0 
48115.1  48198.0 
48115.1  48199.0 
48115.1  48200.0 
48115.1  48201.0 
48115.1  48202.0 
48115.1  48203.0 
48115.1  48204.0 
48115.1  48205.0 
48115.1  48206.0 
48115.1  48207.0 
48115.1  48208.0 
48115.1  48209.0 
48115.1  48210.0 
48115.1  48211.0 
48115.1  48212.0 
48115.1  48213.0 
48115.1  48214.0 
48115.1  48215.0 
48115.1  48216.0 
48115.1  48217.0 
48115.1  48218.0 
48115.1  48219.0 
48115.1  48220.0 
48115.1  48221.0 
48115.1  48222.0 
48115.1  48223.0 
48115.1  48224.0 
48115.1  48225.0 
48115.1  48226.0 
48115.1  48227.0 
48115.1  48228.0 
48115.1  48229.0 
48115.1  48230.0 
48115.1  48231.0 
48115.1  48232.0 
48115.1  48233.0 
48115.1  48234.0 
48115.1  48235.0 
48115.1  48236.0 
48115.1  48237.0 
48115.2  48238.0 
48115.2  48239.0 
48115.2  48240.0 
48115.2  48241.0 
48115.2  48242.0 
48115.2  48243.0 
48115.2  48244.0 
48115.2  48245.0 
48115.2  48246.0 
48115.2  48247.0 
48115.2  48248.0 
48115.2  48249.0 
48115.2  48250.0 
48115.2  48251.0 
48115.2  48252.0 
48115.2  48253.0 
48115.2  48254.0 
48115.2  48255.0 
48115.2  48256.0 
48115.2  48257.0 
48115.2  48258.0 
48115.2  48259.0 
48115.2  48260.0 
48115.2  48261.0 
48115.2  48262.0 
48115.2  48263.0 
48115.2  48264.0 
48115.2  48265.0 
48115.2  48266.0 
48115.2  48267.0 
48115.2  48268.0 
48115.2  48269.0 
48115.2  48270.0 
48115.2  48271.0 
48115.2  48272.0 
48115.2  48273.0 
48115.2  48274.0 
48115.2  48275.0 
48115.2  48276.0 
48115.2  48277.0 
48115.2  48278.0 
48115.2  48279.0 
48115.2  48280.0 
48115.2  48281.0 
48115.2  48282.0 
48115.2  48283.0 
48115.2  48284.0 
48115.2  48285.0 
48115.2  48286.0 
48115.2  48287.0 
48115.2  48288.0 
48115.2  48289.0 
48115.2  48290.0 
48115.2  48291.0 
48115.2  48292.0 
48115.2  48293.0 
48115.2  48294.0 
48115.2  48295.0 
48115.2  48296.0 
48115.2  48297.0 
48115.2  48298.0 
48115.2  48299.0 
48115.2  48300.0 
48115.2  48301.0 
48115.2  48302.0 
48115.2  48303.0 
48115.2  48304.0 
48115.2  48305.0 
48115.2  48306.0 
48115.2  48307.0 
48115.2  48308.0 
48115.2  48309.0 
48115.2  48310.0 
48115.2  48311.0 
48115.2  48312.0 
48115.2  48313.0 
48115.2  48314.0 
48115.2  48315.0 
48115.2  48316.0 
48115.2  48317.0 
48115.2  48318.0 
48115.2  48319.0 
48115.2  48320.0 
48115.2  48321.0 
48115.3  48322.0 
48115.3  48323.0 
48115.3  48324.0 
48115.3  48325.0 
48115.3  48326.0 
48115.3  48327.0 
48115.3  48328.0 
48115.3  48329.0 
48115.3  48330.0 
48115.3  48331.0 
48115.3  48332.0 
48115.3  48333.0 
48115.3  48334.0 
48115.3  48335.0 
48115.3  48336.0 
48115.3  48337.0 
48115.3  48338.0 
48115.3  48339.0 
48115.3  48340.0 
48115.3  48341.0 
48115.3  48342.0 
48115.3  48343.0 
48115.3  48344.0 
48115.3  48345.0 
48115.3  48346.0 
48115.3  48347.0 
48115.3  48348.0 
48115.3  48349.0 
48115.3  48350.0 
48115.3  48351.0 
48115.3  48352.0 
48115.3  48353.0 
48115.3  48354.0 
48115.3  48355.0 
48115.3  48356.0 
48115.3  48357.0 
48115.3  48358.0 
48115.3  48359.0 
48115.3  48360.0 
48115.3  48361.0 
48115.3  48362.0 
48115.3  48363.0 
48115.3  48364.0 
48115.3  48365.0 
48115.3  48366.0 
48115.3  48367.0 
48115.3  48368.0 
48115.3  48369.0 
48115.3  48370.0 
48115.3  48371.0 
48115.3  48372.0 
48115.3  48373.0 
48115.3  48374.0 
48115.3  48375.0 
48115.3  48376.0 
48115.3  48377.0 
48115.3  48378.0 
48115.3  48379.0 
48115.3  48380.0 
48115.3  48381.0 
48115.3  48382.0 
48115.3  48383.0 
48115.3  48384.0 
48115.3  48385.0 
48115.3  48386.0 
48115.3  48387.0 
48115.3  48388.0 
48115.3  48389.0 
48115.3  48390.0 
48115.3  48391.0 
48115.4  48392.0 
48115.4  48393.0 
48115.4  48394.0 
48115.4  48395.0 
48115.4  48396.0 
48115.4  48397.0 
48115.4  48398.0 
48115.4  48399.0 
48115.4  48400.0 
48115.4  48401.0 
48115.4  48402.0 
48115.4  48403.0 
48115.4  48404.0 
48115.4  48405.0 
48115.4  48406.0 
48115.4  48407.0 
48115.4  48408.0 
48115.4  48409.0 
48115.4  48410.0 
48115.4  48411.0 
48115.4  48412.0 
48115.4  48413.0 
48115.4  48414.0 
48115.4  48415.0 
48115.4  48416.0 
48115.4  48417.0 
48115.4  48418.0 
48115.4  48419.0 
48115.4  48420.0 
48115.4  48421.0 
48115.4  48422.0 
48115.4  48423.0 
48115.4  48424.0 
48115.4  48425.0 
48115.4  48426.0 
48115.4  48427.0 
48115.4  48428.0 
48115.4  48429.0 
48115.4  48430.0 
48115.5  48431.0 
48115.5  48432.0 
48115.5  48433.0 
48115.5  48434.0 
48115.5  48435.0 
48115.5  48436.0 
48115.5  48437.0 
48115.5  48438.0 
48115.5  48439.0 
48115.5  48440.0 
48115.5  48441.0 
48115.5  48442.0 
48115.5  48443.0 
48115.5  48444.0 
48115.5  48445.0 
48115.5  48446.0 
48115.5  48447.0 
48115.5  48448.0 
48115.5  48449.0 
48115.5  48450.0 
48115.5  48451.0 
48115.5  48452.0 
48115.5  48453.0 
48115.5  48454.0 
48115.5  48455.0 
48115.5  48456.0 
48115.5  48457.0 
48115.5  48458.0 
48115.5  48459.0 
48115.5  48460.0 
48115.5  48461.0 
48115.5  48462.0 
48115.5  48463.0 
48115.5  48464.0 
48115.5  48465.0 
48115.5  48466.0 
48115.5  48467.0 
48115.5  48468.0 
48115.5  48469.0 
48115.5  48470.0 
48115.5  48471.0 
48115.5  48472.0 
48115.5  48473.0 
48115.5  48474.0 
48115.5  48475.0 
48115.5  48476.0 
48115.5  48477.0 
48115.5  48478.0 
48115.6  48479.0 
48115.6  48480.0 
48115.6  48481.0 
48115.6  48482.0 
48115.6  48483.0 
48115.6  48484.0 
48115.6  48485.0 
48115.6  48486.0 
48115.6  48487.0 
48115.6  48488.0 
48115.6  48489.0 
48115.6  48490.0 
48115.6  48491.0 
48115.6  48492.0 
48115.6  48493.0 
48115.6  48494.0 
48115.6  48495.0 
48115.6  48496.0 
48115.6  48497.0 
48115.6  48498.0 
48115.6  48499.0 
48115.6  48500.0 
48115.6  48501.0 
48115.6  48502.0 
48115.6  48503.0 
48115.6  48504.0 
48115.6  48505.0 
48115.6  48506.0 
48115.6  48507.0 
48115.6  48508.0 
48115.7  48509.0 
48115.7  48510.0 
48115.7  48511.0 
48115.7  48512.0 
48115.7  48513.0 
48115.7  48514.0 
48115.7  48515.0 
48115.7  48516.0 
48115.7  48517.0 
48115.7  48518.0 
48115.7  48519.0 
48115.7  48520.0 
48115.7  48521.0 
48115.7  48522.0 
48115.7  48523.0 
48115.7  48524.0 
48115.7  48525.0 
48115.7  48526.0 
48115.7  48527.0 
48115.7  48528.0 
48115.7  48529.0 
48115.7  48530.0 
48115.7  48531.0 
48115.7  48532.0 
48115.7  48533.0 
48115.7  48534.0 
48115.7  48535.0 
48115.7  48536.0 
48115.7  48537.0 
48115.7  48538.0 
48115.7  48539.0 
48115.7  48540.0 
48115.7  48541.0 
48115.7  48542.0 
48115.7  48543.0 
48115.7  48544.0 
48115.7  48545.0 
48115.7  48546.0 
48115.7  48547.0 
48115.7  48548.0 
48115.7  48549.0 
48115.7  48550.0 
48115.7  48551.0 
48115.7  48552.0 
48115.7  48553.0 
48115.7  48554.0 
48115.7  48555.0 
48116.0  47144.0 
48117.1  48080.0 
48117.1  47583.0 
48117.1  47604.0 
48118.1  48556.1 
48119.1  48557.1 
48120.1  48558.1 
48121.1  48559.1 
48122.1  48560.1 
48123.1  48086.0 
48123.1  47583.0 
48123.1  47604.0 
48123.1  47624.0 
48124.1  48087.0 
48124.1  47583.0 
48124.1  47604.0 
48124.1  47624.0 
48125.1  48089.0 
48125.1  47583.0 
48125.1  47604.0 
48126.1  47583.0 
48126.1  48018.0 
48126.1  47588.0 
48126.1  47604.0 
48126.1  47624.0 
48126.1  47744.0 
48126.1  47629.0 
48128.1  48562.1 
48128.2  48563.1 
48129.1  48109.0 
48129.1  47583.0 
48129.1  48018.0 
48129.1  47588.0 
48129.1  47604.0 
48129.1  47624.0 
48129.1  47744.0 
48129.1  47629.0 
48129.1  47630.0 
48129.1  47631.0 
48129.1  47632.0 
48129.1  48565.1 
48129.1  48566.1 
48129.2  48567.1 
48129.3  48568.1 
48131.1  48114.0 
48131.1  47583.0 
48131.1  48018.0 
48131.1  47588.0 
48131.1  47604.0 
48131.1  47624.0 
48131.1  47744.0 
48131.1  47629.0 
48132.1  48569.1 
48132.2  48569.2 
48132.3  48569.3 
48132.4  48569.4 
48132.5  48569.5 
48132.6  48569.6 
48132.7  48569.7 
48133.1  48080.0 
48133.1  47583.0 
48133.1  47604.0 
48134.1  48570.1 
48135.1  48571.1 
48136.1  48572.1 
48137.1  48573.1 
48138.1  48574.1 
48139.1  48086.0 
48139.1  47583.0 
48139.1  47604.0 
48139.1  47624.0 
48140.1  48087.0 
48140.1  47583.0 
48140.1  47604.0 
48140.1  47624.0 
48141.1  48089.0 
48141.1  47583.0 
48141.1  47604.0 
48142.1  47583.0 
48142.1  48018.0 
48142.1  47588.0 
48142.1  47604.0 
48142.1  47624.0 
48142.1  47744.0 
48142.1  47629.0 
48144.1  48576.1 
48144.2  48577.1 
48145.1  48109.0 
48145.1  47583.0 
48145.1  48018.0 
48145.1  47588.0 
48145.1  47604.0 
48145.1  47624.0 
48145.1  47744.0 
48145.1  47629.0 
48145.1  47630.0 
48145.1  47631.0 
48145.1  47632.0 
48145.1  48579.1 
48145.1  48580.1 
48145.2  48581.1 
48145.3  48582.1 
48147.1  48114.0 
48147.1  47583.0 
48147.1  48018.0 
48147.1  47588.0 
48147.1  47604.0 
48147.1  47624.0 
48147.1  47744.0 
48147.1  47629.0 
48148.1  48583.1 
48148.2  48583.2 
48148.3  48583.3 
48148.4  48583.4 
48148.5  48583.5 
48148.6  48583.6 
48148.7  48583.7 
48149.1  48585.0 
48149.1  47583.0 
48149.1  48018.0 
48149.1  47588.0 
48149.1  47604.0 
48149.1  47624.0 
48149.1  47744.0 
48149.1  47629.0 
48149.1  47630.0 
48149.1  47631.0 
48149.1  47632.0 
48149.1  48586.1 
48149.1  48587.1 
48149.1  47623.0 
48149.1  47637.0 
48149.1  48588.1 
48151.1  48589.1 
48155.1  48591.0 
48155.1  47583.0 
48155.1  47604.0 
48155.1  47624.0 
48155.1  47629.0 
48155.1  48592.1 
48156.1  48591.0 
48156.1  47583.0 
48156.1  47604.0 
48156.1  47624.0 
48156.1  47629.0 
48156.1  48594.1 
48157.1  48591.0 
48157.1  47583.0 
48157.1  47604.0 
48157.1  47624.0 
48157.1  47629.0 
48157.1  48596.1 
48158.0  47155.0 
48159.0  47156.0 
48160.0  47157.0 
48162.0  47159.0 
48163.0  47160.0 
48164.0  47161.0 
48165.0  47162.0 
48166.0  47163.0 
48167.0  47164.0 
48168.0  47165.0 
48169.0  47166.0 
48170.0  47167.0 
48171.0  47168.0 
48172.0  47169.0 
48173.0  47170.0 
48174.0  47171.0 
48175.0  47172.0 
48176.0  47173.0 
48177.0  47174.0 
48178.0  47175.0 
48179.0  47176.0 
48180.0  47177.0 
48181.0  47178.0 
48182.0  47179.0 
48183.0  47180.0 
48184.0  47181.0 
48185.0  47182.0 
48186.0  47183.0 
48187.0  47184.0 
48188.0  47185.0 
48189.0  47186.0 
48190.0  47187.0 
48191.0  47188.0 
48192.0  47189.0 
48193.0  47190.0 
48194.0  47191.0 
48195.0  47192.0 
48196.0  47193.0 
48197.0  47194.0 
48198.0  47195.0 
48199.0  47196.0 
48200.0  47197.0 
48201.0  47198.0 
48202.0  47199.0 
48203.0  47200.0 
48204.0  47201.0 
48205.0  47202.0 
48206.0  47203.0 
48207.0  47204.0 
48208.0  47205.0 
48209.0  47206.0 
48210.0  47207.0 
48211.0  47208.0 
48212.0  47209.0 
48213.0  47210.0 
48214.0  47211.0 
48215.0  47212.0 
48216.0  47213.0 
48217.0  47214.0 
48218.0  47215.0 
48219.0  47216.0 
48220.0  47217.0 
48221.0  47218.0 
48222.0  47219.0 
48223.0  47220.0 
48224.0  47221.0 
48225.0  47222.0 
48226.0  47223.0 
48227.0  47224.0 
48228.0  47225.0 
48229.0  47226.0 
48230.0  47227.0 
48231.0  47228.0 
48232.0  47229.0 
48233.0  47230.0 
48234.0  47231.0 
48235.0  47232.0 
48236.0  47233.0 
48237.0  47234.0 
48238.0  47235.0 
48239.0  47236.0 
48240.0  47237.0 
48241.0  47238.0 
48242.0  47239.0 
48243.0  47240.0 
48244.0  47241.0 
48245.0  47242.0 
48246.0  47243.0 
48247.0  47244.0 
48248.0  47245.0 
48249.0  47246.0 
48250.0  47247.0 
48251.0  47248.0 
48252.0  47249.0 
48253.0  47250.0 
48254.0  47251.0 
48255.0  47252.0 
48256.0  47253.0 
48257.0  47254.0 
48258.0  47255.0 
48259.0  47256.0 
48260.0  47257.0 
48261.0  47258.0 
48262.0  47259.0 
48263.0  47260.0 
48264.0  47261.0 
48265.0  47262.0 
48266.0  47263.0 
48267.0  47264.0 
48268.0  47265.0 
48269.0  47266.0 
48270.0  47267.0 
48271.0  47268.0 
48272.0  47269.0 
48273.0  47270.0 
48274.0  47271.0 
48275.0  47272.0 
48276.0  47273.0 
48277.0  47274.0 
48278.0  47275.0 
48279.0  47276.0 
48280.0  47277.0 
48281.0  47278.0 
48282.0  47279.0 
48283.0  47280.0 
48284.0  47281.0 
48285.0  47282.0 
48286.0  47283.0 
48287.0  47284.0 
48288.0  47285.0 
48289.0  47286.0 
48290.0  47287.0 
48291.0  47288.0 
48292.0  47289.0 
48293.0  47290.0 
48294.0  47291.0 
48295.0  47292.0 
48296.0  47293.0 
48297.0  47294.0 
48298.0  47295.0 
48299.0  47296.0 
48300.0  47297.0 
48301.0  47298.0 
48302.0  47299.0 
48303.0  47300.0 
48304.0  47301.0 
48305.0  47302.0 
48306.0  47303.0 
48307.0  47304.0 
48308.0  47305.0 
48309.0  47306.0 
48310.0  47307.0 
48311.0  47308.0 
48312.0  47309.0 
48313.0  47310.0 
48314.0  47311.0 
48315.0  47312.0 
48316.0  47313.0 
48317.0  47314.0 
48318.0  47315.0 
48319.0  47316.0 
48320.0  47317.0 
48321.0  47318.0 
48322.0  47319.0 
48323.0  47320.0 
48324.0  47321.0 
48325.0  47322.0 
48326.0  47323.0 
48327.0  47324.0 
48328.0  47325.0 
48329.0  47326.0 
48330.0  47327.0 
48331.0  47328.0 
48332.0  47329.0 
48333.0  47330.0 
48334.0  47331.0 
48335.0  47332.0 
48336.0  47333.0 
48337.0  47334.0 
48338.0  47335.0 
48339.0  47336.0 
48340.0  47337.0 
48341.0  47338.0 
48342.0  47339.0 
48343.0  47340.0 
48344.0  47341.0 
48345.0  47342.0 
48346.0  47343.0 
48347.0  47344.0 
48348.0  47345.0 
48349.0  47346.0 
48350.0  47347.0 
48351.0  47348.0 
48352.0  47349.0 
48353.0  47350.0 
48354.0  47351.0 
48356.0  47353.0 
48357.0  47354.0 
48358.0  47355.0 
48359.0  47356.0 
48360.0  47357.0 
48361.0  47358.0 
48362.0  47359.0 
48363.0  47360.0 
48364.0  47361.0 
48365.0  47362.0 
48366.0  47363.0 
48367.0  47364.0 
48368.0  47365.0 
48369.0  47366.0 
48370.0  47367.0 
48371.0  47368.0 
48372.0  47369.0 
48373.0  47370.0 
48374.0  47371.0 
48375.0  47372.0 
48376.0  47373.0 
48377.0  47374.0 
48378.0  47375.0 
48379.0  47376.0 
48380.0  47377.0 
48381.0  47378.0 
48382.0  47379.0 
48383.0  47380.0 
48384.0  47381.0 
48385.0  47382.0 
48386.0  47383.0 
48387.0  47384.0 
48388.0  47385.0 
48389.0  47386.0 
48390.0  47387.0 
48391.0  47388.0 
48392.0  47389.0 
48393.0  47390.0 
48394.0  47391.0 
48395.0  47392.0 
48396.0  47393.0 
48397.0  47394.0 
48398.0  47395.0 
48399.0  47396.0 
48400.0  47397.0 
48401.0  47398.0 
48402.0  47399.0 
48403.0  47400.0 
48404.0  47401.0 
48405.0  47402.0 
48406.0  47403.0 
48407.0  47404.0 
48408.0  47405.0 
48409.0  47406.0 
48410.0  47407.0 
48411.0  47408.0 
48412.0  47409.0 
48413.0  47410.0 
48414.0  47411.0 
48415.0  47412.0 
48416.0  47413.0 
48417.0  47414.0 
48418.0  47415.0 
48419.0  47416.0 
48420.0  47417.0 
48421.0  47418.0 
48422.0  47419.0 
48423.0  47420.0 
48424.0  47421.0 
48425.0  47422.0 
48426.0  47423.0 
48427.0  47424.0 
48428.0  47425.0 
48429.0  47426.0 
48430.0  47427.0 
48431.0  47428.0 
48432.0  47429.0 
48433.0  47430.0 
48434.0  47431.0 
48435.0  47432.0 
48436.0  47433.0 
48437.0  47434.0 
48438.0  47435.0 
48439.0  47436.0 
48440.0  47437.0 
48441.0  47438.0 
48442.0  47439.0 
48443.0  47440.0 
48444.0  47441.0 
48445.0  47442.0 
48446.0  47443.0 
48447.0  47444.0 
48448.0  47445.0 
48449.0  47446.0 
48450.0  47447.0 
48451.0  47448.0 
48452.0  47449.0 
48453.0  47450.0 
48454.0  47451.0 
48455.0  47452.0 
48456.0  47453.0 
48457.0  47454.0 
48458.0  47455.0 
48459.0  47456.0 
48460.0  47457.0 
48461.0  47458.0 
48462.0  47459.0 
48463.0  47460.0 
48464.0  47461.0 
48465.0  47462.0 
48466.0  47463.0 
48467.0  47464.0 
48468.0  47465.0 
48469.0  47466.0 
48470.0  47467.0 
48471.0  47468.0 
48472.0  47469.0 
48473.0  47470.0 
48474.0  47471.0 
48475.0  47472.0 
48476.0  47473.0 
48477.0  47474.0 
48478.0  47475.0 
48479.0  47476.0 
48480.0  47477.0 
48481.0  47478.0 
48482.0  47479.0 
48483.0  47480.0 
48484.0  47481.0 
48485.0  47482.0 
48486.0  47483.0 
48487.0  47484.0 
48488.0  47485.0 
48489.0  47486.0 
48490.0  47487.0 
48491.0  47488.0 
48492.0  47489.0 
48493.0  47490.0 
48494.0  47491.0 
48495.0  47492.0 
48496.0  47493.0 
48497.0  47494.0 
48498.0  47495.0 
48499.0  47496.0 
48500.0  47497.0 
48501.0  47498.0 
48502.0  47499.0 
48503.0  47500.0 
48504.0  47501.0 
48505.0  47502.0 
48506.0  47503.0 
48507.0  47504.0 
48508.0  47505.0 
48509.0  47506.0 
48510.0  47507.0 
48511.0  47508.0 
48512.0  47509.0 
48513.0  47510.0 
48514.0  47511.0 
48515.0  47512.0 
48516.0  47513.0 
48517.0  47514.0 
48518.0  47515.0 
48519.0  47516.0 
48520.0  47517.0 
48521.0  47518.0 
48522.0  47519.0 
48523.0  47520.0 
48524.0  47521.0 
48525.0  47522.0 
48526.0  47523.0 
48556.1  48087.0 
48556.1  47583.0 
48556.1  47604.0 
48556.1  47624.0 
48557.1  48086.0 
48557.1  47583.0 
48557.1  47604.0 
48557.1  47624.0 
48558.1  48116.0 
48558.1  47583.0 
48558.1  47604.0 
48558.1  47624.0 
48559.1  48116.0 
48559.1  47583.0 
48559.1  47604.0 
48559.1  47624.0 
48560.1  48116.0 
48560.1  47583.0 
48560.1  47604.0 
48560.1  47624.0 
48562.1  48065.0 
48562.1  47583.0 
48562.1  48066.0 
48562.1  48067.0 
48562.1  47604.0 
48562.1  48068.0 
48562.1  47786.0 
48562.1  48069.0 
48562.1  47588.0 
48562.1  47798.0 
48562.1  48598.0 
48562.1  47624.0 
48562.1  48599.1 
48563.1  48073.0 
48563.1  47583.0 
48563.1  48066.0 
48563.1  48067.0 
48563.1  47786.0 
48563.1  47604.0 
48563.1  48068.0 
48563.1  47588.0 
48563.1  48069.0 
48563.1  47798.0 
48563.1  48600.0 
48563.1  47624.0 
48563.1  48128.1 
48564.1  48073.0 
48564.1  47583.0 
48564.1  48066.0 
48564.1  48067.0 
48564.1  47786.0 
48564.1  47604.0 
48564.1  48068.0 
48564.1  47588.0 
48564.1  48069.0 
48564.1  47798.0 
48564.1  48601.0 
48564.1  47624.0 
48565.1  48602.0 
48566.1  48603.1 
48567.1  48604.1 
48568.1  48605.1 
48569.1  48158.0 
48569.1  47583.0 
48569.1  48159.0 
48569.1  47588.0 
48569.1  47604.0 
48569.1  48160.0 
48569.1  47624.0 
48569.1  48606.0 
48569.1  48162.0 
48569.1  47744.0 
48569.1  48163.0 
48569.1  48164.0 
48569.1  48165.0 
48569.1  47629.0 
48569.1  48166.0 
48569.1  48167.0 
48569.1  48168.0 
48569.1  48169.0 
48569.1  48170.0 
48569.1  48171.0 
48569.1  48172.0 
48569.1  48173.0 
48569.1  48174.0 
48569.1  48175.0 
48569.1  48176.0 
48569.1  48177.0 
48569.1  48178.0 
48569.1  48179.0 
48569.1  48180.0 
48569.1  48181.0 
48569.1  48182.0 
48569.1  48183.0 
48569.1  48184.0 
48569.1  48185.0 
48569.1  48186.0 
48569.1  48187.0 
48569.1  48188.0 
48569.1  48189.0 
48569.1  48190.0 
48569.1  48191.0 
48569.1  48192.0 
48569.1  48193.0 
48569.1  48194.0 
48569.1  48195.0 
48569.1  48196.0 
48569.1  48197.0 
48569.1  48198.0 
48569.1  48199.0 
48569.1  48200.0 
48569.1  48201.0 
48569.1  48202.0 
48569.1  48203.0 
48569.1  48204.0 
48569.1  48205.0 
48569.1  48206.0 
48569.1  48207.0 
48569.1  48208.0 
48569.1  48209.0 
48569.1  48210.0 
48569.1  48211.0 
48569.1  48212.0 
48569.1  48213.0 
48569.1  48214.0 
48569.1  48215.0 
48569.1  48216.0 
48569.1  48217.0 
48569.1  48218.0 
48569.1  48219.0 
48569.1  48220.0 
48569.1  48221.0 
48569.1  48222.0 
48569.1  48223.0 
48569.1  48224.0 
48569.1  48225.0 
48569.1  48226.0 
48569.1  48227.0 
48569.1  48228.0 
48569.1  48229.0 
48569.1  48230.0 
48569.1  48231.0 
48569.1  48232.0 
48569.1  48233.0 
48569.1  48234.0 
48569.1  48235.0 
48569.1  48236.0 
48569.1  48237.0 
48569.2  48238.0 
48569.2  48239.0 
48569.2  48240.0 
48569.2  48241.0 
48569.2  48242.0 
48569.2  48243.0 
48569.2  48244.0 
48569.2  48245.0 
48569.2  48246.0 
48569.2  48247.0 
48569.2  48248.0 
48569.2  48249.0 
48569.2  48250.0 
48569.2  48251.0 
48569.2  48252.0 
48569.2  48253.0 
48569.2  48254.0 
48569.2  48255.0 
48569.2  48256.0 
48569.2  48257.0 
48569.2  48258.0 
48569.2  48259.0 
48569.2  48260.0 
48569.2  48261.0 
48569.2  48262.0 
48569.2  48263.0 
48569.2  48264.0 
48569.2  48265.0 
48569.2  48266.0 
48569.2  48267.0 
48569.2  48268.0 
48569.2  48269.0 
48569.2  48270.0 
48569.2  48271.0 
48569.2  48272.0 
48569.2  48273.0 
48569.2  48274.0 
48569.2  48275.0 
48569.2  48276.0 
48569.2  48277.0 
48569.2  48278.0 
48569.2  48279.0 
48569.2  48280.0 
48569.2  48281.0 
48569.2  48282.0 
48569.2  48283.0 
48569.2  48284.0 
48569.2  48285.0 
48569.2  48286.0 
48569.2  48287.0 
48569.2  48288.0 
48569.2  48289.0 
48569.2  48290.0 
48569.2  48291.0 
48569.2  48292.0 
48569.2  48293.0 
48569.2  48294.0 
48569.2  48295.0 
48569.2  48296.0 
48569.2  48297.0 
48569.2  48298.0 
48569.2  48299.0 
48569.2  48300.0 
48569.2  48301.0 
48569.2  48302.0 
48569.2  48303.0 
48569.2  48304.0 
48569.2  48305.0 
48569.2  48306.0 
48569.2  48307.0 
48569.2  48308.0 
48569.2  48309.0 
48569.2  48310.0 
48569.2  48311.0 
48569.2  48312.0 
48569.2  48313.0 
48569.2  48314.0 
48569.2  48315.0 
48569.2  48316.0 
48569.2  48317.0 
48569.2  48318.0 
48569.2  48319.0 
48569.2  48320.0 
48569.2  48321.0 
48569.3  48322.0 
48569.3  48323.0 
48569.3  48324.0 
48569.3  48325.0 
48569.3  48326.0 
48569.3  48327.0 
48569.3  48328.0 
48569.3  48329.0 
48569.3  48330.0 
48569.3  48331.0 
48569.3  48332.0 
48569.3  48333.0 
48569.3  48334.0 
48569.3  48335.0 
48569.3  48336.0 
48569.3  48337.0 
48569.3  48338.0 
48569.3  48339.0 
48569.3  48340.0 
48569.3  48341.0 
48569.3  48342.0 
48569.3  48343.0 
48569.3  48344.0 
48569.3  48345.0 
48569.3  48346.0 
48569.3  48347.0 
48569.3  48348.0 
48569.3  48349.0 
48569.3  48350.0 
48569.3  48351.0 
48569.3  48352.0 
48569.3  48353.0 
48569.3  48354.0 
48569.3  48607.0 
48569.3  48356.0 
48569.3  48357.0 
48569.3  48358.0 
48569.3  48359.0 
48569.3  48360.0 
48569.3  48361.0 
48569.3  48362.0 
48569.3  48363.0 
48569.3  48364.0 
48569.3  48365.0 
48569.3  48366.0 
48569.3  48367.0 
48569.3  48368.0 
48569.3  48369.0 
48569.3  48370.0 
48569.3  48371.0 
48569.3  48372.0 
48569.3  48373.0 
48569.3  48374.0 
48569.3  48375.0 
48569.3  48376.0 
48569.3  48377.0 
48569.3  48378.0 
48569.3  48379.0 
48569.3  48380.0 
48569.3  48381.0 
48569.3  48382.0 
48569.3  48383.0 
48569.3  48384.0 
48569.3  48385.0 
48569.3  48386.0 
48569.3  48387.0 
48569.3  48388.0 
48569.3  48389.0 
48569.3  48390.0 
48569.3  48391.0 
48569.4  48392.0 
48569.4  48393.0 
48569.4  48394.0 
48569.4  48395.0 
48569.4  48396.0 
48569.4  48397.0 
48569.4  48398.0 
48569.4  48399.0 
48569.4  48400.0 
48569.4  48401.0 
48569.4  48402.0 
48569.4  48403.0 
48569.4  48404.0 
48569.4  48405.0 
48569.4  48406.0 
48569.4  48407.0 
48569.4  48408.0 
48569.4  48409.0 
48569.4  48410.0 
48569.4  48411.0 
48569.4  48412.0 
48569.4  48413.0 
48569.4  48414.0 
48569.4  48415.0 
48569.4  48416.0 
48569.4  48417.0 
48569.4  48418.0 
48569.4  48419.0 
48569.4  48420.0 
48569.4  48421.0 
48569.4  48422.0 
48569.4  48423.0 
48569.4  48424.0 
48569.4  48425.0 
48569.4  48426.0 
48569.4  48427.0 
48569.4  48428.0 
48569.4  48429.0 
48569.4  48430.0 
48569.5  48431.0 
48569.5  48432.0 
48569.5  48433.0 
48569.5  48434.0 
48569.5  48435.0 
48569.5  48436.0 
48569.5  48437.0 
48569.5  48438.0 
48569.5  48439.0 
48569.5  48440.0 
48569.5  48441.0 
48569.5  48442.0 
48569.5  48443.0 
48569.5  48444.0 
48569.5  48445.0 
48569.5  48446.0 
48569.5  48447.0 
48569.5  48448.0 
48569.5  48449.0 
48569.5  48450.0 
48569.5  48451.0 
48569.5  48452.0 
48569.5  48453.0 
48569.5  48454.0 
48569.5  48455.0 
48569.5  48456.0 
48569.5  48457.0 
48569.5  48458.0 
48569.5  48459.0 
48569.5  48460.0 
48569.5  48461.0 
48569.5  48462.0 
48569.5  48463.0 
48569.5  48464.0 
48569.5  48465.0 
48569.5  48466.0 
48569.5  48467.0 
48569.5  48468.0 
48569.5  48469.0 
48569.5  48470.0 
48569.5  48471.0 
48569.5  48472.0 
48569.5  48473.0 
48569.5  48474.0 
48569.5  48475.0 
48569.5  48476.0 
48569.5  48477.0 
48569.5  48478.0 
48569.6  48479.0 
48569.6  48480.0 
48569.6  48481.0 
48569.6  48482.0 
48569.6  48483.0 
48569.6  48484.0 
48569.6  48485.0 
48569.6  48486.0 
48569.6  48487.0 
48569.6  48488.0 
48569.6  48489.0 
48569.6  48490.0 
48569.6  48491.0 
48569.6  48492.0 
48569.6  48493.0 
48569.6  48494.0 
48569.6  48495.0 
48569.6  48496.0 
48569.6  48497.0 
48569.6  48498.0 
48569.6  48499.0 
48569.6  48500.0 
48569.6  48501.0 
48569.6  48502.0 
48569.6  48503.0 
48569.6  48504.0 
48569.6  48505.0 
48569.6  48506.0 
48569.6  48507.0 
48569.6  48508.0 
48569.7  48509.0 
48569.7  48510.0 
48569.7  48511.0 
48569.7  48512.0 
48569.7  48513.0 
48569.7  48514.0 
48569.7  48515.0 
48569.7  48516.0 
48569.7  48517.0 
48569.7  48518.0 
48569.7  48519.0 
48569.7  48520.0 
48569.7  48521.0 
48569.7  48522.0 
48569.7  48523.0 
48569.7  48524.0 
48569.7  48525.0 
48569.7  48526.0 
48569.7  48608.0 
48569.7  48609.0 
48569.7  48610.0 
48569.7  48611.0 
48569.7  48612.0 
48569.7  48613.0 
48569.7  48614.0 
48569.7  48615.0 
48569.7  48616.0 
48569.7  48617.0 
48569.7  48618.0 
48569.7  48619.0 
48569.7  48620.0 
48569.7  48621.0 
48569.7  48622.0 
48569.7  48623.0 
48569.7  48624.0 
48569.7  48625.0 
48569.7  48626.0 
48569.7  48627.0 
48569.7  48628.0 
48569.7  48629.0 
48569.7  48630.0 
48569.7  48631.0 
48569.7  48632.0 
48569.7  48633.0 
48569.7  48634.0 
48569.7  48635.0 
48569.7  48636.0 
48570.1  48087.0 
48570.1  47583.0 
48570.1  47604.0 
48570.1  47624.0 
48571.1  48086.0 
48571.1  47583.0 
48571.1  47604.0 
48571.1  47624.0 
48572.1  48116.0 
48572.1  47583.0 
48572.1  47604.0 
48572.1  47624.0 
48573.1  48116.0 
48573.1  47583.0 
48573.1  47604.0 
48573.1  47624.0 
48574.1  48116.0 
48574.1  47583.0 
48574.1  47604.0 
48574.1  47624.0 
48576.1  48065.0 
48576.1  47583.0 
48576.1  48066.0 
48576.1  48067.0 
48576.1  47604.0 
48576.1  48068.0 
48576.1  47786.0 
48576.1  48069.0 
48576.1  47588.0 
48576.1  47798.0 
48576.1  48638.0 
48576.1  47624.0 
48576.1  48639.1 
48577.1  48073.0 
48577.1  47583.0 
48577.1  48066.0 
48577.1  48067.0 
48577.1  47786.0 
48577.1  47604.0 
48577.1  48068.0 
48577.1  47588.0 
48577.1  48069.0 
48577.1  47798.0 
48577.1  48641.0 
48577.1  47624.0 
48577.1  48144.1 
48578.1  48073.0 
48578.1  47583.0 
48578.1  48066.0 
48578.1  48067.0 
48578.1  47786.0 
48578.1  47604.0 
48578.1  48068.0 
48578.1  47588.0 
48578.1  48069.0 
48578.1  47798.0 
48578.1  48642.0 
48578.1  47624.0 
48579.1  48643.0 
48580.1  48644.1 
48581.1  48645.1 
48582.1  48646.1 
48583.1  48158.0 
48583.1  47583.0 
48583.1  48159.0 
48583.1  47588.0 
48583.1  47604.0 
48583.1  48160.0 
48583.1  47624.0 
48583.1  48647.0 
48583.1  48162.0 
48583.1  47744.0 
48583.1  48163.0 
48583.1  48164.0 
48583.1  48165.0 
48583.1  47629.0 
48583.1  48166.0 
48583.1  48167.0 
48583.1  48168.0 
48583.1  48169.0 
48583.1  48170.0 
48583.1  48171.0 
48583.1  48172.0 
48583.1  48173.0 
48583.1  48174.0 
48583.1  48175.0 
48583.1  48176.0 
48583.1  48177.0 
48583.1  48178.0 
48583.1  48179.0 
48583.1  48180.0 
48583.1  48181.0 
48583.1  48182.0 
48583.1  48183.0 
48583.1  48184.0 
48583.1  48185.0 
48583.1  48186.0 
48583.1  48187.0 
48583.1  48188.0 
48583.1  48189.0 
48583.1  48190.0 
48583.1  48191.0 
48583.1  48192.0 
48583.1  48193.0 
48583.1  48194.0 
48583.1  48195.0 
48583.1  48196.0 
48583.1  48197.0 
48583.1  48198.0 
48583.1  48199.0 
48583.1  48200.0 
48583.1  48201.0 
48583.1  48202.0 
48583.1  48203.0 
48583.1  48204.0 
48583.1  48205.0 
48583.1  48206.0 
48583.1  48207.0 
48583.1  48208.0 
48583.1  48209.0 
48583.1  48210.0 
48583.1  48211.0 
48583.1  48212.0 
48583.1  48213.0 
48583.1  48214.0 
48583.1  48215.0 
48583.1  48216.0 
48583.1  48217.0 
48583.1  48218.0 
48583.1  48219.0 
48583.1  48220.0 
48583.1  48221.0 
48583.1  48222.0 
48583.1  48223.0 
48583.1  48224.0 
48583.1  48225.0 
48583.1  48226.0 
48583.1  48227.0 
48583.1  48228.0 
48583.1  48229.0 
48583.1  48230.0 
48583.1  48231.0 
48583.1  48232.0 
48583.1  48233.0 
48583.1  48234.0 
48583.1  48235.0 
48583.1  48236.0 
48583.1  48237.0 
48583.2  48238.0 
48583.2  48239.0 
48583.2  48240.0 
48583.2  48241.0 
48583.2  48242.0 
48583.2  48243.0 
48583.2  48244.0 
48583.2  48245.0 
48583.2  48246.0 
48583.2  48247.0 
48583.2  48248.0 
48583.2  48249.0 
48583.2  48250.0 
48583.2  48251.0 
48583.2  48252.0 
48583.2  48253.0 
48583.2  48254.0 
48583.2  48255.0 
48583.2  48256.0 
48583.2  48257.0 
48583.2  48258.0 
48583.2  48259.0 
48583.2  48260.0 
48583.2  48261.0 
48583.2  48262.0 
48583.2  48263.0 
48583.2  48264.0 
48583.2  48265.0 
48583.2  48266.0 
48583.2  48267.0 
48583.2  48268.0 
48583.2  48269.0 
48583.2  48270.0 
48583.2  48271.0 
48583.2  48272.0 
48583.2  48273.0 
48583.2  48274.0 
48583.2  48275.0 
48583.2  48276.0 
48583.2  48277.0 
48583.2  48278.0 
48583.2  48279.0 
48583.2  48280.0 
48583.2  48281.0 
48583.2  48282.0 
48583.2  48283.0 
48583.2  48284.0 
48583.2  48285.0 
48583.2  48286.0 
48583.2  48287.0 
48583.2  48288.0 
48583.2  48289.0 
48583.2  48290.0 
48583.2  48291.0 
48583.2  48292.0 
48583.2  48293.0 
48583.2  48294.0 
48583.2  48295.0 
48583.2  48296.0 
48583.2  48297.0 
48583.2  48298.0 
48583.2  48299.0 
48583.2  48300.0 
48583.2  48301.0 
48583.2  48302.0 
48583.2  48303.0 
48583.2  48304.0 
48583.2  48305.0 
48583.2  48306.0 
48583.2  48307.0 
48583.2  48308.0 
48583.2  48309.0 
48583.2  48310.0 
48583.2  48311.0 
48583.2  48312.0 
48583.2  48313.0 
48583.2  48314.0 
48583.2  48315.0 
48583.2  48316.0 
48583.2  48317.0 
48583.2  48318.0 
48583.2  48319.0 
48583.2  48320.0 
48583.2  48321.0 
48583.3  48322.0 
48583.3  48323.0 
48583.3  48324.0 
48583.3  48325.0 
48583.3  48326.0 
48583.3  48327.0 
48583.3  48328.0 
48583.3  48329.0 
48583.3  48330.0 
48583.3  48331.0 
48583.3  48332.0 
48583.3  48333.0 
48583.3  48334.0 
48583.3  48335.0 
48583.3  48336.0 
48583.3  48337.0 
48583.3  48338.0 
48583.3  48339.0 
48583.3  48340.0 
48583.3  48341.0 
48583.3  48342.0 
48583.3  48343.0 
48583.3  48344.0 
48583.3  48345.0 
48583.3  48346.0 
48583.3  48347.0 
48583.3  48348.0 
48583.3  48349.0 
48583.3  48350.0 
48583.3  48351.0 
48583.3  48352.0 
48583.3  48353.0 
48583.3  48354.0 
48583.3  48648.0 
48583.3  48356.0 
48583.3  48357.0 
48583.3  48358.0 
48583.3  48359.0 
48583.3  48360.0 
48583.3  48361.0 
48583.3  48362.0 
48583.3  48363.0 
48583.3  48364.0 
48583.3  48365.0 
48583.3  48366.0 
48583.3  48367.0 
48583.3  48368.0 
48583.3  48369.0 
48583.3  48370.0 
48583.3  48371.0 
48583.3  48372.0 
48583.3  48373.0 
48583.3  48374.0 
48583.3  48375.0 
48583.3  48376.0 
48583.3  48377.0 
48583.3  48378.0 
48583.3  48379.0 
48583.3  48380.0 
48583.3  48381.0 
48583.3  48382.0 
48583.3  48383.0 
48583.3  48384.0 
48583.3  48385.0 
48583.3  48386.0 
48583.3  48387.0 
48583.3  48388.0 
48583.3  48389.0 
48583.3  48390.0 
48583.3  48391.0 
48583.4  48392.0 
48583.4  48393.0 
48583.4  48394.0 
48583.4  48395.0 
48583.4  48396.0 
48583.4  48397.0 
48583.4  48398.0 
48583.4  48399.0 
48583.4  48400.0 
48583.4  48401.0 
48583.4  48402.0 
48583.4  48403.0 
48583.4  48404.0 
48583.4  48405.0 
48583.4  48406.0 
48583.4  48407.0 
48583.4  48408.0 
48583.4  48409.0 
48583.4  48410.0 
48583.4  48411.0 
48583.4  48412.0 
48583.4  48413.0 
48583.4  48414.0 
48583.4  48415.0 
48583.4  48416.0 
48583.4  48417.0 
48583.4  48418.0 
48583.4  48419.0 
48583.4  48420.0 
48583.4  48421.0 
48583.4  48422.0 
48583.4  48423.0 
48583.4  48424.0 
48583.4  48425.0 
48583.4  48426.0 
48583.4  48427.0 
48583.4  48428.0 
48583.4  48429.0 
48583.4  48430.0 
48583.5  48431.0 
48583.5  48432.0 
48583.5  48433.0 
48583.5  48434.0 
48583.5  48435.0 
48583.5  48436.0 
48583.5  48437.0 
48583.5  48438.0 
48583.5  48439.0 
48583.5  48440.0 
48583.5  48441.0 
48583.5  48442.0 
48583.5  48443.0 
48583.5  48444.0 
48583.5  48445.0 
48583.5  48446.0 
48583.5  48447.0 
48583.5  48448.0 
48583.5  48449.0 
48583.5  48450.0 
48583.5  48451.0 
48583.5  48452.0 
48583.5  48453.0 
48583.5  48454.0 
48583.5  48455.0 
48583.5  48456.0 
48583.5  48457.0 
48583.5  48458.0 
48583.5  48459.0 
48583.5  48460.0 
48583.5  48461.0 
48583.5  48462.0 
48583.5  48463.0 
48583.5  48464.0 
48583.5  48465.0 
48583.5  48466.0 
48583.5  48467.0 
48583.5  48468.0 
48583.5  48469.0 
48583.5  48470.0 
48583.5  48471.0 
48583.5  48472.0 
48583.5  48473.0 
48583.5  48474.0 
48583.5  48475.0 
48583.5  48476.0 
48583.5  48477.0 
48583.5  48478.0 
48583.6  48479.0 
48583.6  48480.0 
48583.6  48481.0 
48583.6  48482.0 
48583.6  48483.0 
48583.6  48484.0 
48583.6  48485.0 
48583.6  48486.0 
48583.6  48487.0 
48583.6  48488.0 
48583.6  48489.0 
48583.6  48490.0 
48583.6  48491.0 
48583.6  48492.0 
48583.6  48493.0 
48583.6  48494.0 
48583.6  48495.0 
48583.6  48496.0 
48583.6  48497.0 
48583.6  48498.0 
48583.6  48499.0 
48583.6  48500.0 
48583.6  48501.0 
48583.6  48502.0 
48583.6  48503.0 
48583.6  48504.0 
48583.6  48505.0 
48583.6  48506.0 
48583.6  48507.0 
48583.6  48508.0 
48583.7  48509.0 
48583.7  48510.0 
48583.7  48511.0 
48583.7  48512.0 
48583.7  48513.0 
48583.7  48514.0 
48583.7  48515.0 
48583.7  48516.0 
48583.7  48517.0 
48583.7  48518.0 
48583.7  48519.0 
48583.7  48520.0 
48583.7  48521.0 
48583.7  48522.0 
48583.7  48523.0 
48583.7  48524.0 
48583.7  48525.0 
48583.7  48526.0 
48583.7  48649.0 
48583.7  48650.0 
48583.7  48651.0 
48583.7  48652.0 
48583.7  48653.0 
48583.7  48654.0 
48583.7  48655.0 
48583.7  48656.0 
48583.7  48657.0 
48583.7  48658.0 
48583.7  48659.0 
48583.7  48660.0 
48583.7  48661.0 
48583.7  48662.0 
48583.7  48663.0 
48583.7  48664.0 
48583.7  48665.0 
48583.7  48666.0 
48583.7  48667.0 
48583.7  48668.0 
48583.7  48669.0 
48583.7  48670.0 
48583.7  48671.0 
48583.7  48672.0 
48583.7  48673.0 
48583.7  48674.0 
48583.7  48675.0 
48583.7  48676.0 
48583.7  48677.0 
48583.7  48678.0 
48583.7  48679.0 
48583.7  48680.0 
48584.1  48065.0 
48584.1  47583.0 
48584.1  48066.0 
48584.1  48067.0 
48584.1  47604.0 
48584.1  48068.0 
48584.1  47786.0 
48584.1  48069.0 
48584.1  47588.0 
48584.1  47798.0 
48584.1  48681.0 
48584.1  47624.0 
48584.1  48045.3 
48585.0  46433.0 
48586.1  48682.1 
48587.1  48683.1 
48588.1  48684.1 
48589.1  48685.0 
48589.1  47583.0 
48589.1  47604.0 
48589.1  48045.3 
48591.0  47559.0 
48592.1  48686.0 
48594.1  48687.0 
48596.1  48688.0 
48597.1  48585.0 
48597.1  47583.0 
48597.1  48018.0 
48597.1  47588.0 
48597.1  47604.0 
48597.1  47624.0 
48597.1  47744.0 
48597.1  47629.0 
48597.1  47630.0 
48597.1  47631.0 
48597.1  47632.0 
48597.1  48690.1 
48597.1  48691.1 
48597.1  47623.0 
48597.1  47637.0 
48597.1  48692.1 
48599.1  48693.1 
48603.1  48591.0 
48603.1  47583.0 
48603.1  47604.0 
48603.1  47624.0 
48603.1  47629.0 
48603.1  48695.1 
48604.1  48591.0 
48604.1  47583.0 
48604.1  47604.0 
48604.1  47624.0 
48604.1  47629.0 
48604.1  48697.1 
48605.1  48591.0 
48605.1  47583.0 
48605.1  47604.0 
48605.1  47624.0 
48605.1  47629.0 
48605.1  48699.1 
48637.1  48585.0 
48637.1  46652.0 
48637.1  47088.0 
48637.1  46657.0 
48637.1  46673.0 
48637.1  46693.0 
48637.1  46813.0 
48637.1  46698.0 
48637.1  46699.0 
48637.1  46700.0 
48637.1  46701.0 
48637.1  48701.1 
48637.1  48702.1 
48637.1  46692.0 
48637.1  46706.0 
48637.1  48703.1 
48639.1  48704.1 
48640.1  47108.1 
48644.1  48591.0 
48644.1  47583.0 
48644.1  47604.0 
48644.1  47624.0 
48644.1  47629.0 
48644.1  48706.1 
48645.1  48591.0 
48645.1  47583.0 
48645.1  47604.0 
48645.1  47624.0 
48645.1  47629.0 
48645.1  48708.1 
48646.1  48591.0 
48646.1  47583.0 
48646.1  47604.0 
48646.1  47624.0 
48646.1  47629.0 
48646.1  48710.1 
48682.1  48591.0 
48682.1  47583.0 
48682.1  47604.0 
48682.1  47624.0 
48682.1  47629.0 
48682.1  48712.1 
48683.1  48713.0 
48683.1  47583.0 
48683.1  47604.0 
48683.1  47624.0 
48683.1  48714.59 
48684.1  48713.0 
48684.1  47583.0 
48684.1  47604.0 
48684.1  47624.0 
48684.1  48715.24 
48685.0  46570.0 
48689.1  48065.0 
48689.1  47583.0 
48689.1  48066.0 
48689.1  48067.0 
48689.1  47604.0 
48689.1  48068.0 
48689.1  47786.0 
48689.1  48069.0 
48689.1  47588.0 
48689.1  47798.0 
48689.1  48716.0 
48689.1  47624.0 
48689.1  48059.3 
48690.1  48717.1 
48691.1  48718.1 
48692.1  48719.1 
48693.1  48685.0 
48693.1  47583.0 
48693.1  47604.0 
48693.1  48059.3 
48695.1  48720.0 
48697.1  48721.0 
48699.1  48722.0 
48700.1  47109.0 
48700.1  46652.0 
48700.1  47110.0 
48700.1  47111.0 
48700.1  46673.0 
48700.1  47112.0 
48700.1  46855.0 
48700.1  47113.0 
48700.1  46657.0 
48700.1  46867.0 
48700.1  48723.0 
48700.1  46693.0 
48700.1  47053.3 
48701.1  48724.1 
48702.1  48725.1 
48703.1  48726.1 
48704.1  48685.0 
48704.1  46652.0 
48704.1  46673.0 
48704.1  48727.3 
48706.1  48728.0 
48708.1  48729.0 
48710.1  48730.0 
48712.1  48731.0 
48713.0  46609.0 
48714.56  46610.56 
48714.57  48732.1 
48714.58  48145.1 
48714.59  48129.1 
48714.60  48072.1 
48715.21  46611.21 
48715.22  48732.2 
48715.23  48145.2 
48715.24  48129.2 
48715.25  48072.2 
48717.1  48591.0 
48717.1  47583.0 
48717.1  47604.0 
48717.1  47624.0 
48717.1  47629.0 
48717.1  48734.1 
48718.1  48713.0 
48718.1  47583.0 
48718.1  47604.0 
48718.1  47624.0 
48718.1  48714.58 
48719.1  48713.0 
48719.1  47583.0 
48719.1  47604.0 
48719.1  47624.0 
48719.1  48715.23 
48724.1  47559.0 
48724.1  46652.0 
48724.1  46673.0 
48724.1  46693.0 
48724.1  46698.0 
48724.1  48736.1 
48725.1  48713.0 
48725.1  46652.0 
48725.1  46673.0 
48725.1  46693.0 
48725.1  48714.57 
48726.1  48713.0 
48726.1  46652.0 
48726.1  46673.0 
48726.1  46693.0 
48726.1  48715.22 
48727.3  47053.3 
48732.3  47116.3 
48734.1  48737.0 
48736.1  48738.0 
47577.0  47578.0 
47578.0  48016.0 
48016.0  48029.0 
48022.0  48039.0 
48024.0  48053.0 
48025.0  48064.0 
48026.0  48072.0 
48027.0  48072.0 
48028.0  48076.0 
48029.0  48064.0 
48036.0  47578.0 
48037.0  47578.0 
48038.0  48088.0 
48039.0  48090.0 
48053.0  48098.0 
48072.0  48108.0 
48076.0  47577.0 
48081.0  48016.0 
48082.0  48016.0 
48083.0  48016.0 
48084.0  48016.0 
48085.0  48016.0 
48088.0  47578.0 
48090.0  48117.0 
48094.0  48126.0 
48095.0  48129.0 
48096.0  48129.0 
48097.0  48131.0 
48098.0  48133.0 
48102.0  48142.0 
48103.0  48145.0 
48104.0  48145.0 
48105.0  48147.0 
48106.0  48149.0 
48107.0  48126.0 
48108.0  48064.0 
48115.0  48076.0 
48117.0  48126.0 
48123.0  48039.0 
48124.0  48039.0 
48125.0  48561.0 
48129.0  48564.0 
48131.0  48022.0 
48133.0  48142.0 
48139.0  48053.0 
48140.0  48053.0 
48141.0  48575.0 
48145.0  48578.0 
48147.0  48024.0 
48149.0  48584.0 
48154.0  48072.0 
48155.0  48590.0 
48156.0  48593.0 
48157.0  48595.0 
48556.0  48090.0 
48557.0  48090.0 
48558.0  48090.0 
48559.0  48090.0 
48560.0  48090.0 
48561.0  48039.0 
48562.0  48597.0 
48563.0  48142.0 
48564.0  48126.0 
48569.0  48131.0 
48570.0  48098.0 
48571.0  48098.0 
48572.0  48098.0 
48573.0  48098.0 
48574.0  48098.0 
48575.0  48053.0 
48576.0  48637.0 
48577.0  48640.0 
48578.0  48142.0 
48583.0  48147.0 
48584.0  48126.0 
48589.0  48149.0 
48590.0  48072.0 
48593.0  48072.0 
48595.0  48072.0 
48597.0  48689.0 
48602.0  48129.0 
48603.0  48694.0 
48604.0  48696.0 
48605.0  48698.0 
48637.0  48700.0 
48643.0  48145.0 
48644.0  48705.0 
48645.0  48707.0 
48646.0  48709.0 
48682.0  48711.0 
48683.0  48149.0 
48684.0  48149.0 
48686.0  48590.0 
48687.0  48593.0 
48688.0  48595.0 
48689.0  48142.0 
48693.0  48597.0 
48694.0  48129.0 
48696.0  48129.0 
48698.0  48129.0 
48700.0  48640.0 
48704.0  48637.0 
48705.0  48145.0 
48707.0  48145.0 
48709.0  48145.0 
48711.0  48149.0 
48717.0  48733.0 
48718.0  48597.0 
48719.0  48597.0 
48720.0  48694.0 
48721.0  48696.0 
48722.0  48698.0 
48724.0  48735.0 
48725.0  48637.0 
48726.0  48637.0 
48728.0  48705.0 
48729.0  48707.0 
48730.0  48709.0 
48731.0  48711.0 
48733.0  48597.0 
48735.0  48637.0 
48737.0  48733.0 
48738.0  48735.0 
47576.1  47577.10 
