60802.1  60804.0 
60802.1  60805.0 
60802.1  60806.0 
60802.1  60807.0 
60802.1  60808.0 
60802.1  60809.0 
60802.1  60810.0 
60802.1  60811.0 
60802.1  60812.0 
60802.1  60813.0 
60802.1  60814.0 
60802.1  60815.0 
60803.1  60817.0 
60803.1  60805.0 
60803.1  60808.0 
60804.0  59864.0 
60805.0  59865.0 
60806.0  59866.0 
60807.0  59867.0 
60808.0  59868.0 
60809.0  59869.0 
60810.0  59870.0 
60811.0  59871.0 
60814.0  59874.0 
60816.1  60805.0 
60816.1  60818.0 
60816.1  60809.0 
60816.1  60808.0 
60816.1  60814.0 
60816.1  60819.0 
60816.1  60820.0 
60817.0  59877.0 
60818.0  59878.0 
60819.0  59879.0 
60820.0  59880.0 
60801.1  60802.1 
60802.0  60803.0 
60803.0  60816.0 
