52731.1  52733.0 
52731.1  52734.0 
52731.1  52735.0 
52731.1  52736.0 
52731.1  52737.0 
52731.1  52738.0 
52731.1  52739.0 
52731.1  52740.0 
52731.1  52741.0 
52731.1  52742.0 
52731.1  52743.0 
52731.1  52744.0 
52732.1  52746.0 
52732.1  52734.0 
52732.1  52737.0 
52733.0  52713.0 
52734.0  52714.0 
52735.0  52715.0 
52736.0  52716.0 
52737.0  52717.0 
52738.0  52718.0 
52739.0  52719.0 
52740.0  52720.0 
52743.0  52723.0 
52744.0  32387.0 
52745.1  52734.0 
52745.1  52747.0 
52745.1  52738.0 
52745.1  52737.0 
52745.1  52743.0 
52745.1  52748.0 
52745.1  52749.0 
52746.0  52726.0 
52747.0  52727.0 
52748.0  52728.0 
52749.0  52729.0 
52730.1  52731.1 
52731.0  52732.0 
52732.0  52745.0 
