122.1  124.0 
122.1  125.0 
122.1  126.0 
122.1  127.0 
122.1  128.0 
122.1  129.0 
122.1  130.0 
122.1  131.0 
122.1  132.0 
122.1  133.0 
122.1  134.0 
122.1  135.0 
123.1  137.0 
123.1  125.0 
123.1  128.0 
124.0  104.0 
125.0  105.0 
126.0  106.0 
127.0  107.0 
128.0  108.0 
129.0  109.0 
130.0  110.0 
131.0  111.0 
134.0  114.0 
135.0  130.0 
136.1  125.0 
136.1  138.0 
136.1  129.0 
136.1  128.0 
136.1  134.0 
136.1  139.0 
136.1  140.0 
137.0  117.0 
138.0  118.0 
139.0  119.0 
140.0  120.0 
121.1  122.1 
122.0  123.0 
123.0  136.0 
