53525.1  53527.0 
53525.1  53528.0 
53525.1  53529.0 
53525.1  53530.0 
53525.1  53531.0 
53525.1  53532.0 
53525.1  53533.0 
53525.1  53534.0 
53525.1  53535.0 
53525.1  53536.0 
53525.1  53537.0 
53525.1  53538.0 
53526.1  53540.0 
53526.1  53528.0 
53526.1  53531.0 
53527.0  53505.0 
53528.0  53506.0 
53529.0  53507.0 
53530.0  53508.0 
53531.0  53509.0 
53532.0  53510.0 
53533.0  53511.0 
53534.0  53512.0 
53537.0  53515.0 
53538.0  52884.0 
53539.1  53528.0 
53539.1  53541.0 
53539.1  53532.0 
53539.1  53531.0 
53539.1  53537.0 
53539.1  53542.0 
53539.1  53543.0 
53540.0  53518.0 
53541.0  53519.0 
53542.0  53520.0 
53543.0  53521.0 
53524.1  53525.1 
53545.5  53523.5 
53525.0  53526.0 
53526.0  53539.0 
53544.1  53545.5 
