66825.1  66827.0 
66825.1  66828.0 
66825.1  66829.0 
66825.1  66830.0 
66825.1  66831.0 
66825.1  66832.0 
66825.1  66833.0 
66825.1  66834.0 
66825.1  66835.0 
66825.1  66836.0 
66825.1  66837.0 
66825.1  66838.0 
66826.1  66840.0 
66826.1  66828.0 
66826.1  66831.0 
66827.0  65886.0 
66828.0  65887.0 
66829.0  65888.0 
66830.0  65889.0 
66831.0  65890.0 
66832.0  65891.0 
66833.0  65892.0 
66834.0  65893.0 
66837.0  65896.0 
66839.1  66828.0 
66839.1  66841.0 
66839.1  66832.0 
66839.1  66831.0 
66839.1  66837.0 
66839.1  66842.0 
66839.1  66843.0 
66840.0  65899.0 
66841.0  65900.0 
66842.0  65901.0 
66843.0  65902.0 
66824.1  66825.1 
66845.1  66847.0 
66845.1  66848.0 
66845.1  66849.0 
66845.1  66850.0 
66845.1  66828.0 
66845.1  66851.0 
66845.1  66852.0 
66845.1  66853.0 
66845.1  66854.0 
66845.1  66832.0 
66845.1  66855.0 
66845.1  66856.0 
66845.1  66857.0 
66845.1  66858.0 
66845.1  66859.0 
66845.1  66860.0 
66845.1  66861.0 
66845.1  66862.0 
66845.1  66863.0 
66845.1  66864.0 
66845.1  66865.0 
66845.1  66866.0 
66845.1  66867.0 
66845.1  66868.0 
66845.1  66869.0 
66845.1  66831.0 
66845.1  66870.0 
66845.1  66871.0 
66845.1  66872.0 
66845.1  66873.0 
66845.1  66874.0 
66845.1  66875.0 
66845.1  66876.0 
66845.1  66877.0 
66845.1  66878.0 
66845.1  66879.0 
66845.1  66880.0 
66845.1  66881.0 
66845.1  66882.0 
66845.1  66883.0 
66845.1  66884.0 
66845.1  66885.0 
66845.1  66886.0 
66845.1  66887.0 
66845.1  66888.0 
66845.1  66837.0 
66845.1  66889.0 
66845.1  66890.0 
66845.1  66891.0 
66845.1  66892.0 
66845.1  66843.0 
66845.1  66893.0 
66845.1  66894.0 
66845.1  66895.0 
66845.1  66896.0 
66845.1  66897.0 
66845.1  66898.0 
66845.1  66899.0 
66845.1  66900.0 
66845.1  66901.0 
66845.1  66902.0 
66845.1  66903.0 
66845.1  66904.0 
66845.1  66905.0 
66845.1  66906.0 
66845.1  66907.0 
66845.1  66908.0 
66845.1  66909.0 
66845.1  66910.0 
66845.1  66911.0 
66845.1  66912.0 
66845.1  66913.0 
66845.1  66914.0 
66845.1  66915.0 
66845.1  66916.0 
66845.1  66917.0 
66845.1  66918.0 
66845.1  66919.0 
66845.1  66920.0 
66845.1  66921.0 
66845.1  66922.0 
66845.1  66923.0 
66845.1  66924.0 
66845.1  66925.0 
66845.1  66926.0 
66845.1  66927.0 
66845.1  66928.0 
66845.1  66929.0 
66845.1  66930.0 
66845.1  66931.0 
66845.1  66932.0 
66845.1  66933.0 
66845.1  66934.0 
66845.1  66935.0 
66845.1  66936.0 
66845.1  66937.0 
66845.1  66938.0 
66845.1  66939.0 
66845.1  66940.0 
66845.1  66941.0 
66845.1  66942.0 
66845.1  66943.0 
66845.1  66944.0 
66845.1  66945.0 
66845.1  66946.0 
66845.1  66947.0 
66845.1  66948.0 
66845.1  66949.0 
66845.1  66950.0 
66845.1  66951.0 
66845.1  66952.0 
66845.1  66953.0 
66845.1  66954.0 
66845.1  66955.0 
66845.1  66956.0 
66845.1  66957.0 
66845.1  66958.0 
66845.1  66959.0 
66845.1  66960.0 
66845.1  66961.0 
66845.1  66962.0 
66845.1  66963.0 
66845.1  66964.0 
66845.1  66965.0 
66845.1  66966.0 
66845.1  66967.0 
66845.1  66968.0 
66845.1  66969.0 
66845.1  66970.0 
66845.1  66971.0 
66845.1  66972.0 
66845.1  66973.0 
66845.1  66974.0 
66845.1  66975.0 
66845.1  66976.0 
66845.1  66977.0 
66845.1  66978.0 
66845.1  66979.0 
66845.1  66980.0 
66845.1  66981.0 
66845.1  66982.0 
66845.1  66983.0 
66845.1  66984.0 
66845.1  66985.0 
66845.1  66986.0 
66845.1  66987.0 
66845.1  66988.0 
66845.1  66989.0 
66845.1  66990.0 
66845.1  66991.0 
66845.1  66992.0 
66845.1  66993.0 
66845.1  66994.0 
66845.1  66995.0 
66845.1  66996.0 
66845.1  66997.0 
66845.1  66998.0 
66845.1  66999.0 
66845.1  67000.0 
66845.1  67001.0 
66845.1  67002.0 
66845.1  67003.0 
66845.1  67004.0 
66845.1  67005.0 
66845.1  67006.0 
66845.1  66842.0 
66845.1  67007.0 
66845.1  67008.0 
66845.1  67009.0 
66845.1  67010.1 
66845.1  67011.0 
66845.1  67012.0 
66845.1  67013.0 
66845.1  67014.0 
66845.1  67015.0 
66845.1  67016.0 
66845.2  67017.0 
66845.2  67018.0 
66845.2  67019.0 
66845.2  67020.0 
66845.2  67021.0 
66845.2  67022.0 
66845.2  67023.0 
66845.2  67024.0 
66845.2  67025.0 
66845.2  67026.0 
66845.2  67027.0 
66845.2  67028.0 
66845.2  67029.0 
66845.2  67030.0 
66845.2  67031.0 
66845.2  67032.0 
66845.2  67033.0 
66845.2  67034.0 
66845.2  67035.0 
66845.2  67036.0 
66845.2  67037.0 
66845.2  67038.0 
66845.2  67039.0 
66845.2  67040.0 
66845.2  67041.0 
66845.2  67042.0 
66845.2  67043.0 
66845.2  67044.0 
66845.2  67045.0 
66845.2  67046.0 
66845.2  67047.0 
66845.2  66829.0 
66845.2  67048.0 
66845.2  67049.0 
66845.2  67050.0 
66845.2  67051.0 
66845.2  67052.0 
66845.2  67053.0 
66845.2  67054.0 
66845.2  67055.0 
66845.2  67056.0 
66845.2  67057.0 
66845.2  67058.0 
66845.2  66834.0 
66845.2  67059.0 
66845.2  67060.0 
66845.2  67061.0 
66845.2  67062.0 
66845.2  67063.0 
66845.2  67064.0 
66845.2  67065.0 
66845.2  67066.0 
66845.2  67067.0 
66845.2  67068.0 
66845.2  67069.0 
66845.2  67070.0 
66845.2  67071.0 
66845.2  67072.0 
66845.2  67073.0 
66845.2  67074.0 
66845.2  67075.0 
66845.2  67076.0 
66845.2  67077.0 
66845.2  67078.0 
66845.2  67079.0 
66845.2  67080.0 
66845.2  67081.0 
66845.2  67082.0 
66845.2  67083.0 
66845.2  67084.0 
66845.2  67085.0 
66845.2  67086.0 
66845.2  67087.0 
66845.2  67088.0 
66845.2  67089.0 
66845.2  67090.0 
66845.2  67091.0 
66845.2  67092.0 
66845.2  67093.0 
66845.2  67094.0 
66845.2  67095.0 
66845.2  67096.0 
66845.2  67097.0 
66845.2  67098.0 
66845.2  67099.0 
66845.2  67100.0 
66845.2  67101.0 
66845.2  67102.0 
66845.2  67103.0 
66845.2  67104.0 
66845.2  67105.0 
66845.2  67106.0 
66845.2  67107.0 
66845.2  67108.0 
66845.2  67109.0 
66845.2  67110.0 
66845.2  67111.0 
66845.2  67112.0 
66845.2  67113.0 
66845.2  67114.0 
66845.2  67115.0 
66845.2  67116.0 
66845.2  67117.0 
66845.2  67118.0 
66845.2  67119.0 
66845.2  67120.0 
66845.2  67121.0 
66845.2  67122.0 
66845.2  67123.0 
66845.2  67124.0 
66845.2  67125.0 
66845.2  67126.0 
66845.2  67127.0 
66845.2  67128.0 
66845.2  67129.0 
66845.2  67130.0 
66845.2  67131.0 
66845.2  67132.0 
66845.2  67133.0 
66845.2  67134.0 
66845.2  67135.0 
66845.2  67136.0 
66845.2  67137.0 
66845.2  67138.0 
66845.2  67139.0 
66845.2  67140.0 
66845.2  67141.0 
66845.2  67142.0 
66845.2  67143.0 
66845.2  67144.0 
66845.2  67145.0 
66845.2  67146.0 
66845.2  67147.0 
66845.2  67148.0 
66845.2  67149.0 
66845.2  67150.0 
66845.2  67151.0 
66845.2  67152.0 
66845.2  67153.0 
66845.2  67154.0 
66845.2  67155.0 
66845.2  67156.0 
66845.2  67157.0 
66845.2  67158.0 
66845.2  67159.0 
66845.2  67160.0 
66845.2  67161.0 
66845.2  67162.0 
66845.2  67163.0 
66845.2  67164.0 
66845.2  67165.0 
66845.2  67166.0 
66845.2  67167.0 
66845.2  67168.0 
66845.2  67169.0 
66845.2  67170.0 
66845.2  67171.0 
66845.2  67172.0 
66845.2  67173.0 
66845.2  67174.0 
66845.2  67175.1 
66845.2  67176.0 
66845.2  67177.0 
66845.2  67178.0 
66845.2  67179.0 
66845.2  67180.0 
66845.2  67181.0 
66845.2  67182.0 
66845.2  67183.0 
66845.2  67184.0 
66845.2  67185.0 
66845.2  67186.0 
66845.2  67187.0 
66845.2  67188.0 
66845.2  67189.0 
66845.2  67190.16 
66845.2  67191.16 
66845.2  67192.0 
66845.2  67193.0 
66845.2  67194.0 
66845.2  67195.0 
66845.2  67196.0 
66845.2  67197.0 
66845.2  67198.0 
66845.2  67199.0 
66845.2  67200.0 
66845.2  67201.0 
66845.2  67202.0 
66845.2  67203.0 
66845.2  67204.0 
66845.3  67205.0 
66845.3  67206.0 
66845.3  67207.0 
66845.3  67208.0 
66845.3  67209.0 
66845.3  67210.0 
66845.3  67211.0 
66845.3  67212.0 
66845.3  67213.2 
66845.3  67214.0 
66845.3  67215.0 
66845.3  67216.0 
66845.3  67217.0 
66845.3  67218.0 
66845.3  67219.0 
66845.4  67220.0 
66845.4  67221.0 
66845.4  67222.0 
66845.4  67223.0 
66845.4  66824.1 
66845.5  67224.0 
66845.5  67225.0 
66845.5  67226.0 
66845.5  67227.0 
66845.5  67228.0 
66845.5  67229.1 
66845.5  67230.0 
66845.5  67231.32 
66845.5  67232.32 
66845.5  67233.0 
66845.5  67234.2 
66845.6  67235.0 
66845.6  67236.0 
66845.6  67237.0 
66845.6  67238.0 
66845.6  67239.0 
66845.6  67240.0 
66845.6  66833.0 
66845.6  66830.0 
66845.6  67241.0 
66845.6  67242.3 
66845.6  67243.0 
66845.6  67244.0 
66845.6  67245.0 
66845.6  67246.0 
66845.6  67247.0 
66845.6  67248.0 
66845.6  67249.0 
66845.6  67250.0 
66845.6  67251.16 
66845.6  67252.0 
66845.6  67253.0 
66845.7  67254.0 
66845.7  67255.0 
66845.7  67256.38 
66845.7  67257.0 
66845.7  67258.0 
66845.7  67259.1 
66845.7  67260.0 
66845.7  67261.0 
66845.7  67262.0 
66845.7  67263.0 
66845.7  67264.0 
66845.8  67265.0 
66845.8  67266.0 
66845.8  67267.0 
66845.8  67268.0 
66845.8  67269.0 
66845.9  67270.0 
66845.9  67271.0 
66845.9  67272.0 
66845.9  67213.5 
66845.10  67273.0 
66846.1  67275.0 
66846.1  66828.0 
66846.1  66841.0 
66846.1  66832.0 
66846.1  66831.0 
66846.1  66837.0 
66846.1  66842.0 
66846.1  66843.0 
66846.1  67276.1 
66846.1  67277.1 
66846.1  67278.1 
66847.0  65906.0 
66848.0  65907.0 
66849.0  65908.0 
66850.0  65909.0 
66851.0  65910.0 
66852.0  65911.0 
66853.0  65912.0 
66854.0  65913.0 
66855.0  65914.0 
66856.0  65915.0 
66857.0  65916.0 
66858.0  65917.0 
66859.0  65918.0 
66860.0  65919.0 
66861.0  65920.0 
66862.0  65921.0 
66863.0  65922.0 
66864.0  65923.0 
66865.0  65924.0 
66866.0  65925.0 
66867.0  65926.0 
66868.0  65927.0 
66869.0  65928.0 
66870.0  65929.0 
66871.0  65930.0 
66872.0  65931.0 
66873.0  65932.0 
66874.0  65933.0 
66875.0  65934.0 
66876.0  65935.0 
66877.0  65936.0 
66878.0  65937.0 
66879.0  65938.0 
66880.0  65939.0 
66881.0  65940.0 
66882.0  65941.0 
66883.0  65942.0 
66884.0  65943.0 
66885.0  65944.0 
66886.0  65945.0 
66887.0  65946.0 
66888.0  65947.0 
66889.0  65948.0 
66890.0  65949.0 
66891.0  65950.0 
66892.0  65951.0 
66893.0  65952.0 
66894.0  65953.0 
66895.0  65954.0 
66896.0  65955.0 
66897.0  65956.0 
66898.0  65957.0 
66899.0  65958.0 
66900.0  65959.0 
66901.0  65960.0 
66902.0  65961.0 
66903.0  65962.0 
66904.0  65963.0 
66905.0  65964.0 
66906.0  65965.0 
66907.0  65966.0 
66908.0  65967.0 
66909.0  65968.0 
66910.0  65969.0 
66911.0  65970.0 
66912.0  65971.0 
66913.0  65972.0 
66914.0  65973.0 
66915.0  65974.0 
66916.0  65975.0 
66917.0  65976.0 
66918.0  65977.0 
66919.0  65978.0 
66920.0  65979.0 
66921.0  65980.0 
66922.0  65981.0 
66923.0  65982.0 
66924.0  65983.0 
66925.0  65984.0 
66926.0  65985.0 
66927.0  65986.0 
66928.0  65987.0 
66929.0  65988.0 
66930.0  65989.0 
66931.0  65990.0 
66932.0  65991.0 
66933.0  65992.0 
66934.0  65993.0 
66935.0  65994.0 
66936.0  65995.0 
66937.0  65996.0 
66938.0  65997.0 
66939.0  65998.0 
66940.0  65999.0 
66941.0  66000.0 
66942.0  66001.0 
66943.0  66002.0 
66944.0  66003.0 
66945.0  66004.0 
66946.0  66005.0 
66947.0  66006.0 
66948.0  66007.0 
66949.0  66008.0 
66950.0  66009.0 
66951.0  66010.0 
66952.0  66011.0 
66953.0  66012.0 
66954.0  66013.0 
66955.0  66014.0 
66956.0  66015.0 
66957.0  66016.0 
66958.0  66017.0 
66959.0  66018.0 
66960.0  66019.0 
66961.0  66020.0 
66962.0  66021.0 
66963.0  66022.0 
66964.0  66023.0 
66965.0  66024.0 
66966.0  66025.0 
66967.0  66026.0 
66968.0  66027.0 
66969.0  66028.0 
66970.0  66029.0 
66971.0  66030.0 
66972.0  66031.0 
66973.0  66032.0 
66974.0  66033.0 
66975.0  66034.0 
66976.0  66035.0 
66977.0  66036.0 
66978.0  66037.0 
66979.0  66038.0 
66980.0  66039.0 
66981.0  66040.0 
66982.0  66041.0 
66983.0  66042.0 
66984.0  66043.0 
66985.0  66044.0 
66986.0  66045.0 
66987.0  66046.0 
66988.0  66047.0 
66989.0  66048.0 
66990.0  66049.0 
66991.0  66050.0 
66992.0  66051.0 
66993.0  66052.0 
66994.0  66053.0 
66995.0  66054.0 
66996.0  66055.0 
66997.0  66056.0 
66998.0  66057.0 
66999.0  66058.0 
67000.0  66059.0 
67001.0  66060.0 
67002.0  66061.0 
67003.0  66062.0 
67004.0  66063.0 
67005.0  66064.0 
67006.0  66065.0 
67007.0  66066.0 
67008.0  66067.0 
67009.0  66068.0 
67010.1  67279.17 
67011.0  66070.0 
67012.0  66071.0 
67013.0  66072.0 
67014.0  66073.0 
67015.0  66074.0 
67016.0  66075.0 
67017.0  66076.0 
67018.0  66077.0 
67019.0  66078.0 
67020.0  66079.0 
67021.0  66080.0 
67022.0  66081.0 
67023.0  66082.0 
67024.0  66083.0 
67025.0  66084.0 
67026.0  66085.0 
67027.0  66086.0 
67028.0  66087.0 
67029.0  66088.0 
67030.0  66089.0 
67031.0  66090.0 
67032.0  66091.0 
67033.0  66092.0 
67034.0  66093.0 
67035.0  66094.0 
67036.0  66095.0 
67037.0  66096.0 
67038.0  66097.0 
67039.0  66098.0 
67040.0  66099.0 
67041.0  66100.0 
67042.0  66101.0 
67043.0  66102.0 
67044.0  66103.0 
67045.0  66104.0 
67046.0  66105.0 
67047.0  66106.0 
67048.0  66107.0 
67049.0  66108.0 
67050.0  66109.0 
67051.0  66110.0 
67052.0  66111.0 
67053.0  66112.0 
67054.0  66113.0 
67055.0  66114.0 
67056.0  66115.0 
67057.0  66116.0 
67058.0  66117.0 
67060.0  66119.0 
67061.0  66120.0 
67062.0  66121.0 
67063.0  66122.0 
67064.0  66123.0 
67065.0  66124.0 
67066.0  66125.0 
67067.0  66126.0 
67068.0  66127.0 
67069.0  66128.0 
67070.0  66129.0 
67071.0  66130.0 
67072.0  66131.0 
67073.0  66132.0 
67074.0  66133.0 
67075.0  66134.0 
67076.0  66135.0 
67077.0  66136.0 
67078.0  66137.0 
67079.0  66138.0 
67080.0  66139.0 
67081.0  66140.0 
67082.0  66141.0 
67083.0  66142.0 
67084.0  66143.0 
67085.0  66144.0 
67086.0  66145.0 
67087.0  66146.0 
67088.0  66147.0 
67089.0  66148.0 
67090.0  66149.0 
67091.0  66150.0 
67092.0  66151.0 
67093.0  66152.0 
67094.0  66153.0 
67095.0  66154.0 
67096.0  66155.0 
67097.0  66156.0 
67098.0  66157.0 
67099.0  66158.0 
67100.0  66159.0 
67101.0  66160.0 
67102.0  66161.0 
67103.0  66162.0 
67104.0  66163.0 
67105.0  66164.0 
67106.0  66165.0 
67107.0  66166.0 
67108.0  66167.0 
67109.0  66168.0 
67110.0  66169.0 
67111.0  66170.0 
67112.0  66171.0 
67113.0  66172.0 
67114.0  66173.0 
67115.0  66174.0 
67116.0  66175.0 
67117.0  66176.0 
67118.0  66177.0 
67119.0  66178.0 
67120.0  66179.0 
67121.0  66180.0 
67122.0  66181.0 
67123.0  66182.0 
67124.0  66183.0 
67125.0  66184.0 
67126.0  66185.0 
67127.0  66186.0 
67128.0  66187.0 
67129.0  66188.0 
67130.0  66189.0 
67131.0  66190.0 
67132.0  66191.0 
67133.0  66192.0 
67134.0  66193.0 
67135.0  66194.0 
67136.0  66195.0 
67137.0  66196.0 
67138.0  66197.0 
67139.0  66198.0 
67140.0  66199.0 
67141.0  66200.0 
67142.0  66201.0 
67143.0  66202.0 
67144.0  66203.0 
67145.0  66204.0 
67146.0  66205.0 
67147.0  66206.0 
67148.0  66207.0 
67149.0  66208.0 
67150.0  66209.0 
67151.0  66210.0 
67152.0  66211.0 
67153.0  66212.0 
67154.0  66213.0 
67155.0  66214.0 
67156.0  66215.0 
67157.0  66216.0 
67158.0  66217.0 
67159.0  66218.0 
67160.0  66219.0 
67161.0  66220.0 
67162.0  66221.0 
67163.0  66222.0 
67164.0  66223.0 
67165.0  66224.0 
67166.0  66225.0 
67167.0  66226.0 
67168.0  66227.0 
67169.0  66228.0 
67170.0  66229.0 
67171.0  66230.0 
67172.0  66231.0 
67173.0  66232.0 
67174.0  66233.0 
67175.1  67279.15 
67176.0  66235.0 
67177.0  66236.0 
67178.0  66237.0 
67179.0  66238.0 
67180.0  66239.0 
67181.0  66240.0 
67182.0  66241.0 
67183.0  66242.0 
67184.0  66243.0 
67185.0  66244.0 
67186.0  66245.0 
67187.0  66246.0 
67188.0  66247.0 
67189.0  66248.0 
67190.16  67279.16 
67190.16  66249.16 
67191.16  67279.16 
67191.16  66250.16 
67192.0  66251.0 
67193.0  66252.0 
67194.0  66253.0 
67195.0  66254.0 
67196.0  66255.0 
67197.0  66256.0 
67198.0  66257.0 
67199.0  66258.0 
67200.0  66259.0 
67201.0  66260.0 
67202.0  66261.0 
67203.0  66262.0 
67204.0  66263.0 
67205.0  66264.0 
67206.0  66265.0 
67207.0  66266.0 
67208.0  66267.0 
67209.0  66268.0 
67210.0  66269.0 
67211.0  66270.0 
67212.0  66271.0 
67213.1  66845.1 
67213.2  66845.2 
67213.3  66845.3 
67213.4  66845.4 
67213.5  66845.8 
67213.6  66845.9 
67214.0  66273.0 
67215.0  66274.0 
67216.0  66275.0 
67217.0  66276.0 
67218.0  66277.0 
67219.0  66278.0 
67220.0  66279.0 
67221.0  66280.0 
67222.0  66281.0 
67223.0  66282.0 
67224.0  66283.0 
67225.0  66284.0 
67226.0  66285.0 
67227.0  66286.0 
67228.0  66287.0 
67229.1  67279.17 
67230.0  66289.0 
67231.32  67279.17 
67231.32  66290.32 
67231.33  66845.5 
67232.32  67279.17 
67232.32  66291.32 
67232.33  66845.7 
67233.0  66292.0 
67234.2  66293.2 
67235.0  66294.0 
67236.0  66295.0 
67237.0  66296.0 
67238.0  66297.0 
67239.0  66298.0 
67240.0  66299.0 
67241.0  66300.0 
67242.1  67280.1 
67242.2  67281.1 
67242.3  67282.1 
67243.0  66302.0 
67244.0  66303.0 
67245.0  66304.0 
67246.0  66305.0 
67247.0  66306.0 
67248.0  66307.0 
67249.0  66308.0 
67250.0  66309.0 
67251.16  66310.16 
67251.17  66845.6 
67252.0  66311.0 
67253.0  66312.0 
67254.0  66313.0 
67255.0  66314.0 
67256.36  67279.10 
67256.37  67279.13 
67256.38  67279.16 
67256.38  66315.38 
67257.0  66316.0 
67259.1  67283.1 
67260.0  66319.0 
67261.0  66320.0 
67263.0  66322.0 
67264.0  66323.0 
67265.0  66324.0 
67266.0  66325.0 
67267.0  66326.0 
67268.0  66327.0 
67269.0  66328.0 
67270.0  66329.0 
67271.0  66330.0 
67272.0  66331.0 
67273.0  66332.0 
67274.1  67285.0 
67274.1  66828.0 
67274.1  66841.0 
67274.1  66832.0 
67274.1  66831.0 
67274.1  66837.0 
67274.1  66842.0 
67274.1  66843.0 
67274.1  67286.1 
67274.1  67287.1 
67274.1  67288.1 
67274.1  67289.1 
67274.1  67290.1 
67275.0  66334.0 
67276.1  67291.1 
67277.1  67292.1 
67278.1  67293.1 
67279.11  66353.0 
67279.12  67294.0 
67279.13  66315.36 
67279.14  66272.9 
67279.15  66354.0 
67279.16  66315.37 
67279.17  67295.1 
67279.18  66272.10 
67279.18  65904.18 
67280.1  67296.0 
67280.1  66828.0 
67280.1  67297.0 
67280.1  67298.0 
67280.1  66831.0 
67280.1  67299.0 
67280.1  66829.0 
67280.1  67300.0 
67280.1  66832.0 
67280.1  66834.0 
67280.1  67301.0 
67280.1  66837.0 
67280.1  67302.2 
67281.1  67304.0 
67281.1  66828.0 
67281.1  67297.0 
67281.1  67298.0 
67281.1  66829.0 
67281.1  66831.0 
67281.1  67299.0 
67281.1  66832.0 
67281.1  67300.0 
67281.1  66834.0 
67281.1  67305.0 
67281.1  66837.0 
67281.1  67242.1 
67282.1  67306.0 
67282.1  66828.0 
67282.1  66831.0 
67282.1  67242.2 
67283.1  67308.0 
67283.1  66828.0 
67283.1  67309.0 
67283.1  66831.0 
67283.1  66837.0 
67283.1  66843.0 
67283.1  66888.0 
67283.1  67310.5 
67283.1  67310.6 
67283.1  67310.7 
67284.1  66840.0 
67284.1  66828.0 
67284.1  66831.0 
67285.0  66344.0 
67286.1  67311.1 
67287.1  67312.1 
67288.1  67313.1 
67289.1  67314.1 
67290.1  67315.1 
67291.1  67316.0 
67291.1  66828.0 
67291.1  66831.0 
67291.1  66837.0 
67292.1  67317.0 
67292.1  66828.0 
67292.1  66831.0 
67292.1  66837.0 
67293.1  67319.0 
67293.1  66828.0 
67293.1  66831.0 
67294.0  65881.0 
67295.1  67279.13 
67296.0  66356.0 
67297.0  66357.0 
67298.0  66358.0 
67299.0  66359.0 
67300.0  66360.0 
67302.1  67320.1 
67302.2  67321.1 
67303.1  67323.0 
67303.1  66828.0 
67303.1  66841.0 
67303.1  66832.0 
67303.1  66831.0 
67303.1  66837.0 
67303.1  66842.0 
67303.1  66843.0 
67303.1  66893.0 
67303.1  66894.0 
67303.1  66895.0 
67303.1  67324.1 
67303.1  67325.1 
67303.2  67326.1 
67303.3  67327.1 
67304.0  66364.0 
67306.0  66366.0 
67307.1  67328.0 
67307.1  66828.0 
67307.1  66841.0 
67307.1  66832.0 
67307.1  66831.0 
67307.1  66837.0 
67307.1  66842.0 
67307.1  66843.0 
67308.0  66368.0 
67309.0  66369.0 
67310.1  67329.1 
67310.2  67329.2 
67310.3  67329.3 
67310.4  67329.4 
67310.5  67329.5 
67310.6  67329.6 
67310.7  67329.7 
67311.1  67317.0 
67311.1  66828.0 
67311.1  66831.0 
67311.1  66837.0 
67312.1  67316.0 
67312.1  66828.0 
67312.1  66831.0 
67312.1  66837.0 
67313.1  67330.0 
67313.1  66828.0 
67313.1  66831.0 
67313.1  66837.0 
67314.1  67330.0 
67314.1  66828.0 
67314.1  66831.0 
67314.1  66837.0 
67315.1  67330.0 
67315.1  66828.0 
67315.1  66831.0 
67315.1  66837.0 
67316.0  66376.0 
67317.0  66377.0 
67319.0  66379.0 
67320.1  67296.0 
67320.1  66828.0 
67320.1  67297.0 
67320.1  67298.0 
67320.1  66831.0 
67320.1  67299.0 
67320.1  66829.0 
67320.1  67300.0 
67320.1  66832.0 
67320.1  66834.0 
67320.1  67332.0 
67320.1  66837.0 
67320.1  67333.1 
67321.1  67304.0 
67321.1  66828.0 
67321.1  67297.0 
67321.1  67298.0 
67321.1  66829.0 
67321.1  66831.0 
67321.1  67299.0 
67321.1  66832.0 
67321.1  67300.0 
67321.1  66834.0 
67321.1  67335.0 
67321.1  66837.0 
67321.1  67302.1 
67322.1  67304.0 
67322.1  66828.0 
67322.1  67297.0 
67322.1  67298.0 
67322.1  66829.0 
67322.1  66831.0 
67322.1  67299.0 
67322.1  66832.0 
67322.1  67300.0 
67322.1  66834.0 
67322.1  67336.0 
67322.1  66837.0 
67323.0  66383.0 
67324.1  67337.0 
67325.1  67338.1 
67326.1  67339.1 
67327.1  67340.1 
67328.0  66388.0 
67329.1  67341.0 
67329.1  66828.0 
67329.1  67342.0 
67329.1  66832.0 
67329.1  66831.0 
67329.1  67343.0 
67329.1  66837.0 
67329.1  67344.0 
67329.1  67345.0 
67329.1  66842.0 
67329.1  67346.0 
67329.1  67347.0 
67329.1  67348.0 
67329.1  66843.0 
67329.1  67349.0 
67329.1  67350.0 
67329.1  67351.0 
67329.1  67352.0 
67329.1  67353.0 
67329.1  67354.0 
67329.1  67355.0 
67329.1  67356.0 
67329.1  67357.0 
67329.1  67358.0 
67329.1  67359.0 
67329.1  67360.0 
67329.1  67361.0 
67329.1  67362.0 
67329.1  67363.0 
67329.1  67364.0 
67329.1  67365.0 
67329.1  67366.0 
67329.1  67367.0 
67329.1  67368.0 
67329.1  67369.0 
67329.1  67370.0 
67329.1  67371.0 
67329.1  67372.0 
67329.1  67373.0 
67329.1  67374.0 
67329.1  67375.0 
67329.1  67376.0 
67329.1  67377.0 
67329.1  67378.0 
67329.1  67379.0 
67329.1  67380.0 
67329.1  67381.0 
67329.1  67382.0 
67329.1  67383.0 
67329.1  67384.0 
67329.1  67385.0 
67329.1  67386.0 
67329.1  67387.0 
67329.1  67388.0 
67329.1  67389.0 
67329.1  67390.0 
67329.1  67391.0 
67329.1  67392.0 
67329.1  67393.0 
67329.1  67394.0 
67329.1  67395.0 
67329.1  67396.0 
67329.1  67397.0 
67329.1  67398.0 
67329.1  67399.0 
67329.1  67400.0 
67329.1  67401.0 
67329.1  67402.0 
67329.1  67403.0 
67329.1  67404.0 
67329.1  67405.0 
67329.1  67406.0 
67329.1  67407.0 
67329.1  67408.0 
67329.1  67409.0 
67329.1  67410.0 
67329.1  67411.0 
67329.1  67412.0 
67329.1  67413.0 
67329.1  67414.0 
67329.1  67415.0 
67329.1  67416.0 
67329.1  67417.0 
67329.1  67418.0 
67329.1  67419.0 
67329.1  67420.0 
67329.2  67421.0 
67329.2  67422.0 
67329.2  67423.0 
67329.2  67424.0 
67329.2  67425.0 
67329.2  67426.0 
67329.2  67427.0 
67329.2  67428.0 
67329.2  67429.0 
67329.2  67430.0 
67329.2  67431.0 
67329.2  67432.0 
67329.2  67433.0 
67329.2  67434.0 
67329.2  67435.0 
67329.2  67436.0 
67329.2  67437.0 
67329.2  67438.0 
67329.2  67439.0 
67329.2  67440.0 
67329.2  67441.0 
67329.2  67442.0 
67329.2  67443.0 
67329.2  67444.0 
67329.2  67445.0 
67329.2  67446.0 
67329.2  67447.0 
67329.2  67448.0 
67329.2  67449.0 
67329.2  67450.0 
67329.2  67451.0 
67329.2  67452.0 
67329.2  67453.0 
67329.2  67454.0 
67329.2  67455.0 
67329.2  67456.0 
67329.2  67457.0 
67329.2  67458.0 
67329.2  67459.0 
67329.2  67460.0 
67329.2  67461.0 
67329.2  67462.0 
67329.2  67463.0 
67329.2  67464.0 
67329.2  67465.0 
67329.2  67466.0 
67329.2  67467.0 
67329.2  67468.0 
67329.2  67469.0 
67329.2  67470.0 
67329.2  67471.0 
67329.2  67472.0 
67329.2  67473.0 
67329.2  67474.0 
67329.2  67475.0 
67329.2  67476.0 
67329.2  67477.0 
67329.2  67478.0 
67329.2  67479.0 
67329.2  67480.0 
67329.2  67481.0 
67329.2  67482.0 
67329.2  67483.0 
67329.2  67484.0 
67329.2  67485.0 
67329.2  67486.0 
67329.2  67487.0 
67329.2  67488.0 
67329.2  67489.0 
67329.2  67490.0 
67329.2  67491.0 
67329.2  67492.0 
67329.2  67493.0 
67329.2  67494.0 
67329.2  67495.0 
67329.2  67496.0 
67329.2  67497.0 
67329.2  67498.0 
67329.3  67499.0 
67329.3  67500.0 
67329.3  67501.0 
67329.3  67502.0 
67329.3  67503.0 
67329.3  67504.0 
67329.3  67505.0 
67329.3  67506.0 
67329.3  67507.0 
67329.3  67508.0 
67329.3  67509.0 
67329.3  67510.0 
67329.3  67511.0 
67329.3  67512.0 
67329.3  67513.0 
67329.3  67514.0 
67329.3  67515.0 
67329.3  67516.0 
67329.3  67517.0 
67329.3  67518.0 
67329.3  67519.0 
67329.3  67520.0 
67329.3  67521.0 
67329.3  67522.0 
67329.3  67523.0 
67329.3  67524.0 
67329.3  67525.0 
67329.3  67526.0 
67329.3  67527.0 
67329.3  67528.0 
67329.3  67529.0 
67329.3  67530.0 
67329.3  67531.0 
67329.3  67532.0 
67329.3  67533.0 
67329.3  67534.0 
67329.3  67535.0 
67329.3  67536.0 
67329.3  67537.0 
67329.3  67538.0 
67329.3  67539.0 
67329.3  67540.0 
67329.3  67541.0 
67329.3  67542.0 
67329.3  67543.0 
67329.3  67544.0 
67329.3  67545.0 
67329.3  67546.0 
67329.3  67547.0 
67329.3  67548.0 
67329.3  67549.0 
67329.3  67550.0 
67329.3  67551.0 
67329.3  67552.0 
67329.3  67553.0 
67329.3  67554.0 
67329.3  67555.0 
67329.3  67556.0 
67329.3  67557.0 
67329.3  67558.0 
67329.3  67559.0 
67329.3  67560.0 
67329.3  67561.0 
67329.3  67562.0 
67329.3  67563.0 
67329.3  67564.0 
67329.3  67565.0 
67329.3  67566.0 
67329.3  67567.0 
67329.3  67568.0 
67329.3  67569.0 
67329.3  67570.0 
67329.3  67571.0 
67329.3  67572.0 
67329.3  67573.0 
67329.3  67574.0 
67329.3  67575.0 
67329.3  67576.0 
67329.3  67577.0 
67329.4  67578.0 
67329.4  67579.0 
67329.4  67580.0 
67329.4  67581.0 
67329.4  67582.0 
67329.4  67583.0 
67329.4  67584.0 
67329.4  67585.0 
67329.4  67586.0 
67329.4  67587.0 
67329.4  67588.0 
67329.4  67589.0 
67329.4  67590.0 
67329.4  67591.0 
67329.4  67592.0 
67329.4  67593.0 
67329.4  67594.0 
67329.4  67595.0 
67329.4  67596.0 
67329.4  67597.0 
67329.4  67598.0 
67329.4  67599.0 
67329.4  67600.0 
67329.4  67601.0 
67329.4  67602.0 
67329.4  67603.0 
67329.4  67604.0 
67329.4  67605.0 
67329.4  67606.0 
67329.4  67607.0 
67329.4  67608.0 
67329.4  67609.0 
67329.4  67610.0 
67329.4  67611.0 
67329.4  67612.0 
67329.4  67613.0 
67329.4  67614.0 
67329.4  67615.0 
67329.4  67616.0 
67329.5  67617.0 
67329.5  67618.0 
67329.5  67619.0 
67329.5  67620.0 
67329.5  67621.0 
67329.5  67622.0 
67329.5  67623.0 
67329.5  67624.0 
67329.5  67625.0 
67329.5  67626.0 
67329.5  67627.0 
67329.5  67628.0 
67329.5  67629.0 
67329.5  67630.0 
67329.5  67631.0 
67329.5  67632.0 
67329.5  67633.0 
67329.5  67634.0 
67329.5  67635.0 
67329.5  67636.0 
67329.5  67637.0 
67329.5  67638.0 
67329.5  67639.0 
67329.5  67640.0 
67329.5  67641.0 
67329.5  67642.0 
67329.5  67643.0 
67329.5  67644.0 
67329.5  67645.0 
67329.5  67646.0 
67329.5  67647.0 
67329.5  67648.0 
67329.5  67649.0 
67329.5  67650.0 
67329.5  67651.0 
67329.5  67652.0 
67329.5  67653.0 
67329.5  67654.0 
67329.5  67655.0 
67329.5  67656.0 
67329.5  67657.0 
67329.5  67658.0 
67329.5  67659.0 
67329.5  67660.0 
67329.5  67661.0 
67329.5  67662.0 
67329.5  67663.0 
67329.5  67664.0 
67329.6  67665.0 
67329.6  67666.0 
67329.6  67667.0 
67329.6  67668.0 
67329.6  67669.0 
67329.6  67670.0 
67329.6  67671.0 
67329.6  67672.0 
67329.6  67673.0 
67329.6  67674.0 
67329.6  67675.0 
67329.6  67676.0 
67329.6  67677.0 
67329.6  67678.0 
67329.6  67679.0 
67329.6  67680.0 
67329.6  67681.0 
67329.6  67682.0 
67329.6  67683.0 
67329.6  67684.0 
67329.6  67685.0 
67329.6  67686.0 
67329.6  67687.0 
67329.6  67688.0 
67329.6  67689.0 
67329.6  67690.0 
67329.6  67691.0 
67329.7  67692.0 
67329.7  67693.0 
67329.7  67694.0 
67329.7  67695.0 
67329.7  67696.0 
67329.7  67697.0 
67329.7  67698.0 
67329.7  67699.0 
67329.7  67700.0 
67329.7  67701.0 
67329.7  67702.0 
67329.7  67703.0 
67329.7  67704.0 
67329.7  67705.0 
67329.7  67706.0 
67329.7  67707.0 
67329.7  67708.0 
67329.7  67709.0 
67329.7  67710.0 
67329.7  67711.0 
67329.7  67712.0 
67329.7  67713.0 
67329.7  67714.0 
67329.7  67715.0 
67329.7  67716.0 
67329.7  67717.0 
67329.7  67718.0 
67329.7  67719.0 
67329.7  67720.0 
67329.7  67721.0 
67329.7  67722.0 
67329.7  67723.0 
67329.7  67724.0 
67329.7  67725.0 
67329.7  67726.0 
67329.7  67727.0 
67329.7  67728.0 
67329.7  67729.0 
67329.7  67730.0 
67329.7  67731.0 
67329.7  67732.0 
67330.0  66390.0 
67331.1  66794.0 
67331.1  65887.0 
67331.1  65900.0 
67331.1  65891.0 
67331.1  65890.0 
67331.1  65896.0 
67331.1  65901.0 
67331.1  65902.0 
67331.1  65952.0 
67331.1  65953.0 
67331.1  65954.0 
67331.1  67734.1 
67331.1  67735.1 
67331.1  65947.0 
67331.1  65959.0 
67331.1  67736.1 
67333.1  67737.1 
67334.1  65898.1 
67338.1  67739.0 
67338.1  66828.0 
67338.1  66831.0 
67338.1  66837.0 
67338.1  66843.0 
67338.1  67740.1 
67339.1  67739.0 
67339.1  66828.0 
67339.1  66831.0 
67339.1  66837.0 
67339.1  66843.0 
67339.1  67742.1 
67340.1  67739.0 
67340.1  66828.0 
67340.1  66831.0 
67340.1  66837.0 
67340.1  66843.0 
67340.1  67744.1 
67341.0  66401.0 
67342.0  66402.0 
67343.0  66403.0 
67345.0  66405.0 
67346.0  66406.0 
67347.0  66407.0 
67348.0  66408.0 
67349.0  66409.0 
67350.0  66410.0 
67351.0  66411.0 
67352.0  66412.0 
67353.0  66413.0 
67354.0  66414.0 
67355.0  66415.0 
67356.0  66416.0 
67357.0  66417.0 
67358.0  66418.0 
67359.0  66419.0 
67360.0  66420.0 
67361.0  66421.0 
67362.0  66422.0 
67363.0  66423.0 
67364.0  66424.0 
67365.0  66425.0 
67366.0  66426.0 
67367.0  66427.0 
67368.0  66428.0 
67369.0  66429.0 
67370.0  66430.0 
67371.0  66431.0 
67372.0  66432.0 
67373.0  66433.0 
67374.0  66434.0 
67375.0  66435.0 
67376.0  66436.0 
67377.0  66437.0 
67378.0  66438.0 
67379.0  66439.0 
67380.0  66440.0 
67381.0  66441.0 
67382.0  66442.0 
67383.0  66443.0 
67384.0  66444.0 
67385.0  66445.0 
67386.0  66446.0 
67387.0  66447.0 
67388.0  66448.0 
67389.0  66449.0 
67390.0  66450.0 
67391.0  66451.0 
67392.0  66452.0 
67393.0  66453.0 
67394.0  66454.0 
67395.0  66455.0 
67396.0  66456.0 
67397.0  66457.0 
67398.0  66458.0 
67399.0  66459.0 
67400.0  66460.0 
67401.0  66461.0 
67402.0  66462.0 
67403.0  66463.0 
67404.0  66464.0 
67405.0  66465.0 
67406.0  66466.0 
67407.0  66467.0 
67408.0  66468.0 
67409.0  66469.0 
67410.0  66470.0 
67411.0  66471.0 
67412.0  66472.0 
67413.0  66473.0 
67414.0  66474.0 
67415.0  66475.0 
67416.0  66476.0 
67417.0  66477.0 
67418.0  66478.0 
67419.0  66479.0 
67420.0  66480.0 
67421.0  66481.0 
67422.0  66482.0 
67423.0  66483.0 
67424.0  66484.0 
67425.0  66485.0 
67426.0  66486.0 
67427.0  66487.0 
67428.0  66488.0 
67429.0  66489.0 
67430.0  66490.0 
67431.0  66491.0 
67432.0  66492.0 
67433.0  66493.0 
67434.0  66494.0 
67435.0  66495.0 
67436.0  66496.0 
67437.0  66497.0 
67438.0  66498.0 
67439.0  66499.0 
67440.0  66500.0 
67441.0  66501.0 
67442.0  66502.0 
67443.0  66503.0 
67444.0  66504.0 
67445.0  66505.0 
67446.0  66506.0 
67447.0  66507.0 
67448.0  66508.0 
67449.0  66509.0 
67450.0  66510.0 
67451.0  66511.0 
67452.0  66512.0 
67453.0  66513.0 
67454.0  66514.0 
67455.0  66515.0 
67456.0  66516.0 
67457.0  66517.0 
67458.0  66518.0 
67459.0  66519.0 
67460.0  66520.0 
67461.0  66521.0 
67462.0  66522.0 
67463.0  66523.0 
67464.0  66524.0 
67465.0  66525.0 
67466.0  66526.0 
67467.0  66527.0 
67468.0  66528.0 
67469.0  66529.0 
67470.0  66530.0 
67471.0  66531.0 
67472.0  66532.0 
67473.0  66533.0 
67474.0  66534.0 
67475.0  66535.0 
67476.0  66536.0 
67477.0  66537.0 
67478.0  66538.0 
67479.0  66539.0 
67480.0  66540.0 
67481.0  66541.0 
67482.0  66542.0 
67483.0  66543.0 
67484.0  66544.0 
67485.0  66545.0 
67486.0  66546.0 
67487.0  66547.0 
67488.0  66548.0 
67489.0  66549.0 
67490.0  66550.0 
67491.0  66551.0 
67492.0  66552.0 
67493.0  66553.0 
67494.0  66554.0 
67495.0  66555.0 
67496.0  66556.0 
67497.0  66557.0 
67498.0  66558.0 
67499.0  66559.0 
67500.0  66560.0 
67501.0  66561.0 
67502.0  66562.0 
67503.0  66563.0 
67504.0  66564.0 
67505.0  66565.0 
67506.0  66566.0 
67507.0  66567.0 
67508.0  66568.0 
67509.0  66569.0 
67510.0  66570.0 
67511.0  66571.0 
67512.0  66572.0 
67513.0  66573.0 
67514.0  66574.0 
67515.0  66575.0 
67516.0  66576.0 
67517.0  66577.0 
67518.0  66578.0 
67519.0  66579.0 
67520.0  66580.0 
67521.0  66581.0 
67522.0  66582.0 
67523.0  66583.0 
67524.0  66584.0 
67525.0  66585.0 
67526.0  66586.0 
67527.0  66587.0 
67528.0  66588.0 
67529.0  66589.0 
67530.0  66590.0 
67531.0  66591.0 
67532.0  66592.0 
67533.0  66593.0 
67534.0  66594.0 
67535.0  66595.0 
67536.0  66596.0 
67537.0  66597.0 
67538.0  66598.0 
67539.0  66599.0 
67540.0  66600.0 
67541.0  66601.0 
67542.0  66602.0 
67543.0  66603.0 
67544.0  66604.0 
67545.0  66605.0 
67546.0  66606.0 
67548.0  66608.0 
67549.0  66609.0 
67550.0  66610.0 
67551.0  66611.0 
67552.0  66612.0 
67553.0  66613.0 
67554.0  66614.0 
67555.0  66615.0 
67556.0  66616.0 
67557.0  66617.0 
67558.0  66618.0 
67559.0  66619.0 
67560.0  66620.0 
67561.0  66621.0 
67562.0  66622.0 
67563.0  66623.0 
67564.0  66624.0 
67565.0  66625.0 
67566.0  66626.0 
67567.0  66627.0 
67568.0  66628.0 
67569.0  66629.0 
67570.0  66630.0 
67571.0  66631.0 
67572.0  66632.0 
67573.0  66633.0 
67574.0  66634.0 
67575.0  66635.0 
67576.0  66636.0 
67577.0  66637.0 
67578.0  66638.0 
67579.0  66639.0 
67580.0  66640.0 
67581.0  66641.0 
67582.0  66642.0 
67583.0  66643.0 
67584.0  66644.0 
67585.0  66645.0 
67586.0  66646.0 
67587.0  66647.0 
67588.0  66648.0 
67589.0  66649.0 
67590.0  66650.0 
67591.0  66651.0 
67592.0  66652.0 
67593.0  66653.0 
67594.0  66654.0 
67595.0  66655.0 
67596.0  66656.0 
67597.0  66657.0 
67598.0  66658.0 
67599.0  66659.0 
67600.0  66660.0 
67601.0  66661.0 
67602.0  66662.0 
67603.0  66663.0 
67604.0  66664.0 
67605.0  66665.0 
67606.0  66666.0 
67607.0  66667.0 
67608.0  66668.0 
67609.0  66669.0 
67610.0  66670.0 
67611.0  66671.0 
67612.0  66672.0 
67613.0  66673.0 
67614.0  66674.0 
67615.0  66675.0 
67616.0  66676.0 
67617.0  66677.0 
67618.0  66678.0 
67619.0  66679.0 
67620.0  66680.0 
67621.0  66681.0 
67622.0  66682.0 
67623.0  66683.0 
67624.0  66684.0 
67625.0  66685.0 
67626.0  66686.0 
67627.0  66687.0 
67628.0  66688.0 
67629.0  66689.0 
67630.0  66690.0 
67631.0  66691.0 
67632.0  66692.0 
67633.0  66693.0 
67634.0  66694.0 
67635.0  66695.0 
67636.0  66696.0 
67637.0  66697.0 
67638.0  66698.0 
67639.0  66699.0 
67640.0  66700.0 
67641.0  66701.0 
67642.0  66702.0 
67643.0  66703.0 
67644.0  66704.0 
67645.0  66705.0 
67646.0  66706.0 
67647.0  66707.0 
67648.0  66708.0 
67649.0  66709.0 
67650.0  66710.0 
67651.0  66711.0 
67652.0  66712.0 
67653.0  66713.0 
67654.0  66714.0 
67655.0  66715.0 
67656.0  66716.0 
67657.0  66717.0 
67658.0  66718.0 
67659.0  66719.0 
67660.0  66720.0 
67661.0  66721.0 
67662.0  66722.0 
67663.0  66723.0 
67664.0  66724.0 
67665.0  66725.0 
67666.0  66726.0 
67667.0  66727.0 
67668.0  66728.0 
67669.0  66729.0 
67670.0  66730.0 
67671.0  66731.0 
67672.0  66732.0 
67673.0  66733.0 
67674.0  66734.0 
67675.0  66735.0 
67676.0  66736.0 
67677.0  66737.0 
67678.0  66738.0 
67679.0  66739.0 
67680.0  66740.0 
67681.0  66741.0 
67682.0  66742.0 
67683.0  66743.0 
67684.0  66744.0 
67685.0  66745.0 
67686.0  66746.0 
67687.0  66747.0 
67688.0  66748.0 
67689.0  66749.0 
67690.0  66750.0 
67691.0  66751.0 
67692.0  66752.0 
67693.0  66753.0 
67694.0  66754.0 
67695.0  66755.0 
67696.0  66756.0 
67697.0  66757.0 
67698.0  66758.0 
67699.0  66759.0 
67700.0  66760.0 
67701.0  66761.0 
67702.0  66762.0 
67703.0  66763.0 
67733.1  66356.0 
67733.1  65887.0 
67733.1  66357.0 
67733.1  66358.0 
67733.1  65890.0 
67733.1  66359.0 
67733.1  65888.0 
67733.1  66360.0 
67733.1  65891.0 
67733.1  65893.0 
67733.1  67745.0 
67733.1  65896.0 
67733.1  66301.3 
67734.1  67746.1 
67735.1  67747.1 
67736.1  67748.1 
67737.1  66810.0 
67737.1  65887.0 
67737.1  65890.0 
67737.1  67749.3 
67739.0  66800.0 
67740.1  67750.0 
67742.1  67751.0 
67744.1  67752.0 
67746.1  66800.0 
67746.1  65887.0 
67746.1  65890.0 
67746.1  65896.0 
67746.1  65902.0 
67746.1  67754.1 
67747.1  66817.0 
67747.1  65887.0 
67747.1  65890.0 
67747.1  65896.0 
67747.1  66818.25 
67748.1  66817.0 
67748.1  65887.0 
67748.1  65890.0 
67748.1  65896.0 
67748.1  66819.25 
67749.3  66301.3 
67754.1  67755.0 
66825.0  66826.0 
66826.0  66839.0 
66845.0  66846.0 
66846.0  67274.0 
67274.0  67284.0 
67280.0  66839.0 
67281.0  67303.0 
67282.0  67303.0 
67283.0  67307.0 
67284.0  66839.0 
67291.0  66846.0 
67292.0  66846.0 
67293.0  67318.0 
67303.0  67322.0 
67307.0  66845.0 
67311.0  67274.0 
67312.0  67274.0 
67313.0  67274.0 
67314.0  67274.0 
67315.0  67274.0 
67318.0  66846.0 
67320.0  67331.0 
67321.0  67334.0 
67322.0  66839.0 
67329.0  67307.0 
67331.0  67733.0 
67337.0  67303.0 
67338.0  67738.0 
67339.0  67741.0 
67340.0  67743.0 
67733.0  67334.0 
67737.0  67331.0 
67738.0  67303.0 
67741.0  67303.0 
67743.0  67303.0 
67746.0  67753.0 
67747.0  67331.0 
67748.0  67331.0 
67750.0  67738.0 
67751.0  67741.0 
67752.0  67743.0 
67753.0  67331.0 
67755.0  67753.0 
66844.1  66845.10 
67756.1  66845.10 
67757.1  66845.10 
