52532.1  52534.0 
52532.1  52535.0 
52532.1  52536.0 
52532.1  52537.0 
52532.1  52538.0 
52532.1  52539.0 
52532.1  52540.0 
52532.1  52541.0 
52532.1  52542.0 
52532.1  52543.0 
52532.1  52544.0 
52532.1  52545.0 
52533.1  52547.0 
52533.1  52535.0 
52533.1  52538.0 
52534.0  52514.0 
52535.0  52515.0 
52536.0  52516.0 
52537.0  52517.0 
52538.0  52518.0 
52539.0  52519.0 
52540.0  52520.0 
52541.0  52521.0 
52544.0  52524.0 
52545.0  23355.0 
52546.1  52535.0 
52546.1  52548.0 
52546.1  52539.0 
52546.1  52538.0 
52546.1  52544.0 
52546.1  52549.0 
52546.1  52550.0 
52547.0  52527.0 
52548.0  52528.0 
52549.0  52529.0 
52550.0  52530.0 
52531.1  52532.1 
52532.0  52533.0 
52533.0  52546.0 
