52971.1  52973.0 
52971.1  52974.0 
52971.1  52975.0 
52971.1  52976.0 
52971.1  52977.0 
52971.1  52978.0 
52971.1  52979.0 
52971.1  52980.0 
52971.1  52981.0 
52971.1  52982.0 
52971.1  52983.0 
52971.1  52984.0 
52972.1  52986.0 
52972.1  52974.0 
52972.1  52977.0 
52973.0  52953.0 
52974.0  52954.0 
52975.0  52955.0 
52976.0  52956.0 
52977.0  52957.0 
52978.0  52958.0 
52979.0  52959.0 
52980.0  52960.0 
52983.0  52963.0 
52984.0  52605.0 
52985.1  52974.0 
52985.1  52987.0 
52985.1  52978.0 
52985.1  52977.0 
52985.1  52983.0 
52985.1  52988.0 
52985.1  52989.0 
52986.0  52966.0 
52987.0  52967.0 
52988.0  52968.0 
52989.0  52969.0 
52970.1  52971.1 
52971.0  52972.0 
52972.0  52985.0 
