81201.1  81203.0 
81201.1  81204.0 
81201.1  81205.0 
81201.1  81206.0 
81201.1  81207.0 
81201.1  81208.0 
81201.1  81209.0 
81201.1  81210.0 
81201.1  81211.0 
81201.1  81212.0 
81201.1  81213.0 
81201.1  81214.0 
81202.1  81216.0 
81202.1  81204.0 
81202.1  81207.0 
81203.0  81183.0 
81204.0  81184.0 
81205.0  81185.0 
81206.0  81186.0 
81207.0  81187.0 
81208.0  81188.0 
81209.0  81189.0 
81210.0  81190.0 
81213.0  81193.0 
81214.0  68712.0 
81215.1  81204.0 
81215.1  81217.0 
81215.1  81208.0 
81215.1  81207.0 
81215.1  81213.0 
81215.1  81218.0 
81215.1  81219.0 
81216.0  81196.0 
81217.0  81197.0 
81218.0  81198.0 
81219.0  81199.0 
81200.1  81201.1 
81221.1  81223.0 
81221.1  81224.0 
81221.1  81225.0 
81221.1  81226.0 
81221.1  81204.0 
81221.1  81227.0 
81221.1  81228.0 
81221.1  81229.0 
81221.1  81230.0 
81221.1  81208.0 
81221.1  81231.0 
81221.1  81232.0 
81221.1  81233.0 
81221.1  81234.0 
81221.1  81235.0 
81221.1  81236.0 
81221.1  81237.0 
81221.1  81238.0 
81221.1  81239.0 
81221.1  81240.0 
81221.1  81241.0 
81221.1  81242.0 
81221.1  81243.0 
81221.1  81244.0 
81221.1  81245.0 
81221.1  81207.0 
81221.1  81246.0 
81221.1  81247.0 
81221.1  81248.0 
81221.1  81249.0 
81221.1  81250.0 
81221.1  81251.0 
81221.1  81252.0 
81221.1  81253.0 
81221.1  81254.0 
81221.1  81255.0 
81221.1  81256.0 
81221.1  81257.0 
81221.1  81258.0 
81221.1  81259.0 
81221.1  81260.0 
81221.1  81261.0 
81221.1  81262.0 
81221.1  81263.0 
81221.1  81264.0 
81221.1  81213.0 
81221.1  81265.0 
81221.1  81266.0 
81221.1  81267.0 
81221.1  81268.0 
81221.1  81219.0 
81221.1  81269.0 
81221.1  81270.0 
81221.1  81271.0 
81221.1  81272.0 
81221.1  81273.0 
81221.1  81274.0 
81221.1  81275.0 
81221.1  81276.0 
81221.1  81277.0 
81221.1  81278.0 
81221.1  81279.0 
81221.1  81280.0 
81221.1  81281.0 
81221.1  81282.0 
81221.1  81283.0 
81221.1  81284.0 
81221.1  81285.0 
81221.1  81286.0 
81221.1  81287.0 
81221.1  81288.0 
81221.1  81289.0 
81221.1  81290.0 
81221.1  81291.0 
81221.1  81292.0 
81221.1  81293.0 
81221.1  81294.0 
81221.1  81295.0 
81221.1  81296.0 
81221.1  81297.0 
81221.1  81298.0 
81221.1  81299.0 
81221.1  81300.0 
81221.1  81301.0 
81221.1  81302.0 
81221.1  81303.0 
81221.1  81304.0 
81221.1  81305.0 
81221.1  81306.0 
81221.1  81307.0 
81221.1  81308.0 
81221.1  81309.0 
81221.1  81310.0 
81221.1  81311.0 
81221.1  81312.0 
81221.1  81313.0 
81221.1  81314.0 
81221.1  81315.0 
81221.1  81316.0 
81221.1  81317.0 
81221.1  81318.0 
81221.1  81319.0 
81221.1  81320.0 
81221.1  81321.0 
81221.1  81322.0 
81221.1  81323.0 
81221.1  81324.0 
81221.1  81325.0 
81221.1  81326.0 
81221.1  81327.0 
81221.1  81328.0 
81221.1  81329.0 
81221.1  81330.0 
81221.1  81331.0 
81221.1  81332.0 
81221.1  81333.0 
81221.1  81334.0 
81221.1  81335.0 
81221.1  81336.0 
81221.1  81337.0 
81221.1  81338.0 
81221.1  81339.0 
81221.1  81340.0 
81221.1  81341.0 
81221.1  81342.0 
81221.1  81343.0 
81221.1  81344.0 
81221.1  81345.0 
81221.1  81346.0 
81221.1  81347.0 
81221.1  81348.0 
81221.1  81349.0 
81221.1  81350.0 
81221.1  81351.0 
81221.1  81352.0 
81221.1  81353.0 
81221.1  81354.0 
81221.1  81355.0 
81221.1  81356.0 
81221.1  81357.0 
81221.1  81358.0 
81221.1  81359.0 
81221.1  81360.0 
81221.1  81361.0 
81221.1  81362.0 
81221.1  81363.0 
81221.1  81364.0 
81221.1  81365.0 
81221.1  81366.0 
81221.1  81367.0 
81221.1  81368.0 
81221.1  81369.0 
81221.1  81370.0 
81221.1  81371.0 
81221.1  81372.0 
81221.1  81373.0 
81221.1  81374.0 
81221.1  81375.0 
81221.1  81376.0 
81221.1  81377.0 
81221.1  81378.0 
81221.1  81379.0 
81221.1  81380.0 
81221.1  81381.0 
81221.1  81382.0 
81221.1  81218.0 
81221.1  81383.0 
81221.1  81384.0 
81221.1  81385.0 
81221.1  81386.1 
81221.1  81387.0 
81221.1  81388.0 
81221.1  81389.0 
81221.1  81390.0 
81221.1  81391.0 
81221.1  81392.0 
81221.2  81393.0 
81221.2  81394.0 
81221.2  81395.0 
81221.2  81396.0 
81221.2  81397.0 
81221.2  81398.0 
81221.2  81399.0 
81221.2  81400.0 
81221.2  81401.0 
81221.2  81402.0 
81221.2  81403.0 
81221.2  81404.0 
81221.2  81405.0 
81221.2  81406.0 
81221.2  81407.0 
81221.2  81408.0 
81221.2  81409.0 
81221.2  81410.0 
81221.2  81411.0 
81221.2  81412.0 
81221.2  81413.0 
81221.2  81414.0 
81221.2  81415.0 
81221.2  81416.0 
81221.2  81417.0 
81221.2  81418.0 
81221.2  81419.0 
81221.2  81420.0 
81221.2  81421.0 
81221.2  81422.0 
81221.2  81423.0 
81221.2  81205.0 
81221.2  81424.0 
81221.2  81425.0 
81221.2  81426.0 
81221.2  81427.0 
81221.2  81428.0 
81221.2  81429.0 
81221.2  81430.0 
81221.2  81431.0 
81221.2  81432.0 
81221.2  81433.0 
81221.2  81434.0 
81221.2  81210.0 
81221.2  81435.0 
81221.2  81436.0 
81221.2  81437.0 
81221.2  81438.0 
81221.2  81439.0 
81221.2  81440.0 
81221.2  81441.0 
81221.2  81442.0 
81221.2  81443.0 
81221.2  81444.0 
81221.2  81445.0 
81221.2  81446.0 
81221.2  81447.0 
81221.2  81448.0 
81221.2  81449.0 
81221.2  81450.0 
81221.2  81451.0 
81221.2  81452.0 
81221.2  81453.0 
81221.2  81454.0 
81221.2  81455.0 
81221.2  81456.0 
81221.2  81457.0 
81221.2  81458.0 
81221.2  81459.0 
81221.2  81460.0 
81221.2  81461.0 
81221.2  81462.0 
81221.2  81463.0 
81221.2  81464.0 
81221.2  81465.0 
81221.2  81466.0 
81221.2  81467.0 
81221.2  81468.0 
81221.2  81469.0 
81221.2  81470.0 
81221.2  81471.0 
81221.2  81472.0 
81221.2  81473.0 
81221.2  81474.0 
81221.2  81475.0 
81221.2  81476.0 
81221.2  81477.0 
81221.2  81478.0 
81221.2  81479.0 
81221.2  81480.0 
81221.2  81481.0 
81221.2  81482.0 
81221.2  81483.0 
81221.2  81484.0 
81221.2  81485.0 
81221.2  81486.0 
81221.2  81487.0 
81221.2  81488.0 
81221.2  81489.0 
81221.2  81490.0 
81221.2  81491.0 
81221.2  81492.0 
81221.2  81493.0 
81221.2  81494.0 
81221.2  81495.0 
81221.2  81496.0 
81221.2  81497.0 
81221.2  81498.0 
81221.2  81499.0 
81221.2  81500.0 
81221.2  81501.0 
81221.2  81502.0 
81221.2  81503.0 
81221.2  81504.0 
81221.2  81505.0 
81221.2  81506.0 
81221.2  81507.0 
81221.2  81508.0 
81221.2  81509.0 
81221.2  81510.0 
81221.2  81511.0 
81221.2  81512.0 
81221.2  81513.0 
81221.2  81514.0 
81221.2  81515.0 
81221.2  81516.0 
81221.2  81517.0 
81221.2  81518.0 
81221.2  81519.0 
81221.2  81520.0 
81221.2  81521.0 
81221.2  81522.0 
81221.2  81523.0 
81221.2  81524.0 
81221.2  81525.0 
81221.2  81526.0 
81221.2  81527.0 
81221.2  81528.0 
81221.2  81529.0 
81221.2  81530.0 
81221.2  81531.0 
81221.2  81532.0 
81221.2  81533.0 
81221.2  81534.0 
81221.2  81535.0 
81221.2  81536.0 
81221.2  81537.0 
81221.2  81538.0 
81221.2  81539.0 
81221.2  81540.0 
81221.2  81541.0 
81221.2  81542.0 
81221.2  81543.0 
81221.2  81544.0 
81221.2  81545.0 
81221.2  81546.0 
81221.2  81547.0 
81221.2  81548.0 
81221.2  81549.0 
81221.2  81550.0 
81221.2  81551.1 
81221.2  81552.0 
81221.2  81553.0 
81221.2  81554.0 
81221.2  81555.0 
81221.2  81556.0 
81221.2  81557.0 
81221.2  81558.0 
81221.2  81559.0 
81221.2  81560.0 
81221.2  81561.0 
81221.2  81562.0 
81221.2  81563.0 
81221.2  81564.0 
81221.2  81565.0 
81221.2  81566.38 
81221.2  81567.38 
81221.2  81568.0 
81221.2  81569.0 
81221.2  81570.0 
81221.2  81571.0 
81221.2  81572.0 
81221.2  81573.0 
81221.2  81574.0 
81221.2  81575.0 
81221.2  81576.0 
81221.2  81577.0 
81221.2  81578.0 
81221.2  81579.0 
81221.2  81580.0 
81221.3  81581.0 
81221.3  81582.0 
81221.3  81583.0 
81221.3  81584.0 
81221.3  81585.0 
81221.3  81586.0 
81221.3  81587.0 
81221.3  81588.0 
81221.3  81589.2 
81221.3  81590.0 
81221.3  81591.0 
81221.3  81592.0 
81221.3  81593.0 
81221.3  81594.0 
81221.3  81595.0 
81221.4  81596.0 
81221.4  81597.0 
81221.4  81598.0 
81221.4  81599.0 
81221.4  81200.1 
81221.5  81600.0 
81221.5  81601.0 
81221.5  81602.0 
81221.5  81603.0 
81221.5  81604.0 
81221.5  81605.1 
81221.5  81606.0 
81221.5  81607.76 
81221.5  81608.76 
81221.5  81609.0 
81221.5  81610.2 
81221.6  81611.0 
81221.6  81612.0 
81221.6  81613.0 
81221.6  81614.0 
81221.6  81615.0 
81221.6  81616.0 
81221.6  81209.0 
81221.6  81206.0 
81221.6  81617.0 
81221.6  81618.3 
81221.6  81619.0 
81221.6  81620.0 
81221.6  81621.0 
81221.6  81622.0 
81221.6  81623.0 
81221.6  81624.0 
81221.6  81625.0 
81221.6  81626.0 
81221.6  81627.37 
81221.6  81628.0 
81221.6  81629.0 
81221.7  81630.0 
81221.7  81631.0 
81221.7  81632.85 
81221.7  81633.0 
81221.7  81634.0 
81221.7  81635.1 
81221.7  81636.0 
81221.7  81637.0 
81221.7  81638.0 
81221.7  81639.0 
81221.7  81640.0 
81221.8  81641.0 
81221.8  81642.0 
81221.8  81643.0 
81221.8  81644.0 
81221.8  81645.0 
81221.9  81646.0 
81221.9  81647.0 
81221.9  81648.0 
81221.9  81589.5 
81221.10  81649.0 
81222.1  81651.0 
81222.1  81204.0 
81222.1  81217.0 
81222.1  81208.0 
81222.1  81207.0 
81222.1  81213.0 
81222.1  81218.0 
81222.1  81219.0 
81222.1  81652.1 
81222.1  81653.1 
81222.1  81654.1 
81223.0  80734.0 
81224.0  80735.0 
81225.0  80736.0 
81226.0  80737.0 
81227.0  80739.0 
81228.0  80740.0 
81229.0  80741.0 
81230.0  80742.0 
81231.0  80744.0 
81232.0  80745.0 
81233.0  80746.0 
81234.0  80747.0 
81235.0  80748.0 
81236.0  80749.0 
81237.0  80750.0 
81238.0  80751.0 
81239.0  80752.0 
81240.0  80753.0 
81241.0  80754.0 
81242.0  80755.0 
81243.0  80756.0 
81244.0  80757.0 
81245.0  80758.0 
81246.0  80760.0 
81247.0  80761.0 
81248.0  80762.0 
81249.0  80763.0 
81250.0  80764.0 
81251.0  80765.0 
81252.0  80766.0 
81253.0  80767.0 
81254.0  80768.0 
81255.0  80769.0 
81256.0  80770.0 
81257.0  80771.0 
81258.0  80772.0 
81259.0  80773.0 
81260.0  80774.0 
81261.0  80775.0 
81262.0  80776.0 
81263.0  80777.0 
81264.0  80778.0 
81265.0  80780.0 
81266.0  80781.0 
81267.0  80782.0 
81268.0  80783.0 
81269.0  80785.0 
81270.0  80786.0 
81271.0  80787.0 
81272.0  80788.0 
81273.0  80789.0 
81274.0  80790.0 
81275.0  80791.0 
81276.0  80792.0 
81277.0  80793.0 
81278.0  80794.0 
81279.0  80795.0 
81280.0  80796.0 
81281.0  80797.0 
81282.0  80798.0 
81283.0  80799.0 
81284.0  80800.0 
81285.0  80801.0 
81286.0  80802.0 
81287.0  80803.0 
81288.0  80804.0 
81289.0  80805.0 
81290.0  80806.0 
81291.0  80807.0 
81292.0  80808.0 
81293.0  80809.0 
81294.0  80810.0 
81295.0  80811.0 
81296.0  80812.0 
81297.0  80813.0 
81298.0  80814.0 
81299.0  80815.0 
81300.0  80816.0 
81301.0  80817.0 
81302.0  80818.0 
81303.0  80819.0 
81304.0  80820.0 
81305.0  80821.0 
81306.0  80822.0 
81307.0  80823.0 
81308.0  80824.0 
81309.0  80825.0 
81310.0  80826.0 
81311.0  80827.0 
81312.0  80828.0 
81313.0  80829.0 
81314.0  80830.0 
81315.0  80831.0 
81316.0  80832.0 
81317.0  80833.0 
81318.0  80834.0 
81319.0  80835.0 
81320.0  80836.0 
81321.0  80837.0 
81322.0  80838.0 
81323.0  80839.0 
81324.0  80840.0 
81325.0  80841.0 
81326.0  80842.0 
81327.0  80843.0 
81328.0  80844.0 
81329.0  80845.0 
81330.0  80846.0 
81331.0  80847.0 
81332.0  80848.0 
81333.0  80849.0 
81334.0  80850.0 
81335.0  80851.0 
81336.0  80852.0 
81337.0  80853.0 
81338.0  80854.0 
81339.0  80855.0 
81340.0  80856.0 
81341.0  80857.0 
81342.0  80858.0 
81343.0  80859.0 
81344.0  80860.0 
81345.0  80861.0 
81346.0  80862.0 
81347.0  80863.0 
81348.0  80864.0 
81349.0  80865.0 
81350.0  80866.0 
81351.0  80867.0 
81352.0  80868.0 
81353.0  80869.0 
81354.0  80870.0 
81355.0  80871.0 
81356.0  80872.0 
81357.0  80873.0 
81358.0  80874.0 
81359.0  80875.0 
81360.0  80876.0 
81361.0  80877.0 
81362.0  80878.0 
81363.0  80879.0 
81364.0  80880.0 
81365.0  80881.0 
81366.0  80882.0 
81367.0  80883.0 
81368.0  80884.0 
81369.0  80885.0 
81370.0  80886.0 
81371.0  80887.0 
81372.0  80888.0 
81373.0  80889.0 
81374.0  80890.0 
81375.0  80891.0 
81376.0  80892.0 
81377.0  80893.0 
81378.0  80894.0 
81379.0  80895.0 
81380.0  80896.0 
81381.0  80897.0 
81382.0  80898.0 
81383.0  80900.0 
81384.0  80901.0 
81385.0  80902.0 
81386.1  81655.13 
81387.0  80904.0 
81388.0  80905.0 
81389.0  80906.0 
81390.0  80907.0 
81391.0  80908.0 
81392.0  80909.0 
81393.0  80910.0 
81394.0  80911.0 
81395.0  80912.0 
81396.0  80913.0 
81397.0  80914.0 
81398.0  80915.0 
81399.0  80916.0 
81400.0  80917.0 
81401.0  80918.0 
81402.0  80919.0 
81403.0  80920.0 
81404.0  80921.0 
81405.0  80922.0 
81406.0  80923.0 
81407.0  80924.0 
81408.0  80925.0 
81409.0  80926.0 
81410.0  80927.0 
81411.0  80928.0 
81412.0  80929.0 
81413.0  80930.0 
81414.0  80931.0 
81415.0  80932.0 
81416.0  80933.0 
81417.0  80934.0 
81418.0  80935.0 
81419.0  80936.0 
81420.0  80937.0 
81421.0  80938.0 
81422.0  80939.0 
81423.0  80940.0 
81424.0  80942.0 
81425.0  80943.0 
81426.0  80944.0 
81427.0  80945.0 
81428.0  80946.0 
81429.0  80947.0 
81430.0  80948.0 
81431.0  80949.0 
81432.0  80950.0 
81433.0  80951.0 
81434.0  80952.0 
81436.0  80955.0 
81437.0  80956.0 
81438.0  80957.0 
81439.0  80958.0 
81440.0  80959.0 
81441.0  80960.0 
81442.0  80961.0 
81443.0  80962.0 
81444.0  80963.0 
81445.0  80964.0 
81446.0  80965.0 
81447.0  80966.0 
81448.0  80967.0 
81449.0  80968.0 
81450.0  80969.0 
81451.0  80970.0 
81452.0  80971.0 
81453.0  80972.0 
81454.0  80973.0 
81455.0  80974.0 
81456.0  80975.0 
81457.0  80976.0 
81458.0  80977.0 
81459.0  80978.0 
81460.0  80979.0 
81461.0  80980.0 
81462.0  80981.0 
81463.0  80982.0 
81464.0  80983.0 
81465.0  80984.0 
81466.0  80985.0 
81467.0  80986.0 
81468.0  80987.0 
81469.0  80988.0 
81470.0  80989.0 
81471.0  80990.0 
81472.0  80991.0 
81473.0  80992.0 
81474.0  80993.0 
81475.0  80995.0 
81476.0  80996.0 
81477.0  80997.0 
81478.0  80998.0 
81479.0  80999.0 
81480.0  81000.0 
81481.0  81001.0 
81482.0  81002.0 
81483.0  81003.0 
81484.0  81004.0 
81485.0  81005.0 
81486.0  81006.0 
81487.0  81007.0 
81488.0  81008.0 
81489.0  81009.0 
81490.0  81010.0 
81491.0  81011.0 
81492.0  81012.0 
81493.0  81013.0 
81494.0  81014.0 
81495.0  81015.0 
81496.0  81016.0 
81497.0  81017.0 
81498.0  81018.0 
81499.0  81019.0 
81500.0  81020.0 
81501.0  81021.0 
81502.0  81022.0 
81503.0  81023.0 
81504.0  81024.0 
81505.0  81025.0 
81506.0  81026.0 
81507.0  81027.0 
81508.0  81028.0 
81509.0  81029.0 
81510.0  81030.0 
81511.0  81031.0 
81512.0  81032.0 
81513.0  81033.0 
81514.0  81034.0 
81515.0  81035.0 
81516.0  81036.0 
81517.0  81037.0 
81518.0  81038.0 
81519.0  81039.0 
81520.0  81040.0 
81521.0  81041.0 
81522.0  81042.0 
81523.0  81043.0 
81524.0  81044.0 
81525.0  81045.0 
81526.0  81046.0 
81527.0  81047.0 
81528.0  81048.0 
81529.0  81049.0 
81530.0  81050.0 
81531.0  81051.0 
81532.0  81052.0 
81533.0  81053.0 
81534.0  81054.0 
81535.0  81055.0 
81536.0  81056.0 
81537.0  81057.0 
81538.0  81058.0 
81539.0  81059.0 
81540.0  81060.0 
81541.0  81061.0 
81542.0  81062.0 
81543.0  81063.0 
81544.0  81064.0 
81545.0  81065.0 
81546.0  81066.0 
81547.0  81067.0 
81548.0  81068.0 
81549.0  81069.0 
81550.0  81070.0 
81551.1  81655.11 
81552.0  81072.0 
81553.0  81073.0 
81554.0  81074.0 
81555.0  81075.0 
81556.0  81076.0 
81557.0  81077.0 
81558.0  80994.0 
81559.0  81078.0 
81560.0  81079.0 
81561.0  81080.0 
81562.0  81081.0 
81563.0  81082.0 
81564.0  81083.0 
81565.0  81084.0 
81566.37  81656.12 
81566.37  81085.37 
81566.38  81655.12 
81567.37  81656.12 
81567.37  81086.37 
81567.38  81655.12 
81568.0  81087.0 
81569.0  81088.0 
81570.0  81089.0 
81571.0  81090.0 
81572.0  81091.0 
81573.0  81092.0 
81574.0  81093.0 
81575.0  81094.0 
81576.0  81095.0 
81577.0  81096.0 
81578.0  81097.0 
81579.0  81098.0 
81580.0  81099.0 
81581.0  81100.0 
81582.0  81101.0 
81583.0  81102.0 
81584.0  81103.0 
81585.0  81104.0 
81586.0  81105.0 
81587.0  81106.0 
81588.0  81107.0 
81589.1  81221.1 
81589.2  81221.2 
81589.3  81221.3 
81589.4  81221.4 
81589.5  81221.8 
81589.6  81221.9 
81590.0  81109.0 
81591.0  81110.0 
81592.0  81111.0 
81593.0  81112.0 
81594.0  81113.0 
81595.0  81114.0 
81596.0  81115.0 
81597.0  81116.0 
81598.0  81117.0 
81599.0  81118.0 
81600.0  81119.0 
81601.0  81121.0 
81602.0  81122.0 
81603.0  81123.0 
81604.0  81124.0 
81605.1  81655.13 
81606.0  81126.0 
81607.74  81656.13 
81607.74  81127.74 
81607.75  81655.5 
81607.76  81655.13 
81607.77  81221.5 
81608.74  81656.13 
81608.74  81128.74 
81608.75  81655.7 
81608.76  81655.13 
81608.77  81221.7 
81609.0  81129.0 
81610.2  81130.2 
81611.0  79980.0 
81612.0  79981.0 
81613.0  79982.0 
81614.0  79983.0 
81615.0  79984.0 
81616.0  79985.0 
81617.0  79986.0 
81618.1  81657.1 
81618.2  81658.1 
81618.3  81659.1 
81619.0  79988.0 
81620.0  79989.0 
81621.0  79990.0 
81622.0  79991.0 
81623.0  79992.0 
81624.0  79993.0 
81625.0  79994.0 
81626.0  79995.0 
81627.36  79996.36 
81627.37  81655.6 
81627.38  81221.6 
81628.0  79997.0 
81629.0  79998.0 
81630.0  81120.0 
81631.0  81137.0 
81632.83  81138.83 
81632.84  81655.10 
81632.85  81655.12 
81633.0  80002.0 
81635.1  81660.1 
81636.0  80005.0 
81637.0  80006.0 
81639.0  80008.0 
81640.0  80009.0 
81641.0  81132.0 
81642.0  81133.0 
81643.0  81134.0 
81644.0  81135.0 
81645.0  81136.0 
81646.0  81139.0 
81647.0  81144.0 
81648.0  81145.0 
81649.0  81146.0 
81650.1  81662.0 
81650.1  81204.0 
81650.1  81217.0 
81650.1  81208.0 
81650.1  81207.0 
81650.1  81213.0 
81650.1  81218.0 
81650.1  81219.0 
81650.1  81663.1 
81650.1  81664.1 
81650.1  81665.1 
81650.1  81666.1 
81650.1  81667.1 
81651.0  81148.0 
81652.1  81668.1 
81653.1  81669.1 
81654.1  81670.1 
81655.1  81223.0 
81655.1  81224.0 
81655.1  81225.0 
81655.1  81226.0 
81655.1  81184.0 
81655.1  81227.0 
81655.1  81228.0 
81655.1  81229.0 
81655.1  81230.0 
81655.1  81188.0 
81655.1  81231.0 
81655.1  81232.0 
81655.1  81233.0 
81655.1  81234.0 
81655.1  81235.0 
81655.1  81236.0 
81655.1  81237.0 
81655.1  81238.0 
81655.1  81239.0 
81655.1  81240.0 
81655.1  81241.0 
81655.1  81242.0 
81655.1  81243.0 
81655.1  81244.0 
81655.1  81245.0 
81655.1  81187.0 
81655.1  81246.0 
81655.1  81247.0 
81655.1  81248.0 
81655.1  81249.0 
81655.1  81250.0 
81655.1  81251.0 
81655.1  81252.0 
81655.1  81253.0 
81655.1  81254.0 
81655.1  81255.0 
81655.1  81256.0 
81655.1  81257.0 
81655.1  81258.0 
81655.1  81259.0 
81655.1  81260.0 
81655.1  81261.0 
81655.1  81262.0 
81655.1  81263.0 
81655.1  81264.0 
81655.1  81193.0 
81655.1  81265.0 
81655.1  81266.0 
81655.1  81267.0 
81655.1  81268.0 
81655.1  81199.0 
81655.1  81269.0 
81655.1  81270.0 
81655.1  81271.0 
81655.1  81272.0 
81655.1  81273.0 
81655.1  81274.0 
81655.1  81275.0 
81655.1  81276.0 
81655.1  81277.0 
81655.1  81278.0 
81655.1  81279.0 
81655.1  81280.0 
81655.1  81281.0 
81655.1  81282.0 
81655.1  81283.0 
81655.1  81284.0 
81655.1  81285.0 
81655.1  81286.0 
81655.1  81287.0 
81655.1  81288.0 
81655.1  81289.0 
81655.1  81290.0 
81655.1  81291.0 
81655.1  81292.0 
81655.1  81293.0 
81655.1  81294.0 
81655.1  81295.0 
81655.1  81296.0 
81655.1  81297.0 
81655.1  81298.0 
81655.1  81299.0 
81655.1  81300.0 
81655.1  81301.0 
81655.1  81302.0 
81655.1  81303.0 
81655.1  81304.0 
81655.1  81305.0 
81655.1  81306.0 
81655.1  81307.0 
81655.1  81308.0 
81655.1  81309.0 
81655.1  81310.0 
81655.1  81311.0 
81655.1  81312.0 
81655.1  81313.0 
81655.1  81314.0 
81655.1  81315.0 
81655.1  81316.0 
81655.1  81317.0 
81655.1  81318.0 
81655.1  81319.0 
81655.1  81320.0 
81655.1  81321.0 
81655.1  81322.0 
81655.1  81323.0 
81655.1  81324.0 
81655.1  81325.0 
81655.1  81326.0 
81655.1  81327.0 
81655.1  81328.0 
81655.1  81329.0 
81655.1  81330.0 
81655.1  81331.0 
81655.1  81332.0 
81655.1  81333.0 
81655.1  81334.0 
81655.1  81335.0 
81655.1  81336.0 
81655.1  81337.0 
81655.1  81338.0 
81655.1  81339.0 
81655.1  81340.0 
81655.1  81341.0 
81655.1  81342.0 
81655.1  81343.0 
81655.1  81344.0 
81655.1  81345.0 
81655.1  81346.0 
81655.1  81347.0 
81655.1  81348.0 
81655.1  81349.0 
81655.1  81350.0 
81655.1  81351.0 
81655.1  81352.0 
81655.1  81353.0 
81655.1  81354.0 
81655.1  81355.0 
81655.1  81356.0 
81655.1  81357.0 
81655.1  81358.0 
81655.1  81359.0 
81655.1  81360.0 
81655.1  81361.0 
81655.1  81362.0 
81655.1  81363.0 
81655.1  81364.0 
81655.1  81365.0 
81655.1  81366.0 
81655.1  81367.0 
81655.1  81368.0 
81655.1  81369.0 
81655.1  81370.0 
81655.1  81371.0 
81655.1  81372.0 
81655.1  81373.0 
81655.1  81374.0 
81655.1  81375.0 
81655.1  81376.0 
81655.1  81377.0 
81655.1  81378.0 
81655.1  81379.0 
81655.1  81380.0 
81655.1  81381.0 
81655.1  81382.0 
81655.1  81198.0 
81655.1  81383.0 
81655.1  81384.0 
81655.1  81385.0 
81655.1  81672.1 
81655.1  81387.0 
81655.1  81388.0 
81655.1  81389.0 
81655.1  81390.0 
81655.1  81391.0 
81655.1  81392.0 
81655.2  81393.0 
81655.2  81394.0 
81655.2  81395.0 
81655.2  81396.0 
81655.2  81397.0 
81655.2  81398.0 
81655.2  81399.0 
81655.2  81400.0 
81655.2  81401.0 
81655.2  81402.0 
81655.2  81403.0 
81655.2  81404.0 
81655.2  81405.0 
81655.2  81406.0 
81655.2  81407.0 
81655.2  81408.0 
81655.2  81409.0 
81655.2  81410.0 
81655.2  81411.0 
81655.2  81412.0 
81655.2  81413.0 
81655.2  81414.0 
81655.2  81415.0 
81655.2  81416.0 
81655.2  81417.0 
81655.2  81418.0 
81655.2  81419.0 
81655.2  81420.0 
81655.2  81421.0 
81655.2  81422.0 
81655.2  81423.0 
81655.2  81185.0 
81655.2  81424.0 
81655.2  81425.0 
81655.2  81426.0 
81655.2  81427.0 
81655.2  81428.0 
81655.2  81429.0 
81655.2  81430.0 
81655.2  81431.0 
81655.2  81432.0 
81655.2  81433.0 
81655.2  81434.0 
81655.2  81190.0 
81655.2  81673.0 
81655.2  81436.0 
81655.2  81437.0 
81655.2  81438.0 
81655.2  81439.0 
81655.2  81440.0 
81655.2  81441.0 
81655.2  81442.0 
81655.2  81443.0 
81655.2  81444.0 
81655.2  81445.0 
81655.2  81446.0 
81655.2  81447.0 
81655.2  81448.0 
81655.2  81449.0 
81655.2  81450.0 
81655.2  81451.0 
81655.2  81452.0 
81655.2  81453.0 
81655.2  81454.0 
81655.2  81455.0 
81655.2  81456.0 
81655.2  81457.0 
81655.2  81458.0 
81655.2  81459.0 
81655.2  81460.0 
81655.2  81461.0 
81655.2  81462.0 
81655.2  81463.0 
81655.2  81464.0 
81655.2  81465.0 
81655.2  81466.0 
81655.2  81467.0 
81655.2  81468.0 
81655.2  81469.0 
81655.2  81470.0 
81655.2  81471.0 
81655.2  81472.0 
81655.2  81473.0 
81655.2  81474.0 
81655.2  81475.0 
81655.2  81476.0 
81655.2  81477.0 
81655.2  81478.0 
81655.2  81479.0 
81655.2  81480.0 
81655.2  81481.0 
81655.2  81482.0 
81655.2  81483.0 
81655.2  81484.0 
81655.2  81485.0 
81655.2  81486.0 
81655.2  81487.0 
81655.2  81488.0 
81655.2  81489.0 
81655.2  81490.0 
81655.2  81491.0 
81655.2  81492.0 
81655.2  81493.0 
81655.2  81494.0 
81655.2  81495.0 
81655.2  81496.0 
81655.2  81497.0 
81655.2  81498.0 
81655.2  81499.0 
81655.2  81500.0 
81655.2  81501.0 
81655.2  81502.0 
81655.2  81503.0 
81655.2  81504.0 
81655.2  81505.0 
81655.2  81506.0 
81655.2  81507.0 
81655.2  81508.0 
81655.2  81509.0 
81655.2  81510.0 
81655.2  81511.0 
81655.2  81512.0 
81655.2  81513.0 
81655.2  81514.0 
81655.2  81515.0 
81655.2  81516.0 
81655.2  81517.0 
81655.2  81518.0 
81655.2  81519.0 
81655.2  81520.0 
81655.2  81521.0 
81655.2  81522.0 
81655.2  81523.0 
81655.2  81524.0 
81655.2  81525.0 
81655.2  81526.0 
81655.2  81527.0 
81655.2  81528.0 
81655.2  81529.0 
81655.2  81530.0 
81655.2  81531.0 
81655.2  81532.0 
81655.2  81533.0 
81655.2  81534.0 
81655.2  81535.0 
81655.2  81536.0 
81655.2  81537.0 
81655.2  81538.0 
81655.2  81539.0 
81655.2  81540.0 
81655.2  81541.0 
81655.2  81542.0 
81655.2  81543.0 
81655.2  81544.0 
81655.2  81545.0 
81655.2  81546.0 
81655.2  81547.0 
81655.2  81548.0 
81655.2  81549.0 
81655.2  81550.0 
81655.2  81674.1 
81655.2  81552.0 
81655.2  81553.0 
81655.2  81554.0 
81655.2  81555.0 
81655.2  81556.0 
81655.2  81557.0 
81655.2  81558.0 
81655.2  81559.0 
81655.2  81560.0 
81655.2  81561.0 
81655.2  81562.0 
81655.2  81563.0 
81655.2  81564.0 
81655.2  81565.0 
81655.2  81566.37 
81655.2  81567.37 
81655.2  81568.0 
81655.2  81569.0 
81655.2  81570.0 
81655.2  81571.0 
81655.2  81572.0 
81655.2  81573.0 
81655.2  81574.0 
81655.2  81575.0 
81655.2  81576.0 
81655.2  81577.0 
81655.2  81578.0 
81655.2  81579.0 
81655.2  81580.0 
81655.3  81581.0 
81655.3  81582.0 
81655.3  81583.0 
81655.3  81584.0 
81655.3  81585.0 
81655.3  81586.0 
81655.3  81587.0 
81655.3  81588.0 
81655.3  81675.2 
81655.3  81590.0 
81655.3  81591.0 
81655.3  81592.0 
81655.3  81593.0 
81655.3  81594.0 
81655.3  81595.0 
81655.4  81596.0 
81655.4  81597.0 
81655.4  81598.0 
81655.4  81599.0 
81655.4  81180.1 
81655.5  81600.0 
81655.5  81601.0 
81655.5  81602.0 
81655.5  81603.0 
81655.5  81604.0 
81655.5  81676.1 
81655.5  81606.0 
81655.5  81607.74 
81655.5  81608.74 
81655.5  81609.0 
81655.5  81610.2 
81655.6  81611.0 
81655.6  81612.0 
81655.6  81613.0 
81655.6  81614.0 
81655.6  81615.0 
81655.6  81616.0 
81655.6  81189.0 
81655.6  81186.0 
81655.6  81617.0 
81655.6  81677.3 
81655.6  81619.0 
81655.6  81620.0 
81655.6  81621.0 
81655.6  81622.0 
81655.6  81623.0 
81655.6  81624.0 
81655.6  81625.0 
81655.6  81626.0 
81655.6  81627.36 
81655.6  81628.0 
81655.6  81629.0 
81655.7  81630.0 
81655.7  81631.0 
81655.7  81632.83 
81655.7  81633.0 
81655.7  81678.0 
81655.7  81679.1 
81655.7  81636.0 
81655.7  81637.0 
81655.7  81680.0 
81655.7  81639.0 
81655.7  81640.0 
81655.8  81641.0 
81655.8  81642.0 
81655.8  81643.0 
81655.8  81644.0 
81655.8  81645.0 
81655.9  81646.0 
81655.9  81647.0 
81655.9  81648.0 
81655.9  81675.5 
81655.10  81681.0 
81655.11  81682.0 
81655.12  81632.84 
81655.13  81683.1 
81656.11  81684.0 
81656.12  81682.0 
81656.13  81685.1 
81656.14  81108.9 
81656.14  80732.14 
81657.1  81686.0 
81657.1  81204.0 
81657.1  81687.0 
81657.1  81688.0 
81657.1  81207.0 
81657.1  81689.0 
81657.1  81205.0 
81657.1  81690.0 
81657.1  81208.0 
81657.1  81210.0 
81657.1  81691.0 
81657.1  81213.0 
81657.1  81692.2 
81658.1  81694.0 
81658.1  81204.0 
81658.1  81687.0 
81658.1  81688.0 
81658.1  81205.0 
81658.1  81207.0 
81658.1  81689.0 
81658.1  81208.0 
81658.1  81690.0 
81658.1  81210.0 
81658.1  81695.0 
81658.1  81213.0 
81658.1  81618.1 
81659.1  81696.0 
81659.1  81204.0 
81659.1  81207.0 
81659.1  81618.2 
81660.1  81698.0 
81660.1  81204.0 
81660.1  81699.0 
81660.1  81207.0 
81660.1  81213.0 
81660.1  81219.0 
81660.1  81264.0 
81660.1  81700.2 
81660.1  81700.3 
81660.1  81700.4 
81660.1  81700.5 
81660.1  81700.6 
81660.1  81700.7 
81661.1  81216.0 
81661.1  81204.0 
81661.1  81207.0 
81662.0  81155.0 
81663.1  81701.1 
81664.1  81702.1 
81665.1  81703.1 
81666.1  81704.1 
81667.1  81705.1 
81668.1  81706.0 
81668.1  81204.0 
81668.1  81207.0 
81668.1  81213.0 
81669.1  81707.0 
81669.1  81204.0 
81669.1  81207.0 
81669.1  81213.0 
81670.1  81709.0 
81670.1  81204.0 
81670.1  81207.0 
81671.1  81651.0 
81671.1  81184.0 
81671.1  81197.0 
81671.1  81188.0 
81671.1  81187.0 
81671.1  81193.0 
81671.1  81198.0 
81671.1  81199.0 
81671.1  81711.1 
81671.1  81712.1 
81671.1  81713.1 
81672.1  81656.13 
81674.1  81656.12 
81675.1  81655.1 
81675.2  81655.2 
81675.3  81655.3 
81675.4  81655.4 
81675.5  81655.8 
81675.6  81655.9 
81675.7  81655.10 
81675.8  81655.13 
81676.1  81656.13 
81677.1  81714.1 
81677.2  81715.1 
81677.3  81716.1 
81679.1  81717.1 
81681.0  81178.0 
81682.0  80051.0 
81683.1  81655.10 
81684.0  80053.0 
81685.1  81656.11 
81686.0  80067.0 
81687.0  80068.0 
81688.0  80069.0 
81689.0  80070.0 
81690.0  80071.0 
81692.1  81718.1 
81692.2  81719.1 
81693.1  81721.0 
81693.1  81204.0 
81693.1  81217.0 
81693.1  81208.0 
81693.1  81207.0 
81693.1  81213.0 
81693.1  81218.0 
81693.1  81219.0 
81693.1  81269.0 
81693.1  81270.0 
81693.1  81271.0 
81693.1  81722.1 
81693.1  81723.1 
81693.2  81724.1 
81693.3  81725.1 
81694.0  80075.0 
81696.0  80077.0 
81697.1  81726.0 
81697.1  81204.0 
81697.1  81217.0 
81697.1  81208.0 
81697.1  81207.0 
81697.1  81213.0 
81697.1  81218.0 
81697.1  81219.0 
81698.0  80079.0 
81699.0  80080.0 
81700.1  81727.1 
81700.2  81727.2 
81700.3  81727.3 
81700.4  81727.4 
81700.5  81727.5 
81700.6  81727.6 
81700.7  81727.7 
81701.1  81707.0 
81701.1  81204.0 
81701.1  81207.0 
81701.1  81213.0 
81702.1  81706.0 
81702.1  81204.0 
81702.1  81207.0 
81702.1  81213.0 
81703.1  81728.0 
81703.1  81204.0 
81703.1  81207.0 
81703.1  81213.0 
81704.1  81728.0 
81704.1  81204.0 
81704.1  81207.0 
81704.1  81213.0 
81705.1  81728.0 
81705.1  81204.0 
81705.1  81207.0 
81705.1  81213.0 
81706.0  81172.0 
81707.0  81173.0 
81709.0  81175.0 
81710.1  81662.0 
81710.1  81184.0 
81710.1  81197.0 
81710.1  81188.0 
81710.1  81187.0 
81710.1  81193.0 
81710.1  81198.0 
81710.1  81199.0 
81710.1  81730.1 
81710.1  81731.1 
81710.1  81732.1 
81710.1  81733.1 
81710.1  81734.1 
81711.1  81735.1 
81712.1  81736.1 
81713.1  81737.1 
81714.1  81686.0 
81714.1  81204.0 
81714.1  81687.0 
81714.1  81688.0 
81714.1  81207.0 
81714.1  81689.0 
81714.1  81205.0 
81714.1  81690.0 
81714.1  81208.0 
81714.1  81210.0 
81714.1  81739.0 
81714.1  81213.0 
81714.1  81740.2 
81715.1  81694.0 
81715.1  81204.0 
81715.1  81687.0 
81715.1  81688.0 
81715.1  81205.0 
81715.1  81207.0 
81715.1  81689.0 
81715.1  81208.0 
81715.1  81690.0 
81715.1  81210.0 
81715.1  81742.0 
81715.1  81213.0 
81715.1  81677.1 
81716.1  81696.0 
81716.1  81204.0 
81716.1  81207.0 
81716.1  81677.2 
81717.1  81698.0 
81717.1  81184.0 
81717.1  81699.0 
81717.1  81187.0 
81717.1  81193.0 
81717.1  81199.0 
81717.1  81264.0 
81717.1  81744.2 
81717.1  81744.3 
81717.1  81744.4 
81717.1  81744.5 
81717.1  81744.6 
81717.1  81744.7 
81718.1  81686.0 
81718.1  81204.0 
81718.1  81687.0 
81718.1  81688.0 
81718.1  81207.0 
81718.1  81689.0 
81718.1  81205.0 
81718.1  81690.0 
81718.1  81208.0 
81718.1  81210.0 
81718.1  81746.0 
81718.1  81213.0 
81718.1  81747.1 
81719.1  81694.0 
81719.1  81204.0 
81719.1  81687.0 
81719.1  81688.0 
81719.1  81205.0 
81719.1  81207.0 
81719.1  81689.0 
81719.1  81208.0 
81719.1  81690.0 
81719.1  81210.0 
81719.1  81748.0 
81719.1  81213.0 
81719.1  81692.1 
81720.1  81694.0 
81720.1  81204.0 
81720.1  81687.0 
81720.1  81688.0 
81720.1  81205.0 
81720.1  81207.0 
81720.1  81689.0 
81720.1  81208.0 
81720.1  81690.0 
81720.1  81210.0 
81720.1  81749.0 
81720.1  81213.0 
81721.0  80110.0 
81722.1  81750.0 
81723.1  81751.1 
81724.1  81752.1 
81725.1  81753.1 
81726.0  80115.0 
81727.1  81754.0 
81727.1  81204.0 
81727.1  81755.0 
81727.1  81208.0 
81727.1  81207.0 
81727.1  81756.0 
81727.1  81213.0 
81727.1  81757.0 
81727.1  81758.0 
81727.1  81218.0 
81727.1  81759.0 
81727.1  81760.0 
81727.1  81761.0 
81727.1  81219.0 
81727.1  81762.0 
81727.1  81763.0 
81727.1  81764.0 
81727.1  81765.0 
81727.1  81766.0 
81727.1  81767.0 
81727.1  81768.0 
81727.1  81769.0 
81727.1  81770.0 
81727.1  81771.0 
81727.1  81772.0 
81727.1  81773.0 
81727.1  81774.0 
81727.1  81775.0 
81727.1  81776.0 
81727.1  81777.0 
81727.1  81778.0 
81727.1  81779.0 
81727.1  81780.0 
81727.1  81781.0 
81727.1  81782.0 
81727.1  81783.0 
81727.1  81784.0 
81727.1  81785.0 
81727.1  81786.0 
81727.1  81787.0 
81727.1  81788.0 
81727.1  81789.0 
81727.1  81790.0 
81727.1  81791.0 
81727.1  81792.0 
81727.1  81793.0 
81727.1  81794.0 
81727.1  81795.0 
81727.1  81796.0 
81727.1  81797.0 
81727.1  81798.0 
81727.1  81799.0 
81727.1  81800.0 
81727.1  81801.0 
81727.1  81802.0 
81727.1  81803.0 
81727.1  81804.0 
81727.1  81805.0 
81727.1  81806.0 
81727.1  81807.0 
81727.1  81808.0 
81727.1  81809.0 
81727.1  81810.0 
81727.1  81811.0 
81727.1  81812.0 
81727.1  81813.0 
81727.1  81814.0 
81727.1  81815.0 
81727.1  81816.0 
81727.1  81817.0 
81727.1  81818.0 
81727.1  81819.0 
81727.1  81820.0 
81727.1  81821.0 
81727.1  81822.0 
81727.1  81823.0 
81727.1  81824.0 
81727.1  81825.0 
81727.1  81826.0 
81727.1  81827.0 
81727.1  81828.0 
81727.1  81829.0 
81727.1  81830.0 
81727.1  81831.0 
81727.1  81832.0 
81727.1  81833.0 
81727.2  81834.0 
81727.2  81835.0 
81727.2  81836.0 
81727.2  81837.0 
81727.2  81838.0 
81727.2  81839.0 
81727.2  81840.0 
81727.2  81841.0 
81727.2  81842.0 
81727.2  81843.0 
81727.2  81844.0 
81727.2  81845.0 
81727.2  81846.0 
81727.2  81847.0 
81727.2  81848.0 
81727.2  81849.0 
81727.2  81850.0 
81727.2  81851.0 
81727.2  81852.0 
81727.2  81853.0 
81727.2  81854.0 
81727.2  81855.0 
81727.2  81856.0 
81727.2  81857.0 
81727.2  81858.0 
81727.2  81859.0 
81727.2  81860.0 
81727.2  81861.0 
81727.2  81862.0 
81727.2  81863.0 
81727.2  81864.0 
81727.2  81865.0 
81727.2  81866.0 
81727.2  81867.0 
81727.2  81868.0 
81727.2  81869.0 
81727.2  81870.0 
81727.2  81871.0 
81727.2  81872.0 
81727.2  81873.0 
81727.2  81874.0 
81727.2  81875.0 
81727.2  81876.0 
81727.2  81877.0 
81727.2  81878.0 
81727.2  81879.0 
81727.2  81880.0 
81727.2  81881.0 
81727.2  81882.0 
81727.2  81883.0 
81727.2  81884.0 
81727.2  81885.0 
81727.2  81886.0 
81727.2  81887.0 
81727.2  81888.0 
81727.2  81889.0 
81727.2  81890.0 
81727.2  81891.0 
81727.2  81892.0 
81727.2  81893.0 
81727.2  81894.0 
81727.2  81895.0 
81727.2  81896.0 
81727.2  81897.0 
81727.2  81898.0 
81727.2  81899.0 
81727.2  81900.0 
81727.2  81901.0 
81727.2  81902.0 
81727.2  81903.0 
81727.2  81904.0 
81727.2  81905.0 
81727.2  81906.0 
81727.2  81907.0 
81727.2  81908.0 
81727.2  81909.0 
81727.2  81910.0 
81727.2  81911.0 
81727.3  81912.0 
81727.3  81913.0 
81727.3  81914.0 
81727.3  81915.0 
81727.3  81916.0 
81727.3  81917.0 
81727.3  81918.0 
81727.3  81919.0 
81727.3  81920.0 
81727.3  81921.0 
81727.3  81922.0 
81727.3  81923.0 
81727.3  81924.0 
81727.3  81925.0 
81727.3  81926.0 
81727.3  81927.0 
81727.3  81928.0 
81727.3  81929.0 
81727.3  81930.0 
81727.3  81931.0 
81727.3  81932.0 
81727.3  81933.0 
81727.3  81934.0 
81727.3  81935.0 
81727.3  81936.0 
81727.3  81937.0 
81727.3  81938.0 
81727.3  81939.0 
81727.3  81940.0 
81727.3  81941.0 
81727.3  81942.0 
81727.3  81943.0 
81727.3  81944.0 
81727.3  81945.0 
81727.3  81946.0 
81727.3  81947.0 
81727.3  81948.0 
81727.3  81949.0 
81727.3  81950.0 
81727.3  81951.0 
81727.3  81952.0 
81727.3  81953.0 
81727.3  81954.0 
81727.3  81955.0 
81727.3  81956.0 
81727.3  81957.0 
81727.3  81958.0 
81727.3  81959.0 
81727.3  81960.0 
81727.3  81961.0 
81727.3  81962.0 
81727.3  81963.0 
81727.3  81964.0 
81727.3  81965.0 
81727.3  81966.0 
81727.3  81967.0 
81727.3  81968.0 
81727.3  81969.0 
81727.3  81970.0 
81727.3  81971.0 
81727.3  81972.0 
81727.3  81973.0 
81727.3  81974.0 
81727.3  81975.0 
81727.3  81976.0 
81727.3  81977.0 
81727.3  81978.0 
81727.3  81979.0 
81727.3  81980.0 
81727.3  81981.0 
81727.3  81982.0 
81727.3  81983.0 
81727.3  81984.0 
81727.3  81985.0 
81727.3  81986.0 
81727.3  81987.0 
81727.3  81988.0 
81727.3  81989.0 
81727.3  81990.0 
81727.4  81991.0 
81727.4  81992.0 
81727.4  81993.0 
81727.4  81994.0 
81727.4  81995.0 
81727.4  81996.0 
81727.4  81997.0 
81727.4  81998.0 
81727.4  81999.0 
81727.4  82000.0 
81727.4  82001.0 
81727.4  82002.0 
81727.4  82003.0 
81727.4  82004.0 
81727.4  82005.0 
81727.4  82006.0 
81727.4  82007.0 
81727.4  82008.0 
81727.4  82009.0 
81727.4  82010.0 
81727.4  82011.0 
81727.4  82012.0 
81727.4  82013.0 
81727.4  82014.0 
81727.4  82015.0 
81727.4  82016.0 
81727.4  82017.0 
81727.4  82018.0 
81727.4  82019.0 
81727.4  82020.0 
81727.4  82021.0 
81727.4  82022.0 
81727.4  82023.0 
81727.4  82024.0 
81727.4  82025.0 
81727.4  82026.0 
81727.4  82027.0 
81727.4  82028.0 
81727.4  82029.0 
81727.5  82030.0 
81727.5  82031.0 
81727.5  82032.0 
81727.5  82033.0 
81727.5  82034.0 
81727.5  82035.0 
81727.5  82036.0 
81727.5  82037.0 
81727.5  82038.0 
81727.5  82039.0 
81727.5  82040.0 
81727.5  82041.0 
81727.5  82042.0 
81727.5  82043.0 
81727.5  82044.0 
81727.5  82045.0 
81727.5  82046.0 
81727.5  82047.0 
81727.5  82048.0 
81727.5  82049.0 
81727.5  82050.0 
81727.5  82051.0 
81727.5  82052.0 
81727.5  82053.0 
81727.5  82054.0 
81727.5  82055.0 
81727.5  82056.0 
81727.5  82057.0 
81727.5  82058.0 
81727.5  82059.0 
81727.5  82060.0 
81727.5  82061.0 
81727.5  82062.0 
81727.5  82063.0 
81727.5  82064.0 
81727.5  82065.0 
81727.5  82066.0 
81727.5  82067.0 
81727.5  82068.0 
81727.5  82069.0 
81727.5  82070.0 
81727.5  82071.0 
81727.5  82072.0 
81727.5  82073.0 
81727.5  82074.0 
81727.5  82075.0 
81727.5  82076.0 
81727.5  82077.0 
81727.6  82078.0 
81727.6  82079.0 
81727.6  82080.0 
81727.6  82081.0 
81727.6  82082.0 
81727.6  82083.0 
81727.6  82084.0 
81727.6  82085.0 
81727.6  82086.0 
81727.6  82087.0 
81727.6  82088.0 
81727.6  82089.0 
81727.6  82090.0 
81727.6  82091.0 
81727.6  82092.0 
81727.6  82093.0 
81727.6  82094.0 
81727.6  82095.0 
81727.6  82096.0 
81727.6  82097.0 
81727.6  82098.0 
81727.6  82099.0 
81727.6  82100.0 
81727.6  82101.0 
81727.6  82102.0 
81727.6  82103.0 
81727.6  82104.0 
81727.7  82105.0 
81727.7  82106.0 
81727.7  82107.0 
81727.7  82108.0 
81727.7  82109.0 
81727.7  82110.0 
81727.7  82111.0 
81727.7  82112.0 
81727.7  82113.0 
81727.7  82114.0 
81727.7  82115.0 
81727.7  82116.0 
81727.7  82117.0 
81727.7  82118.0 
81727.7  82119.0 
81727.7  82120.0 
81727.7  82121.0 
81727.7  82122.0 
81727.7  82123.0 
81727.7  82124.0 
81727.7  82125.0 
81727.7  82126.0 
81727.7  82127.0 
81727.7  82128.0 
81727.7  82129.0 
81727.7  82130.0 
81727.7  82131.0 
81727.7  82132.0 
81727.7  82133.0 
81727.7  82134.0 
81727.7  82135.0 
81727.7  82136.0 
81727.7  82137.0 
81727.7  82138.0 
81727.7  82139.0 
81727.7  82140.0 
81727.7  82141.0 
81727.7  82142.0 
81727.7  82143.0 
81727.7  82144.0 
81727.7  82145.0 
81728.0  81176.0 
81729.1  81196.0 
81729.1  81184.0 
81729.1  81187.0 
81730.1  82146.1 
81731.1  82147.1 
81732.1  82148.1 
81733.1  82149.1 
81734.1  82150.1 
81735.1  81706.0 
81735.1  81184.0 
81735.1  81187.0 
81735.1  81193.0 
81736.1  81707.0 
81736.1  81184.0 
81736.1  81187.0 
81736.1  81193.0 
81737.1  81709.0 
81737.1  81184.0 
81737.1  81187.0 
81738.1  81195.1 
81740.1  82152.1 
81740.2  82153.1 
81741.1  81721.0 
81741.1  81204.0 
81741.1  81217.0 
81741.1  81208.0 
81741.1  81207.0 
81741.1  81213.0 
81741.1  81218.0 
81741.1  81219.0 
81741.1  81269.0 
81741.1  81270.0 
81741.1  81271.0 
81741.1  82155.1 
81741.1  82156.1 
81741.2  82157.1 
81741.3  82158.1 
81743.1  81726.0 
81743.1  81184.0 
81743.1  81197.0 
81743.1  81188.0 
81743.1  81187.0 
81743.1  81193.0 
81743.1  81198.0 
81743.1  81199.0 
81744.1  82159.1 
81744.2  82159.2 
81744.3  82159.3 
81744.4  82159.4 
81744.5  82159.5 
81744.6  82159.6 
81744.7  82159.7 
81745.1  82161.0 
81745.1  81184.0 
81745.1  81197.0 
81745.1  81188.0 
81745.1  81187.0 
81745.1  81193.0 
81745.1  81198.0 
81745.1  81199.0 
81745.1  81269.0 
81745.1  81270.0 
81745.1  81271.0 
81745.1  82162.1 
81745.1  82163.1 
81745.1  81264.0 
81745.1  81276.0 
81745.1  82164.1 
81747.1  82165.1 
81751.1  82167.0 
81751.1  81204.0 
81751.1  81207.0 
81751.1  81213.0 
81751.1  81219.0 
81751.1  82168.1 
81752.1  82167.0 
81752.1  81204.0 
81752.1  81207.0 
81752.1  81213.0 
81752.1  81219.0 
81752.1  82170.1 
81753.1  82167.0 
81753.1  81204.0 
81753.1  81207.0 
81753.1  81213.0 
81753.1  81219.0 
81753.1  82172.1 
81754.0  80159.0 
81755.0  80160.0 
81756.0  80161.0 
81758.0  80163.0 
81759.0  80164.0 
81760.0  80165.0 
81761.0  80166.0 
81762.0  80167.0 
81763.0  80168.0 
81764.0  80169.0 
81765.0  80170.0 
81766.0  80171.0 
81767.0  80172.0 
81768.0  80173.0 
81769.0  80174.0 
81770.0  80175.0 
81771.0  80176.0 
81772.0  80177.0 
81773.0  80178.0 
81774.0  80179.0 
81775.0  80180.0 
81776.0  80181.0 
81777.0  80182.0 
81778.0  80183.0 
81779.0  80184.0 
81780.0  80185.0 
81781.0  80186.0 
81782.0  80187.0 
81783.0  80188.0 
81784.0  80189.0 
81785.0  80190.0 
81786.0  80191.0 
81787.0  80192.0 
81788.0  80193.0 
81789.0  80194.0 
81790.0  80195.0 
81791.0  80196.0 
81792.0  80197.0 
81793.0  80198.0 
81794.0  80199.0 
81795.0  80200.0 
81796.0  80201.0 
81797.0  80202.0 
81798.0  80203.0 
81799.0  80204.0 
81800.0  80205.0 
81801.0  80206.0 
81802.0  80207.0 
81803.0  80208.0 
81804.0  80209.0 
81805.0  80210.0 
81806.0  80211.0 
81807.0  80212.0 
81808.0  80213.0 
81809.0  80214.0 
81810.0  80215.0 
81811.0  80216.0 
81812.0  80217.0 
81813.0  80218.0 
81814.0  80219.0 
81815.0  80220.0 
81816.0  80221.0 
81817.0  80222.0 
81818.0  80223.0 
81819.0  80224.0 
81820.0  80225.0 
81821.0  80226.0 
81822.0  80227.0 
81823.0  80228.0 
81824.0  80229.0 
81825.0  80230.0 
81826.0  80231.0 
81827.0  80232.0 
81828.0  80233.0 
81829.0  80234.0 
81830.0  80235.0 
81831.0  80236.0 
81832.0  80237.0 
81833.0  80238.0 
81834.0  80239.0 
81835.0  80240.0 
81836.0  80241.0 
81837.0  80242.0 
81838.0  80243.0 
81839.0  80244.0 
81840.0  80245.0 
81841.0  80246.0 
81842.0  80247.0 
81843.0  80248.0 
81844.0  80249.0 
81845.0  80250.0 
81846.0  80251.0 
81847.0  80252.0 
81848.0  80253.0 
81849.0  80254.0 
81850.0  80255.0 
81851.0  80256.0 
81852.0  80257.0 
81853.0  80258.0 
81854.0  80259.0 
81855.0  80260.0 
81856.0  80261.0 
81857.0  80262.0 
81858.0  80263.0 
81859.0  80264.0 
81860.0  80265.0 
81861.0  80266.0 
81862.0  80267.0 
81863.0  80268.0 
81864.0  80269.0 
81865.0  80270.0 
81866.0  80271.0 
81867.0  80272.0 
81868.0  80273.0 
81869.0  80274.0 
81870.0  80275.0 
81871.0  80276.0 
81872.0  80277.0 
81873.0  80278.0 
81874.0  80279.0 
81875.0  80280.0 
81876.0  80281.0 
81877.0  80282.0 
81878.0  80283.0 
81879.0  80284.0 
81880.0  80285.0 
81881.0  80286.0 
81882.0  80287.0 
81883.0  80288.0 
81884.0  80289.0 
81885.0  80290.0 
81886.0  80291.0 
81887.0  80292.0 
81888.0  80293.0 
81889.0  80294.0 
81890.0  80295.0 
81891.0  80296.0 
81892.0  80297.0 
81893.0  80298.0 
81894.0  80299.0 
81895.0  80300.0 
81896.0  80301.0 
81897.0  80302.0 
81898.0  80303.0 
81899.0  80304.0 
81900.0  80305.0 
81901.0  80306.0 
81902.0  80307.0 
81903.0  80308.0 
81904.0  80309.0 
81905.0  80310.0 
81906.0  80311.0 
81907.0  80312.0 
81908.0  80313.0 
81909.0  80314.0 
81910.0  80315.0 
81911.0  80316.0 
81912.0  80317.0 
81913.0  80318.0 
81914.0  80319.0 
81915.0  80320.0 
81916.0  80321.0 
81917.0  80322.0 
81918.0  80323.0 
81919.0  80324.0 
81920.0  80325.0 
81921.0  80326.0 
81922.0  80327.0 
81923.0  80328.0 
81924.0  80329.0 
81925.0  80330.0 
81926.0  80331.0 
81927.0  80332.0 
81928.0  80333.0 
81929.0  80334.0 
81930.0  80335.0 
81931.0  80336.0 
81932.0  80337.0 
81933.0  80338.0 
81934.0  80339.0 
81935.0  80340.0 
81936.0  80341.0 
81937.0  80342.0 
81938.0  80343.0 
81939.0  80344.0 
81940.0  80345.0 
81941.0  80346.0 
81942.0  80347.0 
81943.0  80348.0 
81944.0  80349.0 
81945.0  80350.0 
81946.0  80351.0 
81947.0  80352.0 
81948.0  80353.0 
81949.0  80354.0 
81950.0  80355.0 
81951.0  80356.0 
81952.0  80357.0 
81953.0  80358.0 
81954.0  80359.0 
81955.0  80360.0 
81956.0  80361.0 
81957.0  80362.0 
81958.0  80363.0 
81959.0  80364.0 
81961.0  80366.0 
81962.0  80367.0 
81963.0  80368.0 
81964.0  80369.0 
81965.0  80370.0 
81966.0  80371.0 
81967.0  80372.0 
81968.0  80373.0 
81969.0  80374.0 
81970.0  80375.0 
81971.0  80376.0 
81972.0  80377.0 
81973.0  80378.0 
81974.0  80379.0 
81975.0  80380.0 
81976.0  80381.0 
81977.0  80382.0 
81978.0  80383.0 
81979.0  80384.0 
81980.0  80385.0 
81981.0  80386.0 
81982.0  80387.0 
81983.0  80388.0 
81984.0  80389.0 
81985.0  80390.0 
81986.0  80391.0 
81987.0  80392.0 
81988.0  80393.0 
81989.0  80394.0 
81990.0  80395.0 
81991.0  80396.0 
81992.0  80397.0 
81993.0  80398.0 
81994.0  80399.0 
81995.0  80400.0 
81996.0  80401.0 
81997.0  80402.0 
81998.0  80403.0 
81999.0  80404.0 
82000.0  80405.0 
82001.0  80406.0 
82002.0  80407.0 
82003.0  80408.0 
82004.0  80409.0 
82005.0  80410.0 
82006.0  80411.0 
82007.0  80412.0 
82008.0  80413.0 
82009.0  80414.0 
82010.0  80415.0 
82011.0  80416.0 
82012.0  80417.0 
82013.0  80418.0 
82014.0  80419.0 
82015.0  80420.0 
82016.0  80421.0 
82017.0  80422.0 
82018.0  80423.0 
82019.0  80424.0 
82020.0  80425.0 
82021.0  80426.0 
82022.0  80427.0 
82023.0  80428.0 
82024.0  80429.0 
82025.0  80430.0 
82026.0  80431.0 
82027.0  80432.0 
82028.0  80433.0 
82029.0  80434.0 
82030.0  80435.0 
82031.0  80436.0 
82032.0  80437.0 
82033.0  80438.0 
82034.0  80439.0 
82035.0  80440.0 
82036.0  80441.0 
82037.0  80442.0 
82038.0  80443.0 
82039.0  80444.0 
82040.0  80445.0 
82041.0  80446.0 
82042.0  80447.0 
82043.0  80448.0 
82044.0  80449.0 
82045.0  80450.0 
82046.0  80451.0 
82047.0  80452.0 
82048.0  80453.0 
82049.0  80454.0 
82050.0  80455.0 
82051.0  80456.0 
82052.0  80457.0 
82053.0  80458.0 
82054.0  80459.0 
82055.0  80460.0 
82056.0  80461.0 
82057.0  80462.0 
82058.0  80463.0 
82059.0  80464.0 
82060.0  80465.0 
82061.0  80466.0 
82062.0  80467.0 
82063.0  80468.0 
82064.0  80469.0 
82065.0  80470.0 
82066.0  80471.0 
82067.0  80472.0 
82068.0  80473.0 
82069.0  80474.0 
82070.0  80475.0 
82071.0  80476.0 
82072.0  80477.0 
82073.0  80478.0 
82074.0  80479.0 
82075.0  80480.0 
82076.0  80481.0 
82077.0  80482.0 
82078.0  80483.0 
82079.0  80484.0 
82080.0  80485.0 
82081.0  80486.0 
82082.0  80487.0 
82083.0  80488.0 
82084.0  80489.0 
82085.0  80490.0 
82086.0  80491.0 
82087.0  80492.0 
82088.0  80493.0 
82089.0  80494.0 
82090.0  80495.0 
82091.0  80496.0 
82092.0  80497.0 
82093.0  80498.0 
82094.0  80499.0 
82095.0  80500.0 
82096.0  80501.0 
82097.0  80502.0 
82098.0  80503.0 
82099.0  80504.0 
82100.0  80505.0 
82101.0  80506.0 
82102.0  80507.0 
82103.0  80508.0 
82104.0  80509.0 
82105.0  80510.0 
82106.0  80511.0 
82107.0  80512.0 
82108.0  80513.0 
82109.0  80514.0 
82110.0  80515.0 
82111.0  80516.0 
82112.0  80517.0 
82113.0  80518.0 
82114.0  80519.0 
82115.0  80520.0 
82116.0  80521.0 
82146.1  81707.0 
82146.1  81184.0 
82146.1  81187.0 
82146.1  81193.0 
82147.1  81706.0 
82147.1  81184.0 
82147.1  81187.0 
82147.1  81193.0 
82148.1  81728.0 
82148.1  81184.0 
82148.1  81187.0 
82148.1  81193.0 
82149.1  81728.0 
82149.1  81184.0 
82149.1  81187.0 
82149.1  81193.0 
82150.1  81728.0 
82150.1  81184.0 
82150.1  81187.0 
82150.1  81193.0 
82152.1  81686.0 
82152.1  81204.0 
82152.1  81687.0 
82152.1  81688.0 
82152.1  81207.0 
82152.1  81689.0 
82152.1  81205.0 
82152.1  81690.0 
82152.1  81208.0 
82152.1  81210.0 
82152.1  82174.0 
82152.1  81213.0 
82152.1  82175.1 
82153.1  81694.0 
82153.1  81204.0 
82153.1  81687.0 
82153.1  81688.0 
82153.1  81205.0 
82153.1  81207.0 
82153.1  81689.0 
82153.1  81208.0 
82153.1  81690.0 
82153.1  81210.0 
82153.1  82177.0 
82153.1  81213.0 
82153.1  81740.1 
82154.1  81694.0 
82154.1  81204.0 
82154.1  81687.0 
82154.1  81688.0 
82154.1  81205.0 
82154.1  81207.0 
82154.1  81689.0 
82154.1  81208.0 
82154.1  81690.0 
82154.1  81210.0 
82154.1  82178.0 
82154.1  81213.0 
82155.1  82179.0 
82156.1  82180.1 
82157.1  82181.1 
82158.1  82182.1 
82159.1  81754.0 
82159.1  81184.0 
82159.1  81755.0 
82159.1  81188.0 
82159.1  81187.0 
82159.1  81756.0 
82159.1  81193.0 
82159.1  82183.0 
82159.1  81758.0 
82159.1  81198.0 
82159.1  81759.0 
82159.1  81760.0 
82159.1  81761.0 
82159.1  81199.0 
82159.1  81762.0 
82159.1  81763.0 
82159.1  81764.0 
82159.1  81765.0 
82159.1  81766.0 
82159.1  81767.0 
82159.1  81768.0 
82159.1  81769.0 
82159.1  81770.0 
82159.1  81771.0 
82159.1  81772.0 
82159.1  81773.0 
82159.1  81774.0 
82159.1  81775.0 
82159.1  81776.0 
82159.1  81777.0 
82159.1  81778.0 
82159.1  81779.0 
82159.1  81780.0 
82159.1  81781.0 
82159.1  81782.0 
82159.1  81783.0 
82159.1  81784.0 
82159.1  81785.0 
82159.1  81786.0 
82159.1  81787.0 
82159.1  81788.0 
82159.1  81789.0 
82159.1  81790.0 
82159.1  81791.0 
82159.1  81792.0 
82159.1  81793.0 
82159.1  81794.0 
82159.1  81795.0 
82159.1  81796.0 
82159.1  81797.0 
82159.1  81798.0 
82159.1  81799.0 
82159.1  81800.0 
82159.1  81801.0 
82159.1  81802.0 
82159.1  81803.0 
82159.1  81804.0 
82159.1  81805.0 
82159.1  81806.0 
82159.1  81807.0 
82159.1  81808.0 
82159.1  81809.0 
82159.1  81810.0 
82159.1  81811.0 
82159.1  81812.0 
82159.1  81813.0 
82159.1  81814.0 
82159.1  81815.0 
82159.1  81816.0 
82159.1  81817.0 
82159.1  81818.0 
82159.1  81819.0 
82159.1  81820.0 
82159.1  81821.0 
82159.1  81822.0 
82159.1  81823.0 
82159.1  81824.0 
82159.1  81825.0 
82159.1  81826.0 
82159.1  81827.0 
82159.1  81828.0 
82159.1  81829.0 
82159.1  81830.0 
82159.1  81831.0 
82159.1  81832.0 
82159.1  81833.0 
82159.2  81834.0 
82159.2  81835.0 
82159.2  81836.0 
82159.2  81837.0 
82159.2  81838.0 
82159.2  81839.0 
82159.2  81840.0 
82159.2  81841.0 
82159.2  81842.0 
82159.2  81843.0 
82159.2  81844.0 
82159.2  81845.0 
82159.2  81846.0 
82159.2  81847.0 
82159.2  81848.0 
82159.2  81849.0 
82159.2  81850.0 
82159.2  81851.0 
82159.2  81852.0 
82159.2  81853.0 
82159.2  81854.0 
82159.2  81855.0 
82159.2  81856.0 
82159.2  81857.0 
82159.2  81858.0 
82159.2  81859.0 
82159.2  81860.0 
82159.2  81861.0 
82159.2  81862.0 
82159.2  81863.0 
82159.2  81864.0 
82159.2  81865.0 
82159.2  81866.0 
82159.2  81867.0 
82159.2  81868.0 
82159.2  81869.0 
82159.2  81870.0 
82159.2  81871.0 
82159.2  81872.0 
82159.2  81873.0 
82159.2  81874.0 
82159.2  81875.0 
82159.2  81876.0 
82159.2  81877.0 
82159.2  81878.0 
82159.2  81879.0 
82159.2  81880.0 
82159.2  81881.0 
82159.2  81882.0 
82159.2  81883.0 
82159.2  81884.0 
82159.2  81885.0 
82159.2  81886.0 
82159.2  81887.0 
82159.2  81888.0 
82159.2  81889.0 
82159.2  81890.0 
82159.2  81891.0 
82159.2  81892.0 
82159.2  81893.0 
82159.2  81894.0 
82159.2  81895.0 
82159.2  81896.0 
82159.2  81897.0 
82159.2  81898.0 
82159.2  81899.0 
82159.2  81900.0 
82159.2  81901.0 
82159.2  81902.0 
82159.2  81903.0 
82159.2  81904.0 
82159.2  81905.0 
82159.2  81906.0 
82159.2  81907.0 
82159.2  81908.0 
82159.2  81909.0 
82159.2  81910.0 
82159.2  81911.0 
82159.3  81912.0 
82159.3  81913.0 
82159.3  81914.0 
82159.3  81915.0 
82159.3  81916.0 
82159.3  81917.0 
82159.3  81918.0 
82159.3  81919.0 
82159.3  81920.0 
82159.3  81921.0 
82159.3  81922.0 
82159.3  81923.0 
82159.3  81924.0 
82159.3  81925.0 
82159.3  81926.0 
82159.3  81927.0 
82159.3  81928.0 
82159.3  81929.0 
82159.3  81930.0 
82159.3  81931.0 
82159.3  81932.0 
82159.3  81933.0 
82159.3  81934.0 
82159.3  81935.0 
82159.3  81936.0 
82159.3  81937.0 
82159.3  81938.0 
82159.3  81939.0 
82159.3  81940.0 
82159.3  81941.0 
82159.3  81942.0 
82159.3  81943.0 
82159.3  81944.0 
82159.3  81945.0 
82159.3  81946.0 
82159.3  81947.0 
82159.3  81948.0 
82159.3  81949.0 
82159.3  81950.0 
82159.3  81951.0 
82159.3  81952.0 
82159.3  81953.0 
82159.3  81954.0 
82159.3  81955.0 
82159.3  81956.0 
82159.3  81957.0 
82159.3  81958.0 
82159.3  81959.0 
82159.3  82184.0 
82159.3  81961.0 
82159.3  81962.0 
82159.3  81963.0 
82159.3  81964.0 
82159.3  81965.0 
82159.3  81966.0 
82159.3  81967.0 
82159.3  81968.0 
82159.3  81969.0 
82159.3  81970.0 
82159.3  81971.0 
82159.3  81972.0 
82159.3  81973.0 
82159.3  81974.0 
82159.3  81975.0 
82159.3  81976.0 
82159.3  81977.0 
82159.3  81978.0 
82159.3  81979.0 
82159.3  81980.0 
82159.3  81981.0 
82159.3  81982.0 
82159.3  81983.0 
82159.3  81984.0 
82159.3  81985.0 
82159.3  81986.0 
82159.3  81987.0 
82159.3  81988.0 
82159.3  81989.0 
82159.3  81990.0 
82159.4  81991.0 
82159.4  81992.0 
82159.4  81993.0 
82159.4  81994.0 
82159.4  81995.0 
82159.4  81996.0 
82159.4  81997.0 
82159.4  81998.0 
82159.4  81999.0 
82159.4  82000.0 
82159.4  82001.0 
82159.4  82002.0 
82159.4  82003.0 
82159.4  82004.0 
82159.4  82005.0 
82159.4  82006.0 
82159.4  82007.0 
82159.4  82008.0 
82159.4  82009.0 
82159.4  82010.0 
82159.4  82011.0 
82159.4  82012.0 
82159.4  82013.0 
82159.4  82014.0 
82159.4  82015.0 
82159.4  82016.0 
82159.4  82017.0 
82159.4  82018.0 
82159.4  82019.0 
82159.4  82020.0 
82159.4  82021.0 
82159.4  82022.0 
82159.4  82023.0 
82159.4  82024.0 
82159.4  82025.0 
82159.4  82026.0 
82159.4  82027.0 
82159.4  82028.0 
82159.4  82029.0 
82159.5  82030.0 
82159.5  82031.0 
82159.5  82032.0 
82159.5  82033.0 
82159.5  82034.0 
82159.5  82035.0 
82159.5  82036.0 
82159.5  82037.0 
82159.5  82038.0 
82159.5  82039.0 
82159.5  82040.0 
82159.5  82041.0 
82159.5  82042.0 
82159.5  82043.0 
82159.5  82044.0 
82159.5  82045.0 
82159.5  82046.0 
82159.5  82047.0 
82159.5  82048.0 
82159.5  82049.0 
82159.5  82050.0 
82159.5  82051.0 
82159.5  82052.0 
82159.5  82053.0 
82159.5  82054.0 
82159.5  82055.0 
82159.5  82056.0 
82159.5  82057.0 
82159.5  82058.0 
82159.5  82059.0 
82159.5  82060.0 
82159.5  82061.0 
82159.5  82062.0 
82159.5  82063.0 
82159.5  82064.0 
82159.5  82065.0 
82159.5  82066.0 
82159.5  82067.0 
82159.5  82068.0 
82159.5  82069.0 
82159.5  82070.0 
82159.5  82071.0 
82159.5  82072.0 
82159.5  82073.0 
82159.5  82074.0 
82159.5  82075.0 
82159.5  82076.0 
82159.5  82077.0 
82159.6  82078.0 
82159.6  82079.0 
82159.6  82080.0 
82159.6  82081.0 
82159.6  82082.0 
82159.6  82083.0 
82159.6  82084.0 
82159.6  82085.0 
82159.6  82086.0 
82159.6  82087.0 
82159.6  82088.0 
82159.6  82089.0 
82159.6  82090.0 
82159.6  82091.0 
82159.6  82092.0 
82159.6  82093.0 
82159.6  82094.0 
82159.6  82095.0 
82159.6  82096.0 
82159.6  82097.0 
82159.6  82098.0 
82159.6  82099.0 
82159.6  82100.0 
82159.6  82101.0 
82159.6  82102.0 
82159.6  82103.0 
82159.6  82104.0 
82159.7  82105.0 
82159.7  82106.0 
82159.7  82107.0 
82159.7  82108.0 
82159.7  82109.0 
82159.7  82110.0 
82159.7  82111.0 
82159.7  82112.0 
82159.7  82113.0 
82159.7  82114.0 
82159.7  82115.0 
82159.7  82116.0 
82159.7  82185.0 
82159.7  82186.0 
82159.7  82187.0 
82159.7  82188.0 
82159.7  82189.0 
82159.7  82190.0 
82159.7  82191.0 
82159.7  82192.0 
82159.7  82193.0 
82159.7  82194.0 
82159.7  82195.0 
82159.7  82196.0 
82159.7  82197.0 
82159.7  82198.0 
82159.7  82199.0 
82159.7  82200.0 
82159.7  82201.0 
82159.7  82202.0 
82159.7  82203.0 
82159.7  82204.0 
82159.7  82205.0 
82159.7  82206.0 
82159.7  82207.0 
82159.7  82208.0 
82159.7  82209.0 
82159.7  82210.0 
82159.7  82211.0 
82159.7  82212.0 
82159.7  82213.0 
82160.1  81686.0 
82160.1  81184.0 
82160.1  81687.0 
82160.1  81688.0 
82160.1  81187.0 
82160.1  81689.0 
82160.1  81185.0 
82160.1  81690.0 
82160.1  81188.0 
82160.1  81190.0 
82160.1  82214.0 
82160.1  81193.0 
82160.1  81677.3 
82161.0  80580.0 
82162.1  82215.1 
82163.1  82216.1 
82164.1  82217.1 
82165.1  82218.0 
82165.1  81184.0 
82165.1  81187.0 
82165.1  81677.3 
82167.0  80586.0 
82168.1  82219.0 
82170.1  82220.0 
82172.1  82221.0 
82173.1  82161.0 
82173.1  80738.0 
82173.1  81149.0 
82173.1  80743.0 
82173.1  80759.0 
82173.1  80779.0 
82173.1  80899.0 
82173.1  80784.0 
82173.1  80785.0 
82173.1  80786.0 
82173.1  80787.0 
82173.1  82223.1 
82173.1  82224.1 
82173.1  80778.0 
82173.1  80792.0 
82173.1  82225.1 
82175.1  82226.1 
82176.1  81165.1 
82180.1  82167.0 
82180.1  81204.0 
82180.1  81207.0 
82180.1  81213.0 
82180.1  81219.0 
82180.1  82228.1 
82181.1  82167.0 
82181.1  81204.0 
82181.1  81207.0 
82181.1  81213.0 
82181.1  81219.0 
82181.1  82230.1 
82182.1  82167.0 
82182.1  81204.0 
82182.1  81207.0 
82182.1  81213.0 
82182.1  81219.0 
82182.1  82232.1 
82215.1  82167.0 
82215.1  81184.0 
82215.1  81187.0 
82215.1  81193.0 
82215.1  81199.0 
82215.1  82234.1 
82216.1  82235.0 
82216.1  81184.0 
82216.1  81187.0 
82216.1  81193.0 
82216.1  82236.47 
82217.1  82235.0 
82217.1  81184.0 
82217.1  81187.0 
82217.1  81193.0 
82217.1  82237.47 
82218.0  80677.0 
82222.1  81686.0 
82222.1  80738.0 
82222.1  81687.0 
82222.1  81688.0 
82222.1  80759.0 
82222.1  81689.0 
82222.1  80941.0 
82222.1  81690.0 
82222.1  80743.0 
82222.1  80953.0 
82222.1  82238.0 
82222.1  80779.0 
82222.1  82239.3 
82223.1  82240.1 
82224.1  82241.1 
82225.1  82242.1 
82226.1  82218.0 
82226.1  80738.0 
82226.1  80759.0 
82226.1  82239.3 
82228.1  82243.0 
82230.1  82244.0 
82232.1  82245.0 
82234.1  82246.0 
82235.0  80705.0 
82236.45  80706.45 
82236.46  82247.1 
82236.47  81741.1 
82236.48  81693.1 
82237.45  80707.45 
82237.46  82247.2 
82237.47  81741.2 
82237.48  81693.2 
82239.1  82248.1 
82239.2  82249.1 
82239.3  82250.1 
82240.1  82167.0 
82240.1  80738.0 
82240.1  80759.0 
82240.1  80779.0 
82240.1  80784.0 
82240.1  82252.1 
82241.1  82235.0 
82241.1  80738.0 
82241.1  80759.0 
82241.1  80779.0 
82241.1  82236.46 
82242.1  82235.0 
82242.1  80738.0 
82242.1  80759.0 
82242.1  80779.0 
82242.1  82237.46 
82247.1  81721.0 
82247.1  81204.0 
82247.1  81217.0 
82247.1  81208.0 
82247.1  81207.0 
82247.1  81213.0 
82247.1  81218.0 
82247.1  81219.0 
82247.1  81269.0 
82247.1  81270.0 
82247.1  81271.0 
82247.1  82254.1 
82247.1  82255.1 
82247.2  82256.1 
82247.3  82257.1 
82248.1  81686.0 
82248.1  81204.0 
82248.1  81687.0 
82248.1  81688.0 
82248.1  81207.0 
82248.1  81689.0 
82248.1  81205.0 
82248.1  81690.0 
82248.1  81208.0 
82248.1  81210.0 
82248.1  82258.0 
82248.1  81213.0 
82248.1  82259.2 
82249.1  81694.0 
82249.1  81204.0 
82249.1  81687.0 
82249.1  81688.0 
82249.1  81205.0 
82249.1  81207.0 
82249.1  81689.0 
82249.1  81208.0 
82249.1  81690.0 
82249.1  81210.0 
82249.1  82260.0 
82249.1  81213.0 
82249.1  82239.1 
82250.1  81696.0 
82250.1  81204.0 
82250.1  81207.0 
82250.1  82239.2 
82252.1  82261.0 
82253.1  81694.0 
82253.1  81204.0 
82253.1  81687.0 
82253.1  81688.0 
82253.1  81205.0 
82253.1  81207.0 
82253.1  81689.0 
82253.1  81208.0 
82253.1  81690.0 
82253.1  81210.0 
82253.1  82262.0 
82253.1  81213.0 
82254.1  82263.0 
82255.1  82264.1 
82256.1  82265.1 
82257.1  82266.1 
82259.1  82267.1 
82259.2  82268.1 
82264.1  82167.0 
82264.1  81204.0 
82264.1  81207.0 
82264.1  81213.0 
82264.1  81219.0 
82264.1  82270.1 
82265.1  82167.0 
82265.1  81204.0 
82265.1  81207.0 
82265.1  81213.0 
82265.1  81219.0 
82265.1  82272.1 
82266.1  82167.0 
82266.1  81204.0 
82266.1  81207.0 
82266.1  81213.0 
82266.1  81219.0 
82266.1  82274.1 
82267.1  81686.0 
82267.1  81204.0 
82267.1  81687.0 
82267.1  81688.0 
82267.1  81207.0 
82267.1  81689.0 
82267.1  81205.0 
82267.1  81690.0 
82267.1  81208.0 
82267.1  81210.0 
82267.1  82276.0 
82267.1  81213.0 
82267.1  82277.1 
82268.1  81694.0 
82268.1  81204.0 
82268.1  81687.0 
82268.1  81688.0 
82268.1  81205.0 
82268.1  81207.0 
82268.1  81689.0 
82268.1  81208.0 
82268.1  81690.0 
82268.1  81210.0 
82268.1  82279.0 
82268.1  81213.0 
82268.1  82259.1 
82270.1  82280.0 
82272.1  82281.0 
82274.1  82282.0 
82275.1  80580.0 
82275.1  79573.0 
82275.1  79586.0 
82275.1  79577.0 
82275.1  79576.0 
82275.1  79582.0 
82275.1  79587.0 
82275.1  79588.0 
82275.1  79638.0 
82275.1  79639.0 
82275.1  79640.0 
82275.1  82284.1 
82275.1  82285.1 
82275.1  79633.0 
82275.1  79645.0 
82275.1  82286.1 
82277.1  82287.1 
82278.1  79584.1 
82283.1  80067.0 
82283.1  79573.0 
82283.1  80068.0 
82283.1  80069.0 
82283.1  79576.0 
82283.1  80070.0 
82283.1  79574.0 
82283.1  80071.0 
82283.1  79577.0 
82283.1  79579.0 
82283.1  82288.0 
82283.1  79582.0 
82283.1  79987.3 
82284.1  82289.1 
82285.1  82290.1 
82286.1  82291.1 
82287.1  80677.0 
82287.1  79573.0 
82287.1  79576.0 
82287.1  82292.3 
82289.1  80586.0 
82289.1  79573.0 
82289.1  79576.0 
82289.1  79582.0 
82289.1  79588.0 
82289.1  82294.1 
82290.1  80705.0 
82290.1  79573.0 
82290.1  79576.0 
82290.1  79582.0 
82290.1  80706.45 
82291.1  80705.0 
82291.1  79573.0 
82291.1  79576.0 
82291.1  79582.0 
82291.1  80707.45 
82292.3  79987.3 
82294.1  82295.0 
81201.0  81202.0 
81202.0  81215.0 
81221.0  81222.0 
81222.0  81650.0 
81650.0  81661.0 
81655.0  81671.0 
81657.0  81215.0 
81658.0  81693.0 
81659.0  81693.0 
81660.0  81697.0 
81661.0  81215.0 
81668.0  81222.0 
81669.0  81222.0 
81670.0  81708.0 
81671.0  81710.0 
81693.0  81720.0 
81697.0  81221.0 
81701.0  81650.0 
81702.0  81650.0 
81703.0  81650.0 
81704.0  81650.0 
81705.0  81650.0 
81708.0  81222.0 
81710.0  81729.0 
81714.0  81738.0 
81715.0  81741.0 
81716.0  81741.0 
81717.0  81743.0 
81718.0  81745.0 
81719.0  81738.0 
81720.0  81215.0 
81727.0  81697.0 
81729.0  81738.0 
81735.0  81671.0 
81736.0  81671.0 
81737.0  82151.0 
81741.0  82154.0 
81743.0  81655.0 
81745.0  82160.0 
81750.0  81693.0 
81751.0  82166.0 
81752.0  82169.0 
81753.0  82171.0 
82146.0  81710.0 
82147.0  81710.0 
82148.0  81710.0 
82149.0  81710.0 
82150.0  81710.0 
82151.0  81671.0 
82152.0  82173.0 
82153.0  82176.0 
82154.0  81738.0 
82159.0  81743.0 
82160.0  81738.0 
82165.0  81745.0 
82166.0  81693.0 
82169.0  81693.0 
82171.0  81693.0 
82173.0  82222.0 
82179.0  81741.0 
82180.0  82227.0 
82181.0  82229.0 
82182.0  82231.0 
82215.0  82233.0 
82216.0  81745.0 
82217.0  81745.0 
82219.0  82166.0 
82220.0  82169.0 
82221.0  82171.0 
82222.0  82176.0 
82226.0  82173.0 
82227.0  81741.0 
82229.0  81741.0 
82231.0  81741.0 
82233.0  81745.0 
82240.0  82251.0 
82241.0  82173.0 
82242.0  82173.0 
82243.0  82227.0 
82244.0  82229.0 
82245.0  82231.0 
82246.0  82233.0 
82247.0  82253.0 
82248.0  82176.0 
82249.0  82247.0 
82250.0  82247.0 
82251.0  82173.0 
82253.0  82176.0 
82261.0  82251.0 
82263.0  82247.0 
82264.0  82269.0 
82265.0  82271.0 
82266.0  82273.0 
82267.0  82275.0 
82268.0  82278.0 
82269.0  82247.0 
82271.0  82247.0 
82273.0  82247.0 
82275.0  82283.0 
82280.0  82269.0 
82281.0  82271.0 
82282.0  82273.0 
82283.0  82278.0 
82287.0  82275.0 
82289.0  82293.0 
82290.0  82275.0 
82291.0  82275.0 
82293.0  82275.0 
82295.0  82293.0 
81220.1  81221.10 
82296.1  81221.10 
82297.1  81221.10 
