52851.1  52853.0 
52851.1  52854.0 
52851.1  52855.0 
52851.1  52856.0 
52851.1  52857.0 
52851.1  52858.0 
52851.1  52859.0 
52851.1  52860.0 
52851.1  52861.0 
52851.1  52862.0 
52851.1  52863.0 
52851.1  52864.0 
52852.1  52866.0 
52852.1  52854.0 
52852.1  52857.0 
52853.0  52833.0 
52854.0  52834.0 
52855.0  52835.0 
52856.0  52836.0 
52857.0  52837.0 
52858.0  52838.0 
52859.0  52839.0 
52860.0  52840.0 
52863.0  52843.0 
52864.0  37230.0 
52865.1  52854.0 
52865.1  52867.0 
52865.1  52858.0 
52865.1  52857.0 
52865.1  52863.0 
52865.1  52868.0 
52865.1  52869.0 
52866.0  52846.0 
52867.0  52847.0 
52868.0  52848.0 
52869.0  52849.0 
52850.1  52851.1 
52851.0  52852.0 
52852.0  52865.0 
