73406.1  73408.0 
73406.1  73409.0 
73406.1  73410.0 
73406.1  73411.0 
73406.1  73412.0 
73406.1  73413.0 
73406.1  73414.0 
73406.1  73415.0 
73406.1  73416.0 
73406.1  73417.0 
73406.1  73418.0 
73406.1  73419.0 
73407.1  73421.0 
73407.1  73409.0 
73407.1  73412.0 
73408.0  73388.0 
73409.0  73389.0 
73410.0  73390.0 
73411.0  73391.0 
73412.0  73392.0 
73413.0  73393.0 
73414.0  73394.0 
73415.0  73395.0 
73418.0  73398.0 
73419.0  58004.0 
73420.1  73409.0 
73420.1  73422.0 
73420.1  73413.0 
73420.1  73412.0 
73420.1  73418.0 
73420.1  73423.0 
73420.1  73424.0 
73421.0  73401.0 
73422.0  73402.0 
73423.0  73403.0 
73424.0  73404.0 
73405.1  73406.1 
73426.1  73428.0 
73426.1  73429.0 
73426.1  73430.0 
73426.1  73431.0 
73426.1  73409.0 
73426.1  73432.0 
73426.1  73433.0 
73426.1  73434.0 
73426.1  73435.0 
73426.1  73413.0 
73426.1  73436.0 
73426.1  73437.0 
73426.1  73438.0 
73426.1  73439.0 
73426.1  73440.0 
73426.1  73441.0 
73426.1  73442.0 
73426.1  73443.0 
73426.1  73444.0 
73426.1  73445.0 
73426.1  73446.0 
73426.1  73447.0 
73426.1  73448.0 
73426.1  73449.0 
73426.1  73450.0 
73426.1  73412.0 
73426.1  73451.0 
73426.1  73452.0 
73426.1  73453.0 
73426.1  73454.0 
73426.1  73455.0 
73426.1  73456.0 
73426.1  73457.0 
73426.1  73458.0 
73426.1  73459.0 
73426.1  73460.0 
73426.1  73461.0 
73426.1  73462.0 
73426.1  73463.0 
73426.1  73464.0 
73426.1  73465.0 
73426.1  73466.0 
73426.1  73467.0 
73426.1  73468.0 
73426.1  73469.0 
73426.1  73418.0 
73426.1  73470.0 
73426.1  73471.0 
73426.1  73472.0 
73426.1  73473.0 
73426.1  73424.0 
73426.1  73474.0 
73426.1  73475.0 
73426.1  73476.0 
73426.1  73477.0 
73426.1  73478.0 
73426.1  73479.0 
73426.1  73480.0 
73426.1  73481.0 
73426.1  73482.0 
73426.1  73483.0 
73426.1  73484.0 
73426.1  73485.0 
73426.1  73486.0 
73426.1  73487.0 
73426.1  73488.0 
73426.1  73489.0 
73426.1  73490.0 
73426.1  73491.0 
73426.1  73492.0 
73426.1  73493.0 
73426.1  73494.0 
73426.1  73495.0 
73426.1  73496.0 
73426.1  73497.0 
73426.1  73498.0 
73426.1  73499.0 
73426.1  73500.0 
73426.1  73501.0 
73426.1  73502.0 
73426.1  73503.0 
73426.1  73504.0 
73426.1  73505.0 
73426.1  73506.0 
73426.1  73507.0 
73426.1  73508.0 
73426.1  73509.0 
73426.1  73510.0 
73426.1  73511.0 
73426.1  73512.0 
73426.1  73513.0 
73426.1  73514.0 
73426.1  73515.0 
73426.1  73516.0 
73426.1  73517.0 
73426.1  73518.0 
73426.1  73519.0 
73426.1  73520.0 
73426.1  73521.0 
73426.1  73522.0 
73426.1  73523.0 
73426.1  73524.0 
73426.1  73525.0 
73426.1  73526.0 
73426.1  73527.0 
73426.1  73528.0 
73426.1  73529.0 
73426.1  73530.0 
73426.1  73531.0 
73426.1  73532.0 
73426.1  73533.0 
73426.1  73534.0 
73426.1  73535.0 
73426.1  73536.0 
73426.1  73537.0 
73426.1  73538.0 
73426.1  73539.0 
73426.1  73540.0 
73426.1  73541.0 
73426.1  73542.0 
73426.1  73543.0 
73426.1  73544.0 
73426.1  73545.0 
73426.1  73546.0 
73426.1  73547.0 
73426.1  73548.0 
73426.1  73549.0 
73426.1  73550.0 
73426.1  73551.0 
73426.1  73552.0 
73426.1  73553.0 
73426.1  73554.0 
73426.1  73555.0 
73426.1  73556.0 
73426.1  73557.0 
73426.1  73558.0 
73426.1  73559.0 
73426.1  73560.0 
73426.1  73561.0 
73426.1  73562.0 
73426.1  73563.0 
73426.1  73564.0 
73426.1  73565.0 
73426.1  73566.0 
73426.1  73567.0 
73426.1  73568.0 
73426.1  73569.0 
73426.1  73570.0 
73426.1  73571.0 
73426.1  73572.0 
73426.1  73573.0 
73426.1  73574.0 
73426.1  73575.0 
73426.1  73576.0 
73426.1  73577.0 
73426.1  73578.0 
73426.1  73579.0 
73426.1  73580.0 
73426.1  73581.0 
73426.1  73582.0 
73426.1  73583.0 
73426.1  73584.0 
73426.1  73585.0 
73426.1  73586.0 
73426.1  73587.0 
73426.1  73423.0 
73426.1  73588.0 
73426.1  73589.0 
73426.1  73590.0 
73426.1  73591.1 
73426.1  73592.0 
73426.1  73593.0 
73426.1  73594.0 
73426.1  73595.0 
73426.1  73596.0 
73426.1  73597.0 
73426.2  73598.0 
73426.2  73599.0 
73426.2  73600.0 
73426.2  73601.0 
73426.2  73602.0 
73426.2  73603.0 
73426.2  73604.0 
73426.2  73605.0 
73426.2  73606.0 
73426.2  73607.0 
73426.2  73608.0 
73426.2  73609.0 
73426.2  73610.0 
73426.2  73611.0 
73426.2  73612.0 
73426.2  73613.0 
73426.2  73614.0 
73426.2  73615.0 
73426.2  73616.0 
73426.2  73617.0 
73426.2  73618.0 
73426.2  73619.0 
73426.2  73620.0 
73426.2  73621.0 
73426.2  73622.0 
73426.2  73623.0 
73426.2  73624.0 
73426.2  73625.0 
73426.2  73626.0 
73426.2  73627.0 
73426.2  73628.0 
73426.2  73410.0 
73426.2  73629.0 
73426.2  73630.0 
73426.2  73631.0 
73426.2  73632.0 
73426.2  73633.0 
73426.2  73634.0 
73426.2  73635.0 
73426.2  73636.0 
73426.2  73637.0 
73426.2  73638.0 
73426.2  73639.0 
73426.2  73415.0 
73426.2  73640.0 
73426.2  73641.0 
73426.2  73642.0 
73426.2  73643.0 
73426.2  73644.0 
73426.2  73645.0 
73426.2  73646.0 
73426.2  73647.0 
73426.2  73648.0 
73426.2  73649.0 
73426.2  73650.0 
73426.2  73651.0 
73426.2  73652.0 
73426.2  73653.0 
73426.2  73654.0 
73426.2  73655.0 
73426.2  73656.0 
73426.2  73657.0 
73426.2  73658.0 
73426.2  73659.0 
73426.2  73660.0 
73426.2  73661.0 
73426.2  73662.0 
73426.2  73663.0 
73426.2  73664.0 
73426.2  73665.0 
73426.2  73666.0 
73426.2  73667.0 
73426.2  73668.0 
73426.2  73669.0 
73426.2  73670.0 
73426.2  73671.0 
73426.2  73672.0 
73426.2  73673.0 
73426.2  73674.0 
73426.2  73675.0 
73426.2  73676.0 
73426.2  73677.0 
73426.2  73678.0 
73426.2  73679.0 
73426.2  73680.0 
73426.2  73681.0 
73426.2  73682.0 
73426.2  73683.0 
73426.2  73684.0 
73426.2  73685.0 
73426.2  73686.0 
73426.2  73687.0 
73426.2  73688.0 
73426.2  73689.0 
73426.2  73690.0 
73426.2  73691.0 
73426.2  73692.0 
73426.2  73693.0 
73426.2  73694.0 
73426.2  73695.0 
73426.2  73696.0 
73426.2  73697.0 
73426.2  73698.0 
73426.2  73699.0 
73426.2  73700.0 
73426.2  73701.0 
73426.2  73702.0 
73426.2  73703.0 
73426.2  73704.0 
73426.2  73705.0 
73426.2  73706.0 
73426.2  73707.0 
73426.2  73708.0 
73426.2  73709.0 
73426.2  73710.0 
73426.2  73711.0 
73426.2  73712.0 
73426.2  73713.0 
73426.2  73714.0 
73426.2  73715.0 
73426.2  73716.0 
73426.2  73717.0 
73426.2  73718.0 
73426.2  73719.0 
73426.2  73720.0 
73426.2  73721.0 
73426.2  73722.0 
73426.2  73723.0 
73426.2  73724.0 
73426.2  73725.0 
73426.2  73726.0 
73426.2  73727.0 
73426.2  73728.0 
73426.2  73729.0 
73426.2  73730.0 
73426.2  73731.0 
73426.2  73732.0 
73426.2  73733.0 
73426.2  73734.0 
73426.2  73735.0 
73426.2  73736.0 
73426.2  73737.0 
73426.2  73738.0 
73426.2  73739.0 
73426.2  73740.0 
73426.2  73741.0 
73426.2  73742.0 
73426.2  73743.0 
73426.2  73744.0 
73426.2  73745.0 
73426.2  73746.0 
73426.2  73747.0 
73426.2  73748.0 
73426.2  73749.0 
73426.2  73750.0 
73426.2  73751.0 
73426.2  73752.0 
73426.2  73753.0 
73426.2  73754.0 
73426.2  73755.0 
73426.2  73756.1 
73426.2  73757.0 
73426.2  73758.0 
73426.2  73759.0 
73426.2  73760.0 
73426.2  73761.0 
73426.2  73762.0 
73426.2  73763.0 
73426.2  73764.0 
73426.2  73765.0 
73426.2  73766.0 
73426.2  73767.0 
73426.2  73768.0 
73426.2  73769.0 
73426.2  73770.0 
73426.2  73771.24 
73426.2  73772.24 
73426.2  73773.0 
73426.2  73774.0 
73426.2  73775.0 
73426.2  73776.0 
73426.2  73777.0 
73426.2  73778.0 
73426.2  73779.0 
73426.2  73780.0 
73426.2  73781.0 
73426.2  73782.0 
73426.2  73783.0 
73426.2  73784.0 
73426.2  73785.0 
73426.3  73786.0 
73426.3  73787.0 
73426.3  73788.0 
73426.3  73789.0 
73426.3  73790.0 
73426.3  73791.0 
73426.3  73792.0 
73426.3  73793.0 
73426.3  73794.2 
73426.3  73795.0 
73426.3  73796.0 
73426.3  73797.0 
73426.3  73798.0 
73426.3  73799.0 
73426.3  73800.0 
73426.4  73801.0 
73426.4  73802.0 
73426.4  73803.0 
73426.4  73804.0 
73426.4  73405.1 
73426.5  73805.0 
73426.5  73806.0 
73426.5  73807.0 
73426.5  73808.0 
73426.5  73809.0 
73426.5  73810.1 
73426.5  73811.0 
73426.5  73812.48 
73426.5  73813.48 
73426.5  73814.0 
73426.5  73815.2 
73426.6  73816.0 
73426.6  73817.0 
73426.6  73818.0 
73426.6  73819.0 
73426.6  73820.0 
73426.6  73821.0 
73426.6  73414.0 
73426.6  73411.0 
73426.6  73822.0 
73426.6  73823.3 
73426.6  73824.0 
73426.6  73825.0 
73426.6  73826.0 
73426.6  73827.0 
73426.6  73828.0 
73426.6  73829.0 
73426.6  73830.0 
73426.6  73831.0 
73426.6  73832.24 
73426.6  73833.0 
73426.6  73834.0 
73426.7  73835.0 
73426.7  73836.0 
73426.7  73837.58 
73426.7  73838.0 
73426.7  73839.0 
73426.7  73840.1 
73426.7  73841.0 
73426.7  73842.0 
73426.7  73843.0 
73426.7  73844.0 
73426.7  73845.0 
73426.8  73846.0 
73426.8  73847.0 
73426.8  73848.0 
73426.8  73849.0 
73426.8  73850.0 
73426.9  73851.0 
73426.9  73852.0 
73426.9  73853.0 
73426.9  73794.5 
73426.10  73854.0 
73427.1  73856.0 
73427.1  73409.0 
73427.1  73422.0 
73427.1  73413.0 
73427.1  73412.0 
73427.1  73418.0 
73427.1  73423.0 
73427.1  73424.0 
73427.1  73857.1 
73427.1  73858.1 
73427.1  73859.1 
73428.0  72476.0 
73429.0  72477.0 
73430.0  72478.0 
73431.0  72479.0 
73432.0  72480.0 
73433.0  72481.0 
73434.0  72482.0 
73435.0  72483.0 
73436.0  72484.0 
73437.0  72485.0 
73438.0  72486.0 
73439.0  72487.0 
73440.0  72488.0 
73441.0  72489.0 
73442.0  72490.0 
73443.0  72491.0 
73444.0  72492.0 
73445.0  72493.0 
73446.0  72494.0 
73447.0  72495.0 
73448.0  72496.0 
73449.0  72497.0 
73450.0  72498.0 
73451.0  72499.0 
73452.0  72500.0 
73453.0  72501.0 
73454.0  72502.0 
73455.0  72503.0 
73456.0  72504.0 
73457.0  72505.0 
73458.0  72506.0 
73459.0  72507.0 
73460.0  72508.0 
73461.0  72509.0 
73462.0  72510.0 
73463.0  72511.0 
73464.0  72512.0 
73465.0  72513.0 
73466.0  72514.0 
73467.0  72515.0 
73468.0  72516.0 
73469.0  72517.0 
73470.0  72518.0 
73471.0  72519.0 
73472.0  72520.0 
73473.0  72521.0 
73474.0  72522.0 
73475.0  72523.0 
73476.0  72524.0 
73477.0  72525.0 
73478.0  72526.0 
73479.0  72527.0 
73480.0  72528.0 
73481.0  72529.0 
73482.0  72530.0 
73483.0  72531.0 
73484.0  72532.0 
73485.0  72533.0 
73486.0  72534.0 
73487.0  72535.0 
73488.0  72536.0 
73489.0  72537.0 
73490.0  72538.0 
73491.0  72539.0 
73492.0  72540.0 
73493.0  72541.0 
73494.0  72542.0 
73495.0  72543.0 
73496.0  72544.0 
73497.0  72545.0 
73498.0  72546.0 
73499.0  72547.0 
73500.0  72548.0 
73501.0  72549.0 
73502.0  72550.0 
73503.0  72551.0 
73504.0  72552.0 
73505.0  72553.0 
73506.0  72554.0 
73507.0  72555.0 
73508.0  72556.0 
73509.0  72557.0 
73510.0  72558.0 
73511.0  72559.0 
73512.0  72560.0 
73513.0  72561.0 
73514.0  72562.0 
73515.0  72563.0 
73516.0  72564.0 
73517.0  72565.0 
73518.0  72566.0 
73519.0  72567.0 
73520.0  72568.0 
73521.0  72569.0 
73522.0  72570.0 
73523.0  72571.0 
73524.0  72572.0 
73525.0  72573.0 
73526.0  72574.0 
73527.0  72575.0 
73528.0  72576.0 
73529.0  72577.0 
73530.0  72578.0 
73531.0  72579.0 
73532.0  72580.0 
73533.0  72581.0 
73534.0  72582.0 
73535.0  72583.0 
73536.0  72584.0 
73537.0  72585.0 
73538.0  72586.0 
73539.0  72587.0 
73540.0  72588.0 
73541.0  72589.0 
73542.0  72590.0 
73543.0  72591.0 
73544.0  72592.0 
73545.0  72593.0 
73546.0  72594.0 
73547.0  72595.0 
73548.0  72596.0 
73549.0  72597.0 
73550.0  72598.0 
73551.0  72599.0 
73552.0  72600.0 
73553.0  72601.0 
73554.0  72602.0 
73555.0  72603.0 
73556.0  72604.0 
73557.0  72605.0 
73558.0  72606.0 
73559.0  72607.0 
73560.0  72608.0 
73561.0  72609.0 
73562.0  72610.0 
73563.0  72611.0 
73564.0  72612.0 
73565.0  72613.0 
73566.0  72614.0 
73567.0  72615.0 
73568.0  72616.0 
73569.0  72617.0 
73570.0  72618.0 
73571.0  72619.0 
73572.0  72620.0 
73573.0  72621.0 
73574.0  72622.0 
73575.0  72623.0 
73576.0  72624.0 
73577.0  72625.0 
73578.0  72626.0 
73579.0  72627.0 
73580.0  72628.0 
73581.0  72629.0 
73582.0  72630.0 
73583.0  72631.0 
73584.0  72632.0 
73585.0  72633.0 
73586.0  72634.0 
73587.0  72635.0 
73588.0  72636.0 
73589.0  72637.0 
73590.0  72638.0 
73591.1  73860.13 
73592.0  72640.0 
73593.0  72641.0 
73594.0  72642.0 
73595.0  72643.0 
73596.0  72644.0 
73597.0  72645.0 
73598.0  72646.0 
73599.0  72647.0 
73600.0  72648.0 
73601.0  72649.0 
73602.0  72650.0 
73603.0  72651.0 
73604.0  72652.0 
73605.0  72653.0 
73606.0  72654.0 
73607.0  72655.0 
73608.0  72656.0 
73609.0  72657.0 
73610.0  72658.0 
73611.0  72659.0 
73612.0  72660.0 
73613.0  72661.0 
73614.0  72662.0 
73615.0  72663.0 
73616.0  72664.0 
73617.0  72665.0 
73618.0  72666.0 
73619.0  72667.0 
73620.0  72668.0 
73621.0  72669.0 
73622.0  72670.0 
73623.0  72671.0 
73624.0  72672.0 
73625.0  72673.0 
73626.0  72674.0 
73627.0  72675.0 
73628.0  72676.0 
73629.0  72677.0 
73630.0  72678.0 
73631.0  72679.0 
73632.0  72680.0 
73633.0  72681.0 
73634.0  72682.0 
73635.0  72683.0 
73636.0  72684.0 
73637.0  72685.0 
73638.0  72686.0 
73639.0  72687.0 
73641.0  72689.0 
73642.0  72690.0 
73643.0  72691.0 
73644.0  72692.0 
73645.0  72693.0 
73646.0  72694.0 
73647.0  72695.0 
73648.0  72696.0 
73649.0  72697.0 
73650.0  72698.0 
73651.0  72699.0 
73652.0  72700.0 
73653.0  72701.0 
73654.0  72702.0 
73655.0  72703.0 
73656.0  72704.0 
73657.0  72705.0 
73658.0  72706.0 
73659.0  72707.0 
73660.0  72708.0 
73661.0  72709.0 
73662.0  72710.0 
73663.0  72711.0 
73664.0  72712.0 
73665.0  72713.0 
73666.0  72714.0 
73667.0  72715.0 
73668.0  72716.0 
73669.0  72717.0 
73670.0  72718.0 
73671.0  72719.0 
73672.0  72720.0 
73673.0  72721.0 
73674.0  72722.0 
73675.0  72723.0 
73676.0  72724.0 
73677.0  72725.0 
73678.0  72726.0 
73679.0  72727.0 
73680.0  72728.0 
73681.0  72729.0 
73682.0  72730.0 
73683.0  72731.0 
73684.0  72732.0 
73685.0  72733.0 
73686.0  72734.0 
73687.0  72735.0 
73688.0  72736.0 
73689.0  72737.0 
73690.0  72738.0 
73691.0  72739.0 
73692.0  72740.0 
73693.0  72741.0 
73694.0  72742.0 
73695.0  72743.0 
73696.0  72744.0 
73697.0  72745.0 
73698.0  72746.0 
73699.0  72747.0 
73700.0  72748.0 
73701.0  72749.0 
73702.0  72750.0 
73703.0  72751.0 
73704.0  72752.0 
73705.0  72753.0 
73706.0  72754.0 
73707.0  72755.0 
73708.0  72756.0 
73709.0  72757.0 
73710.0  72758.0 
73711.0  72759.0 
73712.0  72760.0 
73713.0  72761.0 
73714.0  72762.0 
73715.0  72763.0 
73716.0  72764.0 
73717.0  72765.0 
73718.0  72766.0 
73719.0  72767.0 
73720.0  72768.0 
73721.0  72769.0 
73722.0  72770.0 
73723.0  72771.0 
73724.0  72772.0 
73725.0  72773.0 
73726.0  72774.0 
73727.0  72775.0 
73728.0  72776.0 
73729.0  72777.0 
73730.0  72778.0 
73731.0  72779.0 
73732.0  72780.0 
73733.0  72781.0 
73734.0  72782.0 
73735.0  72783.0 
73736.0  72784.0 
73737.0  72785.0 
73738.0  72786.0 
73739.0  72787.0 
73740.0  72788.0 
73741.0  72789.0 
73742.0  72790.0 
73743.0  72791.0 
73744.0  72792.0 
73745.0  72793.0 
73746.0  72794.0 
73747.0  72795.0 
73748.0  72796.0 
73749.0  72797.0 
73750.0  72798.0 
73751.0  72799.0 
73752.0  72800.0 
73753.0  72801.0 
73754.0  72802.0 
73755.0  72803.0 
73756.1  73860.11 
73757.0  72805.0 
73758.0  72806.0 
73759.0  72807.0 
73760.0  72808.0 
73761.0  72809.0 
73762.0  72810.0 
73763.0  72811.0 
73764.0  72812.0 
73765.0  72813.0 
73766.0  72814.0 
73767.0  72815.0 
73768.0  72816.0 
73769.0  72817.0 
73770.0  72818.0 
73771.23  73861.12 
73771.23  72819.23 
73771.24  73860.12 
73772.23  73861.12 
73772.23  72820.23 
73772.24  73860.12 
73773.0  72821.0 
73774.0  72822.0 
73775.0  72823.0 
73776.0  72824.0 
73777.0  72825.0 
73778.0  72826.0 
73779.0  72827.0 
73780.0  72828.0 
73781.0  72829.0 
73782.0  72830.0 
73783.0  72831.0 
73784.0  72832.0 
73785.0  72833.0 
73786.0  72834.0 
73787.0  72835.0 
73788.0  72836.0 
73789.0  72837.0 
73790.0  72838.0 
73791.0  72839.0 
73792.0  72840.0 
73793.0  72841.0 
73794.1  73426.1 
73794.2  73426.2 
73794.3  73426.3 
73794.4  73426.4 
73794.5  73426.8 
73794.6  73426.9 
73795.0  72843.0 
73796.0  72844.0 
73797.0  72845.0 
73798.0  72846.0 
73799.0  72847.0 
73800.0  72848.0 
73801.0  72849.0 
73802.0  72850.0 
73803.0  72851.0 
73804.0  72852.0 
73805.0  72853.0 
73806.0  72854.0 
73807.0  72855.0 
73808.0  72856.0 
73809.0  72857.0 
73810.1  73860.13 
73811.0  72859.0 
73812.46  73861.13 
73812.46  72860.46 
73812.47  73860.5 
73812.48  73860.13 
73812.49  73426.5 
73813.46  73861.13 
73813.46  72861.46 
73813.47  73860.7 
73813.48  73860.13 
73813.49  73426.7 
73814.0  72862.0 
73815.2  72863.2 
73816.0  72864.0 
73817.0  72865.0 
73818.0  72866.0 
73819.0  72867.0 
73820.0  72868.0 
73821.0  72869.0 
73822.0  72870.0 
73823.1  73862.1 
73823.2  73863.1 
73823.3  73864.1 
73824.0  72872.0 
73825.0  72873.0 
73826.0  72874.0 
73827.0  72875.0 
73828.0  72876.0 
73829.0  72877.0 
73830.0  72878.0 
73831.0  72879.0 
73832.23  72880.23 
73832.24  73860.6 
73832.25  73426.6 
73833.0  72881.0 
73834.0  72882.0 
73835.0  72883.0 
73836.0  72884.0 
73837.55  73861.10 
73837.56  73861.12 
73837.56  72885.56 
73837.57  73860.10 
73837.58  73860.12 
73838.0  72886.0 
73840.1  73865.1 
73841.0  72889.0 
73842.0  72890.0 
73844.0  72892.0 
73845.0  72893.0 
73846.0  72894.0 
73847.0  72895.0 
73848.0  72896.0 
73849.0  72897.0 
73850.0  72898.0 
73851.0  72899.0 
73852.0  72900.0 
73853.0  72901.0 
73854.0  72902.0 
73855.1  73867.0 
73855.1  73409.0 
73855.1  73422.0 
73855.1  73413.0 
73855.1  73412.0 
73855.1  73418.0 
73855.1  73423.0 
73855.1  73424.0 
73855.1  73868.1 
73855.1  73869.1 
73855.1  73870.1 
73855.1  73871.1 
73855.1  73872.1 
73856.0  72904.0 
73857.1  73873.1 
73858.1  73874.1 
73859.1  73875.1 
73860.1  73428.0 
73860.1  73429.0 
73860.1  73430.0 
73860.1  73431.0 
73860.1  73389.0 
73860.1  73432.0 
73860.1  73433.0 
73860.1  73434.0 
73860.1  73435.0 
73860.1  73393.0 
73860.1  73436.0 
73860.1  73437.0 
73860.1  73438.0 
73860.1  73439.0 
73860.1  73440.0 
73860.1  73441.0 
73860.1  73442.0 
73860.1  73443.0 
73860.1  73444.0 
73860.1  73445.0 
73860.1  73446.0 
73860.1  73447.0 
73860.1  73448.0 
73860.1  73449.0 
73860.1  73450.0 
73860.1  73392.0 
73860.1  73451.0 
73860.1  73452.0 
73860.1  73453.0 
73860.1  73454.0 
73860.1  73455.0 
73860.1  73456.0 
73860.1  73457.0 
73860.1  73458.0 
73860.1  73459.0 
73860.1  73460.0 
73860.1  73461.0 
73860.1  73462.0 
73860.1  73463.0 
73860.1  73464.0 
73860.1  73465.0 
73860.1  73466.0 
73860.1  73467.0 
73860.1  73468.0 
73860.1  73469.0 
73860.1  73398.0 
73860.1  73470.0 
73860.1  73471.0 
73860.1  73472.0 
73860.1  73473.0 
73860.1  73404.0 
73860.1  73474.0 
73860.1  73475.0 
73860.1  73476.0 
73860.1  73477.0 
73860.1  73478.0 
73860.1  73479.0 
73860.1  73480.0 
73860.1  73481.0 
73860.1  73482.0 
73860.1  73483.0 
73860.1  73484.0 
73860.1  73485.0 
73860.1  73486.0 
73860.1  73487.0 
73860.1  73488.0 
73860.1  73489.0 
73860.1  73490.0 
73860.1  73491.0 
73860.1  73492.0 
73860.1  73493.0 
73860.1  73494.0 
73860.1  73495.0 
73860.1  73496.0 
73860.1  73497.0 
73860.1  73498.0 
73860.1  73499.0 
73860.1  73500.0 
73860.1  73501.0 
73860.1  73502.0 
73860.1  73503.0 
73860.1  73504.0 
73860.1  73505.0 
73860.1  73506.0 
73860.1  73507.0 
73860.1  73508.0 
73860.1  73509.0 
73860.1  73510.0 
73860.1  73511.0 
73860.1  73512.0 
73860.1  73513.0 
73860.1  73514.0 
73860.1  73515.0 
73860.1  73516.0 
73860.1  73517.0 
73860.1  73518.0 
73860.1  73519.0 
73860.1  73520.0 
73860.1  73521.0 
73860.1  73522.0 
73860.1  73523.0 
73860.1  73524.0 
73860.1  73525.0 
73860.1  73526.0 
73860.1  73527.0 
73860.1  73528.0 
73860.1  73529.0 
73860.1  73530.0 
73860.1  73531.0 
73860.1  73532.0 
73860.1  73533.0 
73860.1  73534.0 
73860.1  73535.0 
73860.1  73536.0 
73860.1  73537.0 
73860.1  73538.0 
73860.1  73539.0 
73860.1  73540.0 
73860.1  73541.0 
73860.1  73542.0 
73860.1  73543.0 
73860.1  73544.0 
73860.1  73545.0 
73860.1  73546.0 
73860.1  73547.0 
73860.1  73548.0 
73860.1  73549.0 
73860.1  73550.0 
73860.1  73551.0 
73860.1  73552.0 
73860.1  73553.0 
73860.1  73554.0 
73860.1  73555.0 
73860.1  73556.0 
73860.1  73557.0 
73860.1  73558.0 
73860.1  73559.0 
73860.1  73560.0 
73860.1  73561.0 
73860.1  73562.0 
73860.1  73563.0 
73860.1  73564.0 
73860.1  73565.0 
73860.1  73566.0 
73860.1  73567.0 
73860.1  73568.0 
73860.1  73569.0 
73860.1  73570.0 
73860.1  73571.0 
73860.1  73572.0 
73860.1  73573.0 
73860.1  73574.0 
73860.1  73575.0 
73860.1  73576.0 
73860.1  73577.0 
73860.1  73578.0 
73860.1  73579.0 
73860.1  73580.0 
73860.1  73581.0 
73860.1  73582.0 
73860.1  73583.0 
73860.1  73584.0 
73860.1  73585.0 
73860.1  73586.0 
73860.1  73587.0 
73860.1  73403.0 
73860.1  73588.0 
73860.1  73589.0 
73860.1  73590.0 
73860.1  73877.1 
73860.1  73592.0 
73860.1  73593.0 
73860.1  73594.0 
73860.1  73595.0 
73860.1  73596.0 
73860.1  73597.0 
73860.2  73598.0 
73860.2  73599.0 
73860.2  73600.0 
73860.2  73601.0 
73860.2  73602.0 
73860.2  73603.0 
73860.2  73604.0 
73860.2  73605.0 
73860.2  73606.0 
73860.2  73607.0 
73860.2  73608.0 
73860.2  73609.0 
73860.2  73610.0 
73860.2  73611.0 
73860.2  73612.0 
73860.2  73613.0 
73860.2  73614.0 
73860.2  73615.0 
73860.2  73616.0 
73860.2  73617.0 
73860.2  73618.0 
73860.2  73619.0 
73860.2  73620.0 
73860.2  73621.0 
73860.2  73622.0 
73860.2  73623.0 
73860.2  73624.0 
73860.2  73625.0 
73860.2  73626.0 
73860.2  73627.0 
73860.2  73628.0 
73860.2  73390.0 
73860.2  73629.0 
73860.2  73630.0 
73860.2  73631.0 
73860.2  73632.0 
73860.2  73633.0 
73860.2  73634.0 
73860.2  73635.0 
73860.2  73636.0 
73860.2  73637.0 
73860.2  73638.0 
73860.2  73639.0 
73860.2  73395.0 
73860.2  73878.0 
73860.2  73641.0 
73860.2  73642.0 
73860.2  73643.0 
73860.2  73644.0 
73860.2  73645.0 
73860.2  73646.0 
73860.2  73647.0 
73860.2  73648.0 
73860.2  73649.0 
73860.2  73650.0 
73860.2  73651.0 
73860.2  73652.0 
73860.2  73653.0 
73860.2  73654.0 
73860.2  73655.0 
73860.2  73656.0 
73860.2  73657.0 
73860.2  73658.0 
73860.2  73659.0 
73860.2  73660.0 
73860.2  73661.0 
73860.2  73662.0 
73860.2  73663.0 
73860.2  73664.0 
73860.2  73665.0 
73860.2  73666.0 
73860.2  73667.0 
73860.2  73668.0 
73860.2  73669.0 
73860.2  73670.0 
73860.2  73671.0 
73860.2  73672.0 
73860.2  73673.0 
73860.2  73674.0 
73860.2  73675.0 
73860.2  73676.0 
73860.2  73677.0 
73860.2  73678.0 
73860.2  73679.0 
73860.2  73680.0 
73860.2  73681.0 
73860.2  73682.0 
73860.2  73683.0 
73860.2  73684.0 
73860.2  73685.0 
73860.2  73686.0 
73860.2  73687.0 
73860.2  73688.0 
73860.2  73689.0 
73860.2  73690.0 
73860.2  73691.0 
73860.2  73692.0 
73860.2  73693.0 
73860.2  73694.0 
73860.2  73695.0 
73860.2  73696.0 
73860.2  73697.0 
73860.2  73698.0 
73860.2  73699.0 
73860.2  73700.0 
73860.2  73701.0 
73860.2  73702.0 
73860.2  73703.0 
73860.2  73704.0 
73860.2  73705.0 
73860.2  73706.0 
73860.2  73707.0 
73860.2  73708.0 
73860.2  73709.0 
73860.2  73710.0 
73860.2  73711.0 
73860.2  73712.0 
73860.2  73713.0 
73860.2  73714.0 
73860.2  73715.0 
73860.2  73716.0 
73860.2  73717.0 
73860.2  73718.0 
73860.2  73719.0 
73860.2  73720.0 
73860.2  73721.0 
73860.2  73722.0 
73860.2  73723.0 
73860.2  73724.0 
73860.2  73725.0 
73860.2  73726.0 
73860.2  73727.0 
73860.2  73728.0 
73860.2  73729.0 
73860.2  73730.0 
73860.2  73731.0 
73860.2  73732.0 
73860.2  73733.0 
73860.2  73734.0 
73860.2  73735.0 
73860.2  73736.0 
73860.2  73737.0 
73860.2  73738.0 
73860.2  73739.0 
73860.2  73740.0 
73860.2  73741.0 
73860.2  73742.0 
73860.2  73743.0 
73860.2  73744.0 
73860.2  73745.0 
73860.2  73746.0 
73860.2  73747.0 
73860.2  73748.0 
73860.2  73749.0 
73860.2  73750.0 
73860.2  73751.0 
73860.2  73752.0 
73860.2  73753.0 
73860.2  73754.0 
73860.2  73755.0 
73860.2  73879.1 
73860.2  73757.0 
73860.2  73758.0 
73860.2  73759.0 
73860.2  73760.0 
73860.2  73761.0 
73860.2  73762.0 
73860.2  73763.0 
73860.2  73764.0 
73860.2  73765.0 
73860.2  73766.0 
73860.2  73767.0 
73860.2  73768.0 
73860.2  73769.0 
73860.2  73770.0 
73860.2  73771.23 
73860.2  73772.23 
73860.2  73773.0 
73860.2  73774.0 
73860.2  73775.0 
73860.2  73776.0 
73860.2  73777.0 
73860.2  73778.0 
73860.2  73779.0 
73860.2  73780.0 
73860.2  73781.0 
73860.2  73782.0 
73860.2  73783.0 
73860.2  73784.0 
73860.2  73785.0 
73860.3  73786.0 
73860.3  73787.0 
73860.3  73788.0 
73860.3  73789.0 
73860.3  73790.0 
73860.3  73791.0 
73860.3  73792.0 
73860.3  73793.0 
73860.3  73880.2 
73860.3  73795.0 
73860.3  73796.0 
73860.3  73797.0 
73860.3  73798.0 
73860.3  73799.0 
73860.3  73800.0 
73860.4  73801.0 
73860.4  73802.0 
73860.4  73803.0 
73860.4  73804.0 
73860.4  73385.1 
73860.5  73805.0 
73860.5  73806.0 
73860.5  73807.0 
73860.5  73808.0 
73860.5  73809.0 
73860.5  73881.1 
73860.5  73811.0 
73860.5  73812.46 
73860.5  73813.46 
73860.5  73814.0 
73860.5  73815.2 
73860.6  73816.0 
73860.6  73817.0 
73860.6  73818.0 
73860.6  73819.0 
73860.6  73820.0 
73860.6  73821.0 
73860.6  73394.0 
73860.6  73391.0 
73860.6  73822.0 
73860.6  73882.3 
73860.6  73824.0 
73860.6  73825.0 
73860.6  73826.0 
73860.6  73827.0 
73860.6  73828.0 
73860.6  73829.0 
73860.6  73830.0 
73860.6  73831.0 
73860.6  73832.23 
73860.6  73833.0 
73860.6  73834.0 
73860.7  73835.0 
73860.7  73836.0 
73860.7  73837.56 
73860.7  73838.0 
73860.7  73883.0 
73860.7  73884.1 
73860.7  73841.0 
73860.7  73842.0 
73860.7  73885.0 
73860.7  73844.0 
73860.7  73845.0 
73860.8  73846.0 
73860.8  73847.0 
73860.8  73848.0 
73860.8  73849.0 
73860.8  73850.0 
73860.9  73886.0 
73860.10  73851.0 
73860.10  73852.0 
73860.10  73853.0 
73860.10  73880.6 
73860.11  73887.0 
73860.12  73837.57 
73860.13  73888.1 
73861.11  73887.0 
73861.12  72885.55 
73861.13  73889.1 
73861.13  72474.13 
73862.1  73890.0 
73862.1  73409.0 
73862.1  73891.0 
73862.1  73892.0 
73862.1  73412.0 
73862.1  73893.0 
73862.1  73410.0 
73862.1  73894.0 
73862.1  73413.0 
73862.1  73415.0 
73862.1  73895.0 
73862.1  73418.0 
73862.1  73896.2 
73863.1  73898.0 
73863.1  73409.0 
73863.1  73891.0 
73863.1  73892.0 
73863.1  73410.0 
73863.1  73412.0 
73863.1  73893.0 
73863.1  73413.0 
73863.1  73894.0 
73863.1  73415.0 
73863.1  73899.0 
73863.1  73418.0 
73863.1  73823.1 
73864.1  73900.0 
73864.1  73409.0 
73864.1  73412.0 
73864.1  73823.2 
73865.1  73902.0 
73865.1  73409.0 
73865.1  73903.0 
73865.1  73412.0 
73865.1  73418.0 
73865.1  73424.0 
73865.1  73469.0 
73865.1  73904.4 
73865.1  73904.5 
73865.1  73904.6 
73865.1  73904.7 
73866.1  73421.0 
73866.1  73409.0 
73866.1  73412.0 
73867.0  72914.0 
73868.1  73905.1 
73869.1  73906.1 
73870.1  73907.1 
73871.1  73908.1 
73872.1  73909.1 
73873.1  73910.0 
73873.1  73409.0 
73873.1  73412.0 
73873.1  73418.0 
73874.1  73911.0 
73874.1  73409.0 
73874.1  73412.0 
73874.1  73418.0 
73875.1  73913.0 
73875.1  73409.0 
73875.1  73412.0 
73876.1  73856.0 
73876.1  73389.0 
73876.1  73402.0 
73876.1  73393.0 
73876.1  73392.0 
73876.1  73398.0 
73876.1  73403.0 
73876.1  73404.0 
73876.1  73915.1 
73876.1  73916.1 
73876.1  73917.1 
73877.1  73861.13 
73879.1  73861.11 
73880.1  73860.1 
73880.2  73860.2 
73880.3  73860.3 
73880.4  73860.4 
73880.5  73860.8 
73880.6  73860.9 
73880.7  73860.10 
73880.8  73860.13 
73881.1  73861.13 
73882.1  73918.1 
73882.2  73919.1 
73882.3  73920.1 
73884.1  73921.1 
73886.0  64459.0 
73887.0  71983.0 
73888.1  73860.10 
73889.1  73861.10 
73890.0  72925.0 
73891.0  72926.0 
73892.0  72927.0 
73893.0  72928.0 
73894.0  72929.0 
73896.1  73922.1 
73896.2  73923.1 
73897.1  73925.0 
73897.1  73409.0 
73897.1  73422.0 
73897.1  73413.0 
73897.1  73412.0 
73897.1  73418.0 
73897.1  73423.0 
73897.1  73424.0 
73897.1  73474.0 
73897.1  73475.0 
73897.1  73476.0 
73897.1  73926.1 
73897.1  73927.1 
73897.2  73928.1 
73897.3  73929.1 
73898.0  72933.0 
73900.0  72935.0 
73901.1  73930.0 
73901.1  73409.0 
73901.1  73422.0 
73901.1  73413.0 
73901.1  73412.0 
73901.1  73418.0 
73901.1  73423.0 
73901.1  73424.0 
73902.0  72937.0 
73903.0  72938.0 
73904.1  73931.1 
73904.2  73931.2 
73904.3  73931.3 
73904.4  73931.4 
73904.5  73931.5 
73904.6  73931.6 
73904.7  73931.7 
73905.1  73911.0 
73905.1  73409.0 
73905.1  73412.0 
73905.1  73418.0 
73906.1  73910.0 
73906.1  73409.0 
73906.1  73412.0 
73906.1  73418.0 
73907.1  73932.0 
73907.1  73409.0 
73907.1  73412.0 
73907.1  73418.0 
73908.1  73932.0 
73908.1  73409.0 
73908.1  73412.0 
73908.1  73418.0 
73909.1  73932.0 
73909.1  73409.0 
73909.1  73412.0 
73909.1  73418.0 
73910.0  72945.0 
73911.0  72946.0 
73913.0  72948.0 
73914.1  73867.0 
73914.1  73389.0 
73914.1  73402.0 
73914.1  73393.0 
73914.1  73392.0 
73914.1  73398.0 
73914.1  73403.0 
73914.1  73404.0 
73914.1  73934.1 
73914.1  73935.1 
73914.1  73936.1 
73914.1  73937.1 
73914.1  73938.1 
73915.1  73939.1 
73916.1  73940.1 
73917.1  73941.1 
73918.1  73890.0 
73918.1  73409.0 
73918.1  73891.0 
73918.1  73892.0 
73918.1  73412.0 
73918.1  73893.0 
73918.1  73410.0 
73918.1  73894.0 
73918.1  73413.0 
73918.1  73415.0 
73918.1  73943.0 
73918.1  73418.0 
73918.1  73944.2 
73919.1  73898.0 
73919.1  73409.0 
73919.1  73891.0 
73919.1  73892.0 
73919.1  73410.0 
73919.1  73412.0 
73919.1  73893.0 
73919.1  73413.0 
73919.1  73894.0 
73919.1  73415.0 
73919.1  73946.0 
73919.1  73418.0 
73919.1  73882.1 
73920.1  73900.0 
73920.1  73409.0 
73920.1  73412.0 
73920.1  73882.2 
73921.1  73902.0 
73921.1  73389.0 
73921.1  73903.0 
73921.1  73392.0 
73921.1  73398.0 
73921.1  73404.0 
73921.1  73469.0 
73921.1  73948.2 
73921.1  73948.3 
73921.1  73948.4 
73921.1  73948.5 
73921.1  73948.6 
73921.1  73948.7 
73922.1  73890.0 
73922.1  73409.0 
73922.1  73891.0 
73922.1  73892.0 
73922.1  73412.0 
73922.1  73893.0 
73922.1  73410.0 
73922.1  73894.0 
73922.1  73413.0 
73922.1  73415.0 
73922.1  73950.0 
73922.1  73418.0 
73922.1  73951.1 
73923.1  73898.0 
73923.1  73409.0 
73923.1  73891.0 
73923.1  73892.0 
73923.1  73410.0 
73923.1  73412.0 
73923.1  73893.0 
73923.1  73413.0 
73923.1  73894.0 
73923.1  73415.0 
73923.1  73952.0 
73923.1  73418.0 
73923.1  73896.1 
73924.1  73898.0 
73924.1  73409.0 
73924.1  73891.0 
73924.1  73892.0 
73924.1  73410.0 
73924.1  73412.0 
73924.1  73893.0 
73924.1  73413.0 
73924.1  73894.0 
73924.1  73415.0 
73924.1  73953.0 
73924.1  73418.0 
73925.0  72952.0 
73926.1  73954.0 
73927.1  73955.1 
73928.1  73956.1 
73929.1  73957.1 
73930.0  72957.0 
73931.1  73958.0 
73931.1  73409.0 
73931.1  73959.0 
73931.1  73413.0 
73931.1  73412.0 
73931.1  73960.0 
73931.1  73418.0 
73931.1  73961.0 
73931.1  73962.0 
73931.1  73423.0 
73931.1  73963.0 
73931.1  73964.0 
73931.1  73965.0 
73931.1  73424.0 
73931.1  73966.0 
73931.1  73967.0 
73931.1  73968.0 
73931.1  73969.0 
73931.1  73970.0 
73931.1  73971.0 
73931.1  73972.0 
73931.1  73973.0 
73931.1  73974.0 
73931.1  73975.0 
73931.1  73976.0 
73931.1  73977.0 
73931.1  73978.0 
73931.1  73979.0 
73931.1  73980.0 
73931.1  73981.0 
73931.1  73982.0 
73931.1  73983.0 
73931.1  73984.0 
73931.1  73985.0 
73931.1  73986.0 
73931.1  73987.0 
73931.1  73988.0 
73931.1  73989.0 
73931.1  73990.0 
73931.1  73991.0 
73931.1  73992.0 
73931.1  73993.0 
73931.1  73994.0 
73931.1  73995.0 
73931.1  73996.0 
73931.1  73997.0 
73931.1  73998.0 
73931.1  73999.0 
73931.1  74000.0 
73931.1  74001.0 
73931.1  74002.0 
73931.1  74003.0 
73931.1  74004.0 
73931.1  74005.0 
73931.1  74006.0 
73931.1  74007.0 
73931.1  74008.0 
73931.1  74009.0 
73931.1  74010.0 
73931.1  74011.0 
73931.1  74012.0 
73931.1  74013.0 
73931.1  74014.0 
73931.1  74015.0 
73931.1  74016.0 
73931.1  74017.0 
73931.1  74018.0 
73931.1  74019.0 
73931.1  74020.0 
73931.1  74021.0 
73931.1  74022.0 
73931.1  74023.0 
73931.1  74024.0 
73931.1  74025.0 
73931.1  74026.0 
73931.1  74027.0 
73931.1  74028.0 
73931.1  74029.0 
73931.1  74030.0 
73931.1  74031.0 
73931.1  74032.0 
73931.1  74033.0 
73931.1  74034.0 
73931.1  74035.0 
73931.1  74036.0 
73931.1  74037.0 
73931.2  74038.0 
73931.2  74039.0 
73931.2  74040.0 
73931.2  74041.0 
73931.2  74042.0 
73931.2  74043.0 
73931.2  74044.0 
73931.2  74045.0 
73931.2  74046.0 
73931.2  74047.0 
73931.2  74048.0 
73931.2  74049.0 
73931.2  74050.0 
73931.2  74051.0 
73931.2  74052.0 
73931.2  74053.0 
73931.2  74054.0 
73931.2  74055.0 
73931.2  74056.0 
73931.2  74057.0 
73931.2  74058.0 
73931.2  74059.0 
73931.2  74060.0 
73931.2  74061.0 
73931.2  74062.0 
73931.2  74063.0 
73931.2  74064.0 
73931.2  74065.0 
73931.2  74066.0 
73931.2  74067.0 
73931.2  74068.0 
73931.2  74069.0 
73931.2  74070.0 
73931.2  74071.0 
73931.2  74072.0 
73931.2  74073.0 
73931.2  74074.0 
73931.2  74075.0 
73931.2  74076.0 
73931.2  74077.0 
73931.2  74078.0 
73931.2  74079.0 
73931.2  74080.0 
73931.2  74081.0 
73931.2  74082.0 
73931.2  74083.0 
73931.2  74084.0 
73931.2  74085.0 
73931.2  74086.0 
73931.2  74087.0 
73931.2  74088.0 
73931.2  74089.0 
73931.2  74090.0 
73931.2  74091.0 
73931.2  74092.0 
73931.2  74093.0 
73931.2  74094.0 
73931.2  74095.0 
73931.2  74096.0 
73931.2  74097.0 
73931.2  74098.0 
73931.2  74099.0 
73931.2  74100.0 
73931.2  74101.0 
73931.2  74102.0 
73931.2  74103.0 
73931.2  74104.0 
73931.2  74105.0 
73931.2  74106.0 
73931.2  74107.0 
73931.2  74108.0 
73931.2  74109.0 
73931.2  74110.0 
73931.2  74111.0 
73931.2  74112.0 
73931.2  74113.0 
73931.2  74114.0 
73931.2  74115.0 
73931.3  74116.0 
73931.3  74117.0 
73931.3  74118.0 
73931.3  74119.0 
73931.3  74120.0 
73931.3  74121.0 
73931.3  74122.0 
73931.3  74123.0 
73931.3  74124.0 
73931.3  74125.0 
73931.3  74126.0 
73931.3  74127.0 
73931.3  74128.0 
73931.3  74129.0 
73931.3  74130.0 
73931.3  74131.0 
73931.3  74132.0 
73931.3  74133.0 
73931.3  74134.0 
73931.3  74135.0 
73931.3  74136.0 
73931.3  74137.0 
73931.3  74138.0 
73931.3  74139.0 
73931.3  74140.0 
73931.3  74141.0 
73931.3  74142.0 
73931.3  74143.0 
73931.3  74144.0 
73931.3  74145.0 
73931.3  74146.0 
73931.3  74147.0 
73931.3  74148.0 
73931.3  74149.0 
73931.3  74150.0 
73931.3  74151.0 
73931.3  74152.0 
73931.3  74153.0 
73931.3  74154.0 
73931.3  74155.0 
73931.3  74156.0 
73931.3  74157.0 
73931.3  74158.0 
73931.3  74159.0 
73931.3  74160.0 
73931.3  74161.0 
73931.3  74162.0 
73931.3  74163.0 
73931.3  74164.0 
73931.3  74165.0 
73931.3  74166.0 
73931.3  74167.0 
73931.3  74168.0 
73931.3  74169.0 
73931.3  74170.0 
73931.3  74171.0 
73931.3  74172.0 
73931.3  74173.0 
73931.3  74174.0 
73931.3  74175.0 
73931.3  74176.0 
73931.3  74177.0 
73931.3  74178.0 
73931.3  74179.0 
73931.3  74180.0 
73931.3  74181.0 
73931.3  74182.0 
73931.3  74183.0 
73931.3  74184.0 
73931.3  74185.0 
73931.3  74186.0 
73931.3  74187.0 
73931.3  74188.0 
73931.3  74189.0 
73931.3  74190.0 
73931.3  74191.0 
73931.3  74192.0 
73931.3  74193.0 
73931.3  74194.0 
73931.4  74195.0 
73931.4  74196.0 
73931.4  74197.0 
73931.4  74198.0 
73931.4  74199.0 
73931.4  74200.0 
73931.4  74201.0 
73931.4  74202.0 
73931.4  74203.0 
73931.4  74204.0 
73931.4  74205.0 
73931.4  74206.0 
73931.4  74207.0 
73931.4  74208.0 
73931.4  74209.0 
73931.4  74210.0 
73931.4  74211.0 
73931.4  74212.0 
73931.4  74213.0 
73931.4  74214.0 
73931.4  74215.0 
73931.4  74216.0 
73931.4  74217.0 
73931.4  74218.0 
73931.4  74219.0 
73931.4  74220.0 
73931.4  74221.0 
73931.4  74222.0 
73931.4  74223.0 
73931.4  74224.0 
73931.4  74225.0 
73931.4  74226.0 
73931.4  74227.0 
73931.4  74228.0 
73931.4  74229.0 
73931.4  74230.0 
73931.4  74231.0 
73931.4  74232.0 
73931.4  74233.0 
73931.5  74234.0 
73931.5  74235.0 
73931.5  74236.0 
73931.5  74237.0 
73931.5  74238.0 
73931.5  74239.0 
73931.5  74240.0 
73931.5  74241.0 
73931.5  74242.0 
73931.5  74243.0 
73931.5  74244.0 
73931.5  74245.0 
73931.5  74246.0 
73931.5  74247.0 
73931.5  74248.0 
73931.5  74249.0 
73931.5  74250.0 
73931.5  74251.0 
73931.5  74252.0 
73931.5  74253.0 
73931.5  74254.0 
73931.5  74255.0 
73931.5  74256.0 
73931.5  74257.0 
73931.5  74258.0 
73931.5  74259.0 
73931.5  74260.0 
73931.5  74261.0 
73931.5  74262.0 
73931.5  74263.0 
73931.5  74264.0 
73931.5  74265.0 
73931.5  74266.0 
73931.5  74267.0 
73931.5  74268.0 
73931.5  74269.0 
73931.5  74270.0 
73931.5  74271.0 
73931.5  74272.0 
73931.5  74273.0 
73931.5  74274.0 
73931.5  74275.0 
73931.5  74276.0 
73931.5  74277.0 
73931.5  74278.0 
73931.5  74279.0 
73931.5  74280.0 
73931.5  74281.0 
73931.6  74282.0 
73931.6  74283.0 
73931.6  74284.0 
73931.6  74285.0 
73931.6  74286.0 
73931.6  74287.0 
73931.6  74288.0 
73931.6  74289.0 
73931.6  74290.0 
73931.6  74291.0 
73931.6  74292.0 
73931.6  74293.0 
73931.6  74294.0 
73931.6  74295.0 
73931.6  74296.0 
73931.6  74297.0 
73931.6  74298.0 
73931.6  74299.0 
73931.6  74300.0 
73931.6  74301.0 
73931.6  74302.0 
73931.6  74303.0 
73931.6  74304.0 
73931.6  74305.0 
73931.6  74306.0 
73931.6  74307.0 
73931.6  74308.0 
73931.7  74309.0 
73931.7  74310.0 
73931.7  74311.0 
73931.7  74312.0 
73931.7  74313.0 
73931.7  74314.0 
73931.7  74315.0 
73931.7  74316.0 
73931.7  74317.0 
73931.7  74318.0 
73931.7  74319.0 
73931.7  74320.0 
73931.7  74321.0 
73931.7  74322.0 
73931.7  74323.0 
73931.7  74324.0 
73931.7  74325.0 
73931.7  74326.0 
73931.7  74327.0 
73931.7  74328.0 
73931.7  74329.0 
73931.7  74330.0 
73931.7  74331.0 
73931.7  74332.0 
73931.7  74333.0 
73931.7  74334.0 
73931.7  74335.0 
73931.7  74336.0 
73931.7  74337.0 
73931.7  74338.0 
73931.7  74339.0 
73931.7  74340.0 
73931.7  74341.0 
73931.7  74342.0 
73931.7  74343.0 
73931.7  74344.0 
73931.7  74345.0 
73931.7  74346.0 
73931.7  74347.0 
73931.7  74348.0 
73931.7  74349.0 
73932.0  72959.0 
73933.1  73401.0 
73933.1  73389.0 
73933.1  73392.0 
73934.1  74350.1 
73935.1  74351.1 
73936.1  74352.1 
73937.1  74353.1 
73938.1  74354.1 
73939.1  73910.0 
73939.1  73389.0 
73939.1  73392.0 
73939.1  73398.0 
73940.1  73911.0 
73940.1  73389.0 
73940.1  73392.0 
73940.1  73398.0 
73941.1  73913.0 
73941.1  73389.0 
73941.1  73392.0 
73942.1  73400.1 
73944.1  74356.1 
73944.2  74357.1 
73945.1  73925.0 
73945.1  73409.0 
73945.1  73422.0 
73945.1  73413.0 
73945.1  73412.0 
73945.1  73418.0 
73945.1  73423.0 
73945.1  73424.0 
73945.1  73474.0 
73945.1  73475.0 
73945.1  73476.0 
73945.1  74359.1 
73945.1  74360.1 
73945.2  74361.1 
73945.3  74362.1 
73947.1  73930.0 
73947.1  73389.0 
73947.1  73402.0 
73947.1  73393.0 
73947.1  73392.0 
73947.1  73398.0 
73947.1  73403.0 
73947.1  73404.0 
73948.1  74363.1 
73948.2  74363.2 
73948.3  74363.3 
73948.4  74363.4 
73948.5  74363.5 
73948.6  74363.6 
73948.7  74363.7 
73949.1  74365.0 
73949.1  73389.0 
73949.1  73402.0 
73949.1  73393.0 
73949.1  73392.0 
73949.1  73398.0 
73949.1  73403.0 
73949.1  73404.0 
73949.1  73474.0 
73949.1  73475.0 
73949.1  73476.0 
73949.1  74366.1 
73949.1  74367.1 
73949.1  73469.0 
73949.1  73481.0 
73949.1  74368.1 
73951.1  74369.1 
73955.1  74371.0 
73955.1  73409.0 
73955.1  73412.0 
73955.1  73418.0 
73955.1  73424.0 
73955.1  74372.1 
73956.1  74371.0 
73956.1  73409.0 
73956.1  73412.0 
73956.1  73418.0 
73956.1  73424.0 
73956.1  74374.1 
73957.1  74371.0 
73957.1  73409.0 
73957.1  73412.0 
73957.1  73418.0 
73957.1  73424.0 
73957.1  74376.1 
73958.0  72970.0 
73959.0  72971.0 
73960.0  72972.0 
73962.0  72974.0 
73963.0  72975.0 
73964.0  72976.0 
73965.0  72977.0 
73966.0  72978.0 
73967.0  72979.0 
73968.0  72980.0 
73969.0  72981.0 
73970.0  72982.0 
73971.0  72983.0 
73972.0  72984.0 
73973.0  72985.0 
73974.0  72986.0 
73975.0  72987.0 
73976.0  72988.0 
73977.0  72989.0 
73978.0  72990.0 
73979.0  72991.0 
73980.0  72992.0 
73981.0  72993.0 
73982.0  72994.0 
73983.0  72995.0 
73984.0  72996.0 
73985.0  72997.0 
73986.0  72998.0 
73987.0  72999.0 
73988.0  73000.0 
73989.0  73001.0 
73990.0  73002.0 
73991.0  73003.0 
73992.0  73004.0 
73993.0  73005.0 
73994.0  73006.0 
73995.0  73007.0 
73996.0  73008.0 
73997.0  73009.0 
73998.0  73010.0 
73999.0  73011.0 
74000.0  73012.0 
74001.0  73013.0 
74002.0  73014.0 
74003.0  73015.0 
74004.0  73016.0 
74005.0  73017.0 
74006.0  73018.0 
74007.0  73019.0 
74008.0  73020.0 
74009.0  73021.0 
74010.0  73022.0 
74011.0  73023.0 
74012.0  73024.0 
74013.0  73025.0 
74014.0  73026.0 
74015.0  73027.0 
74016.0  73028.0 
74017.0  73029.0 
74018.0  73030.0 
74019.0  73031.0 
74020.0  73032.0 
74021.0  73033.0 
74022.0  73034.0 
74023.0  73035.0 
74024.0  73036.0 
74025.0  73037.0 
74026.0  73038.0 
74027.0  73039.0 
74028.0  73040.0 
74029.0  73041.0 
74030.0  73042.0 
74031.0  73043.0 
74032.0  73044.0 
74033.0  73045.0 
74034.0  73046.0 
74035.0  73047.0 
74036.0  73048.0 
74037.0  73049.0 
74038.0  73050.0 
74039.0  73051.0 
74040.0  73052.0 
74041.0  73053.0 
74042.0  73054.0 
74043.0  73055.0 
74044.0  73056.0 
74045.0  73057.0 
74046.0  73058.0 
74047.0  73059.0 
74048.0  73060.0 
74049.0  73061.0 
74050.0  73062.0 
74051.0  73063.0 
74052.0  73064.0 
74053.0  73065.0 
74054.0  73066.0 
74055.0  73067.0 
74056.0  73068.0 
74057.0  73069.0 
74058.0  73070.0 
74059.0  73071.0 
74060.0  73072.0 
74061.0  73073.0 
74062.0  73074.0 
74063.0  73075.0 
74064.0  73076.0 
74065.0  73077.0 
74066.0  73078.0 
74067.0  73079.0 
74068.0  73080.0 
74069.0  73081.0 
74070.0  73082.0 
74071.0  73083.0 
74072.0  73084.0 
74073.0  73085.0 
74074.0  73086.0 
74075.0  73087.0 
74076.0  73088.0 
74077.0  73089.0 
74078.0  73090.0 
74079.0  73091.0 
74080.0  73092.0 
74081.0  73093.0 
74082.0  73094.0 
74083.0  73095.0 
74084.0  73096.0 
74085.0  73097.0 
74086.0  73098.0 
74087.0  73099.0 
74088.0  73100.0 
74089.0  73101.0 
74090.0  73102.0 
74091.0  73103.0 
74092.0  73104.0 
74093.0  73105.0 
74094.0  73106.0 
74095.0  73107.0 
74096.0  73108.0 
74097.0  73109.0 
74098.0  73110.0 
74099.0  73111.0 
74100.0  73112.0 
74101.0  73113.0 
74102.0  73114.0 
74103.0  73115.0 
74104.0  73116.0 
74105.0  73117.0 
74106.0  73118.0 
74107.0  73119.0 
74108.0  73120.0 
74109.0  73121.0 
74110.0  73122.0 
74111.0  73123.0 
74112.0  73124.0 
74113.0  73125.0 
74114.0  73126.0 
74115.0  73127.0 
74116.0  73128.0 
74117.0  73129.0 
74118.0  73130.0 
74119.0  73131.0 
74120.0  73132.0 
74121.0  73133.0 
74122.0  73134.0 
74123.0  73135.0 
74124.0  73136.0 
74125.0  73137.0 
74126.0  73138.0 
74127.0  73139.0 
74128.0  73140.0 
74129.0  73141.0 
74130.0  73142.0 
74131.0  73143.0 
74132.0  73144.0 
74133.0  73145.0 
74134.0  73146.0 
74135.0  73147.0 
74136.0  73148.0 
74137.0  73149.0 
74138.0  73150.0 
74139.0  73151.0 
74140.0  73152.0 
74141.0  73153.0 
74142.0  73154.0 
74143.0  73155.0 
74144.0  73156.0 
74145.0  73157.0 
74146.0  73158.0 
74147.0  73159.0 
74148.0  73160.0 
74149.0  73161.0 
74150.0  73162.0 
74151.0  73163.0 
74152.0  73164.0 
74153.0  73165.0 
74154.0  73166.0 
74155.0  73167.0 
74156.0  73168.0 
74157.0  73169.0 
74158.0  73170.0 
74159.0  73171.0 
74160.0  73172.0 
74161.0  73173.0 
74162.0  73174.0 
74163.0  73175.0 
74165.0  73177.0 
74166.0  73178.0 
74167.0  73179.0 
74168.0  73180.0 
74169.0  73181.0 
74170.0  73182.0 
74171.0  73183.0 
74172.0  73184.0 
74173.0  73185.0 
74174.0  73186.0 
74175.0  73187.0 
74176.0  73188.0 
74177.0  73189.0 
74178.0  73190.0 
74179.0  73191.0 
74180.0  73192.0 
74181.0  73193.0 
74182.0  73194.0 
74183.0  73195.0 
74184.0  73196.0 
74185.0  73197.0 
74186.0  73198.0 
74187.0  73199.0 
74188.0  73200.0 
74189.0  73201.0 
74190.0  73202.0 
74191.0  73203.0 
74192.0  73204.0 
74193.0  73205.0 
74194.0  73206.0 
74195.0  73207.0 
74196.0  73208.0 
74197.0  73209.0 
74198.0  73210.0 
74199.0  73211.0 
74200.0  73212.0 
74201.0  73213.0 
74202.0  73214.0 
74203.0  73215.0 
74204.0  73216.0 
74205.0  73217.0 
74206.0  73218.0 
74207.0  73219.0 
74208.0  73220.0 
74209.0  73221.0 
74210.0  73222.0 
74211.0  73223.0 
74212.0  73224.0 
74213.0  73225.0 
74214.0  73226.0 
74215.0  73227.0 
74216.0  73228.0 
74217.0  73229.0 
74218.0  73230.0 
74219.0  73231.0 
74220.0  73232.0 
74221.0  73233.0 
74222.0  73234.0 
74223.0  73235.0 
74224.0  73236.0 
74225.0  73237.0 
74226.0  73238.0 
74227.0  73239.0 
74228.0  73240.0 
74229.0  73241.0 
74230.0  73242.0 
74231.0  73243.0 
74232.0  73244.0 
74233.0  73245.0 
74234.0  73246.0 
74235.0  73247.0 
74236.0  73248.0 
74237.0  73249.0 
74238.0  73250.0 
74239.0  73251.0 
74240.0  73252.0 
74241.0  73253.0 
74242.0  73254.0 
74243.0  73255.0 
74244.0  73256.0 
74245.0  73257.0 
74246.0  73258.0 
74247.0  73259.0 
74248.0  73260.0 
74249.0  73261.0 
74250.0  73262.0 
74251.0  73263.0 
74252.0  73264.0 
74253.0  73265.0 
74254.0  73266.0 
74255.0  73267.0 
74256.0  73268.0 
74257.0  73269.0 
74258.0  73270.0 
74259.0  73271.0 
74260.0  73272.0 
74261.0  73273.0 
74262.0  73274.0 
74263.0  73275.0 
74264.0  73276.0 
74265.0  73277.0 
74266.0  73278.0 
74267.0  73279.0 
74268.0  73280.0 
74269.0  73281.0 
74270.0  73282.0 
74271.0  73283.0 
74272.0  73284.0 
74273.0  73285.0 
74274.0  73286.0 
74275.0  73287.0 
74276.0  73288.0 
74277.0  73289.0 
74278.0  73290.0 
74279.0  73291.0 
74280.0  73292.0 
74281.0  73293.0 
74282.0  73294.0 
74283.0  73295.0 
74284.0  73296.0 
74285.0  73297.0 
74286.0  73298.0 
74287.0  73299.0 
74288.0  73300.0 
74289.0  73301.0 
74290.0  73302.0 
74291.0  73303.0 
74292.0  73304.0 
74293.0  73305.0 
74294.0  73306.0 
74295.0  73307.0 
74296.0  73308.0 
74297.0  73309.0 
74298.0  73310.0 
74299.0  73311.0 
74300.0  73312.0 
74301.0  73313.0 
74302.0  73314.0 
74303.0  73315.0 
74304.0  73316.0 
74305.0  73317.0 
74306.0  73318.0 
74307.0  73319.0 
74308.0  73320.0 
74309.0  73321.0 
74310.0  73322.0 
74311.0  73323.0 
74312.0  73324.0 
74313.0  73325.0 
74314.0  73326.0 
74315.0  73327.0 
74316.0  73328.0 
74317.0  73329.0 
74318.0  73330.0 
74319.0  73331.0 
74320.0  73332.0 
74350.1  73911.0 
74350.1  73389.0 
74350.1  73392.0 
74350.1  73398.0 
74351.1  73910.0 
74351.1  73389.0 
74351.1  73392.0 
74351.1  73398.0 
74352.1  73932.0 
74352.1  73389.0 
74352.1  73392.0 
74352.1  73398.0 
74353.1  73932.0 
74353.1  73389.0 
74353.1  73392.0 
74353.1  73398.0 
74354.1  73932.0 
74354.1  73389.0 
74354.1  73392.0 
74354.1  73398.0 
74356.1  73890.0 
74356.1  73409.0 
74356.1  73891.0 
74356.1  73892.0 
74356.1  73412.0 
74356.1  73893.0 
74356.1  73410.0 
74356.1  73894.0 
74356.1  73413.0 
74356.1  73415.0 
74356.1  74378.0 
74356.1  73418.0 
74356.1  74379.1 
74357.1  73898.0 
74357.1  73409.0 
74357.1  73891.0 
74357.1  73892.0 
74357.1  73410.0 
74357.1  73412.0 
74357.1  73893.0 
74357.1  73413.0 
74357.1  73894.0 
74357.1  73415.0 
74357.1  74381.0 
74357.1  73418.0 
74357.1  73944.1 
74358.1  73898.0 
74358.1  73409.0 
74358.1  73891.0 
74358.1  73892.0 
74358.1  73410.0 
74358.1  73412.0 
74358.1  73893.0 
74358.1  73413.0 
74358.1  73894.0 
74358.1  73415.0 
74358.1  74382.0 
74358.1  73418.0 
74359.1  74383.0 
74360.1  74384.1 
74361.1  74385.1 
74362.1  74386.1 
74363.1  73958.0 
74363.1  73389.0 
74363.1  73959.0 
74363.1  73393.0 
74363.1  73392.0 
74363.1  73960.0 
74363.1  73398.0 
74363.1  74387.0 
74363.1  73962.0 
74363.1  73403.0 
74363.1  73963.0 
74363.1  73964.0 
74363.1  73965.0 
74363.1  73404.0 
74363.1  73966.0 
74363.1  73967.0 
74363.1  73968.0 
74363.1  73969.0 
74363.1  73970.0 
74363.1  73971.0 
74363.1  73972.0 
74363.1  73973.0 
74363.1  73974.0 
74363.1  73975.0 
74363.1  73976.0 
74363.1  73977.0 
74363.1  73978.0 
74363.1  73979.0 
74363.1  73980.0 
74363.1  73981.0 
74363.1  73982.0 
74363.1  73983.0 
74363.1  73984.0 
74363.1  73985.0 
74363.1  73986.0 
74363.1  73987.0 
74363.1  73988.0 
74363.1  73989.0 
74363.1  73990.0 
74363.1  73991.0 
74363.1  73992.0 
74363.1  73993.0 
74363.1  73994.0 
74363.1  73995.0 
74363.1  73996.0 
74363.1  73997.0 
74363.1  73998.0 
74363.1  73999.0 
74363.1  74000.0 
74363.1  74001.0 
74363.1  74002.0 
74363.1  74003.0 
74363.1  74004.0 
74363.1  74005.0 
74363.1  74006.0 
74363.1  74007.0 
74363.1  74008.0 
74363.1  74009.0 
74363.1  74010.0 
74363.1  74011.0 
74363.1  74012.0 
74363.1  74013.0 
74363.1  74014.0 
74363.1  74015.0 
74363.1  74016.0 
74363.1  74017.0 
74363.1  74018.0 
74363.1  74019.0 
74363.1  74020.0 
74363.1  74021.0 
74363.1  74022.0 
74363.1  74023.0 
74363.1  74024.0 
74363.1  74025.0 
74363.1  74026.0 
74363.1  74027.0 
74363.1  74028.0 
74363.1  74029.0 
74363.1  74030.0 
74363.1  74031.0 
74363.1  74032.0 
74363.1  74033.0 
74363.1  74034.0 
74363.1  74035.0 
74363.1  74036.0 
74363.1  74037.0 
74363.2  74038.0 
74363.2  74039.0 
74363.2  74040.0 
74363.2  74041.0 
74363.2  74042.0 
74363.2  74043.0 
74363.2  74044.0 
74363.2  74045.0 
74363.2  74046.0 
74363.2  74047.0 
74363.2  74048.0 
74363.2  74049.0 
74363.2  74050.0 
74363.2  74051.0 
74363.2  74052.0 
74363.2  74053.0 
74363.2  74054.0 
74363.2  74055.0 
74363.2  74056.0 
74363.2  74057.0 
74363.2  74058.0 
74363.2  74059.0 
74363.2  74060.0 
74363.2  74061.0 
74363.2  74062.0 
74363.2  74063.0 
74363.2  74064.0 
74363.2  74065.0 
74363.2  74066.0 
74363.2  74067.0 
74363.2  74068.0 
74363.2  74069.0 
74363.2  74070.0 
74363.2  74071.0 
74363.2  74072.0 
74363.2  74073.0 
74363.2  74074.0 
74363.2  74075.0 
74363.2  74076.0 
74363.2  74077.0 
74363.2  74078.0 
74363.2  74079.0 
74363.2  74080.0 
74363.2  74081.0 
74363.2  74082.0 
74363.2  74083.0 
74363.2  74084.0 
74363.2  74085.0 
74363.2  74086.0 
74363.2  74087.0 
74363.2  74088.0 
74363.2  74089.0 
74363.2  74090.0 
74363.2  74091.0 
74363.2  74092.0 
74363.2  74093.0 
74363.2  74094.0 
74363.2  74095.0 
74363.2  74096.0 
74363.2  74097.0 
74363.2  74098.0 
74363.2  74099.0 
74363.2  74100.0 
74363.2  74101.0 
74363.2  74102.0 
74363.2  74103.0 
74363.2  74104.0 
74363.2  74105.0 
74363.2  74106.0 
74363.2  74107.0 
74363.2  74108.0 
74363.2  74109.0 
74363.2  74110.0 
74363.2  74111.0 
74363.2  74112.0 
74363.2  74113.0 
74363.2  74114.0 
74363.2  74115.0 
74363.3  74116.0 
74363.3  74117.0 
74363.3  74118.0 
74363.3  74119.0 
74363.3  74120.0 
74363.3  74121.0 
74363.3  74122.0 
74363.3  74123.0 
74363.3  74124.0 
74363.3  74125.0 
74363.3  74126.0 
74363.3  74127.0 
74363.3  74128.0 
74363.3  74129.0 
74363.3  74130.0 
74363.3  74131.0 
74363.3  74132.0 
74363.3  74133.0 
74363.3  74134.0 
74363.3  74135.0 
74363.3  74136.0 
74363.3  74137.0 
74363.3  74138.0 
74363.3  74139.0 
74363.3  74140.0 
74363.3  74141.0 
74363.3  74142.0 
74363.3  74143.0 
74363.3  74144.0 
74363.3  74145.0 
74363.3  74146.0 
74363.3  74147.0 
74363.3  74148.0 
74363.3  74149.0 
74363.3  74150.0 
74363.3  74151.0 
74363.3  74152.0 
74363.3  74153.0 
74363.3  74154.0 
74363.3  74155.0 
74363.3  74156.0 
74363.3  74157.0 
74363.3  74158.0 
74363.3  74159.0 
74363.3  74160.0 
74363.3  74161.0 
74363.3  74162.0 
74363.3  74163.0 
74363.3  74388.0 
74363.3  74165.0 
74363.3  74166.0 
74363.3  74167.0 
74363.3  74168.0 
74363.3  74169.0 
74363.3  74170.0 
74363.3  74171.0 
74363.3  74172.0 
74363.3  74173.0 
74363.3  74174.0 
74363.3  74175.0 
74363.3  74176.0 
74363.3  74177.0 
74363.3  74178.0 
74363.3  74179.0 
74363.3  74180.0 
74363.3  74181.0 
74363.3  74182.0 
74363.3  74183.0 
74363.3  74184.0 
74363.3  74185.0 
74363.3  74186.0 
74363.3  74187.0 
74363.3  74188.0 
74363.3  74189.0 
74363.3  74190.0 
74363.3  74191.0 
74363.3  74192.0 
74363.3  74193.0 
74363.3  74194.0 
74363.4  74195.0 
74363.4  74196.0 
74363.4  74197.0 
74363.4  74198.0 
74363.4  74199.0 
74363.4  74200.0 
74363.4  74201.0 
74363.4  74202.0 
74363.4  74203.0 
74363.4  74204.0 
74363.4  74205.0 
74363.4  74206.0 
74363.4  74207.0 
74363.4  74208.0 
74363.4  74209.0 
74363.4  74210.0 
74363.4  74211.0 
74363.4  74212.0 
74363.4  74213.0 
74363.4  74214.0 
74363.4  74215.0 
74363.4  74216.0 
74363.4  74217.0 
74363.4  74218.0 
74363.4  74219.0 
74363.4  74220.0 
74363.4  74221.0 
74363.4  74222.0 
74363.4  74223.0 
74363.4  74224.0 
74363.4  74225.0 
74363.4  74226.0 
74363.4  74227.0 
74363.4  74228.0 
74363.4  74229.0 
74363.4  74230.0 
74363.4  74231.0 
74363.4  74232.0 
74363.4  74233.0 
74363.5  74234.0 
74363.5  74235.0 
74363.5  74236.0 
74363.5  74237.0 
74363.5  74238.0 
74363.5  74239.0 
74363.5  74240.0 
74363.5  74241.0 
74363.5  74242.0 
74363.5  74243.0 
74363.5  74244.0 
74363.5  74245.0 
74363.5  74246.0 
74363.5  74247.0 
74363.5  74248.0 
74363.5  74249.0 
74363.5  74250.0 
74363.5  74251.0 
74363.5  74252.0 
74363.5  74253.0 
74363.5  74254.0 
74363.5  74255.0 
74363.5  74256.0 
74363.5  74257.0 
74363.5  74258.0 
74363.5  74259.0 
74363.5  74260.0 
74363.5  74261.0 
74363.5  74262.0 
74363.5  74263.0 
74363.5  74264.0 
74363.5  74265.0 
74363.5  74266.0 
74363.5  74267.0 
74363.5  74268.0 
74363.5  74269.0 
74363.5  74270.0 
74363.5  74271.0 
74363.5  74272.0 
74363.5  74273.0 
74363.5  74274.0 
74363.5  74275.0 
74363.5  74276.0 
74363.5  74277.0 
74363.5  74278.0 
74363.5  74279.0 
74363.5  74280.0 
74363.5  74281.0 
74363.6  74282.0 
74363.6  74283.0 
74363.6  74284.0 
74363.6  74285.0 
74363.6  74286.0 
74363.6  74287.0 
74363.6  74288.0 
74363.6  74289.0 
74363.6  74290.0 
74363.6  74291.0 
74363.6  74292.0 
74363.6  74293.0 
74363.6  74294.0 
74363.6  74295.0 
74363.6  74296.0 
74363.6  74297.0 
74363.6  74298.0 
74363.6  74299.0 
74363.6  74300.0 
74363.6  74301.0 
74363.6  74302.0 
74363.6  74303.0 
74363.6  74304.0 
74363.6  74305.0 
74363.6  74306.0 
74363.6  74307.0 
74363.6  74308.0 
74363.7  74309.0 
74363.7  74310.0 
74363.7  74311.0 
74363.7  74312.0 
74363.7  74313.0 
74363.7  74314.0 
74363.7  74315.0 
74363.7  74316.0 
74363.7  74317.0 
74363.7  74318.0 
74363.7  74319.0 
74363.7  74320.0 
74363.7  74389.0 
74363.7  74390.0 
74363.7  74391.0 
74363.7  74392.0 
74363.7  74393.0 
74363.7  74394.0 
74363.7  74395.0 
74363.7  74396.0 
74363.7  74397.0 
74363.7  74398.0 
74363.7  74399.0 
74363.7  74400.0 
74363.7  74401.0 
74363.7  74402.0 
74363.7  74403.0 
74363.7  74404.0 
74363.7  74405.0 
74363.7  74406.0 
74363.7  74407.0 
74363.7  74408.0 
74363.7  74409.0 
74363.7  74410.0 
74363.7  74411.0 
74363.7  74412.0 
74363.7  74413.0 
74363.7  74414.0 
74363.7  74415.0 
74363.7  74416.0 
74363.7  74417.0 
74364.1  73890.0 
74364.1  73389.0 
74364.1  73891.0 
74364.1  73892.0 
74364.1  73392.0 
74364.1  73893.0 
74364.1  73390.0 
74364.1  73894.0 
74364.1  73393.0 
74364.1  73395.0 
74364.1  74418.0 
74364.1  73398.0 
74364.1  73882.3 
74365.0  72423.0 
74366.1  74419.1 
74367.1  74420.1 
74368.1  74421.1 
74369.1  74422.0 
74369.1  73389.0 
74369.1  73392.0 
74369.1  73882.3 
74371.0  73368.0 
74372.1  74423.0 
74374.1  74424.0 
74376.1  74425.0 
74377.1  74365.0 
74377.1  72457.0 
74377.1  72470.0 
74377.1  72461.0 
74377.1  72460.0 
74377.1  72466.0 
74377.1  72471.0 
74377.1  72472.0 
74377.1  72522.0 
74377.1  72523.0 
74377.1  72524.0 
74377.1  74427.1 
74377.1  74428.1 
74377.1  72517.0 
74377.1  72529.0 
74377.1  74429.1 
74379.1  74430.1 
74380.1  72468.1 
74384.1  74371.0 
74384.1  73409.0 
74384.1  73412.0 
74384.1  73418.0 
74384.1  73424.0 
74384.1  74432.1 
74385.1  74371.0 
74385.1  73409.0 
74385.1  73412.0 
74385.1  73418.0 
74385.1  73424.0 
74385.1  74434.1 
74386.1  74371.0 
74386.1  73409.0 
74386.1  73412.0 
74386.1  73418.0 
74386.1  73424.0 
74386.1  74436.1 
74419.1  74371.0 
74419.1  73389.0 
74419.1  73392.0 
74419.1  73398.0 
74419.1  73404.0 
74419.1  74438.1 
74420.1  74439.0 
74420.1  73389.0 
74420.1  73392.0 
74420.1  73398.0 
74420.1  74440.33 
74421.1  74439.0 
74421.1  73389.0 
74421.1  73392.0 
74421.1  73398.0 
74421.1  74441.33 
74422.0  72439.0 
74426.1  72925.0 
74426.1  72457.0 
74426.1  72926.0 
74426.1  72927.0 
74426.1  72460.0 
74426.1  72928.0 
74426.1  72458.0 
74426.1  72929.0 
74426.1  72461.0 
74426.1  72463.0 
74426.1  74442.0 
74426.1  72466.0 
74426.1  72871.3 
74427.1  74443.1 
74428.1  74444.1 
74429.1  74445.1 
74430.1  74422.0 
74430.1  72457.0 
74430.1  72460.0 
74430.1  74446.3 
74432.1  74447.0 
74434.1  74448.0 
74436.1  74449.0 
74438.1  74450.0 
74439.0  72446.0 
74440.31  72447.31 
74440.32  74451.1 
74440.33  73945.1 
74440.34  73897.1 
74441.31  72448.31 
74441.32  74451.2 
74441.33  73945.2 
74441.34  73897.2 
74443.1  73368.0 
74443.1  72457.0 
74443.1  72460.0 
74443.1  72466.0 
74443.1  72472.0 
74443.1  74453.1 
74444.1  74439.0 
74444.1  72457.0 
74444.1  72460.0 
74444.1  72466.0 
74444.1  74440.32 
74445.1  74439.0 
74445.1  72457.0 
74445.1  72460.0 
74445.1  72466.0 
74445.1  74441.32 
74446.3  72871.3 
74451.3  72932.3 
74453.1  74454.0 
73406.0  73407.0 
73407.0  73420.0 
73426.0  73427.0 
73427.0  73855.0 
73855.0  73866.0 
73860.0  73876.0 
73862.0  73420.0 
73863.0  73897.0 
73864.0  73897.0 
73865.0  73901.0 
73866.0  73420.0 
73873.0  73427.0 
73874.0  73427.0 
73875.0  73912.0 
73876.0  73914.0 
73897.0  73924.0 
73901.0  73426.0 
73905.0  73855.0 
73906.0  73855.0 
73907.0  73855.0 
73908.0  73855.0 
73909.0  73855.0 
73912.0  73427.0 
73914.0  73933.0 
73918.0  73942.0 
73919.0  73945.0 
73920.0  73945.0 
73921.0  73947.0 
73922.0  73949.0 
73923.0  73942.0 
73924.0  73420.0 
73931.0  73901.0 
73933.0  73942.0 
73939.0  73876.0 
73940.0  73876.0 
73941.0  74355.0 
73945.0  74358.0 
73947.0  73860.0 
73949.0  74364.0 
73954.0  73897.0 
73955.0  74370.0 
73956.0  74373.0 
73957.0  74375.0 
74350.0  73914.0 
74351.0  73914.0 
74352.0  73914.0 
74353.0  73914.0 
74354.0  73914.0 
74355.0  73876.0 
74356.0  74377.0 
74357.0  74380.0 
74358.0  73942.0 
74363.0  73947.0 
74364.0  73942.0 
74369.0  73949.0 
74370.0  73897.0 
74373.0  73897.0 
74375.0  73897.0 
74377.0  74426.0 
74383.0  73945.0 
74384.0  74431.0 
74385.0  74433.0 
74386.0  74435.0 
74419.0  74437.0 
74420.0  73949.0 
74421.0  73949.0 
74423.0  74370.0 
74424.0  74373.0 
74425.0  74375.0 
74426.0  74380.0 
74430.0  74377.0 
74431.0  73945.0 
74433.0  73945.0 
74435.0  73945.0 
74437.0  73949.0 
74443.0  74452.0 
74444.0  74377.0 
74445.0  74377.0 
74447.0  74431.0 
74448.0  74433.0 
74449.0  74435.0 
74450.0  74437.0 
74452.0  74377.0 
74454.0  74452.0 
73425.1  73426.10 
