59862.1  59864.0 
59862.1  59865.0 
59862.1  59866.0 
59862.1  59867.0 
59862.1  59868.0 
59862.1  59869.0 
59862.1  59870.0 
59862.1  59871.0 
59862.1  59872.0 
59862.1  59873.0 
59862.1  59874.0 
59862.1  59875.0 
59863.1  59877.0 
59863.1  59865.0 
59863.1  59868.0 
59864.0  58930.0 
59865.0  58931.0 
59866.0  58932.0 
59867.0  58933.0 
59868.0  58934.0 
59869.0  58935.0 
59870.0  58936.0 
59871.0  58937.0 
59874.0  58940.0 
59876.1  59865.0 
59876.1  59878.0 
59876.1  59869.0 
59876.1  59868.0 
59876.1  59874.0 
59876.1  59879.0 
59876.1  59880.0 
59877.0  58943.0 
59878.0  58944.0 
59879.0  58945.0 
59880.0  58946.0 
59861.1  59862.1 
59882.1  59884.0 
59882.1  59885.0 
59882.1  59886.0 
59882.1  59887.0 
59882.1  59865.0 
59882.1  59888.0 
59882.1  59889.0 
59882.1  59890.0 
59882.1  59891.0 
59882.1  59869.0 
59882.1  59892.0 
59882.1  59893.0 
59882.1  59894.0 
59882.1  59895.0 
59882.1  59896.0 
59882.1  59897.0 
59882.1  59898.0 
59882.1  59899.0 
59882.1  59900.0 
59882.1  59901.0 
59882.1  59902.0 
59882.1  59903.0 
59882.1  59904.0 
59882.1  59905.0 
59882.1  59906.0 
59882.1  59868.0 
59882.1  59907.0 
59882.1  59908.0 
59882.1  59909.0 
59882.1  59910.0 
59882.1  59911.0 
59882.1  59912.0 
59882.1  59913.0 
59882.1  59914.0 
59882.1  59915.0 
59882.1  59916.0 
59882.1  59917.0 
59882.1  59918.0 
59882.1  59919.0 
59882.1  59920.0 
59882.1  59921.0 
59882.1  59922.0 
59882.1  59923.0 
59882.1  59924.0 
59882.1  59925.0 
59882.1  59874.0 
59882.1  59926.0 
59882.1  59927.0 
59882.1  59928.0 
59882.1  59929.0 
59882.1  59880.0 
59882.1  59930.0 
59882.1  59931.0 
59882.1  59932.0 
59882.1  59933.0 
59882.1  59934.0 
59882.1  59935.0 
59882.1  59936.0 
59882.1  59937.0 
59882.1  59938.0 
59882.1  59939.0 
59882.1  59940.0 
59882.1  59941.0 
59882.1  59942.0 
59882.1  59943.0 
59882.1  59944.0 
59882.1  59945.0 
59882.1  59946.0 
59882.1  59947.0 
59882.1  59948.0 
59882.1  59949.0 
59882.1  59950.0 
59882.1  59951.0 
59882.1  59952.0 
59882.1  59953.0 
59882.1  59954.0 
59882.1  59955.0 
59882.1  59956.0 
59882.1  59957.0 
59882.1  59958.0 
59882.1  59959.0 
59882.1  59960.0 
59882.1  59961.0 
59882.1  59962.0 
59882.1  59963.0 
59882.1  59964.0 
59882.1  59965.0 
59882.1  59966.0 
59882.1  59967.0 
59882.1  59968.0 
59882.1  59969.0 
59882.1  59970.0 
59882.1  59971.0 
59882.1  59972.0 
59882.1  59973.0 
59882.1  59974.0 
59882.1  59975.0 
59882.1  59976.0 
59882.1  59977.0 
59882.1  59978.0 
59882.1  59979.0 
59882.1  59980.0 
59882.1  59981.0 
59882.1  59982.0 
59882.1  59983.0 
59882.1  59984.0 
59882.1  59985.0 
59882.1  59986.0 
59882.1  59987.0 
59882.1  59988.0 
59882.1  59989.0 
59882.1  59990.0 
59882.1  59991.0 
59882.1  59992.0 
59882.1  59993.0 
59882.1  59994.0 
59882.1  59995.0 
59882.1  59996.0 
59882.1  59997.0 
59882.1  59998.0 
59882.1  59999.0 
59882.1  60000.0 
59882.1  60001.0 
59882.1  60002.0 
59882.1  60003.0 
59882.1  60004.0 
59882.1  60005.0 
59882.1  60006.0 
59882.1  60007.0 
59882.1  60008.0 
59882.1  60009.0 
59882.1  60010.0 
59882.1  60011.0 
59882.1  60012.0 
59882.1  60013.0 
59882.1  60014.0 
59882.1  60015.0 
59882.1  60016.0 
59882.1  60017.0 
59882.1  60018.0 
59882.1  60019.0 
59882.1  60020.0 
59882.1  60021.0 
59882.1  60022.0 
59882.1  60023.0 
59882.1  60024.0 
59882.1  60025.0 
59882.1  60026.0 
59882.1  60027.0 
59882.1  60028.0 
59882.1  60029.0 
59882.1  60030.0 
59882.1  60031.0 
59882.1  60032.0 
59882.1  60033.0 
59882.1  60034.0 
59882.1  60035.0 
59882.1  60036.0 
59882.1  60037.0 
59882.1  60038.0 
59882.1  60039.0 
59882.1  60040.0 
59882.1  60041.0 
59882.1  60042.0 
59882.1  60043.0 
59882.1  59879.0 
59882.1  60044.0 
59882.1  60045.0 
59882.1  60046.0 
59882.1  60047.1 
59882.1  60048.0 
59882.1  60049.0 
59882.1  60050.0 
59882.1  60051.0 
59882.1  60052.0 
59882.1  60053.0 
59882.2  60054.0 
59882.2  60055.0 
59882.2  60056.0 
59882.2  60057.0 
59882.2  60058.0 
59882.2  60059.0 
59882.2  60060.0 
59882.2  60061.0 
59882.2  60062.0 
59882.2  60063.0 
59882.2  60064.0 
59882.2  60065.0 
59882.2  60066.0 
59882.2  60067.0 
59882.2  60068.0 
59882.2  60069.0 
59882.2  60070.0 
59882.2  60071.0 
59882.2  60072.0 
59882.2  60073.0 
59882.2  60074.0 
59882.2  60075.0 
59882.2  60076.0 
59882.2  60077.0 
59882.2  60078.0 
59882.2  60079.0 
59882.2  60080.0 
59882.2  60081.0 
59882.2  60082.0 
59882.2  60083.0 
59882.2  60084.0 
59882.2  59866.0 
59882.2  60085.0 
59882.2  60086.0 
59882.2  60087.0 
59882.2  60088.0 
59882.2  60089.0 
59882.2  60090.0 
59882.2  60091.0 
59882.2  60092.0 
59882.2  60093.0 
59882.2  60094.0 
59882.2  60095.0 
59882.2  59871.0 
59882.2  60096.0 
59882.2  60097.0 
59882.2  60098.0 
59882.2  60099.0 
59882.2  60100.0 
59882.2  60101.0 
59882.2  60102.0 
59882.2  60103.0 
59882.2  60104.0 
59882.2  60105.0 
59882.2  60106.0 
59882.2  60107.0 
59882.2  60108.0 
59882.2  60109.0 
59882.2  60110.0 
59882.2  60111.0 
59882.2  60112.0 
59882.2  60113.0 
59882.2  60114.0 
59882.2  60115.0 
59882.2  60116.0 
59882.2  60117.0 
59882.2  60118.0 
59882.2  60119.0 
59882.2  60120.0 
59882.2  60121.0 
59882.2  60122.0 
59882.2  60123.0 
59882.2  60124.0 
59882.2  60125.0 
59882.2  60126.0 
59882.2  60127.0 
59882.2  60128.0 
59882.2  60129.0 
59882.2  60130.0 
59882.2  60131.0 
59882.2  60132.0 
59882.2  60133.0 
59882.2  60134.0 
59882.2  60135.0 
59882.2  60136.0 
59882.2  60137.0 
59882.2  60138.0 
59882.2  60139.0 
59882.2  60140.0 
59882.2  60141.0 
59882.2  60142.0 
59882.2  60143.0 
59882.2  60144.0 
59882.2  60145.0 
59882.2  60146.0 
59882.2  60147.0 
59882.2  60148.0 
59882.2  60149.0 
59882.2  60150.0 
59882.2  60151.0 
59882.2  60152.0 
59882.2  60153.0 
59882.2  60154.0 
59882.2  60155.0 
59882.2  60156.0 
59882.2  60157.0 
59882.2  60158.0 
59882.2  60159.0 
59882.2  60160.0 
59882.2  60161.0 
59882.2  60162.0 
59882.2  60163.0 
59882.2  60164.0 
59882.2  60165.0 
59882.2  60166.0 
59882.2  60167.0 
59882.2  60168.0 
59882.2  60169.0 
59882.2  60170.0 
59882.2  60171.0 
59882.2  60172.0 
59882.2  60173.0 
59882.2  60174.0 
59882.2  60175.0 
59882.2  60176.0 
59882.2  60177.0 
59882.2  60178.0 
59882.2  60179.0 
59882.2  60180.0 
59882.2  60181.0 
59882.2  60182.0 
59882.2  60183.0 
59882.2  60184.0 
59882.2  60185.0 
59882.2  60186.0 
59882.2  60187.0 
59882.2  60188.0 
59882.2  60189.0 
59882.2  60190.0 
59882.2  60191.0 
59882.2  60192.0 
59882.2  60193.0 
59882.2  60194.0 
59882.2  60195.0 
59882.2  60196.0 
59882.2  60197.0 
59882.2  60198.0 
59882.2  60199.0 
59882.2  60200.0 
59882.2  60201.0 
59882.2  60202.0 
59882.2  60203.0 
59882.2  60204.0 
59882.2  60205.0 
59882.2  60206.0 
59882.2  60207.0 
59882.2  60208.0 
59882.2  60209.0 
59882.2  60210.0 
59882.2  60211.0 
59882.2  60212.1 
59882.2  60213.0 
59882.2  60214.0 
59882.2  60215.0 
59882.2  60216.0 
59882.2  60217.0 
59882.2  60218.0 
59882.2  60219.0 
59882.2  60220.0 
59882.2  60221.0 
59882.2  60222.0 
59882.2  60223.0 
59882.2  60224.0 
59882.2  60225.0 
59882.2  60226.0 
59882.2  60227.6 
59882.2  60228.6 
59882.2  60229.0 
59882.2  60230.0 
59882.2  60231.0 
59882.2  60232.0 
59882.2  60233.0 
59882.2  60234.0 
59882.2  60235.0 
59882.2  60236.0 
59882.2  60237.0 
59882.2  60238.0 
59882.2  60239.0 
59882.2  60240.0 
59882.2  60241.0 
59882.3  60242.0 
59882.3  60243.0 
59882.3  60244.0 
59882.3  60245.0 
59882.3  60246.0 
59882.3  60247.0 
59882.3  60248.0 
59882.3  60249.0 
59882.3  60250.2 
59882.3  60251.0 
59882.3  60252.0 
59882.3  60253.0 
59882.3  60254.0 
59882.3  60255.0 
59882.3  60256.0 
59882.4  60257.0 
59882.4  60258.0 
59882.4  60259.0 
59882.4  60260.0 
59882.4  59861.1 
59882.5  60261.0 
59882.5  60262.0 
59882.5  60263.0 
59882.5  60264.0 
59882.5  60265.0 
59882.5  60266.1 
59882.5  60267.0 
59882.5  60268.12 
59882.5  60269.12 
59882.5  60270.0 
59882.5  60271.2 
59882.6  60272.0 
59882.6  60273.0 
59882.6  60274.0 
59882.6  60275.0 
59882.6  60276.0 
59882.6  60277.0 
59882.6  59870.0 
59882.6  59867.0 
59882.6  60278.0 
59882.6  60279.3 
59882.6  60280.0 
59882.6  60281.0 
59882.6  60282.0 
59882.6  60283.0 
59882.6  60284.0 
59882.6  60285.0 
59882.6  60286.0 
59882.6  60287.0 
59882.6  60288.6 
59882.6  60289.0 
59882.6  60290.0 
59882.7  60291.0 
59882.7  60292.0 
59882.7  60293.15 
59882.7  60294.0 
59882.7  60295.0 
59882.7  60296.1 
59882.7  60297.0 
59882.7  60298.0 
59882.7  60299.0 
59882.7  60300.0 
59882.7  60301.0 
59882.8  60302.0 
59882.8  60303.0 
59882.8  60304.0 
59882.8  60305.0 
59882.8  60306.0 
59882.9  60307.0 
59882.9  60308.0 
59882.9  60309.0 
59882.9  60250.5 
59882.10  60310.0 
59883.1  60312.0 
59883.1  59865.0 
59883.1  59878.0 
59883.1  59869.0 
59883.1  59868.0 
59883.1  59874.0 
59883.1  59879.0 
59883.1  59880.0 
59883.1  60313.1 
59883.1  60314.1 
59883.1  60315.1 
59884.0  58950.0 
59885.0  58951.0 
59886.0  58952.0 
59887.0  58953.0 
59888.0  58954.0 
59889.0  58955.0 
59890.0  58956.0 
59891.0  58957.0 
59892.0  58958.0 
59893.0  58959.0 
59894.0  58960.0 
59895.0  58961.0 
59896.0  58962.0 
59897.0  58963.0 
59898.0  58964.0 
59899.0  58965.0 
59900.0  58966.0 
59901.0  58967.0 
59902.0  58968.0 
59903.0  58969.0 
59904.0  58970.0 
59905.0  58971.0 
59906.0  58972.0 
59907.0  58973.0 
59908.0  58974.0 
59909.0  58975.0 
59910.0  58976.0 
59911.0  58977.0 
59912.0  58978.0 
59913.0  58979.0 
59914.0  58980.0 
59915.0  58981.0 
59916.0  58982.0 
59917.0  58983.0 
59918.0  58984.0 
59919.0  58985.0 
59920.0  58986.0 
59921.0  58987.0 
59922.0  58988.0 
59923.0  58989.0 
59924.0  58990.0 
59925.0  58991.0 
59926.0  58992.0 
59927.0  58993.0 
59928.0  58994.0 
59929.0  58995.0 
59930.0  58996.0 
59931.0  58997.0 
59932.0  58998.0 
59933.0  58999.0 
59934.0  59000.0 
59935.0  59001.0 
59936.0  59002.0 
59937.0  59003.0 
59938.0  59004.0 
59939.0  59005.0 
59940.0  59006.0 
59941.0  59007.0 
59942.0  59008.0 
59943.0  59009.0 
59944.0  59010.0 
59945.0  59011.0 
59946.0  59012.0 
59947.0  59013.0 
59948.0  59014.0 
59949.0  59015.0 
59950.0  59016.0 
59951.0  59017.0 
59952.0  59018.0 
59953.0  59019.0 
59954.0  59020.0 
59955.0  59021.0 
59956.0  59022.0 
59957.0  59023.0 
59958.0  59024.0 
59959.0  59025.0 
59960.0  59026.0 
59961.0  59027.0 
59962.0  59028.0 
59963.0  59029.0 
59964.0  59030.0 
59965.0  59031.0 
59966.0  59032.0 
59967.0  59033.0 
59968.0  59034.0 
59969.0  59035.0 
59970.0  59036.0 
59971.0  59037.0 
59972.0  59038.0 
59973.0  59039.0 
59974.0  59040.0 
59975.0  59041.0 
59976.0  59042.0 
59977.0  59043.0 
59978.0  59044.0 
59979.0  59045.0 
59980.0  59046.0 
59981.0  59047.0 
59982.0  59048.0 
59983.0  59049.0 
59984.0  59050.0 
59985.0  59051.0 
59986.0  59052.0 
59987.0  59053.0 
59988.0  59054.0 
59989.0  59055.0 
59990.0  59056.0 
59991.0  59057.0 
59992.0  59058.0 
59993.0  59059.0 
59994.0  59060.0 
59995.0  59061.0 
59996.0  59062.0 
59997.0  59063.0 
59998.0  59064.0 
59999.0  59065.0 
60000.0  59066.0 
60001.0  59067.0 
60002.0  59068.0 
60003.0  59069.0 
60004.0  59070.0 
60005.0  59071.0 
60006.0  59072.0 
60007.0  59073.0 
60008.0  59074.0 
60009.0  59075.0 
60010.0  59076.0 
60011.0  59077.0 
60012.0  59078.0 
60013.0  59079.0 
60014.0  59080.0 
60015.0  59081.0 
60016.0  59082.0 
60017.0  59083.0 
60018.0  59084.0 
60019.0  59085.0 
60020.0  59086.0 
60021.0  59087.0 
60022.0  59088.0 
60023.0  59089.0 
60024.0  59090.0 
60025.0  59091.0 
60026.0  59092.0 
60027.0  59093.0 
60028.0  59094.0 
60029.0  59095.0 
60030.0  59096.0 
60031.0  59097.0 
60032.0  59098.0 
60033.0  59099.0 
60034.0  59100.0 
60035.0  59101.0 
60036.0  59102.0 
60037.0  59103.0 
60038.0  59104.0 
60039.0  59105.0 
60040.0  59106.0 
60041.0  59107.0 
60042.0  59108.0 
60043.0  59109.0 
60044.0  59110.0 
60045.0  59111.0 
60046.0  59112.0 
60047.1  60316.16 
60048.0  59114.0 
60049.0  59115.0 
60050.0  59116.0 
60051.0  59117.0 
60052.0  59118.0 
60053.0  59119.0 
60054.0  59120.0 
60055.0  59121.0 
60056.0  59122.0 
60057.0  59123.0 
60058.0  59124.0 
60059.0  59125.0 
60060.0  59126.0 
60061.0  59127.0 
60062.0  59128.0 
60063.0  59129.0 
60064.0  59130.0 
60065.0  59131.0 
60066.0  59132.0 
60067.0  59133.0 
60068.0  59134.0 
60069.0  59135.0 
60070.0  59136.0 
60071.0  59137.0 
60072.0  59138.0 
60073.0  59139.0 
60074.0  59140.0 
60075.0  59141.0 
60076.0  59142.0 
60077.0  59143.0 
60078.0  59144.0 
60079.0  59145.0 
60080.0  59146.0 
60081.0  59147.0 
60082.0  59148.0 
60083.0  59149.0 
60084.0  59150.0 
60085.0  59151.0 
60086.0  59152.0 
60087.0  59153.0 
60088.0  59154.0 
60089.0  59155.0 
60090.0  59156.0 
60091.0  59157.0 
60092.0  59158.0 
60093.0  59159.0 
60094.0  59160.0 
60095.0  59161.0 
60097.0  59163.0 
60098.0  59164.0 
60099.0  59165.0 
60100.0  59166.0 
60101.0  59167.0 
60102.0  59168.0 
60103.0  59169.0 
60104.0  59170.0 
60105.0  59171.0 
60106.0  59172.0 
60107.0  59173.0 
60108.0  59174.0 
60109.0  59175.0 
60110.0  59176.0 
60111.0  59177.0 
60112.0  59178.0 
60113.0  59179.0 
60114.0  59180.0 
60115.0  59181.0 
60116.0  59182.0 
60117.0  59183.0 
60118.0  59184.0 
60119.0  59185.0 
60120.0  59186.0 
60121.0  59187.0 
60122.0  59188.0 
60123.0  59189.0 
60124.0  59190.0 
60125.0  59191.0 
60126.0  59192.0 
60127.0  59193.0 
60128.0  59194.0 
60129.0  59195.0 
60130.0  59196.0 
60131.0  59197.0 
60132.0  59198.0 
60133.0  59199.0 
60134.0  59200.0 
60135.0  59201.0 
60136.0  59202.0 
60137.0  59203.0 
60138.0  59204.0 
60139.0  59205.0 
60140.0  59206.0 
60141.0  59207.0 
60142.0  59208.0 
60143.0  59209.0 
60144.0  59210.0 
60145.0  59211.0 
60146.0  59212.0 
60147.0  59213.0 
60148.0  59214.0 
60149.0  59215.0 
60150.0  59216.0 
60151.0  59217.0 
60152.0  59218.0 
60153.0  59219.0 
60154.0  59220.0 
60155.0  59221.0 
60156.0  59222.0 
60157.0  59223.0 
60158.0  59224.0 
60159.0  59225.0 
60160.0  59226.0 
60161.0  59227.0 
60162.0  59228.0 
60163.0  59229.0 
60164.0  59230.0 
60165.0  59231.0 
60166.0  59232.0 
60167.0  59233.0 
60168.0  59234.0 
60169.0  59235.0 
60170.0  59236.0 
60171.0  59237.0 
60172.0  59238.0 
60173.0  59239.0 
60174.0  59240.0 
60175.0  59241.0 
60176.0  59242.0 
60177.0  59243.0 
60178.0  59244.0 
60179.0  59245.0 
60180.0  59246.0 
60181.0  59247.0 
60182.0  59248.0 
60183.0  59249.0 
60184.0  59250.0 
60185.0  59251.0 
60186.0  59252.0 
60187.0  59253.0 
60188.0  59254.0 
60189.0  59255.0 
60190.0  59256.0 
60191.0  59257.0 
60192.0  59258.0 
60193.0  59259.0 
60194.0  59260.0 
60195.0  59261.0 
60196.0  59262.0 
60197.0  59263.0 
60198.0  59264.0 
60199.0  59265.0 
60200.0  59266.0 
60201.0  59267.0 
60202.0  59268.0 
60203.0  59269.0 
60204.0  59270.0 
60205.0  59271.0 
60206.0  59272.0 
60207.0  59273.0 
60208.0  59274.0 
60209.0  59275.0 
60210.0  59276.0 
60211.0  59277.0 
60212.1  60316.14 
60213.0  59279.0 
60214.0  59280.0 
60215.0  59281.0 
60216.0  59282.0 
60217.0  59283.0 
60218.0  59284.0 
60219.0  59285.0 
60220.0  59286.0 
60221.0  59287.0 
60222.0  59288.0 
60223.0  59289.0 
60224.0  59290.0 
60225.0  59291.0 
60226.0  59292.0 
60227.6  60316.15 
60227.6  59293.6 
60228.6  60316.15 
60228.6  59294.6 
60229.0  59295.0 
60230.0  59296.0 
60231.0  59297.0 
60232.0  59298.0 
60233.0  59299.0 
60234.0  59300.0 
60235.0  59301.0 
60236.0  59302.0 
60237.0  59303.0 
60238.0  59304.0 
60239.0  59305.0 
60240.0  59306.0 
60241.0  59307.0 
60242.0  59308.0 
60243.0  59309.0 
60244.0  59310.0 
60245.0  59311.0 
60246.0  59312.0 
60247.0  59313.0 
60248.0  59314.0 
60249.0  59315.0 
60250.1  59882.1 
60250.2  59882.2 
60250.3  59882.3 
60250.4  59882.4 
60250.5  59882.8 
60250.6  59882.9 
60251.0  59317.0 
60252.0  59318.0 
60253.0  59319.0 
60254.0  59320.0 
60255.0  59321.0 
60256.0  59322.0 
60257.0  59323.0 
60258.0  59324.0 
60259.0  59325.0 
60260.0  59326.0 
60261.0  59327.0 
60262.0  59328.0 
60263.0  59329.0 
60264.0  59330.0 
60265.0  59331.0 
60266.1  60316.16 
60267.0  59333.0 
60268.12  60316.16 
60268.12  59334.12 
60268.13  59882.5 
60269.12  60316.16 
60269.12  59335.12 
60269.13  59882.7 
60270.0  59336.0 
60271.2  59337.2 
60272.0  59338.0 
60273.0  59339.0 
60274.0  59340.0 
60275.0  59341.0 
60276.0  59342.0 
60277.0  59343.0 
60278.0  59344.0 
60279.1  60317.1 
60279.2  60318.1 
60279.3  60319.1 
60280.0  59346.0 
60281.0  59347.0 
60282.0  59348.0 
60283.0  59349.0 
60284.0  59350.0 
60285.0  59351.0 
60286.0  59352.0 
60287.0  59353.0 
60288.6  59354.6 
60288.7  59882.6 
60289.0  59355.0 
60290.0  59356.0 
60291.0  59357.0 
60292.0  59358.0 
60293.13  60316.10 
60293.14  60316.12 
60293.15  60316.15 
60293.15  59359.15 
60294.0  59360.0 
60296.1  60320.1 
60297.0  59363.0 
60298.0  59364.0 
60300.0  59366.0 
60301.0  59367.0 
60302.0  59368.0 
60303.0  59369.0 
60304.0  59370.0 
60305.0  59371.0 
60306.0  59372.0 
60307.0  59373.0 
60308.0  59374.0 
60309.0  59375.0 
60310.0  59376.0 
60311.1  60322.0 
60311.1  59865.0 
60311.1  59878.0 
60311.1  59869.0 
60311.1  59868.0 
60311.1  59874.0 
60311.1  59879.0 
60311.1  59880.0 
60311.1  60323.1 
60311.1  60324.1 
60311.1  60325.1 
60311.1  60326.1 
60311.1  60327.1 
60312.0  59378.0 
60313.1  60328.1 
60314.1  60329.1 
60315.1  60330.1 
60316.11  60331.0 
60316.12  59359.13 
60316.13  59316.8 
60316.14  59397.0 
60316.15  59359.14 
60316.16  60332.1 
60316.17  59316.9 
60316.17  58948.17 
60317.1  60333.0 
60317.1  59865.0 
60317.1  60334.0 
60317.1  60335.0 
60317.1  59868.0 
60317.1  60336.0 
60317.1  59866.0 
60317.1  60337.0 
60317.1  59869.0 
60317.1  59871.0 
60317.1  60338.0 
60317.1  59874.0 
60317.1  60339.2 
60318.1  60341.0 
60318.1  59865.0 
60318.1  60334.0 
60318.1  60335.0 
60318.1  59866.0 
60318.1  59868.0 
60318.1  60336.0 
60318.1  59869.0 
60318.1  60337.0 
60318.1  59871.0 
60318.1  60342.0 
60318.1  59874.0 
60318.1  60279.1 
60319.1  60343.0 
60319.1  59865.0 
60319.1  59868.0 
60319.1  60279.2 
60320.1  60345.0 
60320.1  59865.0 
60320.1  60346.0 
60320.1  59868.0 
60320.1  59874.0 
60320.1  59880.0 
60320.1  59925.0 
60320.1  60347.3 
60320.1  60347.4 
60320.1  60347.5 
60320.1  60347.6 
60320.1  60347.7 
60321.1  59877.0 
60321.1  59865.0 
60321.1  59868.0 
60322.0  59388.0 
60323.1  60348.1 
60324.1  60349.1 
60325.1  60350.1 
60326.1  60351.1 
60327.1  60352.1 
60328.1  60353.0 
60328.1  59865.0 
60328.1  59868.0 
60328.1  59874.0 
60329.1  60354.0 
60329.1  59865.0 
60329.1  59868.0 
60329.1  59874.0 
60330.1  60356.0 
60330.1  59865.0 
60330.1  59868.0 
60331.0  57527.0 
60332.1  60316.12 
60333.0  59399.0 
60334.0  59400.0 
60335.0  59401.0 
60336.0  59402.0 
60337.0  59403.0 
60339.1  60357.1 
60339.2  60358.1 
60340.1  60360.0 
60340.1  59865.0 
60340.1  59878.0 
60340.1  59869.0 
60340.1  59868.0 
60340.1  59874.0 
60340.1  59879.0 
60340.1  59880.0 
60340.1  59930.0 
60340.1  59931.0 
60340.1  59932.0 
60340.1  60361.1 
60340.1  60362.1 
60340.2  60363.1 
60340.3  60364.1 
60341.0  59407.0 
60343.0  59409.0 
60344.1  60365.0 
60344.1  59865.0 
60344.1  59878.0 
60344.1  59869.0 
60344.1  59868.0 
60344.1  59874.0 
60344.1  59879.0 
60344.1  59880.0 
60345.0  59411.0 
60346.0  59412.0 
60347.1  60366.1 
60347.2  60366.2 
60347.3  60366.3 
60347.4  60366.4 
60347.5  60366.5 
60347.6  60366.6 
60347.7  60366.7 
60348.1  60354.0 
60348.1  59865.0 
60348.1  59868.0 
60348.1  59874.0 
60349.1  60353.0 
60349.1  59865.0 
60349.1  59868.0 
60349.1  59874.0 
60350.1  60367.0 
60350.1  59865.0 
60350.1  59868.0 
60350.1  59874.0 
60351.1  60367.0 
60351.1  59865.0 
60351.1  59868.0 
60351.1  59874.0 
60352.1  60367.0 
60352.1  59865.0 
60352.1  59868.0 
60352.1  59874.0 
60353.0  59419.0 
60354.0  59420.0 
60356.0  59422.0 
60357.1  60333.0 
60357.1  59865.0 
60357.1  60334.0 
60357.1  60335.0 
60357.1  59868.0 
60357.1  60336.0 
60357.1  59866.0 
60357.1  60337.0 
60357.1  59869.0 
60357.1  59871.0 
60357.1  60369.0 
60357.1  59874.0 
60357.1  60370.1 
60358.1  60341.0 
60358.1  59865.0 
60358.1  60334.0 
60358.1  60335.0 
60358.1  59866.0 
60358.1  59868.0 
60358.1  60336.0 
60358.1  59869.0 
60358.1  60337.0 
60358.1  59871.0 
60358.1  60372.0 
60358.1  59874.0 
60358.1  60339.1 
60359.1  60341.0 
60359.1  59865.0 
60359.1  60334.0 
60359.1  60335.0 
60359.1  59866.0 
60359.1  59868.0 
60359.1  60336.0 
60359.1  59869.0 
60359.1  60337.0 
60359.1  59871.0 
60359.1  60373.0 
60359.1  59874.0 
60360.0  59426.0 
60361.1  60374.0 
60362.1  60375.1 
60363.1  60376.1 
60364.1  60377.1 
60365.0  59431.0 
60366.1  60378.0 
60366.1  59865.0 
60366.1  60379.0 
60366.1  59869.0 
60366.1  59868.0 
60366.1  60380.0 
60366.1  59874.0 
60366.1  60381.0 
60366.1  60382.0 
60366.1  59879.0 
60366.1  60383.0 
60366.1  60384.0 
60366.1  60385.0 
60366.1  59880.0 
60366.1  60386.0 
60366.1  60387.0 
60366.1  60388.0 
60366.1  60389.0 
60366.1  60390.0 
60366.1  60391.0 
60366.1  60392.0 
60366.1  60393.0 
60366.1  60394.0 
60366.1  60395.0 
60366.1  60396.0 
60366.1  60397.0 
60366.1  60398.0 
60366.1  60399.0 
60366.1  60400.0 
60366.1  60401.0 
60366.1  60402.0 
60366.1  60403.0 
60366.1  60404.0 
60366.1  60405.0 
60366.1  60406.0 
60366.1  60407.0 
60366.1  60408.0 
60366.1  60409.0 
60366.1  60410.0 
60366.1  60411.0 
60366.1  60412.0 
60366.1  60413.0 
60366.1  60414.0 
60366.1  60415.0 
60366.1  60416.0 
60366.1  60417.0 
60366.1  60418.0 
60366.1  60419.0 
60366.1  60420.0 
60366.1  60421.0 
60366.1  60422.0 
60366.1  60423.0 
60366.1  60424.0 
60366.1  60425.0 
60366.1  60426.0 
60366.1  60427.0 
60366.1  60428.0 
60366.1  60429.0 
60366.1  60430.0 
60366.1  60431.0 
60366.1  60432.0 
60366.1  60433.0 
60366.1  60434.0 
60366.1  60435.0 
60366.1  60436.0 
60366.1  60437.0 
60366.1  60438.0 
60366.1  60439.0 
60366.1  60440.0 
60366.1  60441.0 
60366.1  60442.0 
60366.1  60443.0 
60366.1  60444.0 
60366.1  60445.0 
60366.1  60446.0 
60366.1  60447.0 
60366.1  60448.0 
60366.1  60449.0 
60366.1  60450.0 
60366.1  60451.0 
60366.1  60452.0 
60366.1  60453.0 
60366.1  60454.0 
60366.1  60455.0 
60366.1  60456.0 
60366.1  60457.0 
60366.2  60458.0 
60366.2  60459.0 
60366.2  60460.0 
60366.2  60461.0 
60366.2  60462.0 
60366.2  60463.0 
60366.2  60464.0 
60366.2  60465.0 
60366.2  60466.0 
60366.2  60467.0 
60366.2  60468.0 
60366.2  60469.0 
60366.2  60470.0 
60366.2  60471.0 
60366.2  60472.0 
60366.2  60473.0 
60366.2  60474.0 
60366.2  60475.0 
60366.2  60476.0 
60366.2  60477.0 
60366.2  60478.0 
60366.2  60479.0 
60366.2  60480.0 
60366.2  60481.0 
60366.2  60482.0 
60366.2  60483.0 
60366.2  60484.0 
60366.2  60485.0 
60366.2  60486.0 
60366.2  60487.0 
60366.2  60488.0 
60366.2  60489.0 
60366.2  60490.0 
60366.2  60491.0 
60366.2  60492.0 
60366.2  60493.0 
60366.2  60494.0 
60366.2  60495.0 
60366.2  60496.0 
60366.2  60497.0 
60366.2  60498.0 
60366.2  60499.0 
60366.2  60500.0 
60366.2  60501.0 
60366.2  60502.0 
60366.2  60503.0 
60366.2  60504.0 
60366.2  60505.0 
60366.2  60506.0 
60366.2  60507.0 
60366.2  60508.0 
60366.2  60509.0 
60366.2  60510.0 
60366.2  60511.0 
60366.2  60512.0 
60366.2  60513.0 
60366.2  60514.0 
60366.2  60515.0 
60366.2  60516.0 
60366.2  60517.0 
60366.2  60518.0 
60366.2  60519.0 
60366.2  60520.0 
60366.2  60521.0 
60366.2  60522.0 
60366.2  60523.0 
60366.2  60524.0 
60366.2  60525.0 
60366.2  60526.0 
60366.2  60527.0 
60366.2  60528.0 
60366.2  60529.0 
60366.2  60530.0 
60366.2  60531.0 
60366.2  60532.0 
60366.2  60533.0 
60366.2  60534.0 
60366.2  60535.0 
60366.3  60536.0 
60366.3  60537.0 
60366.3  60538.0 
60366.3  60539.0 
60366.3  60540.0 
60366.3  60541.0 
60366.3  60542.0 
60366.3  60543.0 
60366.3  60544.0 
60366.3  60545.0 
60366.3  60546.0 
60366.3  60547.0 
60366.3  60548.0 
60366.3  60549.0 
60366.3  60550.0 
60366.3  60551.0 
60366.3  60552.0 
60366.3  60553.0 
60366.3  60554.0 
60366.3  60555.0 
60366.3  60556.0 
60366.3  60557.0 
60366.3  60558.0 
60366.3  60559.0 
60366.3  60560.0 
60366.3  60561.0 
60366.3  60562.0 
60366.3  60563.0 
60366.3  60564.0 
60366.3  60565.0 
60366.3  60566.0 
60366.3  60567.0 
60366.3  60568.0 
60366.3  60569.0 
60366.3  60570.0 
60366.3  60571.0 
60366.3  60572.0 
60366.3  60573.0 
60366.3  60574.0 
60366.3  60575.0 
60366.3  60576.0 
60366.3  60577.0 
60366.3  60578.0 
60366.3  60579.0 
60366.3  60580.0 
60366.3  60581.0 
60366.3  60582.0 
60366.3  60583.0 
60366.3  60584.0 
60366.3  60585.0 
60366.3  60586.0 
60366.3  60587.0 
60366.3  60588.0 
60366.3  60589.0 
60366.3  60590.0 
60366.3  60591.0 
60366.3  60592.0 
60366.3  60593.0 
60366.3  60594.0 
60366.3  60595.0 
60366.3  60596.0 
60366.3  60597.0 
60366.3  60598.0 
60366.3  60599.0 
60366.3  60600.0 
60366.3  60601.0 
60366.3  60602.0 
60366.3  60603.0 
60366.3  60604.0 
60366.3  60605.0 
60366.3  60606.0 
60366.3  60607.0 
60366.3  60608.0 
60366.3  60609.0 
60366.3  60610.0 
60366.3  60611.0 
60366.3  60612.0 
60366.3  60613.0 
60366.3  60614.0 
60366.4  60615.0 
60366.4  60616.0 
60366.4  60617.0 
60366.4  60618.0 
60366.4  60619.0 
60366.4  60620.0 
60366.4  60621.0 
60366.4  60622.0 
60366.4  60623.0 
60366.4  60624.0 
60366.4  60625.0 
60366.4  60626.0 
60366.4  60627.0 
60366.4  60628.0 
60366.4  60629.0 
60366.4  60630.0 
60366.4  60631.0 
60366.4  60632.0 
60366.4  60633.0 
60366.4  60634.0 
60366.4  60635.0 
60366.4  60636.0 
60366.4  60637.0 
60366.4  60638.0 
60366.4  60639.0 
60366.4  60640.0 
60366.4  60641.0 
60366.4  60642.0 
60366.4  60643.0 
60366.4  60644.0 
60366.4  60645.0 
60366.4  60646.0 
60366.4  60647.0 
60366.4  60648.0 
60366.4  60649.0 
60366.4  60650.0 
60366.4  60651.0 
60366.4  60652.0 
60366.4  60653.0 
60366.5  60654.0 
60366.5  60655.0 
60366.5  60656.0 
60366.5  60657.0 
60366.5  60658.0 
60366.5  60659.0 
60366.5  60660.0 
60366.5  60661.0 
60366.5  60662.0 
60366.5  60663.0 
60366.5  60664.0 
60366.5  60665.0 
60366.5  60666.0 
60366.5  60667.0 
60366.5  60668.0 
60366.5  60669.0 
60366.5  60670.0 
60366.5  60671.0 
60366.5  60672.0 
60366.5  60673.0 
60366.5  60674.0 
60366.5  60675.0 
60366.5  60676.0 
60366.5  60677.0 
60366.5  60678.0 
60366.5  60679.0 
60366.5  60680.0 
60366.5  60681.0 
60366.5  60682.0 
60366.5  60683.0 
60366.5  60684.0 
60366.5  60685.0 
60366.5  60686.0 
60366.5  60687.0 
60366.5  60688.0 
60366.5  60689.0 
60366.5  60690.0 
60366.5  60691.0 
60366.5  60692.0 
60366.5  60693.0 
60366.5  60694.0 
60366.5  60695.0 
60366.5  60696.0 
60366.5  60697.0 
60366.5  60698.0 
60366.5  60699.0 
60366.5  60700.0 
60366.5  60701.0 
60366.6  60702.0 
60366.6  60703.0 
60366.6  60704.0 
60366.6  60705.0 
60366.6  60706.0 
60366.6  60707.0 
60366.6  60708.0 
60366.6  60709.0 
60366.6  60710.0 
60366.6  60711.0 
60366.6  60712.0 
60366.6  60713.0 
60366.6  60714.0 
60366.6  60715.0 
60366.6  60716.0 
60366.6  60717.0 
60366.6  60718.0 
60366.6  60719.0 
60366.6  60720.0 
60366.6  60721.0 
60366.6  60722.0 
60366.6  60723.0 
60366.6  60724.0 
60366.6  60725.0 
60366.6  60726.0 
60366.6  60727.0 
60366.6  60728.0 
60366.7  60729.0 
60366.7  60730.0 
60366.7  60731.0 
60366.7  60732.0 
60366.7  60733.0 
60366.7  60734.0 
60366.7  60735.0 
60366.7  60736.0 
60366.7  60737.0 
60366.7  60738.0 
60366.7  60739.0 
60366.7  60740.0 
60366.7  60741.0 
60366.7  60742.0 
60366.7  60743.0 
60366.7  60744.0 
60366.7  60745.0 
60366.7  60746.0 
60366.7  60747.0 
60366.7  60748.0 
60366.7  60749.0 
60366.7  60750.0 
60366.7  60751.0 
60366.7  60752.0 
60366.7  60753.0 
60366.7  60754.0 
60366.7  60755.0 
60366.7  60756.0 
60366.7  60757.0 
60366.7  60758.0 
60366.7  60759.0 
60366.7  60760.0 
60366.7  60761.0 
60366.7  60762.0 
60366.7  60763.0 
60366.7  60764.0 
60366.7  60765.0 
60366.7  60766.0 
60366.7  60767.0 
60366.7  60768.0 
60366.7  60769.0 
60367.0  59433.0 
60368.1  60771.0 
60368.1  58931.0 
60368.1  58944.0 
60368.1  58935.0 
60368.1  58934.0 
60368.1  58940.0 
60368.1  58945.0 
60368.1  58946.0 
60368.1  58996.0 
60368.1  58997.0 
60368.1  58998.0 
60368.1  60772.1 
60368.1  60773.1 
60368.1  58991.0 
60368.1  59003.0 
60368.1  60774.1 
60370.1  60775.1 
60371.1  58942.1 
60375.1  60777.0 
60375.1  59865.0 
60375.1  59868.0 
60375.1  59874.0 
60375.1  59880.0 
60375.1  60778.1 
60376.1  60777.0 
60376.1  59865.0 
60376.1  59868.0 
60376.1  59874.0 
60376.1  59880.0 
60376.1  60780.1 
60377.1  60777.0 
60377.1  59865.0 
60377.1  59868.0 
60377.1  59874.0 
60377.1  59880.0 
60377.1  60782.1 
60378.0  59444.0 
60379.0  59445.0 
60380.0  59446.0 
60382.0  59448.0 
60383.0  59449.0 
60384.0  59450.0 
60385.0  59451.0 
60386.0  59452.0 
60387.0  59453.0 
60388.0  59454.0 
60389.0  59455.0 
60390.0  59456.0 
60391.0  59457.0 
60392.0  59458.0 
60393.0  59459.0 
60394.0  59460.0 
60395.0  59461.0 
60396.0  59462.0 
60397.0  59463.0 
60398.0  59464.0 
60399.0  59465.0 
60400.0  59466.0 
60401.0  59467.0 
60402.0  59468.0 
60403.0  59469.0 
60404.0  59470.0 
60405.0  59471.0 
60406.0  59472.0 
60407.0  59473.0 
60408.0  59474.0 
60409.0  59475.0 
60410.0  59476.0 
60411.0  59477.0 
60412.0  59478.0 
60413.0  59479.0 
60414.0  59480.0 
60415.0  59481.0 
60416.0  59482.0 
60417.0  59483.0 
60418.0  59484.0 
60419.0  59485.0 
60420.0  59486.0 
60421.0  59487.0 
60422.0  59488.0 
60423.0  59489.0 
60424.0  59490.0 
60425.0  59491.0 
60426.0  59492.0 
60427.0  59493.0 
60428.0  59494.0 
60429.0  59495.0 
60430.0  59496.0 
60431.0  59497.0 
60432.0  59498.0 
60433.0  59499.0 
60434.0  59500.0 
60435.0  59501.0 
60436.0  59502.0 
60437.0  59503.0 
60438.0  59504.0 
60439.0  59505.0 
60440.0  59506.0 
60441.0  59507.0 
60442.0  59508.0 
60443.0  59509.0 
60444.0  59510.0 
60445.0  59511.0 
60446.0  59512.0 
60447.0  59513.0 
60448.0  59514.0 
60449.0  59515.0 
60450.0  59516.0 
60451.0  59517.0 
60452.0  59518.0 
60453.0  59519.0 
60454.0  59520.0 
60455.0  59521.0 
60456.0  59522.0 
60457.0  59523.0 
60458.0  59524.0 
60459.0  59525.0 
60460.0  59526.0 
60461.0  59527.0 
60462.0  59528.0 
60463.0  59529.0 
60464.0  59530.0 
60465.0  59531.0 
60466.0  59532.0 
60467.0  59533.0 
60468.0  59534.0 
60469.0  59535.0 
60470.0  59536.0 
60471.0  59537.0 
60472.0  59538.0 
60473.0  59539.0 
60474.0  59540.0 
60475.0  59541.0 
60476.0  59542.0 
60477.0  59543.0 
60478.0  59544.0 
60479.0  59545.0 
60480.0  59546.0 
60481.0  59547.0 
60482.0  59548.0 
60483.0  59549.0 
60484.0  59550.0 
60485.0  59551.0 
60486.0  59552.0 
60487.0  59553.0 
60488.0  59554.0 
60489.0  59555.0 
60490.0  59556.0 
60491.0  59557.0 
60492.0  59558.0 
60493.0  59559.0 
60494.0  59560.0 
60495.0  59561.0 
60496.0  59562.0 
60497.0  59563.0 
60498.0  59564.0 
60499.0  59565.0 
60500.0  59566.0 
60501.0  59567.0 
60502.0  59568.0 
60503.0  59569.0 
60504.0  59570.0 
60505.0  59571.0 
60506.0  59572.0 
60507.0  59573.0 
60508.0  59574.0 
60509.0  59575.0 
60510.0  59576.0 
60511.0  59577.0 
60512.0  59578.0 
60513.0  59579.0 
60514.0  59580.0 
60515.0  59581.0 
60516.0  59582.0 
60517.0  59583.0 
60518.0  59584.0 
60519.0  59585.0 
60520.0  59586.0 
60521.0  59587.0 
60522.0  59588.0 
60523.0  59589.0 
60524.0  59590.0 
60525.0  59591.0 
60526.0  59592.0 
60527.0  59593.0 
60528.0  59594.0 
60529.0  59595.0 
60530.0  59596.0 
60531.0  59597.0 
60532.0  59598.0 
60533.0  59599.0 
60534.0  59600.0 
60535.0  59601.0 
60536.0  59602.0 
60537.0  59603.0 
60538.0  59604.0 
60539.0  59605.0 
60540.0  59606.0 
60541.0  59607.0 
60542.0  59608.0 
60543.0  59609.0 
60544.0  59610.0 
60545.0  59611.0 
60546.0  59612.0 
60547.0  59613.0 
60548.0  59614.0 
60549.0  59615.0 
60550.0  59616.0 
60551.0  59617.0 
60552.0  59618.0 
60553.0  59619.0 
60554.0  59620.0 
60555.0  59621.0 
60556.0  59622.0 
60557.0  59623.0 
60558.0  59624.0 
60559.0  59625.0 
60560.0  59626.0 
60561.0  59627.0 
60562.0  59628.0 
60563.0  59629.0 
60564.0  59630.0 
60565.0  59631.0 
60566.0  59632.0 
60567.0  59633.0 
60568.0  59634.0 
60569.0  59635.0 
60570.0  59636.0 
60571.0  59637.0 
60572.0  59638.0 
60573.0  59639.0 
60574.0  59640.0 
60575.0  59641.0 
60576.0  59642.0 
60577.0  59643.0 
60578.0  59644.0 
60579.0  59645.0 
60580.0  59646.0 
60581.0  59647.0 
60582.0  59648.0 
60583.0  59649.0 
60585.0  59651.0 
60586.0  59652.0 
60587.0  59653.0 
60588.0  59654.0 
60589.0  59655.0 
60590.0  59656.0 
60591.0  59657.0 
60592.0  59658.0 
60593.0  59659.0 
60594.0  59660.0 
60595.0  59661.0 
60596.0  59662.0 
60597.0  59663.0 
60598.0  59664.0 
60599.0  59665.0 
60600.0  59666.0 
60601.0  59667.0 
60602.0  59668.0 
60603.0  59669.0 
60604.0  59670.0 
60605.0  59671.0 
60606.0  59672.0 
60607.0  59673.0 
60608.0  59674.0 
60609.0  59675.0 
60610.0  59676.0 
60611.0  59677.0 
60612.0  59678.0 
60613.0  59679.0 
60614.0  59680.0 
60615.0  59681.0 
60616.0  59682.0 
60617.0  59683.0 
60618.0  59684.0 
60619.0  59685.0 
60620.0  59686.0 
60621.0  59687.0 
60622.0  59688.0 
60623.0  59689.0 
60624.0  59690.0 
60625.0  59691.0 
60626.0  59692.0 
60627.0  59693.0 
60628.0  59694.0 
60629.0  59695.0 
60630.0  59696.0 
60631.0  59697.0 
60632.0  59698.0 
60633.0  59699.0 
60634.0  59700.0 
60635.0  59701.0 
60636.0  59702.0 
60637.0  59703.0 
60638.0  59704.0 
60639.0  59705.0 
60640.0  59706.0 
60641.0  59707.0 
60642.0  59708.0 
60643.0  59709.0 
60644.0  59710.0 
60645.0  59711.0 
60646.0  59712.0 
60647.0  59713.0 
60648.0  59714.0 
60649.0  59715.0 
60650.0  59716.0 
60651.0  59717.0 
60652.0  59718.0 
60653.0  59719.0 
60654.0  59720.0 
60655.0  59721.0 
60656.0  59722.0 
60657.0  59723.0 
60658.0  59724.0 
60659.0  59725.0 
60660.0  59726.0 
60661.0  59727.0 
60662.0  59728.0 
60663.0  59729.0 
60664.0  59730.0 
60665.0  59731.0 
60666.0  59732.0 
60667.0  59733.0 
60668.0  59734.0 
60669.0  59735.0 
60670.0  59736.0 
60671.0  59737.0 
60672.0  59738.0 
60673.0  59739.0 
60674.0  59740.0 
60675.0  59741.0 
60676.0  59742.0 
60677.0  59743.0 
60678.0  59744.0 
60679.0  59745.0 
60680.0  59746.0 
60681.0  59747.0 
60682.0  59748.0 
60683.0  59749.0 
60684.0  59750.0 
60685.0  59751.0 
60686.0  59752.0 
60687.0  59753.0 
60688.0  59754.0 
60689.0  59755.0 
60690.0  59756.0 
60691.0  59757.0 
60692.0  59758.0 
60693.0  59759.0 
60694.0  59760.0 
60695.0  59761.0 
60696.0  59762.0 
60697.0  59763.0 
60698.0  59764.0 
60699.0  59765.0 
60700.0  59766.0 
60701.0  59767.0 
60702.0  59768.0 
60703.0  59769.0 
60704.0  59770.0 
60705.0  59771.0 
60706.0  59772.0 
60707.0  59773.0 
60708.0  59774.0 
60709.0  59775.0 
60710.0  59776.0 
60711.0  59777.0 
60712.0  59778.0 
60713.0  59779.0 
60714.0  59780.0 
60715.0  59781.0 
60716.0  59782.0 
60717.0  59783.0 
60718.0  59784.0 
60719.0  59785.0 
60720.0  59786.0 
60721.0  59787.0 
60722.0  59788.0 
60723.0  59789.0 
60724.0  59790.0 
60725.0  59791.0 
60726.0  59792.0 
60727.0  59793.0 
60728.0  59794.0 
60729.0  59795.0 
60730.0  59796.0 
60731.0  59797.0 
60732.0  59798.0 
60733.0  59799.0 
60734.0  59800.0 
60735.0  59801.0 
60736.0  59802.0 
60737.0  59803.0 
60738.0  59804.0 
60739.0  59805.0 
60740.0  59806.0 
60770.1  59399.0 
60770.1  58931.0 
60770.1  59400.0 
60770.1  59401.0 
60770.1  58934.0 
60770.1  59402.0 
60770.1  58932.0 
60770.1  59403.0 
60770.1  58935.0 
60770.1  58937.0 
60770.1  60783.0 
60770.1  58940.0 
60770.1  59345.3 
60771.0  58899.0 
60772.1  60784.1 
60773.1  60785.1 
60774.1  60786.1 
60775.1  60787.0 
60775.1  58931.0 
60775.1  58934.0 
60775.1  60788.3 
60777.0  59842.0 
60778.1  60789.0 
60780.1  60790.0 
60782.1  60791.0 
60784.1  59842.0 
60784.1  58931.0 
60784.1  58934.0 
60784.1  58940.0 
60784.1  58946.0 
60784.1  60793.1 
60785.1  60794.0 
60785.1  58931.0 
60785.1  58934.0 
60785.1  58940.0 
60785.1  60795.15 
60786.1  60794.0 
60786.1  58931.0 
60786.1  58934.0 
60786.1  58940.0 
60786.1  60796.15 
60787.0  58915.0 
60788.3  59345.3 
60793.1  60797.0 
60794.0  58922.0 
60795.14  58923.14 
60795.15  60798.1 
60795.16  60340.1 
60796.14  58924.14 
60796.15  60798.2 
60796.16  60340.2 
60798.3  59406.3 
59862.0  59863.0 
59863.0  59876.0 
59882.0  59883.0 
59883.0  60311.0 
60311.0  60321.0 
60317.0  59876.0 
60318.0  60340.0 
60319.0  60340.0 
60320.0  60344.0 
60321.0  59876.0 
60328.0  59883.0 
60329.0  59883.0 
60330.0  60355.0 
60340.0  60359.0 
60344.0  59882.0 
60348.0  60311.0 
60349.0  60311.0 
60350.0  60311.0 
60351.0  60311.0 
60352.0  60311.0 
60355.0  59883.0 
60357.0  60368.0 
60358.0  60371.0 
60359.0  59876.0 
60366.0  60344.0 
60368.0  60770.0 
60374.0  60340.0 
60375.0  60776.0 
60376.0  60779.0 
60377.0  60781.0 
60770.0  60371.0 
60775.0  60368.0 
60776.0  60340.0 
60779.0  60340.0 
60781.0  60340.0 
60784.0  60792.0 
60785.0  60368.0 
60786.0  60368.0 
60789.0  60776.0 
60790.0  60779.0 
60791.0  60781.0 
60792.0  60368.0 
60797.0  60792.0 
59881.1  59882.10 
60799.1  59882.10 
60800.1  59882.10 
