52631.1  52633.0 
52631.1  52634.0 
52631.1  52635.0 
52631.1  52636.0 
52631.1  52637.0 
52631.1  52638.0 
52631.1  52639.0 
52631.1  52640.0 
52631.1  52641.0 
52631.1  52642.0 
52631.1  52643.0 
52631.1  52644.0 
52632.1  52646.0 
52632.1  52634.0 
52632.1  52637.0 
52633.0  52613.0 
52634.0  52614.0 
52635.0  52615.0 
52636.0  52616.0 
52637.0  52617.0 
52638.0  52618.0 
52639.0  52619.0 
52640.0  52620.0 
52643.0  52623.0 
52644.0  27376.0 
52645.1  52634.0 
52645.1  52647.0 
52645.1  52638.0 
52645.1  52637.0 
52645.1  52643.0 
52645.1  52648.0 
52645.1  52649.0 
52646.0  52626.0 
52647.0  52627.0 
52648.0  52628.0 
52649.0  52629.0 
52630.1  52631.1 
52631.0  52632.0 
52632.0  52645.0 
