1 54.25
2 53.625
3 1.75
4 1.75
5 1.75
6 1.75
7 67.375
8 66.75
9 67.375
10 1.75
11 26.75
12 26.125
13 1.75
14 54.25
15 1.75
16 1.75
17 3
18 2.375
19 1.75
20 1.75
21 1.75
22 1.75
23 54.25
24 54.25
25 1.75
26 1.75
27 3.625
28 3
29 1.75
30 54.25
31 26.75
32 1.75
33 54.25
34 16.125
35 13.625
36 1.75
37 1.75
38 1.75
39 1.75
40 54.25
41 54.25
42 1.75
43 1.75
44 1.75
45 1.75
46 1.75
47 3
48 54.25
49 2.375
50 1.75
51 1.75
52 1.75
53 54.25
54 3.625
55 3.625
56 1.75
57 1.75
58 1.75
59 1.75
60 26.75
61 1.75
62 1.75
63 1.75
64 1.75
65 3.625
66 3
67 4.25
68 1.75
69 2.375
70 1.75
71 54.25
72 1.75
73 1.75
74 54.25
75 54.25
76 1.75
77 1.75
78 54.25
79 1.75
80 54.25
81 1.75
82 1.75
83 1.75
84 54.25
85 54.25
86 1.75
87 26.75
88 1.75
89 1.75
90 1.75
91 1.75
92 1.75
93 1.75
94 54.25
95 1.75
96 26.75
97 1.75
98 1.75
99 4.25
100 1.75
101 3
102 6.75
103 3.625
104 3.625
105 1.75
106 1.75
107 54.25
108 3
109 1.75
110 1.75
111 1.75
112 26.75
113 1.75
114 1.75
115 1.75
116 1.75
117 1.75
118 1.75
119 1.75
120 1.75
121 3
122 1.75
123 54.25
124 54.25
125 54.25
126 1.75
127 1.75
128 1.75
129 1.75
130 26.75
131 1.75
132 54.25
133 1.75
134 67.375
135 67.375
136 1.75
137 1.75
138 1.75
139 1.75
140 1.75
141 1.75
142 1.75
143 1.75
144 1.75
145 1.75
146 1.75
147 1.75
148 1.75
149 1.75
150 1.75
151 1.75
152 1.75
153 1.75
154 1.75
155 1.75
156 1.75
157 1.75
158 1.75
159 1.75
160 1.75
161 1.75
162 1.75
163 1.75
164 1.75
165 1.75
166 1.75
167 1.75
168 1.75
169 1.75
170 1.75
171 1.75
172 1.75
173 1.75
174 1.75
175 1.75
176 1.75
177 1.75
178 1.75
179 1.75
180 1.75
181 1.75
182 1.75
183 1.75
184 54.25
185 1.75
186 1.75
187 54.25
188 1.75
189 1.75
190 1.75
191 1.75
192 1.75
193 1.75
194 1.75
195 1.75
196 1.75
197 1.75
198 1.75
199 1.75
200 1.75
201 1.75
202 1.75
203 1.75
204 1.75
205 1.75
206 54.25
207 54.25
208 54.25
209 67.375
210 1.75
211 54.25
212 54.25
213 54.25
214 1.75
215 67.375
216 54.25
217 54.25
218 1.75
219 1.75
220 1.75
221 1.75
222 1.75
223 67.375
224 1.75
225 1.75
226 1.75
227 1.75
228 1.75
229 1.75
230 1.75
231 1.75
232 1.75
233 1.75
234 1.75
235 1.75
236 1.75
237 1.75
238 1.75
239 1.75
240 1.75
241 1.75
242 54.25
243 54.25
244 2.375
245 1.75
246 1.75
247 54.25
248 1.75
249 54.25
250 156.75
251 54.25
252 1.75
253 1.75
254 1.75
255 1.75
256 1.75
257 2.375
258 67.375
259 2.375
260 67.375
261 67.375
262 54.25
263 54.25
264 54.25
265 54.25
266 2.375
267 1.75
268 54.25
269 54.25
270 4.875
271 3.625
272 3.625
273 54.25
274 54.25
275 26.75
276 1.75
277 1.75
278 1.75
279 2.375
280 1.75
281 54.25
282 1.75
283 57.375
284 54.25
285 54.25
286 26.75
287 3
288 1.125
