250 250
7 7
9 9
134 134
135 135
209 209
215 215
223 223
258 258
260 260
261 261
8 261
283 283
1 250
14 14
23 23
24 24
30 30
33 33
40 40
41 41
48 48
53 53
71 71
74 74
75 75
78 78
80 80
84 84
85 85
94 94
107 107
123 123
124 124
125 125
132 132
184 184
187 187
206 206
207 207
208 208
211 211
212 212
213 213
216 216
217 217
242 242
243 243
247 247
249 249
251 251
262 262
263 263
264 264
265 265
268 268
269 269
273 273
274 274
281 281
284 284
285 285
2 285
11 11
31 31
60 60
87 87
96 96
112 112
130 130
275 275
286 286
12 286
3 250
4 250
6 250
10 250
15 250
21 250
22 250
26 250
29 250
39 250
44 250
51 250
52 250
56 250
61 250
62 250
63 250
72 250
76 250
77 250
82 250
83 250
86 250
88 250
92 250
97 250
98 250
111 250
113 250
117 250
118 250
122 250
126 250
128 250
129 250
133 250
136 250
137 250
138 250
139 250
140 250
141 250
142 250
143 250
144 250
145 250
146 250
147 250
148 250
149 250
150 250
151 250
153 250
154 250
155 250
156 250
157 250
159 250
160 250
161 250
163 250
164 250
165 250
166 250
167 250
168 250
169 250
170 250
171 250
172 250
173 250
174 250
175 250
176 250
177 250
178 250
179 250
180 250
182 250
16 261
19 261
25 261
57 261
64 261
89 261
93 261
186 261
205 261
210 261
214 261
219 261
220 261
222 261
248 261
252 261
253 261
254 261
255 261
256 261
18 283
28 283
152 285
181 285
5 285
158 285
162 285
183 285
13 286
20 286
32 286
45 286
46 286
58 286
59 286
73 286
81 286
90 286
95 286
114 286
115 286
116 286
120 286
127 286
131 286
185 286
188 286
218 286
221 286
224 286
226 286
228 286
233 286
234 286
236 286
238 286
240 286
225 286
227 286
229 286
230 286
231 286
232 286
235 286
237 286
239 286
241 286
259 250
17 283
42 283
47 283
121 283
287 283
43 283
27 283
54 283
55 283
79 283
91 283
272 283
119 283
34 34
35 34
102 102
270 270
67 67
99 99
65 65
103 102
104 270
271 271
36 34
37 34
38 34
70 34
189 34
190 34
191 34
192 34
193 34
194 34
195 34
196 34
197 34
198 34
199 34
200 34
201 34
202 34
203 34
204 34
100 270
66 67
68 67
101 99
276 270
277 270
278 270
69 271
257 34
288 34
246 67
282 99
108 108
109 108
110 108
