2  1
2  3
4  4
5  4
2  6
8  7
8  9
2  10
12  11
12  13
2  14
2  15
8  16
18  17
8  19
12  20
2  21
2  22
2  23
2  24
8  25
2  26
28  27
2  29
2  30
12  31
12  32
2  33
35  34
36  34
37  34
38  34
2  39
2  40
2  41
42  18
43  18
18  18
2  44
12  45
12  46
18  47
2  48
50  49
2  51
2  52
2  53
28  54
28  55
2  56
8  57
12  58
12  59
12  60
2  61
2  62
2  63
8  64
66  65
66  67
68  67
70  69
2  71
2  72
12  73
2  74
2  75
2  76
2  77
2  78
28  79
2  80
12  81
2  82
2  83
2  84
2  85
2  86
12  87
2  88
8  89
12  90
28  91
2  92
8  93
2  94
12  95
12  96
2  97
2  98
100  99
101  99
103  102
104  102
105  105
106  105
2  107
109  108
110  108
2  111
12  112
2  113
12  114
12  115
12  116
2  117
2  118
28  28
79  28
91  28
119  28
12  120
18  121
2  122
2  123
2  124
2  125
2  126
12  127
2  128
2  129
12  130
12  131
2  132
2  133
8  134
66  68
8  135
2  136
137  2
138  2
61  2
52  2
117  2
15  2
76  2
139  2
140  2
26  2
141  2
142  2
143  2
111  2
144  2
145  2
133  2
146  2
147  2
86  2
3  2
148  2
149  2
1  2
98  2
150  2
151  2
63  2
126  2
152  2
97  2
22  2
153  2
154  2
155  2
156  2
51  2
157  2
83  2
158  2
159  2
6  2
160  2
122  2
5  2
10  2
129  2
128  2
161  2
162  2
82  2
21  2
163  2
164  2
136  2
44  2
165  2
166  2
56  2
167  2
2  2
168  2
169  2
170  2
171  2
113  2
172  2
88  2
29  2
173  2
77  2
174  2
175  2
62  2
176  2
92  2
177  2
178  2
179  2
118  2
180  2
181  2
39  2
182  2
183  2
72  2
2  184
12  185
8  186
2  187
12  188
189  35
190  35
191  35
192  35
193  35
38  35
35  35
194  35
195  35
196  35
197  35
198  35
37  35
199  35
200  35
201  35
202  35
70  35
203  35
204  35
36  35
8  205
2  177
2  206
2  207
2  208
8  209
2  146
2  141
8  210
2  211
2  139
2  155
2  152
2  212
2  170
2  154
2  153
2  137
2  213
8  214
8  215
2  169
2  216
2  145
2  140
2  217
12  218
8  219
2  163
8  220
12  221
2  180
8  222
2  149
2  182
8  223
2  164
224  12
225  12
226  12
227  12
228  12
229  12
230  12
114  12
73  12
231  12
232  12
95  12
221  12
233  12
115  12
218  12
116  12
90  12
11  12
131  12
120  12
13  12
59  12
32  12
234  12
20  12
235  12
236  12
237  12
188  12
46  12
238  12
58  12
239  12
185  12
240  12
81  12
45  12
241  12
127  12
2  242
2  150
2  173
2  159
12  226
2  243
245  244
246  66
65  66
68  66
2  176
2  247
8  248
2  249
12  240
177  250
122  250
179  250
118  250
10  250
180  250
129  250
137  250
128  250
138  250
61  250
52  250
117  250
15  250
76  250
139  250
161  250
140  250
26  250
141  250
143  250
142  250
111  250
133  250
145  250
144  250
146  250
147  250
148  250
3  250
86  250
149  250
4  250
1  250
98  250
150  250
151  250
126  250
63  250
44  250
22  250
154  250
156  250
155  250
51  250
157  250
83  250
159  250
6  250
160  250
82  250
21  250
163  250
164  250
136  250
153  250
165  250
166  250
56  250
167  250
2  250
168  250
169  250
170  250
171  250
113  250
88  250
172  250
29  250
173  250
77  250
174  250
175  250
176  250
62  250
92  250
178  250
39  250
182  250
72  250
97  250
12  236
2  251
7  8
210  8
222  8
252  8
25  8
253  8
248  8
220  8
214  8
254  8
16  8
2  8
205  8
255  8
219  8
256  8
19  8
57  8
89  8
93  8
186  8
64  8
70  257
2  147
8  258
4  259
2  148
8  260
8  261
12  234
2  262
12  228
2  143
2  144
2  263
2  181
2  264
2  265
2  157
2  151
267  266
2  268
2  269
100  270
104  270
69  271
70  271
28  272
2  166
2  179
2  142
2  174
2  171
103  103
104  103
2  273
2  168
2  274
12  275
12  233
2  167
2  160
2  172
276  104
103  104
100  104
277  104
278  104
104  104
280  279
2  281
2  156
282  101
100  101
28  283
2  283
18  283
2  284
18  42
12  238
2  138
2  285
12  224
12  286
18  287
70  288