52611.1  52613.0 
52611.1  52614.0 
52611.1  52615.0 
52611.1  52616.0 
52611.1  52617.0 
52611.1  52618.0 
52611.1  52619.0 
52611.1  52620.0 
52611.1  52621.0 
52611.1  52622.0 
52611.1  52623.0 
52611.1  52624.0 
52612.1  52626.0 
52612.1  52614.0 
52612.1  52617.0 
52613.0  52594.0 
52614.0  52595.0 
52615.0  52596.0 
52616.0  52597.0 
52617.0  52598.0 
52618.0  52599.0 
52619.0  52600.0 
52620.0  52601.0 
52623.0  52604.0 
52624.0  26319.0 
52625.1  52614.0 
52625.1  52627.0 
52625.1  52618.0 
52625.1  52617.0 
52625.1  52623.0 
52625.1  52628.0 
52625.1  52629.0 
52626.0  52607.0 
52627.0  52608.0 
52628.0  52609.0 
52629.0  52610.0 
26305.2  52611.1 
52611.0  52612.0 
52612.0  52625.0 
