53799.1  53801.0 
53799.1  53802.0 
53799.1  53803.0 
53799.1  53804.0 
53799.1  53805.0 
53799.1  53806.0 
53799.1  53807.0 
53799.1  53808.0 
53799.1  53809.0 
53799.1  53810.0 
53799.1  53811.0 
53799.1  53812.0 
53800.1  53814.0 
53800.1  53802.0 
53800.1  53805.0 
53801.0  53773.0 
53802.0  53774.0 
53803.0  53775.0 
53804.0  53776.0 
53805.0  53777.0 
53806.0  53778.0 
53807.0  53779.0 
53808.0  53780.0 
53811.0  53783.0 
53812.0  53318.0 
53813.1  53802.0 
53813.1  53815.0 
53813.1  53806.0 
53813.1  53805.0 
53813.1  53811.0 
53813.1  53816.0 
53813.1  53817.0 
53814.0  53786.0 
53815.0  53787.0 
53816.0  53788.0 
53817.0  53789.0 
53798.1  53799.1 
53819.1  53801.0 
53819.1  53802.0 
53819.1  53803.0 
53819.1  53804.0 
53819.1  53805.0 
53819.1  53806.0 
53819.1  53807.0 
53819.1  53808.0 
53819.1  53821.0 
53819.1  53822.0 
53819.1  53811.0 
53819.1  53823.0 
53820.1  53814.0 
53820.1  53802.0 
53820.1  53805.0 
53823.0  53538.0 
53818.1  53819.1 
53825.5  53797.5 
53799.0  53800.0 
53800.0  53813.0 
53819.0  53820.0 
53820.0  53813.0 
53824.1  53825.5 
