6370.1  6372.0 
6370.1  6373.0 
6370.1  6374.0 
6370.1  6375.0 
6370.1  6376.0 
6370.1  6377.0 
6370.1  6378.0 
6370.1  6379.0 
6370.1  6380.0 
6370.1  6381.0 
6370.1  6382.0 
6370.1  6383.0 
6370.1  6384.0 
6370.1  6385.0 
6370.1  6386.0 
6370.1  6387.0 
6370.1  6388.0 
6370.1  6389.0 
6370.1  6390.0 
6370.1  6391.0 
6370.1  6392.0 
6370.1  6393.0 
6370.1  6394.0 
6370.1  6395.0 
6370.1  6396.0 
6370.1  6397.0 
6370.1  6398.0 
6370.1  6399.0 
6370.1  6400.0 
6370.1  6401.0 
6370.1  6402.0 
6370.1  6403.0 
6370.1  6404.0 
6370.1  6405.0 
6370.1  6406.0 
6370.1  6407.0 
6370.1  6408.0 
6370.1  6409.0 
6370.1  6410.0 
6370.1  6411.0 
6370.1  6412.0 
6370.1  6413.0 
6370.1  6414.0 
6370.1  6415.0 
6370.1  6416.0 
6370.1  6417.0 
6370.1  6418.0 
6370.1  6419.0 
6370.1  6420.0 
6370.1  6421.0 
6370.1  6422.0 
6370.1  6423.0 
6370.1  6424.0 
6370.1  6425.0 
6370.1  6426.0 
6370.1  6427.0 
6370.1  6428.0 
6370.1  6429.0 
6370.1  6430.0 
6370.1  6431.0 
6370.1  6432.0 
6370.1  6433.0 
6370.1  6434.0 
6370.1  6435.0 
6370.1  6436.0 
6370.1  6437.0 
6370.1  6438.0 
6370.1  6439.0 
6370.1  6440.0 
6370.1  6441.0 
6370.1  6442.0 
6370.1  6443.0 
6370.1  6444.0 
6370.1  6445.0 
6370.1  6446.0 
6370.1  6447.0 
6370.1  6448.0 
6370.1  6449.0 
6370.1  6450.0 
6370.1  6451.0 
6370.1  6452.0 
6370.1  6453.0 
6370.1  6454.0 
6370.1  6455.0 
6370.1  6456.0 
6370.1  6457.0 
6370.1  6458.0 
6370.1  6459.0 
6370.1  6460.0 
6370.1  6461.0 
6370.1  6462.0 
6370.1  6463.0 
6370.1  6464.0 
6370.1  6465.0 
6370.1  6466.0 
6370.1  6467.0 
6370.1  6468.0 
6370.1  6469.0 
6370.1  6470.0 
6370.1  6471.0 
6370.1  6472.0 
6370.1  6473.0 
6370.1  6474.0 
6370.1  6475.0 
6370.1  6476.0 
6370.1  6477.0 
6370.1  6478.0 
6370.1  6479.0 
6370.1  6480.0 
6370.1  6481.0 
6370.1  6482.0 
6370.1  6483.0 
6370.1  6484.0 
6370.1  6485.0 
6370.1  6486.0 
6370.1  6487.0 
6370.1  6488.0 
6370.1  6489.0 
6370.1  6490.0 
6370.1  6491.0 
6370.1  6492.0 
6370.1  6493.0 
6370.1  6494.0 
6370.1  6495.0 
6370.1  6496.0 
6370.1  6497.0 
6370.1  6498.0 
6370.1  6499.0 
6370.1  6500.0 
6370.1  6501.0 
6370.1  6502.0 
6370.1  6503.0 
6370.1  6504.0 
6370.1  6505.0 
6370.1  6506.0 
6370.1  6507.0 
6370.1  6508.0 
6370.1  6509.0 
6370.1  6510.0 
6370.1  6511.0 
6370.1  6512.0 
6370.1  6513.0 
6370.1  6514.0 
6370.1  6515.0 
6370.1  6516.0 
6370.1  6517.0 
6370.1  6518.0 
6370.1  6519.0 
6370.1  6520.0 
6370.1  6521.0 
6370.1  6522.0 
6370.1  6523.0 
6370.1  6524.0 
6370.1  6525.0 
6370.1  6526.0 
6370.1  6527.0 
6370.1  6528.0 
6370.1  6529.0 
6370.1  6530.0 
6370.1  6531.0 
6370.1  6532.0 
6370.1  6533.0 
6370.1  6534.0 
6370.1  6535.0 
6370.1  6536.0 
6370.1  6537.0 
6370.1  6538.0 
6370.1  6539.0 
6370.1  6540.0 
6370.1  6541.1 
6370.1  6542.0 
6370.1  6543.0 
6370.1  6544.0 
6370.1  6545.0 
6370.1  6546.0 
6370.1  6547.0 
6370.2  6548.0 
6370.2  6549.0 
6370.2  6550.0 
6370.2  6551.0 
6370.2  6552.0 
6370.2  6553.0 
6370.2  6554.0 
6370.2  6555.0 
6370.2  6556.0 
6370.2  6557.0 
6370.2  6558.0 
6370.2  6559.0 
6370.2  6560.0 
6370.2  6561.0 
6370.2  6562.0 
6370.2  6563.0 
6370.2  6564.0 
6370.2  6565.0 
6370.2  6566.0 
6370.2  6567.0 
6370.2  6568.0 
6370.2  6569.0 
6370.2  6570.0 
6370.2  6571.0 
6370.2  6572.0 
6370.2  6573.0 
6370.2  6574.0 
6370.2  6575.0 
6370.2  6576.0 
6370.2  6577.0 
6370.2  6578.0 
6370.2  6579.0 
6370.2  6580.0 
6370.2  6581.0 
6370.2  6582.0 
6370.2  6583.0 
6370.2  6584.0 
6370.2  6585.0 
6370.2  6586.0 
6370.2  6587.0 
6370.2  6588.0 
6370.2  6589.0 
6370.2  6590.0 
6370.2  6591.0 
6370.2  6592.0 
6370.2  6593.0 
6370.2  6594.0 
6370.2  6595.0 
6370.2  6596.0 
6370.2  6597.0 
6370.2  6598.0 
6370.2  6599.0 
6370.2  6600.0 
6370.2  6601.0 
6370.2  6602.0 
6370.2  6603.0 
6370.2  6604.0 
6370.2  6605.0 
6370.2  6606.0 
6370.2  6607.0 
6370.2  6608.0 
6370.2  6609.0 
6370.2  6610.0 
6370.2  6611.0 
6370.2  6612.0 
6370.2  6613.0 
6370.2  6614.0 
6370.2  6615.0 
6370.2  6616.0 
6370.2  6617.0 
6370.2  6618.0 
6370.2  6619.0 
6370.2  6620.0 
6370.2  6621.0 
6370.2  6622.0 
6370.2  6623.0 
6370.2  6624.0 
6370.2  6625.0 
6370.2  6626.0 
6370.2  6627.0 
6370.2  6628.0 
6370.2  6629.0 
6370.2  6630.0 
6370.2  6631.0 
6370.2  6632.0 
6370.2  6633.0 
6370.2  6634.0 
6370.2  6635.0 
6370.2  6636.0 
6370.2  6637.0 
6370.2  6638.0 
6370.2  6639.0 
6370.2  6640.0 
6370.2  6641.0 
6370.2  6642.0 
6370.2  6643.0 
6370.2  6644.0 
6370.2  6645.0 
6370.2  6646.0 
6370.2  6647.0 
6370.2  6648.0 
6370.2  6649.0 
6370.2  6650.0 
6370.2  6651.0 
6370.2  6652.0 
6370.2  6653.0 
6370.2  6654.0 
6370.2  6655.0 
6370.2  6656.0 
6370.2  6657.0 
6370.2  6658.0 
6370.2  6659.0 
6370.2  6660.0 
6370.2  6661.0 
6370.2  6662.0 
6370.2  6663.0 
6370.2  6664.0 
6370.2  6665.0 
6370.2  6666.0 
6370.2  6667.0 
6370.2  6668.0 
6370.2  6669.0 
6370.2  6670.0 
6370.2  6671.0 
6370.2  6672.0 
6370.2  6673.0 
6370.2  6674.0 
6370.2  6675.0 
6370.2  6676.0 
6370.2  6677.0 
6370.2  6678.0 
6370.2  6679.0 
6370.2  6680.0 
6370.2  6681.0 
6370.2  6682.0 
6370.2  6683.0 
6370.2  6684.0 
6370.2  6685.0 
6370.2  6686.0 
6370.2  6687.0 
6370.2  6688.0 
6370.2  6689.0 
6370.2  6690.0 
6370.2  6691.0 
6370.2  6692.0 
6370.2  6693.0 
6370.2  6694.0 
6370.2  6695.0 
6370.2  6696.0 
6370.2  6697.0 
6370.2  6698.0 
6370.2  6699.0 
6370.2  6700.0 
6370.2  6701.0 
6370.2  6702.0 
6370.2  6703.0 
6370.2  6704.0 
6370.2  6705.0 
6370.2  6706.0 
6370.2  6707.0 
6370.2  6708.1 
6370.2  6709.0 
6370.2  6710.0 
6370.2  6711.0 
6370.2  6712.0 
6370.2  6713.0 
6370.2  6714.0 
6370.2  6715.0 
6370.2  6716.0 
6370.2  6717.0 
6370.2  6718.0 
6370.2  6719.0 
6370.2  6720.0 
6370.2  6721.0 
6370.2  6722.0 
6370.2  6723.4 
6370.2  6724.4 
6370.2  6725.0 
6370.2  6726.0 
6370.2  6727.0 
6370.2  6728.0 
6370.2  6729.0 
6370.2  6730.0 
6370.2  6731.0 
6370.2  6732.0 
6370.2  6733.0 
6370.2  6734.0 
6370.2  6735.0 
6370.2  6736.0 
6370.2  6737.0 
6370.3  6738.0 
6370.3  6739.0 
6370.3  6740.0 
6370.3  6741.0 
6370.3  6742.0 
6370.3  6743.0 
6370.3  6744.0 
6370.3  6745.0 
6370.3  6746.2 
6370.3  6747.0 
6370.3  6748.0 
6370.3  6749.0 
6370.3  6750.0 
6370.3  6751.0 
6370.3  6752.0 
6370.4  6753.0 
6370.4  6754.0 
6370.4  6755.0 
6370.4  6756.0 
6370.4  6757.0 
6370.4  6758.0 
6370.4  6759.0 
6370.4  6760.0 
6370.4  6761.0 
6370.4  6762.1 
6370.4  6763.0 
6370.4  6764.8 
6370.4  6765.8 
6370.4  6766.0 
6370.4  6767.0 
6370.5  6768.0 
6370.5  6769.0 
6370.5  6770.0 
6370.5  6771.0 
6370.5  6772.0 
6370.6  81.1 
6370.7  6773.0 
6370.7  6774.0 
6370.7  6775.0 
6370.7  6776.0 
6370.7  6777.0 
6370.7  6778.0 
6370.7  6779.0 
6370.7  6780.0 
6370.7  6781.0 
6370.7  6782.3 
6370.7  6783.0 
6370.7  6784.0 
6370.7  6785.0 
6370.7  6786.0 
6370.7  6787.0 
6370.7  6788.0 
6370.7  6789.0 
6370.7  6790.0 
6370.7  6791.4 
6370.7  6792.0 
6370.7  6793.0 
6370.8  6794.0 
6370.8  6795.0 
6370.8  6796.11 
6370.8  6797.0 
6370.8  6798.0 
6370.8  6799.1 
6370.8  6800.0 
6370.8  6801.0 
6370.8  6802.0 
6370.8  6803.0 
6370.8  6804.0 
6370.9  6805.0 
6370.9  6806.0 
6370.9  6807.0 
6370.9  6746.6 
6370.10  6808.0 
6371.1  6810.0 
6371.1  6376.0 
6371.1  6811.0 
6371.1  6381.0 
6371.1  6397.0 
6371.1  6417.0 
6371.1  6537.0 
6371.1  6422.0 
6371.1  6812.1 
6371.1  6813.1 
6371.1  6814.1 
6372.0  5427.0 
6373.0  5428.0 
6374.0  5429.0 
6375.0  5430.0 
6376.0  5431.0 
6377.0  5432.0 
6378.0  5433.0 
6379.0  5434.0 
6380.0  5435.0 
6381.0  5436.0 
6382.0  5437.0 
6383.0  5438.0 
6384.0  5439.0 
6385.0  5440.0 
6386.0  5441.0 
6387.0  5442.0 
6388.0  5443.0 
6389.0  5444.0 
6390.0  5445.0 
6391.0  5446.0 
6392.0  5447.0 
6393.0  5448.0 
6394.0  5449.0 
6395.0  5450.0 
6396.0  5451.0 
6397.0  5452.0 
6398.0  5453.0 
6399.0  5454.0 
6400.0  5455.0 
6401.0  5456.0 
6402.0  5457.0 
6403.0  5458.0 
6404.0  5459.0 
6405.0  5460.0 
6406.0  5461.0 
6407.0  5462.0 
6408.0  5463.0 
6409.0  5464.0 
6410.0  5465.0 
6411.0  5466.0 
6412.0  5467.0 
6413.0  5468.0 
6414.0  5469.0 
6415.0  5470.0 
6416.0  5471.0 
6417.0  5472.0 
6418.0  5473.0 
6419.0  5474.0 
6420.0  5475.0 
6421.0  5476.0 
6422.0  5477.0 
6423.0  5478.0 
6424.0  5479.0 
6425.0  5480.0 
6426.0  5481.0 
6427.0  5482.0 
6428.0  5483.0 
6429.0  5484.0 
6430.0  5485.0 
6431.0  5486.0 
6432.0  5487.0 
6433.0  5488.0 
6434.0  5489.0 
6435.0  5490.0 
6436.0  5491.0 
6437.0  5492.0 
6438.0  5493.0 
6439.0  5494.0 
6440.0  5495.0 
6441.0  5496.0 
6442.0  5497.0 
6443.0  5498.0 
6444.0  5499.0 
6445.0  5500.0 
6446.0  5501.0 
6447.0  5502.0 
6448.0  5503.0 
6449.0  5504.0 
6450.0  5505.0 
6451.0  5506.0 
6452.0  5507.0 
6453.0  5508.0 
6454.0  5509.0 
6455.0  5510.0 
6456.0  5511.0 
6457.0  5512.0 
6458.0  5513.0 
6459.0  5514.0 
6460.0  5515.0 
6461.0  5516.0 
6462.0  5517.0 
6463.0  5518.0 
6464.0  5519.0 
6465.0  5520.0 
6466.0  5521.0 
6467.0  5522.0 
6468.0  5523.0 
6469.0  5524.0 
6470.0  5525.0 
6471.0  5526.0 
6472.0  5527.0 
6473.0  5528.0 
6474.0  5529.0 
6475.0  5530.0 
6476.0  5531.0 
6477.0  5532.0 
6478.0  5533.0 
6479.0  5534.0 
6480.0  5535.0 
6481.0  5536.0 
6482.0  5537.0 
6483.0  5538.0 
6484.0  5539.0 
6485.0  5540.0 
6486.0  5541.0 
6487.0  5542.0 
6488.0  5543.0 
6489.0  5544.0 
6490.0  5545.0 
6491.0  5546.0 
6492.0  5547.0 
6493.0  5548.0 
6494.0  5549.0 
6495.0  5550.0 
6496.0  5551.0 
6497.0  5552.0 
6498.0  5553.0 
6499.0  5554.0 
6500.0  5555.0 
6501.0  5556.0 
6502.0  5557.0 
6503.0  5558.0 
6504.0  5559.0 
6505.0  5560.0 
6506.0  5561.0 
6507.0  5562.0 
6508.0  5563.0 
6509.0  5564.0 
6510.0  5565.0 
6511.0  5566.0 
6512.0  5567.0 
6513.0  5568.0 
6514.0  5569.0 
6515.0  5570.0 
6516.0  5571.0 
6517.0  5572.0 
6518.0  5573.0 
6519.0  5574.0 
6520.0  5575.0 
6521.0  5576.0 
6522.0  5577.0 
6523.0  5578.0 
6524.0  5579.0 
6525.0  5580.0 
6526.0  5581.0 
6527.0  5582.0 
6528.0  5583.0 
6529.0  5584.0 
6530.0  5585.0 
6531.0  5586.0 
6532.0  5587.0 
6533.0  5588.0 
6534.0  5589.0 
6535.0  5590.0 
6536.0  5591.0 
6537.0  5592.0 
6538.0  5593.0 
6539.0  5594.0 
6540.0  5595.0 
6541.1  6815.15 
6542.0  5597.0 
6543.0  5598.0 
6544.0  5599.0 
6545.0  5600.0 
6546.0  5601.0 
6547.0  5602.0 
6548.0  5603.0 
6549.0  5604.0 
6550.0  5605.0 
6551.0  5606.0 
6552.0  5607.0 
6553.0  5608.0 
6554.0  5609.0 
6555.0  5610.0 
6556.0  5611.0 
6557.0  5612.0 
6558.0  5613.0 
6559.0  5614.0 
6560.0  5615.0 
6561.0  5616.0 
6562.0  5617.0 
6563.0  5618.0 
6564.0  5619.0 
6565.0  5620.0 
6566.0  5621.0 
6567.0  5622.0 
6568.0  5623.0 
6569.0  5624.0 
6570.0  5625.0 
6571.0  5626.0 
6572.0  5627.0 
6573.0  5628.0 
6574.0  5629.0 
6575.0  5630.0 
6576.0  5631.0 
6577.0  5632.0 
6578.0  5633.0 
6579.0  5634.0 
6580.0  5635.0 
6581.0  5636.0 
6582.0  5637.0 
6583.0  5638.0 
6584.0  5639.0 
6585.0  5640.0 
6586.0  5641.0 
6587.0  5642.0 
6588.0  5643.0 
6589.0  5644.0 
6590.0  5645.0 
6591.0  5646.0 
6593.0  5648.0 
6594.0  5649.0 
6595.0  5650.0 
6596.0  5651.0 
6597.0  5652.0 
6598.0  5653.0 
6599.0  5654.0 
6600.0  5655.0 
6601.0  5656.0 
6602.0  5657.0 
6603.0  5658.0 
6604.0  5659.0 
6605.0  5660.0 
6606.0  5661.0 
6607.0  5662.0 
6608.0  5663.0 
6609.0  5664.0 
6610.0  5665.0 
6611.0  5666.0 
6612.0  5667.0 
6613.0  5668.0 
6614.0  5669.0 
6615.0  5670.0 
6616.0  5671.0 
6617.0  5672.0 
6618.0  5673.0 
6619.0  5674.0 
6620.0  5675.0 
6621.0  5676.0 
6622.0  5677.0 
6623.0  5678.0 
6624.0  5679.0 
6625.0  5680.0 
6626.0  5681.0 
6627.0  5682.0 
6628.0  5683.0 
6629.0  5684.0 
6630.0  5685.0 
6631.0  5686.0 
6632.0  5687.0 
6633.0  5688.0 
6634.0  5689.0 
6635.0  5690.0 
6636.0  5691.0 
6637.0  5692.0 
6638.0  5693.0 
6639.0  5694.0 
6640.0  5695.0 
6641.0  5696.0 
6642.0  5697.0 
6643.0  5698.0 
6644.0  5699.0 
6645.0  5700.0 
6646.0  5701.0 
6647.0  5702.0 
6648.0  5703.0 
6649.0  5704.0 
6650.0  5705.0 
6651.0  5706.0 
6652.0  5707.0 
6653.0  5708.0 
6654.0  5709.0 
6655.0  5710.0 
6656.0  5711.0 
6657.0  5712.0 
6658.0  5713.0 
6659.0  5714.0 
6660.0  5715.0 
6661.0  5716.0 
6662.0  5717.0 
6663.0  5718.0 
6664.0  5719.0 
6665.0  5720.0 
6666.0  5721.0 
6667.0  5722.0 
6668.0  5723.0 
6669.0  5724.0 
6670.0  5725.0 
6671.0  5726.0 
6672.0  5727.0 
6673.0  5728.0 
6674.0  5729.0 
6675.0  5730.0 
6676.0  5731.0 
6677.0  5732.0 
6678.0  5733.0 
6679.0  5734.0 
6680.0  5735.0 
6681.0  5736.0 
6682.0  5737.0 
6683.0  5738.0 
6684.0  5739.0 
6685.0  5740.0 
6686.0  5741.0 
6687.0  5742.0 
6688.0  5743.0 
6689.0  5744.0 
6690.0  5745.0 
6691.0  5746.0 
6692.0  5747.0 
6693.0  5748.0 
6694.0  5749.0 
6695.0  5750.0 
6696.0  5751.0 
6697.0  5752.0 
6698.0  5753.0 
6699.0  5754.0 
6700.0  5755.0 
6701.0  5756.0 
6702.0  5757.0 
6703.0  5758.0 
6704.0  5759.0 
6705.0  5760.0 
6706.0  5761.0 
6707.0  5762.0 
6708.1  6815.13 
6709.0  5764.0 
6710.0  5765.0 
6711.0  5766.0 
6712.0  5767.0 
6713.0  5768.0 
6714.0  5769.0 
6715.0  5770.0 
6716.0  5771.0 
6717.0  5772.0 
6718.0  5773.0 
6719.0  5774.0 
6720.0  5775.0 
6721.0  5776.0 
6722.0  5777.0 
6723.4  6815.14 
6723.4  5778.4 
6724.4  6815.14 
6724.4  5779.4 
6725.0  5780.0 
6726.0  5781.0 
6727.0  5782.0 
6728.0  5783.0 
6729.0  5784.0 
6730.0  5785.0 
6731.0  5786.0 
6732.0  5787.0 
6733.0  5788.0 
6734.0  5789.0 
6735.0  5790.0 
6736.0  5791.0 
6737.0  5792.0 
6738.0  5793.0 
6739.0  5794.0 
6740.0  5795.0 
6741.0  5796.0 
6742.0  5797.0 
6743.0  5798.0 
6744.0  5799.0 
6745.0  5800.0 
6746.1  6370.1 
6746.2  6370.2 
6746.3  6370.3 
6746.4  6370.5 
6746.5  6370.6 
6746.6  6370.8 
6746.7  6370.9 
6747.0  5802.0 
6748.0  5803.0 
6749.0  5804.0 
6750.0  5805.0 
6751.0  5806.0 
6752.0  5807.0 
6753.0  5808.0 
6754.0  5809.0 
6755.0  5810.0 
6756.0  5811.0 
6757.0  5812.0 
6758.0  5813.0 
6759.0  5814.0 
6760.0  5815.0 
6761.0  5816.0 
6762.1  6815.15 
6763.0  5818.0 
6764.8  6815.15 
6764.8  5819.8 
6764.9  6370.4 
6765.8  6815.15 
6765.8  5820.8 
6765.9  6370.4 
6766.0  5821.0 
6767.0  5822.0 
6768.0  5823.0 
6769.0  5824.0 
6770.0  5825.0 
6771.0  5826.0 
6772.0  5827.0 
6773.0  5828.0 
6774.0  5829.0 
6775.0  5830.0 
6776.0  5831.0 
6777.0  5832.0 
6778.0  5833.0 
6779.0  5834.0 
6780.0  5835.0 
6781.0  5836.0 
6782.1  6816.1 
6782.2  6817.1 
6782.3  6818.1 
6783.0  5838.0 
6784.0  5839.0 
6785.0  5840.0 
6786.0  5841.0 
6787.0  5842.0 
6788.0  5843.0 
6789.0  5844.0 
6790.0  5845.0 
6791.4  5846.4 
6791.5  6370.7 
6792.0  5847.0 
6793.0  5848.0 
6794.0  5849.0 
6795.0  5850.0 
6796.10  6815.12 
6796.11  6815.14 
6796.11  5851.11 
6797.0  5852.0 
6799.1  6819.1 
6800.0  5855.0 
6801.0  5856.0 
6803.0  5858.0 
6804.0  5859.0 
6805.0  5860.0 
6806.0  5861.0 
6807.0  5862.0 
6808.0  5864.0 
6809.1  6821.0 
6809.1  6376.0 
6809.1  6811.0 
6809.1  6381.0 
6809.1  6397.0 
6809.1  6417.0 
6809.1  6537.0 
6809.1  6422.0 
6809.1  6822.1 
6809.1  6823.1 
6809.1  6824.1 
6809.1  6825.1 
6809.1  6826.1 
6810.0  5866.0 
6811.0  5867.0 
6812.1  6827.1 
6813.1  6828.1 
6814.1  6829.1 
6815.12  5886.0 
6815.13  5888.0 
6815.14  5851.10 
6815.15  6830.1 
6815.16  5801.10 
6815.16  5425.16 
6816.1  6832.0 
6816.1  6376.0 
6816.1  6833.0 
6816.1  6834.0 
6816.1  6397.0 
6816.1  6835.0 
6816.1  6579.0 
6816.1  6836.0 
6816.1  6381.0 
6816.1  6591.0 
6816.1  6837.0 
6816.1  6417.0 
6816.1  6838.2 
6817.1  6840.0 
6817.1  6376.0 
6817.1  6833.0 
6817.1  6834.0 
6817.1  6579.0 
6817.1  6397.0 
6817.1  6835.0 
6817.1  6381.0 
6817.1  6836.0 
6817.1  6591.0 
6817.1  6841.0 
6817.1  6417.0 
6817.1  6782.1 
6818.1  6842.0 
6818.1  6376.0 
6818.1  6397.0 
6818.1  6782.2 
6819.1  6844.0 
6819.1  6376.0 
6819.1  6845.0 
6819.1  6397.0 
6819.1  6417.0 
6819.1  6422.0 
6819.1  6416.0 
6819.1  6846.1 
6819.1  6846.2 
6819.1  6846.3 
6819.1  6846.4 
6819.1  6846.5 
6819.1  6846.6 
6819.1  6846.7 
6820.1  6847.0 
6820.1  6376.0 
6820.1  6397.0 
6821.0  5877.0 
6822.1  6848.1 
6823.1  6849.1 
6824.1  6850.1 
6825.1  6851.1 
6826.1  6852.1 
6827.1  6853.0 
6827.1  6376.0 
6827.1  6397.0 
6827.1  6417.0 
6828.1  6854.0 
6828.1  6376.0 
6828.1  6397.0 
6828.1  6417.0 
6829.1  6856.0 
6829.1  6376.0 
6829.1  6397.0 
6830.1  6815.12 
6831.1  6376.0 
6831.1  6811.0 
6831.1  6381.0 
6831.1  6397.0 
6831.1  6417.0 
6831.1  6537.0 
6831.1  6422.0 
6832.0  5891.0 
6833.0  5892.0 
6834.0  5893.0 
6835.0  5894.0 
6836.0  5895.0 
6838.1  6857.1 
6838.2  6858.1 
6839.1  6860.0 
6839.1  6376.0 
6839.1  6811.0 
6839.1  6381.0 
6839.1  6397.0 
6839.1  6417.0 
6839.1  6537.0 
6839.1  6422.0 
6839.1  6423.0 
6839.1  6424.0 
6839.1  6425.0 
6839.1  6861.1 
6839.1  6862.1 
6839.2  6863.1 
6839.3  6864.1 
6840.0  5899.0 
6842.0  5901.0 
6843.1  6865.0 
6843.1  6376.0 
6843.1  6811.0 
6843.1  6381.0 
6843.1  6397.0 
6843.1  6417.0 
6843.1  6537.0 
6843.1  6422.0 
6844.0  5903.0 
6845.0  5904.0 
6846.1  6866.1 
6846.2  6866.2 
6846.3  6866.3 
6846.4  6866.4 
6846.5  6866.5 
6846.6  6866.6 
6846.7  6866.7 
6847.0  5906.0 
6848.1  6854.0 
6848.1  6376.0 
6848.1  6397.0 
6848.1  6417.0 
6849.1  6853.0 
6849.1  6376.0 
6849.1  6397.0 
6849.1  6417.0 
6850.1  6867.0 
6850.1  6376.0 
6850.1  6397.0 
6850.1  6417.0 
6851.1  6867.0 
6851.1  6376.0 
6851.1  6397.0 
6851.1  6417.0 
6852.1  6867.0 
6852.1  6376.0 
6852.1  6397.0 
6852.1  6417.0 
6853.0  5912.0 
6854.0  5913.0 
6856.0  5915.0 
6857.1  6832.0 
6857.1  6376.0 
6857.1  6833.0 
6857.1  6834.0 
6857.1  6397.0 
6857.1  6835.0 
6857.1  6579.0 
6857.1  6836.0 
6857.1  6381.0 
6857.1  6591.0 
6857.1  6869.0 
6857.1  6417.0 
6857.1  6870.1 
6858.1  6840.0 
6858.1  6376.0 
6858.1  6833.0 
6858.1  6834.0 
6858.1  6579.0 
6858.1  6397.0 
6858.1  6835.0 
6858.1  6381.0 
6858.1  6836.0 
6858.1  6591.0 
6858.1  6872.0 
6858.1  6417.0 
6858.1  6838.1 
6859.1  6840.0 
6859.1  6376.0 
6859.1  6833.0 
6859.1  6834.0 
6859.1  6579.0 
6859.1  6397.0 
6859.1  6835.0 
6859.1  6381.0 
6859.1  6836.0 
6859.1  6591.0 
6859.1  6873.0 
6859.1  6417.0 
6860.0  5919.0 
6861.1  6874.0 
6862.1  6875.1 
6863.1  6876.1 
6864.1  6877.1 
6865.0  5924.0 
6866.1  6878.0 
6866.1  6376.0 
6866.1  6879.0 
6866.1  6381.0 
6866.1  6397.0 
6866.1  6880.0 
6866.1  6417.0 
6866.1  6881.0 
6866.1  6882.0 
6866.1  6537.0 
6866.1  6883.0 
6866.1  6884.0 
6866.1  6885.0 
6866.1  6422.0 
6866.1  6886.0 
6866.1  6887.0 
6866.1  6888.0 
6866.1  6889.0 
6866.1  6890.0 
6866.1  6891.0 
6866.1  6892.0 
6866.1  6893.0 
6866.1  6894.0 
6866.1  6895.0 
6866.1  6896.0 
6866.1  6897.0 
6866.1  6898.0 
6866.1  6899.0 
6866.1  6900.0 
6866.1  6901.0 
6866.1  6902.0 
6866.1  6903.0 
6866.1  6904.0 
6866.1  6905.0 
6866.1  6906.0 
6866.1  6907.0 
6866.1  6908.0 
6866.1  6909.0 
6866.1  6910.0 
6866.1  6911.0 
6866.1  6912.0 
6866.1  6913.0 
6866.1  6914.0 
6866.1  6915.0 
6866.1  6916.0 
6866.1  6917.0 
6866.1  6918.0 
6866.1  6919.0 
6866.1  6920.0 
6866.1  6921.0 
6866.1  6922.0 
6866.1  6923.0 
6866.1  6924.0 
6866.1  6925.0 
6866.1  6926.0 
6866.1  6927.0 
6866.1  6928.0 
6866.1  6929.0 
6866.1  6930.0 
6866.1  6931.0 
6866.1  6932.0 
6866.1  6933.0 
6866.1  6934.0 
6866.1  6935.0 
6866.1  6936.0 
6866.1  6937.0 
6866.1  6938.0 
6866.1  6939.0 
6866.1  6940.0 
6866.1  6941.0 
6866.1  6942.0 
6866.1  6943.0 
6866.1  6944.0 
6866.1  6945.0 
6866.1  6946.0 
6866.1  6947.0 
6866.1  6948.0 
6866.1  6949.0 
6866.1  6950.0 
6866.1  6951.0 
6866.1  6952.0 
6866.1  6953.0 
6866.1  6954.0 
6866.1  6955.0 
6866.1  6956.0 
6866.1  6957.0 
6866.2  6958.0 
6866.2  6959.0 
6866.2  6960.0 
6866.2  6961.0 
6866.2  6962.0 
6866.2  6963.0 
6866.2  6964.0 
6866.2  6965.0 
6866.2  6966.0 
6866.2  6967.0 
6866.2  6968.0 
6866.2  6969.0 
6866.2  6970.0 
6866.2  6971.0 
6866.2  6972.0 
6866.2  6973.0 
6866.2  6974.0 
6866.2  6975.0 
6866.2  6976.0 
6866.2  6977.0 
6866.2  6978.0 
6866.2  6979.0 
6866.2  6980.0 
6866.2  6981.0 
6866.2  6982.0 
6866.2  6983.0 
6866.2  6984.0 
6866.2  6985.0 
6866.2  6986.0 
6866.2  6987.0 
6866.2  6988.0 
6866.2  6989.0 
6866.2  6990.0 
6866.2  6991.0 
6866.2  6992.0 
6866.2  6993.0 
6866.2  6994.0 
6866.2  6995.0 
6866.2  6996.0 
6866.2  6997.0 
6866.2  6998.0 
6866.2  6999.0 
6866.2  7000.0 
6866.2  7001.0 
6866.2  7002.0 
6866.2  7003.0 
6866.2  7004.0 
6866.2  7005.0 
6866.2  7006.0 
6866.2  7007.0 
6866.2  7008.0 
6866.2  7009.0 
6866.2  7010.0 
6866.2  7011.0 
6866.2  7012.0 
6866.2  7013.0 
6866.2  7014.0 
6866.2  7015.0 
6866.2  7016.0 
6866.2  7017.0 
6866.2  7018.0 
6866.2  7019.0 
6866.2  7020.0 
6866.2  7021.0 
6866.2  7022.0 
6866.2  7023.0 
6866.2  7024.0 
6866.2  7025.0 
6866.2  7026.0 
6866.2  7027.0 
6866.2  7028.0 
6866.2  7029.0 
6866.2  7030.0 
6866.2  7031.0 
6866.2  7032.0 
6866.2  7033.0 
6866.2  7034.0 
6866.2  7035.0 
6866.2  7036.0 
6866.2  7037.0 
6866.2  7038.0 
6866.2  7039.0 
6866.2  7040.0 
6866.2  7041.0 
6866.3  7042.0 
6866.3  7043.0 
6866.3  7044.0 
6866.3  7045.0 
6866.3  7046.0 
6866.3  7047.0 
6866.3  7048.0 
6866.3  7049.0 
6866.3  7050.0 
6866.3  7051.0 
6866.3  7052.0 
6866.3  7053.0 
6866.3  7054.0 
6866.3  7055.0 
6866.3  7056.0 
6866.3  7057.0 
6866.3  7058.0 
6866.3  7059.0 
6866.3  7060.0 
6866.3  7061.0 
6866.3  7062.0 
6866.3  7063.0 
6866.3  7064.0 
6866.3  7065.0 
6866.3  7066.0 
6866.3  7067.0 
6866.3  7068.0 
6866.3  7069.0 
6866.3  7070.0 
6866.3  7071.0 
6866.3  7072.0 
6866.3  7073.0 
6866.3  7074.0 
6866.3  7075.0 
6866.3  7076.0 
6866.3  7077.0 
6866.3  7078.0 
6866.3  7079.0 
6866.3  7080.0 
6866.3  7081.0 
6866.3  7082.0 
6866.3  7083.0 
6866.3  7084.0 
6866.3  7085.0 
6866.3  7086.0 
6866.3  7087.0 
6866.3  7088.0 
6866.3  7089.0 
6866.3  7090.0 
6866.3  7091.0 
6866.3  7092.0 
6866.3  7093.0 
6866.3  7094.0 
6866.3  7095.0 
6866.3  7096.0 
6866.3  7097.0 
6866.3  7098.0 
6866.3  7099.0 
6866.3  7100.0 
6866.3  7101.0 
6866.3  7102.0 
6866.3  7103.0 
6866.3  7104.0 
6866.3  7105.0 
6866.3  7106.0 
6866.3  7107.0 
6866.3  7108.0 
6866.3  7109.0 
6866.3  7110.0 
6866.3  7111.0 
6866.4  7112.0 
6866.4  7113.0 
6866.4  7114.0 
6866.4  7115.0 
6866.4  7116.0 
6866.4  7117.0 
6866.4  7118.0 
6866.4  7119.0 
6866.4  7120.0 
6866.4  7121.0 
6866.4  7122.0 
6866.4  7123.0 
6866.4  7124.0 
6866.4  7125.0 
6866.4  7126.0 
6866.4  7127.0 
6866.4  7128.0 
6866.4  7129.0 
6866.4  7130.0 
6866.4  7131.0 
6866.4  7132.0 
6866.4  7133.0 
6866.4  7134.0 
6866.4  7135.0 
6866.4  7136.0 
6866.4  7137.0 
6866.4  7138.0 
6866.4  7139.0 
6866.4  7140.0 
6866.4  7141.0 
6866.4  7142.0 
6866.4  7143.0 
6866.4  7144.0 
6866.4  7145.0 
6866.4  7146.0 
6866.4  7147.0 
6866.4  7148.0 
6866.4  7149.0 
6866.4  7150.0 
6866.5  7151.0 
6866.5  7152.0 
6866.5  7153.0 
6866.5  7154.0 
6866.5  7155.0 
6866.5  7156.0 
6866.5  7157.0 
6866.5  7158.0 
6866.5  7159.0 
6866.5  7160.0 
6866.5  7161.0 
6866.5  7162.0 
6866.5  7163.0 
6866.5  7164.0 
6866.5  7165.0 
6866.5  7166.0 
6866.5  7167.0 
6866.5  7168.0 
6866.5  7169.0 
6866.5  7170.0 
6866.5  7171.0 
6866.5  7172.0 
6866.5  7173.0 
6866.5  7174.0 
6866.5  7175.0 
6866.5  7176.0 
6866.5  7177.0 
6866.5  7178.0 
6866.5  7179.0 
6866.5  7180.0 
6866.5  7181.0 
6866.5  7182.0 
6866.5  7183.0 
6866.5  7184.0 
6866.5  7185.0 
6866.5  7186.0 
6866.5  7187.0 
6866.5  7188.0 
6866.5  7189.0 
6866.5  7190.0 
6866.5  7191.0 
6866.5  7192.0 
6866.5  7193.0 
6866.5  7194.0 
6866.5  7195.0 
6866.5  7196.0 
6866.5  7197.0 
6866.5  7198.0 
6866.6  7199.0 
6866.6  7200.0 
6866.6  7201.0 
6866.6  7202.0 
6866.6  7203.0 
6866.6  7204.0 
6866.6  7205.0 
6866.6  7206.0 
6866.6  7207.0 
6866.6  7208.0 
6866.6  7209.0 
6866.6  7210.0 
6866.6  7211.0 
6866.6  7212.0 
6866.6  7213.0 
6866.6  7214.0 
6866.6  7215.0 
6866.6  7216.0 
6866.6  7217.0 
6866.6  7218.0 
6866.6  7219.0 
6866.6  7220.0 
6866.6  7221.0 
6866.6  7222.0 
6866.6  7223.0 
6866.6  7224.0 
6866.6  7225.0 
6866.6  7226.0 
6866.6  7227.0 
6866.6  7228.0 
6866.7  7229.0 
6866.7  7230.0 
6866.7  7231.0 
6866.7  7232.0 
6866.7  7233.0 
6866.7  7234.0 
6866.7  7235.0 
6866.7  7236.0 
6866.7  7237.0 
6866.7  7238.0 
6866.7  7239.0 
6866.7  7240.0 
6866.7  7241.0 
6866.7  7242.0 
6866.7  7243.0 
6866.7  7244.0 
6866.7  7245.0 
6866.7  7246.0 
6866.7  7247.0 
6866.7  7248.0 
6866.7  7249.0 
6866.7  7250.0 
6866.7  7251.0 
6866.7  7252.0 
6866.7  7253.0 
6866.7  7254.0 
6866.7  7255.0 
6866.7  7256.0 
6866.7  7257.0 
6866.7  7258.0 
6866.7  7259.0 
6866.7  7260.0 
6866.7  7261.0 
6866.7  7262.0 
6866.7  7263.0 
6866.7  7264.0 
6866.7  7265.0 
6866.7  7266.0 
6866.7  7267.0 
6866.7  7268.0 
6866.7  7269.0 
6866.7  7270.0 
6866.7  7271.0 
6866.7  7272.0 
6866.7  7273.0 
6866.7  7274.0 
6866.7  7275.0 
6866.7  7276.0 
6866.7  7277.0 
6866.7  7278.0 
6866.7  7279.0 
6866.7  7280.0 
6866.7  7281.0 
6867.0  5926.0 
6868.1  7283.0 
6868.1  5431.0 
6868.1  5867.0 
6868.1  5436.0 
6868.1  5452.0 
6868.1  5472.0 
6868.1  5592.0 
6868.1  5477.0 
6868.1  5478.0 
6868.1  5479.0 
6868.1  5480.0 
6868.1  7284.1 
6868.1  7285.1 
6868.1  5471.0 
6868.1  5485.0 
6868.1  7286.1 
6870.1  7287.1 
6871.1  5890.1 
6875.1  7289.0 
6875.1  6376.0 
6875.1  6397.0 
6875.1  6417.0 
6875.1  6422.0 
6875.1  7290.1 
6876.1  7289.0 
6876.1  6376.0 
6876.1  6397.0 
6876.1  6417.0 
6876.1  6422.0 
6876.1  7292.1 
6877.1  7289.0 
6877.1  6376.0 
6877.1  6397.0 
6877.1  6417.0 
6877.1  6422.0 
6877.1  7294.1 
6878.0  5937.0 
6879.0  5938.0 
6880.0  5939.0 
6882.0  5941.0 
6883.0  5942.0 
6884.0  5943.0 
6885.0  5944.0 
6886.0  5945.0 
6887.0  5946.0 
6888.0  5947.0 
6889.0  5948.0 
6890.0  5949.0 
6891.0  5950.0 
6892.0  5951.0 
6893.0  5952.0 
6894.0  5953.0 
6895.0  5954.0 
6896.0  5955.0 
6897.0  5956.0 
6898.0  5957.0 
6899.0  5958.0 
6900.0  5959.0 
6901.0  5960.0 
6902.0  5961.0 
6903.0  5962.0 
6904.0  5963.0 
6905.0  5964.0 
6906.0  5965.0 
6907.0  5966.0 
6908.0  5967.0 
6909.0  5968.0 
6910.0  5969.0 
6911.0  5970.0 
6912.0  5971.0 
6913.0  5972.0 
6914.0  5973.0 
6915.0  5974.0 
6916.0  5975.0 
6917.0  5976.0 
6918.0  5977.0 
6919.0  5978.0 
6920.0  5979.0 
6921.0  5980.0 
6922.0  5981.0 
6923.0  5982.0 
6924.0  5983.0 
6925.0  5984.0 
6926.0  5985.0 
6927.0  5986.0 
6928.0  5987.0 
6929.0  5988.0 
6930.0  5989.0 
6931.0  5990.0 
6932.0  5991.0 
6933.0  5992.0 
6934.0  5993.0 
6935.0  5994.0 
6936.0  5995.0 
6937.0  5996.0 
6938.0  5997.0 
6939.0  5998.0 
6940.0  5999.0 
6941.0  6000.0 
6942.0  6001.0 
6943.0  6002.0 
6944.0  6003.0 
6945.0  6004.0 
6946.0  6005.0 
6947.0  6006.0 
6948.0  6007.0 
6949.0  6008.0 
6950.0  6009.0 
6951.0  6010.0 
6952.0  6011.0 
6953.0  6012.0 
6954.0  6013.0 
6955.0  6014.0 
6956.0  6015.0 
6957.0  6016.0 
6958.0  6017.0 
6959.0  6018.0 
6960.0  6019.0 
6961.0  6020.0 
6962.0  6021.0 
6963.0  6022.0 
6964.0  6023.0 
6965.0  6024.0 
6966.0  6025.0 
6967.0  6026.0 
6968.0  6027.0 
6969.0  6028.0 
6970.0  6029.0 
6971.0  6030.0 
6972.0  6031.0 
6973.0  6032.0 
6974.0  6033.0 
6975.0  6034.0 
6976.0  6035.0 
6977.0  6036.0 
6978.0  6037.0 
6979.0  6038.0 
6980.0  6039.0 
6981.0  6040.0 
6982.0  6041.0 
6983.0  6042.0 
6984.0  6043.0 
6985.0  6044.0 
6986.0  6045.0 
6987.0  6046.0 
6988.0  6047.0 
6989.0  6048.0 
6990.0  6049.0 
6991.0  6050.0 
6992.0  6051.0 
6993.0  6052.0 
6994.0  6053.0 
6995.0  6054.0 
6996.0  6055.0 
6997.0  6056.0 
6998.0  6057.0 
6999.0  6058.0 
7000.0  6059.0 
7001.0  6060.0 
7002.0  6061.0 
7003.0  6062.0 
7004.0  6063.0 
7005.0  6064.0 
7006.0  6065.0 
7007.0  6066.0 
7008.0  6067.0 
7009.0  6068.0 
7010.0  6069.0 
7011.0  6070.0 
7012.0  6071.0 
7013.0  6072.0 
7014.0  6073.0 
7015.0  6074.0 
7016.0  6075.0 
7017.0  6076.0 
7018.0  6077.0 
7019.0  6078.0 
7020.0  6079.0 
7021.0  6080.0 
7022.0  6081.0 
7023.0  6082.0 
7024.0  6083.0 
7025.0  6084.0 
7026.0  6085.0 
7027.0  6086.0 
7028.0  6087.0 
7029.0  6088.0 
7030.0  6089.0 
7031.0  6090.0 
7032.0  6091.0 
7033.0  6092.0 
7034.0  6093.0 
7035.0  6094.0 
7036.0  6095.0 
7037.0  6096.0 
7038.0  6097.0 
7039.0  6098.0 
7040.0  6099.0 
7041.0  6100.0 
7042.0  6101.0 
7043.0  6102.0 
7044.0  6103.0 
7045.0  6104.0 
7046.0  6105.0 
7047.0  6106.0 
7048.0  6107.0 
7049.0  6108.0 
7050.0  6109.0 
7051.0  6110.0 
7052.0  6111.0 
7053.0  6112.0 
7054.0  6113.0 
7055.0  6114.0 
7056.0  6115.0 
7057.0  6116.0 
7058.0  6117.0 
7059.0  6118.0 
7060.0  6119.0 
7061.0  6120.0 
7062.0  6121.0 
7063.0  6122.0 
7064.0  6123.0 
7065.0  6124.0 
7066.0  6125.0 
7067.0  6126.0 
7068.0  6127.0 
7069.0  6128.0 
7070.0  6129.0 
7071.0  6130.0 
7072.0  6131.0 
7073.0  6132.0 
7074.0  6133.0 
7076.0  6135.0 
7077.0  6136.0 
7078.0  6137.0 
7079.0  6138.0 
7080.0  6139.0 
7081.0  6140.0 
7082.0  6141.0 
7083.0  6142.0 
7084.0  6143.0 
7085.0  6144.0 
7086.0  6145.0 
7087.0  6146.0 
7088.0  6147.0 
7089.0  6148.0 
7090.0  6149.0 
7091.0  6150.0 
7092.0  6151.0 
7093.0  6152.0 
7094.0  6153.0 
7095.0  6154.0 
7096.0  6155.0 
7097.0  6156.0 
7098.0  6157.0 
7099.0  6158.0 
7100.0  6159.0 
7101.0  6160.0 
7102.0  6161.0 
7103.0  6162.0 
7104.0  6163.0 
7105.0  6164.0 
7106.0  6165.0 
7107.0  6166.0 
7108.0  6167.0 
7109.0  6168.0 
7110.0  6169.0 
7111.0  6170.0 
7112.0  6171.0 
7113.0  6172.0 
7114.0  6173.0 
7115.0  6174.0 
7116.0  6175.0 
7117.0  6176.0 
7118.0  6177.0 
7119.0  6178.0 
7120.0  6179.0 
7121.0  6180.0 
7122.0  6181.0 
7123.0  6182.0 
7124.0  6183.0 
7125.0  6184.0 
7126.0  6185.0 
7127.0  6186.0 
7128.0  6187.0 
7129.0  6188.0 
7130.0  6189.0 
7131.0  6190.0 
7132.0  6191.0 
7133.0  6192.0 
7134.0  6193.0 
7135.0  6194.0 
7136.0  6195.0 
7137.0  6196.0 
7138.0  6197.0 
7139.0  6198.0 
7140.0  6199.0 
7141.0  6200.0 
7142.0  6201.0 
7143.0  6202.0 
7144.0  6203.0 
7145.0  6204.0 
7146.0  6205.0 
7147.0  6206.0 
7148.0  6207.0 
7149.0  6208.0 
7150.0  6209.0 
7151.0  6210.0 
7152.0  6211.0 
7153.0  6212.0 
7154.0  6213.0 
7155.0  6214.0 
7156.0  6215.0 
7157.0  6216.0 
7158.0  6217.0 
7159.0  6218.0 
7160.0  6219.0 
7161.0  6220.0 
7162.0  6221.0 
7163.0  6222.0 
7164.0  6223.0 
7165.0  6224.0 
7166.0  6225.0 
7167.0  6226.0 
7168.0  6227.0 
7169.0  6228.0 
7170.0  6229.0 
7171.0  6230.0 
7172.0  6231.0 
7173.0  6232.0 
7174.0  6233.0 
7175.0  6234.0 
7176.0  6235.0 
7177.0  6236.0 
7178.0  6237.0 
7179.0  6238.0 
7180.0  6239.0 
7181.0  6240.0 
7182.0  6241.0 
7183.0  6242.0 
7184.0  6243.0 
7185.0  6244.0 
7186.0  6245.0 
7187.0  6246.0 
7188.0  6247.0 
7189.0  6248.0 
7190.0  6249.0 
7191.0  6250.0 
7192.0  6251.0 
7193.0  6252.0 
7194.0  6253.0 
7195.0  6254.0 
7196.0  6255.0 
7197.0  6256.0 
7198.0  6257.0 
7199.0  6258.0 
7200.0  6259.0 
7201.0  6260.0 
7202.0  6261.0 
7203.0  6262.0 
7204.0  6263.0 
7205.0  6264.0 
7206.0  6265.0 
7207.0  6266.0 
7208.0  6267.0 
7209.0  6268.0 
7210.0  6269.0 
7211.0  6270.0 
7212.0  6271.0 
7213.0  6272.0 
7214.0  6273.0 
7215.0  6274.0 
7216.0  6275.0 
7217.0  6276.0 
7218.0  6277.0 
7219.0  6278.0 
7220.0  6279.0 
7221.0  6280.0 
7222.0  6281.0 
7223.0  6282.0 
7224.0  6283.0 
7225.0  6284.0 
7226.0  6285.0 
7227.0  6286.0 
7228.0  6287.0 
7229.0  6288.0 
7230.0  6289.0 
7231.0  6290.0 
7232.0  6291.0 
7233.0  6292.0 
7234.0  6293.0 
7235.0  6294.0 
7236.0  6295.0 
7237.0  6296.0 
7238.0  6297.0 
7239.0  6298.0 
7240.0  6299.0 
7241.0  6300.0 
7242.0  6301.0 
7243.0  6302.0 
7244.0  6303.0 
7245.0  6304.0 
7246.0  6305.0 
7282.1  5891.0 
7282.1  5431.0 
7282.1  5892.0 
7282.1  5893.0 
7282.1  5452.0 
7282.1  5894.0 
7282.1  5634.0 
7282.1  5895.0 
7282.1  5436.0 
7282.1  5646.0 
7282.1  7295.0 
7282.1  5472.0 
7282.1  5837.3 
7283.0  5394.0 
7284.1  7296.1 
7285.1  7297.1 
7286.1  7298.1 
7287.1  7299.0 
7287.1  5431.0 
7287.1  5452.0 
7287.1  7300.3 
7289.0  6347.0 
7290.1  7301.0 
7292.1  7302.0 
7294.1  7303.0 
7296.1  6347.0 
7296.1  5431.0 
7296.1  5452.0 
7296.1  5472.0 
7296.1  5477.0 
7296.1  7305.1 
7297.1  7306.0 
7297.1  5431.0 
7297.1  5452.0 
7297.1  5472.0 
7297.1  7307.1 
7298.1  7306.0 
7298.1  5431.0 
7298.1  5452.0 
7298.1  5472.0 
7298.1  7308.1 
7299.0  5410.0 
7300.3  5837.3 
7305.1  7309.0 
7306.0  5417.0 
7307.1  7310.1 
7308.1  7310.2 
7310.3  5898.3 
6370.0  6371.0 
6371.0  6809.0 
6809.0  6820.0 
6816.0  6831.0 
6817.0  6839.0 
6818.0  6839.0 
6819.0  6843.0 
6820.0  6831.0 
6827.0  6371.0 
6828.0  6371.0 
6829.0  6855.0 
6839.0  6859.0 
6843.0  6370.0 
6848.0  6809.0 
6849.0  6809.0 
6850.0  6809.0 
6851.0  6809.0 
6852.0  6809.0 
6855.0  6371.0 
6857.0  6868.0 
6858.0  6871.0 
6859.0  6831.0 
6866.0  6843.0 
6868.0  7282.0 
6874.0  6839.0 
6875.0  7288.0 
6876.0  7291.0 
6877.0  7293.0 
7282.0  6871.0 
7287.0  6868.0 
7288.0  6839.0 
7291.0  6839.0 
7293.0  6839.0 
7296.0  7304.0 
7297.0  6868.0 
7298.0  6868.0 
7301.0  7288.0 
7302.0  7291.0 
7303.0  7293.0 
7304.0  6868.0 
7309.0  7304.0 
6369.1  6370.10 
7311.1  6370.10 
7312.1  6370.10 
