53437.1  53439.0 
53437.1  53440.0 
53437.1  53441.0 
53437.1  53442.0 
53437.1  53443.0 
53437.1  53444.0 
53437.1  53445.0 
53437.1  53446.0 
53437.1  53447.0 
53437.1  53448.0 
53437.1  53449.0 
53437.1  53450.0 
53438.1  53452.0 
53438.1  53440.0 
53438.1  53443.0 
53439.0  53417.0 
53440.0  53418.0 
53441.0  53419.0 
53442.0  53420.0 
53443.0  53421.0 
53444.0  53422.0 
53445.0  53423.0 
53446.0  53424.0 
53449.0  53427.0 
53450.0  53428.0 
53451.1  53440.0 
53451.1  53453.0 
53451.1  53444.0 
53451.1  53443.0 
53451.1  53449.0 
53451.1  53454.0 
53451.1  53455.0 
53452.0  53430.0 
53453.0  53431.0 
53454.0  53432.0 
53455.0  53433.0 
53436.1  53437.1 
53457.5  53435.5 
53437.0  53438.0 
53438.0  53451.0 
53456.1  53457.5 
