52931.1  52933.0 
52931.1  52934.0 
52931.1  52935.0 
52931.1  52936.0 
52931.1  52937.0 
52931.1  52938.0 
52931.1  52939.0 
52931.1  52940.0 
52931.1  52941.0 
52931.1  52942.0 
52931.1  52943.0 
52931.1  52944.0 
52932.1  52946.0 
52932.1  52934.0 
52932.1  52937.0 
52933.0  52913.0 
52934.0  52914.0 
52935.0  52915.0 
52936.0  52916.0 
52937.0  52917.0 
52938.0  52918.0 
52939.0  52919.0 
52940.0  52920.0 
52943.0  52923.0 
52944.0  52545.0 
52945.1  52934.0 
52945.1  52947.0 
52945.1  52938.0 
52945.1  52937.0 
52945.1  52943.0 
52945.1  52948.0 
52945.1  52949.0 
52946.0  52926.0 
52947.0  52927.0 
52948.0  52928.0 
52949.0  52929.0 
52930.1  52931.1 
52931.0  52932.0 
52932.0  52945.0 
