13876.1  13878.0 
13876.1  13879.0 
13876.1  13880.0 
13876.1  13881.0 
13876.1  13882.0 
13876.1  13883.0 
13876.1  13884.0 
13876.1  13885.0 
13876.1  13886.0 
13876.1  13887.0 
13876.1  13888.0 
13876.1  13889.0 
13876.1  13890.0 
13876.1  13891.0 
13876.1  13892.0 
13876.1  13893.0 
13876.1  13894.0 
13876.1  13895.0 
13876.1  13896.0 
13876.1  13897.0 
13876.1  13898.0 
13876.1  13899.0 
13876.1  13900.0 
13876.1  13901.0 
13876.1  13902.0 
13876.1  13903.0 
13876.1  13904.0 
13876.1  13905.0 
13876.1  13906.0 
13876.1  13907.0 
13876.1  13908.0 
13876.1  13909.0 
13876.1  13910.0 
13876.1  13911.0 
13876.1  13912.0 
13876.1  13913.0 
13876.1  13914.0 
13876.1  13915.0 
13876.1  13916.0 
13876.1  13917.0 
13876.1  13918.0 
13876.1  13919.0 
13876.1  13920.0 
13876.1  13921.0 
13876.1  13922.0 
13876.1  13923.0 
13876.1  13924.0 
13876.1  13925.0 
13876.1  13926.0 
13876.1  13927.0 
13876.1  13928.0 
13876.1  13929.0 
13876.1  13930.0 
13876.1  13931.0 
13876.1  13932.0 
13876.1  13933.0 
13876.1  13934.0 
13876.1  13935.0 
13876.1  13936.0 
13876.1  13937.0 
13876.1  13938.0 
13876.1  13939.0 
13876.1  13940.0 
13876.1  13941.0 
13876.1  13942.0 
13876.1  13943.0 
13876.1  13944.0 
13876.1  13945.0 
13876.1  13946.0 
13876.1  13947.0 
13876.1  13948.0 
13876.1  13949.0 
13876.1  13950.0 
13876.1  13951.0 
13876.1  13952.0 
13876.1  13953.0 
13876.1  13954.0 
13876.1  13955.0 
13876.1  13956.0 
13876.1  13957.0 
13876.1  13958.0 
13876.1  13959.0 
13876.1  13960.0 
13876.1  13961.0 
13876.1  13962.0 
13876.1  13963.0 
13876.1  13964.0 
13876.1  13965.0 
13876.1  13966.0 
13876.1  13967.0 
13876.1  13968.0 
13876.1  13969.0 
13876.1  13970.0 
13876.1  13971.0 
13876.1  13972.0 
13876.1  13973.0 
13876.1  13974.0 
13876.1  13975.0 
13876.1  13976.0 
13876.1  13977.0 
13876.1  13978.0 
13876.1  13979.0 
13876.1  13980.0 
13876.1  13981.0 
13876.1  13982.0 
13876.1  13983.0 
13876.1  13984.0 
13876.1  13985.0 
13876.1  13986.0 
13876.1  13987.0 
13876.1  13988.0 
13876.1  13989.0 
13876.1  13990.0 
13876.1  13991.0 
13876.1  13992.0 
13876.1  13993.0 
13876.1  13994.0 
13876.1  13995.0 
13876.1  13996.0 
13876.1  13997.0 
13876.1  13998.0 
13876.1  13999.0 
13876.1  14000.0 
13876.1  14001.0 
13876.1  14002.0 
13876.1  14003.0 
13876.1  14004.0 
13876.1  14005.0 
13876.1  14006.0 
13876.1  14007.0 
13876.1  14008.0 
13876.1  14009.0 
13876.1  14010.0 
13876.1  14011.0 
13876.1  14012.0 
13876.1  14013.0 
13876.1  14014.0 
13876.1  14015.0 
13876.1  14016.0 
13876.1  14017.0 
13876.1  14018.0 
13876.1  14019.0 
13876.1  14020.0 
13876.1  14021.0 
13876.1  14022.0 
13876.1  14023.0 
13876.1  14024.0 
13876.1  14025.0 
13876.1  14026.0 
13876.1  14027.0 
13876.1  14028.0 
13876.1  14029.0 
13876.1  14030.0 
13876.1  14031.0 
13876.1  14032.0 
13876.1  14033.0 
13876.1  14034.0 
13876.1  14035.0 
13876.1  14036.0 
13876.1  14037.0 
13876.1  14038.0 
13876.1  14039.0 
13876.1  14040.0 
13876.1  14041.0 
13876.1  14042.0 
13876.1  14043.0 
13876.1  14044.0 
13876.1  14045.0 
13876.1  14046.0 
13876.1  14047.1 
13876.1  14048.0 
13876.1  14049.0 
13876.1  14050.0 
13876.1  14051.0 
13876.1  14052.0 
13876.1  14053.0 
13876.2  14054.0 
13876.2  14055.0 
13876.2  14056.0 
13876.2  14057.0 
13876.2  14058.0 
13876.2  14059.0 
13876.2  14060.0 
13876.2  14061.0 
13876.2  14062.0 
13876.2  14063.0 
13876.2  14064.0 
13876.2  14065.0 
13876.2  14066.0 
13876.2  14067.0 
13876.2  14068.0 
13876.2  14069.0 
13876.2  14070.0 
13876.2  14071.0 
13876.2  14072.0 
13876.2  14073.0 
13876.2  14074.0 
13876.2  14075.0 
13876.2  14076.0 
13876.2  14077.0 
13876.2  14078.0 
13876.2  14079.0 
13876.2  14080.0 
13876.2  14081.0 
13876.2  14082.0 
13876.2  14083.0 
13876.2  14084.0 
13876.2  14085.0 
13876.2  14086.0 
13876.2  14087.0 
13876.2  14088.0 
13876.2  14089.0 
13876.2  14090.0 
13876.2  14091.0 
13876.2  14092.0 
13876.2  14093.0 
13876.2  14094.0 
13876.2  14095.0 
13876.2  14096.0 
13876.2  14097.0 
13876.2  14098.0 
13876.2  14099.0 
13876.2  14100.0 
13876.2  14101.0 
13876.2  14102.0 
13876.2  14103.0 
13876.2  14104.0 
13876.2  14105.0 
13876.2  14106.0 
13876.2  14107.0 
13876.2  14108.0 
13876.2  14109.0 
13876.2  14110.0 
13876.2  14111.0 
13876.2  14112.0 
13876.2  14113.0 
13876.2  14114.0 
13876.2  14115.0 
13876.2  14116.0 
13876.2  14117.0 
13876.2  14118.0 
13876.2  14119.0 
13876.2  14120.0 
13876.2  14121.0 
13876.2  14122.0 
13876.2  14123.0 
13876.2  14124.0 
13876.2  14125.0 
13876.2  14126.0 
13876.2  14127.0 
13876.2  14128.0 
13876.2  14129.0 
13876.2  14130.0 
13876.2  14131.0 
13876.2  14132.0 
13876.2  14133.0 
13876.2  14134.0 
13876.2  14135.0 
13876.2  14136.0 
13876.2  14137.0 
13876.2  14138.0 
13876.2  14139.0 
13876.2  14140.0 
13876.2  14141.0 
13876.2  14142.0 
13876.2  14143.0 
13876.2  14144.0 
13876.2  14145.0 
13876.2  14146.0 
13876.2  14147.0 
13876.2  14148.0 
13876.2  14149.0 
13876.2  14150.0 
13876.2  14151.0 
13876.2  14152.0 
13876.2  14153.0 
13876.2  14154.0 
13876.2  14155.0 
13876.2  14156.0 
13876.2  14157.0 
13876.2  14158.0 
13876.2  14159.0 
13876.2  14160.0 
13876.2  14161.0 
13876.2  14162.0 
13876.2  14163.0 
13876.2  14164.0 
13876.2  14165.0 
13876.2  14166.0 
13876.2  14167.0 
13876.2  14168.0 
13876.2  14169.0 
13876.2  14170.0 
13876.2  14171.0 
13876.2  14172.0 
13876.2  14173.0 
13876.2  14174.0 
13876.2  14175.0 
13876.2  14176.0 
13876.2  14177.0 
13876.2  14178.0 
13876.2  14179.0 
13876.2  14180.0 
13876.2  14181.0 
13876.2  14182.0 
13876.2  14183.0 
13876.2  14184.0 
13876.2  14185.0 
13876.2  14186.0 
13876.2  14187.0 
13876.2  14188.0 
13876.2  14189.0 
13876.2  14190.0 
13876.2  14191.0 
13876.2  14192.0 
13876.2  14193.0 
13876.2  14194.0 
13876.2  14195.0 
13876.2  14196.0 
13876.2  14197.0 
13876.2  14198.0 
13876.2  14199.0 
13876.2  14200.0 
13876.2  14201.0 
13876.2  14202.0 
13876.2  14203.0 
13876.2  14204.0 
13876.2  14205.0 
13876.2  14206.0 
13876.2  14207.0 
13876.2  14208.0 
13876.2  14209.0 
13876.2  14210.0 
13876.2  14211.0 
13876.2  14212.0 
13876.2  14213.0 
13876.2  14214.1 
13876.2  14215.0 
13876.2  14216.0 
13876.2  14217.0 
13876.2  14218.0 
13876.2  14219.0 
13876.2  14220.0 
13876.2  14221.0 
13876.2  14222.0 
13876.2  14223.0 
13876.2  14224.0 
13876.2  14225.0 
13876.2  14226.0 
13876.2  14227.0 
13876.2  14228.0 
13876.2  14229.12 
13876.2  14230.12 
13876.2  14231.0 
13876.2  14232.0 
13876.2  14233.0 
13876.2  14234.0 
13876.2  14235.0 
13876.2  14236.0 
13876.2  14237.0 
13876.2  14238.0 
13876.2  14239.0 
13876.2  14240.0 
13876.2  14241.0 
13876.2  14242.0 
13876.2  14243.0 
13876.3  14244.0 
13876.3  14245.0 
13876.3  14246.0 
13876.3  14247.0 
13876.3  14248.0 
13876.3  14249.0 
13876.3  14250.0 
13876.3  14251.0 
13876.3  14252.2 
13876.3  14253.0 
13876.3  14254.0 
13876.3  14255.0 
13876.3  14256.0 
13876.3  14257.0 
13876.3  14258.0 
13876.4  14259.0 
13876.4  14260.0 
13876.4  14261.0 
13876.4  14262.0 
13876.4  241.1 
13876.5  14263.0 
13876.5  14264.0 
13876.5  14265.0 
13876.5  14266.0 
13876.5  14267.0 
13876.5  14268.1 
13876.5  14269.0 
13876.5  14270.24 
13876.5  14271.24 
13876.5  14272.0 
13876.5  14273.0 
13876.6  14274.0 
13876.6  14275.0 
13876.6  14276.0 
13876.6  14277.0 
13876.6  14278.0 
13876.6  14279.0 
13876.6  14280.0 
13876.6  14281.0 
13876.6  14282.0 
13876.6  14283.3 
13876.6  14284.0 
13876.6  14285.0 
13876.6  14286.0 
13876.6  14287.0 
13876.6  14288.0 
13876.6  14289.0 
13876.6  14290.0 
13876.6  14291.0 
13876.6  14292.12 
13876.6  14293.0 
13876.6  14294.0 
13876.7  14295.0 
13876.7  14296.0 
13876.7  14297.29 
13876.7  14298.0 
13876.7  14299.0 
13876.7  14300.1 
13876.7  14301.0 
13876.7  14302.0 
13876.7  14303.0 
13876.7  14304.0 
13876.7  14305.0 
13876.8  14306.0 
13876.8  14307.0 
13876.8  14308.0 
13876.8  14309.0 
13876.8  14310.0 
13876.9  14311.0 
13876.9  14312.0 
13876.9  14313.0 
13876.9  14252.5 
13876.10  14314.0 
13876.11  14315.0 
13877.1  14317.0 
13877.1  13882.0 
13877.1  14318.0 
13877.1  13887.0 
13877.1  13903.0 
13877.1  13923.0 
13877.1  14043.0 
13877.1  13928.0 
13877.1  14319.1 
13877.1  14320.1 
13877.1  14321.1 
13878.0  12943.0 
13879.0  12944.0 
13880.0  12945.0 
13881.0  12946.0 
13882.0  12947.0 
13883.0  12948.0 
13884.0  12949.0 
13885.0  12950.0 
13886.0  12951.0 
13887.0  12952.0 
13888.0  12953.0 
13889.0  12954.0 
13890.0  12955.0 
13891.0  12956.0 
13892.0  12957.0 
13893.0  12958.0 
13894.0  12959.0 
13895.0  12960.0 
13896.0  12961.0 
13897.0  12962.0 
13898.0  12963.0 
13899.0  12964.0 
13900.0  12965.0 
13901.0  12966.0 
13902.0  12967.0 
13903.0  12968.0 
13904.0  12969.0 
13905.0  12970.0 
13906.0  12971.0 
13907.0  12972.0 
13908.0  12973.0 
13909.0  12974.0 
13910.0  12975.0 
13911.0  12976.0 
13912.0  12977.0 
13913.0  12978.0 
13914.0  12979.0 
13915.0  12980.0 
13916.0  12981.0 
13917.0  12982.0 
13918.0  12983.0 
13919.0  12984.0 
13920.0  12985.0 
13921.0  12986.0 
13922.0  12987.0 
13923.0  12988.0 
13924.0  12989.0 
13925.0  12990.0 
13926.0  12991.0 
13927.0  12992.0 
13928.0  12993.0 
13929.0  12994.0 
13930.0  12995.0 
13931.0  12996.0 
13932.0  12997.0 
13933.0  12998.0 
13934.0  12999.0 
13935.0  13000.0 
13936.0  13001.0 
13937.0  13002.0 
13938.0  13003.0 
13939.0  13004.0 
13940.0  13005.0 
13941.0  13006.0 
13942.0  13007.0 
13943.0  13008.0 
13944.0  13009.0 
13945.0  13010.0 
13946.0  13011.0 
13947.0  13012.0 
13948.0  13013.0 
13949.0  13014.0 
13950.0  13015.0 
13951.0  13016.0 
13952.0  13017.0 
13953.0  13018.0 
13954.0  13019.0 
13955.0  13020.0 
13956.0  13021.0 
13957.0  13022.0 
13958.0  13023.0 
13959.0  13024.0 
13960.0  13025.0 
13961.0  13026.0 
13962.0  13027.0 
13963.0  13028.0 
13964.0  13029.0 
13965.0  13030.0 
13966.0  13031.0 
13967.0  13032.0 
13968.0  13033.0 
13969.0  13034.0 
13970.0  13035.0 
13971.0  13036.0 
13972.0  13037.0 
13973.0  13038.0 
13974.0  13039.0 
13975.0  13040.0 
13976.0  13041.0 
13977.0  13042.0 
13978.0  13043.0 
13979.0  13044.0 
13980.0  13045.0 
13981.0  13046.0 
13982.0  13047.0 
13983.0  13048.0 
13984.0  13049.0 
13985.0  13050.0 
13986.0  13051.0 
13987.0  13052.0 
13988.0  13053.0 
13989.0  13054.0 
13990.0  13055.0 
13991.0  13056.0 
13992.0  13057.0 
13993.0  13058.0 
13994.0  13059.0 
13995.0  13060.0 
13996.0  13061.0 
13997.0  13062.0 
13998.0  13063.0 
13999.0  13064.0 
14000.0  13065.0 
14001.0  13066.0 
14002.0  13067.0 
14003.0  13068.0 
14004.0  13069.0 
14005.0  13070.0 
14006.0  13071.0 
14007.0  13072.0 
14008.0  13073.0 
14009.0  13074.0 
14010.0  13075.0 
14011.0  13076.0 
14012.0  13077.0 
14013.0  13078.0 
14014.0  13079.0 
14015.0  13080.0 
14016.0  13081.0 
14017.0  13082.0 
14018.0  13083.0 
14019.0  13084.0 
14020.0  13085.0 
14021.0  13086.0 
14022.0  13087.0 
14023.0  13088.0 
14024.0  13089.0 
14025.0  13090.0 
14026.0  13091.0 
14027.0  13092.0 
14028.0  13093.0 
14029.0  13094.0 
14030.0  13095.0 
14031.0  13096.0 
14032.0  13097.0 
14033.0  13098.0 
14034.0  13099.0 
14035.0  13100.0 
14036.0  13101.0 
14037.0  13102.0 
14038.0  13103.0 
14039.0  13104.0 
14040.0  13105.0 
14041.0  13106.0 
14042.0  13107.0 
14043.0  13108.0 
14044.0  13109.0 
14045.0  13110.0 
14046.0  13111.0 
14047.1  14322.14 
14048.0  13113.0 
14049.0  13114.0 
14050.0  13115.0 
14051.0  13116.0 
14052.0  13117.0 
14053.0  13118.0 
14054.0  13119.0 
14055.0  13120.0 
14056.0  13121.0 
14057.0  13122.0 
14058.0  13123.0 
14059.0  13124.0 
14060.0  13125.0 
14061.0  13126.0 
14062.0  13127.0 
14063.0  13128.0 
14064.0  13129.0 
14065.0  13130.0 
14066.0  13131.0 
14067.0  13132.0 
14068.0  13133.0 
14069.0  13134.0 
14070.0  13135.0 
14071.0  13136.0 
14072.0  13137.0 
14073.0  13138.0 
14074.0  13139.0 
14075.0  13140.0 
14076.0  13141.0 
14077.0  13142.0 
14078.0  13143.0 
14079.0  13144.0 
14080.0  13145.0 
14081.0  13146.0 
14082.0  13147.0 
14083.0  13148.0 
14084.0  13149.0 
14085.0  13150.0 
14086.0  13151.0 
14087.0  13152.0 
14088.0  13153.0 
14089.0  13154.0 
14090.0  13155.0 
14091.0  13156.0 
14092.0  13157.0 
14093.0  13158.0 
14094.0  13159.0 
14095.0  13160.0 
14096.0  13161.0 
14097.0  13162.0 
14099.0  13164.0 
14100.0  13165.0 
14101.0  13166.0 
14102.0  13167.0 
14103.0  13168.0 
14104.0  13169.0 
14105.0  13170.0 
14106.0  13171.0 
14107.0  13172.0 
14108.0  13173.0 
14109.0  13174.0 
14110.0  13175.0 
14111.0  13176.0 
14112.0  13177.0 
14113.0  13178.0 
14114.0  13179.0 
14115.0  13180.0 
14116.0  13181.0 
14117.0  13182.0 
14118.0  13183.0 
14119.0  13184.0 
14120.0  13185.0 
14121.0  13186.0 
14122.0  13187.0 
14123.0  13188.0 
14124.0  13189.0 
14125.0  13190.0 
14126.0  13191.0 
14127.0  13192.0 
14128.0  13193.0 
14129.0  13194.0 
14130.0  13195.0 
14131.0  13196.0 
14132.0  13197.0 
14133.0  13198.0 
14134.0  13199.0 
14135.0  13200.0 
14136.0  13201.0 
14137.0  13202.0 
14138.0  13203.0 
14139.0  13204.0 
14140.0  13205.0 
14141.0  13206.0 
14142.0  13207.0 
14143.0  13208.0 
14144.0  13209.0 
14145.0  13210.0 
14146.0  13211.0 
14147.0  13212.0 
14148.0  13213.0 
14149.0  13214.0 
14150.0  13215.0 
14151.0  13216.0 
14152.0  13217.0 
14153.0  13218.0 
14154.0  13219.0 
14155.0  13220.0 
14156.0  13221.0 
14157.0  13222.0 
14158.0  13223.0 
14159.0  13224.0 
14160.0  13225.0 
14161.0  13226.0 
14162.0  13227.0 
14163.0  13228.0 
14164.0  13229.0 
14165.0  13230.0 
14166.0  13231.0 
14167.0  13232.0 
14168.0  13233.0 
14169.0  13234.0 
14170.0  13235.0 
14171.0  13236.0 
14172.0  13237.0 
14173.0  13238.0 
14174.0  13239.0 
14175.0  13240.0 
14176.0  13241.0 
14177.0  13242.0 
14178.0  13243.0 
14179.0  13244.0 
14180.0  13245.0 
14181.0  13246.0 
14182.0  13247.0 
14183.0  13248.0 
14184.0  13249.0 
14185.0  13250.0 
14186.0  13251.0 
14187.0  13252.0 
14188.0  13253.0 
14189.0  13254.0 
14190.0  13255.0 
14191.0  13256.0 
14192.0  13257.0 
14193.0  13258.0 
14194.0  13259.0 
14195.0  13260.0 
14196.0  13261.0 
14197.0  13262.0 
14198.0  13263.0 
14199.0  13264.0 
14200.0  13265.0 
14201.0  13266.0 
14202.0  13267.0 
14203.0  13268.0 
14204.0  13269.0 
14205.0  13270.0 
14206.0  13271.0 
14207.0  13272.0 
14208.0  13273.0 
14209.0  13274.0 
14210.0  13275.0 
14211.0  13276.0 
14212.0  13277.0 
14213.0  13278.0 
14214.1  14322.12 
14215.0  13280.0 
14216.0  13281.0 
14217.0  13282.0 
14218.0  13283.0 
14219.0  13284.0 
14220.0  13285.0 
14221.0  13286.0 
14222.0  13287.0 
14223.0  13288.0 
14224.0  13289.0 
14225.0  13290.0 
14226.0  13291.0 
14227.0  13292.0 
14228.0  13293.0 
14229.12  14322.13 
14229.12  13294.12 
14230.12  14322.13 
14230.12  13295.12 
14231.0  13296.0 
14232.0  13297.0 
14233.0  13298.0 
14234.0  13299.0 
14235.0  13300.0 
14236.0  13301.0 
14237.0  13302.0 
14238.0  13303.0 
14239.0  13304.0 
14240.0  13305.0 
14241.0  13306.0 
14242.0  13307.0 
14243.0  13308.0 
14244.0  13309.0 
14245.0  13310.0 
14246.0  13311.0 
14247.0  13312.0 
14248.0  13313.0 
14249.0  13314.0 
14250.0  13315.0 
14251.0  13316.0 
14252.1  13876.1 
14252.2  13876.2 
14252.3  13876.3 
14252.4  13876.4 
14252.5  13876.8 
14252.6  13876.9 
14252.7  13876.10 
14253.0  13318.0 
14254.0  13319.0 
14255.0  13320.0 
14256.0  13321.0 
14257.0  13322.0 
14258.0  13323.0 
14259.0  13324.0 
14260.0  13325.0 
14261.0  13326.0 
14262.0  13327.0 
14263.0  13328.0 
14264.0  13329.0 
14265.0  13330.0 
14266.0  13331.0 
14267.0  13332.0 
14268.1  14322.14 
14269.0  13334.0 
14270.24  14322.14 
14270.24  13335.24 
14270.25  13876.5 
14271.24  14322.14 
14271.24  13336.24 
14271.25  13876.7 
14272.0  13337.0 
14273.0  13338.0 
14274.0  13339.0 
14275.0  13340.0 
14276.0  13341.0 
14277.0  13342.0 
14278.0  13343.0 
14279.0  13344.0 
14280.0  13345.0 
14281.0  13346.0 
14282.0  13347.0 
14283.1  14323.1 
14283.2  14324.1 
14283.3  14325.1 
14284.0  13349.0 
14285.0  13350.0 
14286.0  13351.0 
14287.0  13352.0 
14288.0  13353.0 
14289.0  13354.0 
14290.0  13355.0 
14291.0  13356.0 
14292.12  13357.12 
14292.13  13876.6 
14293.0  13358.0 
14294.0  13359.0 
14295.0  13360.0 
14296.0  13361.0 
14297.28  14322.11 
14297.29  14322.13 
14297.29  13362.29 
14298.0  13363.0 
14300.1  14326.1 
14301.0  13366.0 
14302.0  13367.0 
14304.0  13369.0 
14305.0  13370.0 
14306.0  13371.0 
14307.0  13372.0 
14308.0  13373.0 
14309.0  13374.0 
14310.0  13375.0 
14311.0  13376.0 
14312.0  13377.0 
14313.0  13378.0 
14314.0  13402.0 
14315.0  13379.0 
14316.1  14328.0 
14316.1  13882.0 
14316.1  14318.0 
14316.1  13887.0 
14316.1  13903.0 
14316.1  13923.0 
14316.1  14043.0 
14316.1  13928.0 
14316.1  14329.1 
14316.1  14330.1 
14316.1  14331.1 
14316.1  14332.1 
14316.1  14333.1 
14317.0  13381.0 
14318.0  13382.0 
14319.1  14334.1 
14320.1  14335.1 
14321.1  14336.1 
14322.11  13402.0 
14322.12  13403.0 
14322.13  13362.28 
14322.14  14337.1 
14322.15  13317.8 
14322.15  12941.15 
14323.1  14339.0 
14323.1  13882.0 
14323.1  14340.0 
14323.1  14341.0 
14323.1  13903.0 
14323.1  14342.0 
14323.1  14085.0 
14323.1  14343.0 
14323.1  13887.0 
14323.1  14097.0 
14323.1  14344.0 
14323.1  13923.0 
14323.1  14345.2 
14324.1  14347.0 
14324.1  13882.0 
14324.1  14340.0 
14324.1  14341.0 
14324.1  14085.0 
14324.1  13903.0 
14324.1  14342.0 
14324.1  13887.0 
14324.1  14343.0 
14324.1  14097.0 
14324.1  14348.0 
14324.1  13923.0 
14324.1  14283.1 
14325.1  14349.0 
14325.1  13882.0 
14325.1  13903.0 
14325.1  14283.2 
14326.1  14351.0 
14326.1  13882.0 
14326.1  14352.0 
14326.1  13903.0 
14326.1  13923.0 
14326.1  13928.0 
14326.1  13922.0 
14326.1  14353.1 
14326.1  14353.2 
14326.1  14353.3 
14326.1  14353.4 
14326.1  14353.5 
14326.1  14353.6 
14326.1  14353.7 
14327.1  14354.0 
14327.1  13882.0 
14327.1  13903.0 
14328.0  13392.0 
14329.1  14355.1 
14330.1  14356.1 
14331.1  14357.1 
14332.1  14358.1 
14333.1  14359.1 
14334.1  14360.0 
14334.1  13882.0 
14334.1  13903.0 
14334.1  13923.0 
14335.1  14361.0 
14335.1  13882.0 
14335.1  13903.0 
14335.1  13923.0 
14336.1  14363.0 
14336.1  13882.0 
14336.1  13903.0 
14337.1  14322.11 
14338.1  13882.0 
14338.1  14318.0 
14338.1  13887.0 
14338.1  13903.0 
14338.1  13923.0 
14338.1  14043.0 
14338.1  13928.0 
14339.0  13406.0 
14340.0  13407.0 
14341.0  13408.0 
14342.0  13409.0 
14343.0  13410.0 
14345.1  14364.1 
14345.2  14365.1 
14346.1  14367.0 
14346.1  13882.0 
14346.1  14318.0 
14346.1  13887.0 
14346.1  13903.0 
14346.1  13923.0 
14346.1  14043.0 
14346.1  13928.0 
14346.1  13929.0 
14346.1  13930.0 
14346.1  13931.0 
14346.1  14368.1 
14346.1  14369.1 
14346.2  14370.1 
14346.3  14371.1 
14347.0  13414.0 
14349.0  13416.0 
14350.1  14372.0 
14350.1  13882.0 
14350.1  14318.0 
14350.1  13887.0 
14350.1  13903.0 
14350.1  13923.0 
14350.1  14043.0 
14350.1  13928.0 
14351.0  13418.0 
14352.0  13419.0 
14353.1  14373.1 
14353.2  14373.2 
14353.3  14373.3 
14353.4  14373.4 
14353.5  14373.5 
14353.6  14373.6 
14353.7  14373.7 
14354.0  13421.0 
14355.1  14361.0 
14355.1  13882.0 
14355.1  13903.0 
14355.1  13923.0 
14356.1  14360.0 
14356.1  13882.0 
14356.1  13903.0 
14356.1  13923.0 
14357.1  14374.0 
14357.1  13882.0 
14357.1  13903.0 
14357.1  13923.0 
14358.1  14374.0 
14358.1  13882.0 
14358.1  13903.0 
14358.1  13923.0 
14359.1  14374.0 
14359.1  13882.0 
14359.1  13903.0 
14359.1  13923.0 
14360.0  13427.0 
14361.0  13428.0 
14363.0  13430.0 
14364.1  14339.0 
14364.1  13882.0 
14364.1  14340.0 
14364.1  14341.0 
14364.1  13903.0 
14364.1  14342.0 
14364.1  14085.0 
14364.1  14343.0 
14364.1  13887.0 
14364.1  14097.0 
14364.1  14376.0 
14364.1  13923.0 
14364.1  14377.1 
14365.1  14347.0 
14365.1  13882.0 
14365.1  14340.0 
14365.1  14341.0 
14365.1  14085.0 
14365.1  13903.0 
14365.1  14342.0 
14365.1  13887.0 
14365.1  14343.0 
14365.1  14097.0 
14365.1  14379.0 
14365.1  13923.0 
14365.1  14345.1 
14366.1  14347.0 
14366.1  13882.0 
14366.1  14340.0 
14366.1  14341.0 
14366.1  14085.0 
14366.1  13903.0 
14366.1  14342.0 
14366.1  13887.0 
14366.1  14343.0 
14366.1  14097.0 
14366.1  14380.0 
14366.1  13923.0 
14367.0  13434.0 
14368.1  14381.0 
14369.1  14382.1 
14370.1  14383.1 
14371.1  14384.1 
14372.0  13439.0 
14373.1  14385.0 
14373.1  13882.0 
14373.1  14386.0 
14373.1  13887.0 
14373.1  13903.0 
14373.1  14387.0 
14373.1  13923.0 
14373.1  14388.0 
14373.1  14389.0 
14373.1  14043.0 
14373.1  14390.0 
14373.1  14391.0 
14373.1  14392.0 
14373.1  13928.0 
14373.1  14393.0 
14373.1  14394.0 
14373.1  14395.0 
14373.1  14396.0 
14373.1  14397.0 
14373.1  14398.0 
14373.1  14399.0 
14373.1  14400.0 
14373.1  14401.0 
14373.1  14402.0 
14373.1  14403.0 
14373.1  14404.0 
14373.1  14405.0 
14373.1  14406.0 
14373.1  14407.0 
14373.1  14408.0 
14373.1  14409.0 
14373.1  14410.0 
14373.1  14411.0 
14373.1  14412.0 
14373.1  14413.0 
14373.1  14414.0 
14373.1  14415.0 
14373.1  14416.0 
14373.1  14417.0 
14373.1  14418.0 
14373.1  14419.0 
14373.1  14420.0 
14373.1  14421.0 
14373.1  14422.0 
14373.1  14423.0 
14373.1  14424.0 
14373.1  14425.0 
14373.1  14426.0 
14373.1  14427.0 
14373.1  14428.0 
14373.1  14429.0 
14373.1  14430.0 
14373.1  14431.0 
14373.1  14432.0 
14373.1  14433.0 
14373.1  14434.0 
14373.1  14435.0 
14373.1  14436.0 
14373.1  14437.0 
14373.1  14438.0 
14373.1  14439.0 
14373.1  14440.0 
14373.1  14441.0 
14373.1  14442.0 
14373.1  14443.0 
14373.1  14444.0 
14373.1  14445.0 
14373.1  14446.0 
14373.1  14447.0 
14373.1  14448.0 
14373.1  14449.0 
14373.1  14450.0 
14373.1  14451.0 
14373.1  14452.0 
14373.1  14453.0 
14373.1  14454.0 
14373.1  14455.0 
14373.1  14456.0 
14373.1  14457.0 
14373.1  14458.0 
14373.1  14459.0 
14373.1  14460.0 
14373.1  14461.0 
14373.1  14462.0 
14373.1  14463.0 
14373.1  14464.0 
14373.2  14465.0 
14373.2  14466.0 
14373.2  14467.0 
14373.2  14468.0 
14373.2  14469.0 
14373.2  14470.0 
14373.2  14471.0 
14373.2  14472.0 
14373.2  14473.0 
14373.2  14474.0 
14373.2  14475.0 
14373.2  14476.0 
14373.2  14477.0 
14373.2  14478.0 
14373.2  14479.0 
14373.2  14480.0 
14373.2  14481.0 
14373.2  14482.0 
14373.2  14483.0 
14373.2  14484.0 
14373.2  14485.0 
14373.2  14486.0 
14373.2  14487.0 
14373.2  14488.0 
14373.2  14489.0 
14373.2  14490.0 
14373.2  14491.0 
14373.2  14492.0 
14373.2  14493.0 
14373.2  14494.0 
14373.2  14495.0 
14373.2  14496.0 
14373.2  14497.0 
14373.2  14498.0 
14373.2  14499.0 
14373.2  14500.0 
14373.2  14501.0 
14373.2  14502.0 
14373.2  14503.0 
14373.2  14504.0 
14373.2  14505.0 
14373.2  14506.0 
14373.2  14507.0 
14373.2  14508.0 
14373.2  14509.0 
14373.2  14510.0 
14373.2  14511.0 
14373.2  14512.0 
14373.2  14513.0 
14373.2  14514.0 
14373.2  14515.0 
14373.2  14516.0 
14373.2  14517.0 
14373.2  14518.0 
14373.2  14519.0 
14373.2  14520.0 
14373.2  14521.0 
14373.2  14522.0 
14373.2  14523.0 
14373.2  14524.0 
14373.2  14525.0 
14373.2  14526.0 
14373.2  14527.0 
14373.2  14528.0 
14373.2  14529.0 
14373.2  14530.0 
14373.2  14531.0 
14373.2  14532.0 
14373.2  14533.0 
14373.2  14534.0 
14373.2  14535.0 
14373.2  14536.0 
14373.2  14537.0 
14373.2  14538.0 
14373.2  14539.0 
14373.2  14540.0 
14373.2  14541.0 
14373.2  14542.0 
14373.2  14543.0 
14373.2  14544.0 
14373.2  14545.0 
14373.2  14546.0 
14373.2  14547.0 
14373.2  14548.0 
14373.3  14549.0 
14373.3  14550.0 
14373.3  14551.0 
14373.3  14552.0 
14373.3  14553.0 
14373.3  14554.0 
14373.3  14555.0 
14373.3  14556.0 
14373.3  14557.0 
14373.3  14558.0 
14373.3  14559.0 
14373.3  14560.0 
14373.3  14561.0 
14373.3  14562.0 
14373.3  14563.0 
14373.3  14564.0 
14373.3  14565.0 
14373.3  14566.0 
14373.3  14567.0 
14373.3  14568.0 
14373.3  14569.0 
14373.3  14570.0 
14373.3  14571.0 
14373.3  14572.0 
14373.3  14573.0 
14373.3  14574.0 
14373.3  14575.0 
14373.3  14576.0 
14373.3  14577.0 
14373.3  14578.0 
14373.3  14579.0 
14373.3  14580.0 
14373.3  14581.0 
14373.3  14582.0 
14373.3  14583.0 
14373.3  14584.0 
14373.3  14585.0 
14373.3  14586.0 
14373.3  14587.0 
14373.3  14588.0 
14373.3  14589.0 
14373.3  14590.0 
14373.3  14591.0 
14373.3  14592.0 
14373.3  14593.0 
14373.3  14594.0 
14373.3  14595.0 
14373.3  14596.0 
14373.3  14597.0 
14373.3  14598.0 
14373.3  14599.0 
14373.3  14600.0 
14373.3  14601.0 
14373.3  14602.0 
14373.3  14603.0 
14373.3  14604.0 
14373.3  14605.0 
14373.3  14606.0 
14373.3  14607.0 
14373.3  14608.0 
14373.3  14609.0 
14373.3  14610.0 
14373.3  14611.0 
14373.3  14612.0 
14373.3  14613.0 
14373.3  14614.0 
14373.3  14615.0 
14373.3  14616.0 
14373.3  14617.0 
14373.3  14618.0 
14373.4  14619.0 
14373.4  14620.0 
14373.4  14621.0 
14373.4  14622.0 
14373.4  14623.0 
14373.4  14624.0 
14373.4  14625.0 
14373.4  14626.0 
14373.4  14627.0 
14373.4  14628.0 
14373.4  14629.0 
14373.4  14630.0 
14373.4  14631.0 
14373.4  14632.0 
14373.4  14633.0 
14373.4  14634.0 
14373.4  14635.0 
14373.4  14636.0 
14373.4  14637.0 
14373.4  14638.0 
14373.4  14639.0 
14373.4  14640.0 
14373.4  14641.0 
14373.4  14642.0 
14373.4  14643.0 
14373.4  14644.0 
14373.4  14645.0 
14373.4  14646.0 
14373.4  14647.0 
14373.4  14648.0 
14373.4  14649.0 
14373.4  14650.0 
14373.4  14651.0 
14373.4  14652.0 
14373.4  14653.0 
14373.4  14654.0 
14373.4  14655.0 
14373.4  14656.0 
14373.4  14657.0 
14373.5  14658.0 
14373.5  14659.0 
14373.5  14660.0 
14373.5  14661.0 
14373.5  14662.0 
14373.5  14663.0 
14373.5  14664.0 
14373.5  14665.0 
14373.5  14666.0 
14373.5  14667.0 
14373.5  14668.0 
14373.5  14669.0 
14373.5  14670.0 
14373.5  14671.0 
14373.5  14672.0 
14373.5  14673.0 
14373.5  14674.0 
14373.5  14675.0 
14373.5  14676.0 
14373.5  14677.0 
14373.5  14678.0 
14373.5  14679.0 
14373.5  14680.0 
14373.5  14681.0 
14373.5  14682.0 
14373.5  14683.0 
14373.5  14684.0 
14373.5  14685.0 
14373.5  14686.0 
14373.5  14687.0 
14373.5  14688.0 
14373.5  14689.0 
14373.5  14690.0 
14373.5  14691.0 
14373.5  14692.0 
14373.5  14693.0 
14373.5  14694.0 
14373.5  14695.0 
14373.5  14696.0 
14373.5  14697.0 
14373.5  14698.0 
14373.5  14699.0 
14373.5  14700.0 
14373.5  14701.0 
14373.5  14702.0 
14373.5  14703.0 
14373.5  14704.0 
14373.5  14705.0 
14373.6  14706.0 
14373.6  14707.0 
14373.6  14708.0 
14373.6  14709.0 
14373.6  14710.0 
14373.6  14711.0 
14373.6  14712.0 
14373.6  14713.0 
14373.6  14714.0 
14373.6  14715.0 
14373.6  14716.0 
14373.6  14717.0 
14373.6  14718.0 
14373.6  14719.0 
14373.6  14720.0 
14373.6  14721.0 
14373.6  14722.0 
14373.6  14723.0 
14373.6  14724.0 
14373.6  14725.0 
14373.6  14726.0 
14373.6  14727.0 
14373.6  14728.0 
14373.6  14729.0 
14373.6  14730.0 
14373.6  14731.0 
14373.6  14732.0 
14373.6  14733.0 
14373.6  14734.0 
14373.6  14735.0 
14373.7  14736.0 
14373.7  14737.0 
14373.7  14738.0 
14373.7  14739.0 
14373.7  14740.0 
14373.7  14741.0 
14373.7  14742.0 
14373.7  14743.0 
14373.7  14744.0 
14373.7  14745.0 
14373.7  14746.0 
14373.7  14747.0 
14373.7  14748.0 
14373.7  14749.0 
14373.7  14750.0 
14373.7  14751.0 
14373.7  14752.0 
14373.7  14753.0 
14373.7  14754.0 
14373.7  14755.0 
14373.7  14756.0 
14373.7  14757.0 
14373.7  14758.0 
14373.7  14759.0 
14373.7  14760.0 
14373.7  14761.0 
14373.7  14762.0 
14373.7  14763.0 
14373.7  14764.0 
14373.7  14765.0 
14373.7  14766.0 
14373.7  14767.0 
14373.7  14768.0 
14373.7  14769.0 
14373.7  14770.0 
14373.7  14771.0 
14373.7  14772.0 
14373.7  14773.0 
14373.7  14774.0 
14373.7  14775.0 
14373.7  14776.0 
14373.7  14777.0 
14373.7  14778.0 
14373.7  14779.0 
14373.7  14780.0 
14373.7  14781.0 
14373.7  14782.0 
14374.0  13441.0 
14375.1  14784.0 
14375.1  12947.0 
14375.1  13382.0 
14375.1  12952.0 
14375.1  12968.0 
14375.1  12988.0 
14375.1  13108.0 
14375.1  12993.0 
14375.1  12994.0 
14375.1  12995.0 
14375.1  12996.0 
14375.1  14785.1 
14375.1  14786.1 
14375.1  12987.0 
14375.1  13001.0 
14375.1  14787.1 
14377.1  14788.1 
14378.1  13405.1 
14382.1  14790.0 
14382.1  13882.0 
14382.1  13903.0 
14382.1  13923.0 
14382.1  13928.0 
14382.1  14791.1 
14383.1  14790.0 
14383.1  13882.0 
14383.1  13903.0 
14383.1  13923.0 
14383.1  13928.0 
14383.1  14793.1 
14384.1  14790.0 
14384.1  13882.0 
14384.1  13903.0 
14384.1  13923.0 
14384.1  13928.0 
14384.1  14795.1 
14385.0  13452.0 
14386.0  13453.0 
14387.0  13454.0 
14389.0  13456.0 
14390.0  13457.0 
14391.0  13458.0 
14392.0  13459.0 
14393.0  13460.0 
14394.0  13461.0 
14395.0  13462.0 
14396.0  13463.0 
14397.0  13464.0 
14398.0  13465.0 
14399.0  13466.0 
14400.0  13467.0 
14401.0  13468.0 
14402.0  13469.0 
14403.0  13470.0 
14404.0  13471.0 
14405.0  13472.0 
14406.0  13473.0 
14407.0  13474.0 
14408.0  13475.0 
14409.0  13476.0 
14410.0  13477.0 
14411.0  13478.0 
14412.0  13479.0 
14413.0  13480.0 
14414.0  13481.0 
14415.0  13482.0 
14416.0  13483.0 
14417.0  13484.0 
14418.0  13485.0 
14419.0  13486.0 
14420.0  13487.0 
14421.0  13488.0 
14422.0  13489.0 
14423.0  13490.0 
14424.0  13491.0 
14425.0  13492.0 
14426.0  13493.0 
14427.0  13494.0 
14428.0  13495.0 
14429.0  13496.0 
14430.0  13497.0 
14431.0  13498.0 
14432.0  13499.0 
14433.0  13500.0 
14434.0  13501.0 
14435.0  13502.0 
14436.0  13503.0 
14437.0  13504.0 
14438.0  13505.0 
14439.0  13506.0 
14440.0  13507.0 
14441.0  13508.0 
14442.0  13509.0 
14443.0  13510.0 
14444.0  13511.0 
14445.0  13512.0 
14446.0  13513.0 
14447.0  13514.0 
14448.0  13515.0 
14449.0  13516.0 
14450.0  13517.0 
14451.0  13518.0 
14452.0  13519.0 
14453.0  13520.0 
14454.0  13521.0 
14455.0  13522.0 
14456.0  13523.0 
14457.0  13524.0 
14458.0  13525.0 
14459.0  13526.0 
14460.0  13527.0 
14461.0  13528.0 
14462.0  13529.0 
14463.0  13530.0 
14464.0  13531.0 
14465.0  13532.0 
14466.0  13533.0 
14467.0  13534.0 
14468.0  13535.0 
14469.0  13536.0 
14470.0  13537.0 
14471.0  13538.0 
14472.0  13539.0 
14473.0  13540.0 
14474.0  13541.0 
14475.0  13542.0 
14476.0  13543.0 
14477.0  13544.0 
14478.0  13545.0 
14479.0  13546.0 
14480.0  13547.0 
14481.0  13548.0 
14482.0  13549.0 
14483.0  13550.0 
14484.0  13551.0 
14485.0  13552.0 
14486.0  13553.0 
14487.0  13554.0 
14488.0  13555.0 
14489.0  13556.0 
14490.0  13557.0 
14491.0  13558.0 
14492.0  13559.0 
14493.0  13560.0 
14494.0  13561.0 
14495.0  13562.0 
14496.0  13563.0 
14497.0  13564.0 
14498.0  13565.0 
14499.0  13566.0 
14500.0  13567.0 
14501.0  13568.0 
14502.0  13569.0 
14503.0  13570.0 
14504.0  13571.0 
14505.0  13572.0 
14506.0  13573.0 
14507.0  13574.0 
14508.0  13575.0 
14509.0  13576.0 
14510.0  13577.0 
14511.0  13578.0 
14512.0  13579.0 
14513.0  13580.0 
14514.0  13581.0 
14515.0  13582.0 
14516.0  13583.0 
14517.0  13584.0 
14518.0  13585.0 
14519.0  13586.0 
14520.0  13587.0 
14521.0  13588.0 
14522.0  13589.0 
14523.0  13590.0 
14524.0  13591.0 
14525.0  13592.0 
14526.0  13593.0 
14527.0  13594.0 
14528.0  13595.0 
14529.0  13596.0 
14530.0  13597.0 
14531.0  13598.0 
14532.0  13599.0 
14533.0  13600.0 
14534.0  13601.0 
14535.0  13602.0 
14536.0  13603.0 
14537.0  13604.0 
14538.0  13605.0 
14539.0  13606.0 
14540.0  13607.0 
14541.0  13608.0 
14542.0  13609.0 
14543.0  13610.0 
14544.0  13611.0 
14545.0  13612.0 
14546.0  13613.0 
14547.0  13614.0 
14548.0  13615.0 
14549.0  13616.0 
14550.0  13617.0 
14551.0  13618.0 
14552.0  13619.0 
14553.0  13620.0 
14554.0  13621.0 
14555.0  13622.0 
14556.0  13623.0 
14557.0  13624.0 
14558.0  13625.0 
14559.0  13626.0 
14560.0  13627.0 
14561.0  13628.0 
14562.0  13629.0 
14563.0  13630.0 
14564.0  13631.0 
14565.0  13632.0 
14566.0  13633.0 
14567.0  13634.0 
14568.0  13635.0 
14569.0  13636.0 
14570.0  13637.0 
14571.0  13638.0 
14572.0  13639.0 
14573.0  13640.0 
14574.0  13641.0 
14575.0  13642.0 
14576.0  13643.0 
14577.0  13644.0 
14578.0  13645.0 
14579.0  13646.0 
14580.0  13647.0 
14581.0  13648.0 
14583.0  13650.0 
14584.0  13651.0 
14585.0  13652.0 
14586.0  13653.0 
14587.0  13654.0 
14588.0  13655.0 
14589.0  13656.0 
14590.0  13657.0 
14591.0  13658.0 
14592.0  13659.0 
14593.0  13660.0 
14594.0  13661.0 
14595.0  13662.0 
14596.0  13663.0 
14597.0  13664.0 
14598.0  13665.0 
14599.0  13666.0 
14600.0  13667.0 
14601.0  13668.0 
14602.0  13669.0 
14603.0  13670.0 
14604.0  13671.0 
14605.0  13672.0 
14606.0  13673.0 
14607.0  13674.0 
14608.0  13675.0 
14609.0  13676.0 
14610.0  13677.0 
14611.0  13678.0 
14612.0  13679.0 
14613.0  13680.0 
14614.0  13681.0 
14615.0  13682.0 
14616.0  13683.0 
14617.0  13684.0 
14618.0  13685.0 
14619.0  13686.0 
14620.0  13687.0 
14621.0  13688.0 
14622.0  13689.0 
14623.0  13690.0 
14624.0  13691.0 
14625.0  13692.0 
14626.0  13693.0 
14627.0  13694.0 
14628.0  13695.0 
14629.0  13696.0 
14630.0  13697.0 
14631.0  13698.0 
14632.0  13699.0 
14633.0  13700.0 
14634.0  13701.0 
14635.0  13702.0 
14636.0  13703.0 
14637.0  13704.0 
14638.0  13705.0 
14639.0  13706.0 
14640.0  13707.0 
14641.0  13708.0 
14642.0  13709.0 
14643.0  13710.0 
14644.0  13711.0 
14645.0  13712.0 
14646.0  13713.0 
14647.0  13714.0 
14648.0  13715.0 
14649.0  13716.0 
14650.0  13717.0 
14651.0  13718.0 
14652.0  13719.0 
14653.0  13720.0 
14654.0  13721.0 
14655.0  13722.0 
14656.0  13723.0 
14657.0  13724.0 
14658.0  13725.0 
14659.0  13726.0 
14660.0  13727.0 
14661.0  13728.0 
14662.0  13729.0 
14663.0  13730.0 
14664.0  13731.0 
14665.0  13732.0 
14666.0  13733.0 
14667.0  13734.0 
14668.0  13735.0 
14669.0  13736.0 
14670.0  13737.0 
14671.0  13738.0 
14672.0  13739.0 
14673.0  13740.0 
14674.0  13741.0 
14675.0  13742.0 
14676.0  13743.0 
14677.0  13744.0 
14678.0  13745.0 
14679.0  13746.0 
14680.0  13747.0 
14681.0  13748.0 
14682.0  13749.0 
14683.0  13750.0 
14684.0  13751.0 
14685.0  13752.0 
14686.0  13753.0 
14687.0  13754.0 
14688.0  13755.0 
14689.0  13756.0 
14690.0  13757.0 
14691.0  13758.0 
14692.0  13759.0 
14693.0  13760.0 
14694.0  13761.0 
14695.0  13762.0 
14696.0  13763.0 
14697.0  13764.0 
14698.0  13765.0 
14699.0  13766.0 
14700.0  13767.0 
14701.0  13768.0 
14702.0  13769.0 
14703.0  13770.0 
14704.0  13771.0 
14705.0  13772.0 
14706.0  13773.0 
14707.0  13774.0 
14708.0  13775.0 
14709.0  13776.0 
14710.0  13777.0 
14711.0  13778.0 
14712.0  13779.0 
14713.0  13780.0 
14714.0  13781.0 
14715.0  13782.0 
14716.0  13783.0 
14717.0  13784.0 
14718.0  13785.0 
14719.0  13786.0 
14720.0  13787.0 
14721.0  13788.0 
14722.0  13789.0 
14723.0  13790.0 
14724.0  13791.0 
14725.0  13792.0 
14726.0  13793.0 
14727.0  13794.0 
14728.0  13795.0 
14729.0  13796.0 
14730.0  13797.0 
14731.0  13798.0 
14732.0  13799.0 
14733.0  13800.0 
14734.0  13801.0 
14735.0  13802.0 
14736.0  13803.0 
14737.0  13804.0 
14738.0  13805.0 
14739.0  13806.0 
14740.0  13807.0 
14741.0  13808.0 
14742.0  13809.0 
14743.0  13810.0 
14744.0  13811.0 
14745.0  13812.0 
14746.0  13813.0 
14747.0  13814.0 
14748.0  13815.0 
14749.0  13816.0 
14750.0  13817.0 
14751.0  13818.0 
14752.0  13819.0 
14753.0  13820.0 
14783.1  13406.0 
14783.1  12947.0 
14783.1  13407.0 
14783.1  13408.0 
14783.1  12968.0 
14783.1  13409.0 
14783.1  13150.0 
14783.1  13410.0 
14783.1  12952.0 
14783.1  13162.0 
14783.1  14796.0 
14783.1  12988.0 
14783.1  13348.3 
14784.0  12910.0 
14785.1  14797.1 
14786.1  14798.1 
14787.1  14799.1 
14788.1  14800.0 
14788.1  12947.0 
14788.1  12968.0 
14788.1  14801.3 
14790.0  13856.0 
14791.1  14802.0 
14793.1  14803.0 
14795.1  14804.0 
14797.1  13856.0 
14797.1  12947.0 
14797.1  12968.0 
14797.1  12988.0 
14797.1  12993.0 
14797.1  14806.1 
14798.1  14807.0 
14798.1  12947.0 
14798.1  12968.0 
14798.1  12988.0 
14798.1  14808.3 
14799.1  14807.0 
14799.1  12947.0 
14799.1  12968.0 
14799.1  12988.0 
14799.1  14809.7 
14800.0  12926.0 
14801.3  13348.3 
14806.1  14810.0 
14807.0  12933.0 
14808.2  12934.2 
14808.3  14811.1 
14808.4  14346.1 
14809.6  12935.6 
14809.7  14811.2 
14809.8  14346.2 
14811.3  13413.3 
13876.0  13877.0 
13877.0  14316.0 
14316.0  14327.0 
14323.0  14338.0 
14324.0  14346.0 
14325.0  14346.0 
14326.0  14350.0 
14327.0  14338.0 
14334.0  13877.0 
14335.0  13877.0 
14336.0  14362.0 
14346.0  14366.0 
14350.0  13876.0 
14355.0  14316.0 
14356.0  14316.0 
14357.0  14316.0 
14358.0  14316.0 
14359.0  14316.0 
14362.0  13877.0 
14364.0  14375.0 
14365.0  14378.0 
14366.0  14338.0 
14373.0  14350.0 
14375.0  14783.0 
14381.0  14346.0 
14382.0  14789.0 
14383.0  14792.0 
14384.0  14794.0 
14783.0  14378.0 
14788.0  14375.0 
14789.0  14346.0 
14792.0  14346.0 
14794.0  14346.0 
14797.0  14805.0 
14798.0  14375.0 
14799.0  14375.0 
14802.0  14789.0 
14803.0  14792.0 
14804.0  14794.0 
14805.0  14375.0 
14810.0  14805.0 
13875.1  13876.11 
14812.1  13876.11 
14813.1  13876.11 
