29480.1  29482.0 
29480.1  29483.0 
29480.1  29484.0 
29480.1  29485.0 
29480.1  29486.0 
29480.1  29487.0 
29480.1  29488.0 
29480.1  29489.0 
29480.1  29490.0 
29480.1  29491.0 
29480.1  29492.0 
29480.1  29493.0 
29481.1  29495.0 
29481.1  29483.0 
29481.1  29486.0 
29482.0  28532.0 
29483.0  28533.0 
29484.0  28534.0 
29485.0  28535.0 
29486.0  28536.0 
29487.0  28537.0 
29488.0  28538.0 
29489.0  28539.0 
29492.0  28542.0 
29493.0  195.0 
29494.1  29483.0 
29494.1  29496.0 
29494.1  29487.0 
29494.1  29486.0 
29494.1  29492.0 
29494.1  29497.0 
29494.1  29498.0 
29495.0  28545.0 
29496.0  28546.0 
29497.0  28547.0 
29498.0  28548.0 
29479.1  29480.1 
29500.1  29502.0 
29500.1  29503.0 
29500.1  29504.0 
29500.1  29505.0 
29500.1  29483.0 
29500.1  29506.0 
29500.1  29507.0 
29500.1  29508.0 
29500.1  29509.0 
29500.1  29487.0 
29500.1  29510.0 
29500.1  29511.0 
29500.1  29512.0 
29500.1  29513.0 
29500.1  29514.0 
29500.1  29515.0 
29500.1  29516.0 
29500.1  29517.0 
29500.1  29518.0 
29500.1  29519.0 
29500.1  29520.0 
29500.1  29521.0 
29500.1  29522.0 
29500.1  29523.0 
29500.1  29524.0 
29500.1  29486.0 
29500.1  29525.0 
29500.1  29526.0 
29500.1  29527.0 
29500.1  29528.0 
29500.1  29529.0 
29500.1  29530.0 
29500.1  29531.0 
29500.1  29532.0 
29500.1  29533.0 
29500.1  29534.0 
29500.1  29535.0 
29500.1  29536.0 
29500.1  29537.0 
29500.1  29538.0 
29500.1  29539.0 
29500.1  29540.0 
29500.1  29541.0 
29500.1  29542.0 
29500.1  29543.0 
29500.1  29492.0 
29500.1  29544.0 
29500.1  29545.0 
29500.1  29546.0 
29500.1  29547.0 
29500.1  29498.0 
29500.1  29548.0 
29500.1  29549.0 
29500.1  29550.0 
29500.1  29551.0 
29500.1  29552.0 
29500.1  29553.0 
29500.1  29554.0 
29500.1  29555.0 
29500.1  29556.0 
29500.1  29557.0 
29500.1  29558.0 
29500.1  29559.0 
29500.1  29560.0 
29500.1  29561.0 
29500.1  29562.0 
29500.1  29563.0 
29500.1  29564.0 
29500.1  29565.0 
29500.1  29566.0 
29500.1  29567.0 
29500.1  29568.0 
29500.1  29569.0 
29500.1  29570.0 
29500.1  29571.0 
29500.1  29572.0 
29500.1  29573.0 
29500.1  29574.0 
29500.1  29575.0 
29500.1  29576.0 
29500.1  29577.0 
29500.1  29578.0 
29500.1  29579.0 
29500.1  29580.0 
29500.1  29581.0 
29500.1  29582.0 
29500.1  29583.0 
29500.1  29584.0 
29500.1  29585.0 
29500.1  29586.0 
29500.1  29587.0 
29500.1  29588.0 
29500.1  29589.0 
29500.1  29590.0 
29500.1  29591.0 
29500.1  29592.0 
29500.1  29593.0 
29500.1  29594.0 
29500.1  29595.0 
29500.1  29596.0 
29500.1  29597.0 
29500.1  29598.0 
29500.1  29599.0 
29500.1  29600.0 
29500.1  29601.0 
29500.1  29602.0 
29500.1  29603.0 
29500.1  29604.0 
29500.1  29605.0 
29500.1  29606.0 
29500.1  29607.0 
29500.1  29608.0 
29500.1  29609.0 
29500.1  29610.0 
29500.1  29611.0 
29500.1  29612.0 
29500.1  29613.0 
29500.1  29614.0 
29500.1  29615.0 
29500.1  29616.0 
29500.1  29617.0 
29500.1  29618.0 
29500.1  29619.0 
29500.1  29620.0 
29500.1  29621.0 
29500.1  29622.0 
29500.1  29623.0 
29500.1  29624.0 
29500.1  29625.0 
29500.1  29626.0 
29500.1  29627.0 
29500.1  29628.0 
29500.1  29629.0 
29500.1  29630.0 
29500.1  29631.0 
29500.1  29632.0 
29500.1  29633.0 
29500.1  29634.0 
29500.1  29635.0 
29500.1  29636.0 
29500.1  29637.0 
29500.1  29638.0 
29500.1  29639.0 
29500.1  29640.0 
29500.1  29641.0 
29500.1  29642.0 
29500.1  29643.0 
29500.1  29644.0 
29500.1  29645.0 
29500.1  29646.0 
29500.1  29647.0 
29500.1  29648.0 
29500.1  29649.0 
29500.1  29650.0 
29500.1  29651.0 
29500.1  29652.0 
29500.1  29653.0 
29500.1  29654.0 
29500.1  29655.0 
29500.1  29656.0 
29500.1  29657.0 
29500.1  29658.0 
29500.1  29659.0 
29500.1  29660.0 
29500.1  29661.0 
29500.1  29497.0 
29500.1  29662.0 
29500.1  29663.0 
29500.1  29664.0 
29500.1  29665.1 
29500.1  29666.0 
29500.1  29667.0 
29500.1  29668.0 
29500.1  29669.0 
29500.1  29670.0 
29500.1  29671.0 
29500.2  29672.0 
29500.2  29673.0 
29500.2  29674.0 
29500.2  29675.0 
29500.2  29676.0 
29500.2  29677.0 
29500.2  29678.0 
29500.2  29679.0 
29500.2  29680.0 
29500.2  29681.0 
29500.2  29682.0 
29500.2  29683.0 
29500.2  29684.0 
29500.2  29685.0 
29500.2  29686.0 
29500.2  29687.0 
29500.2  29688.0 
29500.2  29689.0 
29500.2  29690.0 
29500.2  29691.0 
29500.2  29692.0 
29500.2  29693.0 
29500.2  29694.0 
29500.2  29695.0 
29500.2  29696.0 
29500.2  29697.0 
29500.2  29698.0 
29500.2  29699.0 
29500.2  29700.0 
29500.2  29701.0 
29500.2  29702.0 
29500.2  29484.0 
29500.2  29703.0 
29500.2  29704.0 
29500.2  29705.0 
29500.2  29706.0 
29500.2  29707.0 
29500.2  29708.0 
29500.2  29709.0 
29500.2  29710.0 
29500.2  29711.0 
29500.2  29712.0 
29500.2  29713.0 
29500.2  29489.0 
29500.2  29714.0 
29500.2  29715.0 
29500.2  29716.0 
29500.2  29717.0 
29500.2  29718.0 
29500.2  29719.0 
29500.2  29720.0 
29500.2  29721.0 
29500.2  29722.0 
29500.2  29723.0 
29500.2  29724.0 
29500.2  29725.0 
29500.2  29726.0 
29500.2  29727.0 
29500.2  29728.0 
29500.2  29729.0 
29500.2  29730.0 
29500.2  29731.0 
29500.2  29732.0 
29500.2  29733.0 
29500.2  29734.0 
29500.2  29735.0 
29500.2  29736.0 
29500.2  29737.0 
29500.2  29738.0 
29500.2  29739.0 
29500.2  29740.0 
29500.2  29741.0 
29500.2  29742.0 
29500.2  29743.0 
29500.2  29744.0 
29500.2  29745.0 
29500.2  29746.0 
29500.2  29747.0 
29500.2  29748.0 
29500.2  29749.0 
29500.2  29750.0 
29500.2  29751.0 
29500.2  29752.0 
29500.2  29753.0 
29500.2  29754.0 
29500.2  29755.0 
29500.2  29756.0 
29500.2  29757.0 
29500.2  29758.0 
29500.2  29759.0 
29500.2  29760.0 
29500.2  29761.0 
29500.2  29762.0 
29500.2  29763.0 
29500.2  29764.0 
29500.2  29765.0 
29500.2  29766.0 
29500.2  29767.0 
29500.2  29768.0 
29500.2  29769.0 
29500.2  29770.0 
29500.2  29771.0 
29500.2  29772.0 
29500.2  29773.0 
29500.2  29774.0 
29500.2  29775.0 
29500.2  29776.0 
29500.2  29777.0 
29500.2  29778.0 
29500.2  29779.0 
29500.2  29780.0 
29500.2  29781.0 
29500.2  29782.0 
29500.2  29783.0 
29500.2  29784.0 
29500.2  29785.0 
29500.2  29786.0 
29500.2  29787.0 
29500.2  29788.0 
29500.2  29789.0 
29500.2  29790.0 
29500.2  29791.0 
29500.2  29792.0 
29500.2  29793.0 
29500.2  29794.0 
29500.2  29795.0 
29500.2  29796.0 
29500.2  29797.0 
29500.2  29798.0 
29500.2  29799.0 
29500.2  29800.0 
29500.2  29801.0 
29500.2  29802.0 
29500.2  29803.0 
29500.2  29804.0 
29500.2  29805.0 
29500.2  29806.0 
29500.2  29807.0 
29500.2  29808.0 
29500.2  29809.0 
29500.2  29810.0 
29500.2  29811.0 
29500.2  29812.0 
29500.2  29813.0 
29500.2  29814.0 
29500.2  29815.0 
29500.2  29816.0 
29500.2  29817.0 
29500.2  29818.0 
29500.2  29819.0 
29500.2  29820.0 
29500.2  29821.0 
29500.2  29822.0 
29500.2  29823.0 
29500.2  29824.0 
29500.2  29825.0 
29500.2  29826.0 
29500.2  29827.0 
29500.2  29828.0 
29500.2  29829.0 
29500.2  29830.1 
29500.2  29831.0 
29500.2  29832.0 
29500.2  29833.0 
29500.2  29834.0 
29500.2  29835.0 
29500.2  29836.0 
29500.2  29837.0 
29500.2  29838.0 
29500.2  29839.0 
29500.2  29840.0 
29500.2  29841.0 
29500.2  29842.0 
29500.2  29843.0 
29500.2  29844.0 
29500.2  29845.30 
29500.2  29846.30 
29500.2  29847.0 
29500.2  29848.0 
29500.2  29849.0 
29500.2  29850.0 
29500.2  29851.0 
29500.2  29852.0 
29500.2  29853.0 
29500.2  29854.0 
29500.2  29855.0 
29500.2  29856.0 
29500.2  29857.0 
29500.2  29858.0 
29500.2  29859.0 
29500.3  29860.0 
29500.3  29861.0 
29500.3  29862.0 
29500.3  29863.0 
29500.3  29864.0 
29500.3  29865.0 
29500.3  29866.0 
29500.3  29867.0 
29500.3  29868.2 
29500.3  29869.0 
29500.3  29870.0 
29500.3  29871.0 
29500.3  29872.0 
29500.3  29873.0 
29500.3  29874.0 
29500.4  29875.0 
29500.4  29876.0 
29500.4  29877.0 
29500.4  29878.0 
29500.4  29479.1 
29500.5  29879.0 
29500.5  29880.0 
29500.5  29881.0 
29500.5  29882.0 
29500.5  29883.0 
29500.5  29884.1 
29500.5  29885.0 
29500.5  29886.60 
29500.5  29887.60 
29500.5  29888.0 
29500.5  29889.0 
29500.6  29890.0 
29500.6  29891.0 
29500.6  29892.0 
29500.6  29893.0 
29500.6  29894.0 
29500.6  29895.0 
29500.6  29488.0 
29500.6  29485.0 
29500.6  29896.0 
29500.6  29897.3 
29500.6  29898.0 
29500.6  29899.0 
29500.6  29900.0 
29500.6  29901.0 
29500.6  29902.0 
29500.6  29903.0 
29500.6  29904.0 
29500.6  29905.0 
29500.6  29906.30 
29500.6  29907.0 
29500.6  29908.0 
29500.7  29909.0 
29500.7  29910.0 
29500.7  29911.73 
29500.7  29912.0 
29500.7  29913.0 
29500.7  29914.1 
29500.7  29915.0 
29500.7  29916.0 
29500.7  29917.0 
29500.7  29918.0 
29500.7  29919.0 
29500.8  29920.0 
29500.8  29921.0 
29500.8  29922.0 
29500.8  29923.0 
29500.8  29924.0 
29500.9  29925.0 
29500.9  29926.0 
29500.9  29927.0 
29500.9  29868.5 
29500.10  29928.0 
29501.1  29930.0 
29501.1  29483.0 
29501.1  29496.0 
29501.1  29487.0 
29501.1  29486.0 
29501.1  29492.0 
29501.1  29497.0 
29501.1  29498.0 
29501.1  29931.1 
29501.1  29932.1 
29501.1  29933.1 
29502.0  28552.0 
29503.0  28553.0 
29504.0  28554.0 
29505.0  28555.0 
29506.0  28556.0 
29507.0  28557.0 
29508.0  28558.0 
29509.0  28559.0 
29510.0  28560.0 
29511.0  28561.0 
29512.0  28562.0 
29513.0  28563.0 
29514.0  28564.0 
29515.0  28565.0 
29516.0  28566.0 
29517.0  28567.0 
29518.0  28568.0 
29519.0  28569.0 
29520.0  28570.0 
29521.0  28571.0 
29522.0  28572.0 
29523.0  28573.0 
29524.0  28574.0 
29525.0  28575.0 
29526.0  28576.0 
29527.0  28577.0 
29528.0  28578.0 
29529.0  28579.0 
29530.0  28580.0 
29531.0  28581.0 
29532.0  28582.0 
29533.0  28583.0 
29534.0  28584.0 
29535.0  28585.0 
29536.0  28586.0 
29537.0  28587.0 
29538.0  28588.0 
29539.0  28589.0 
29540.0  28590.0 
29541.0  28591.0 
29542.0  28592.0 
29543.0  28593.0 
29544.0  28594.0 
29545.0  28595.0 
29546.0  28596.0 
29547.0  28597.0 
29548.0  28598.0 
29549.0  28599.0 
29550.0  28600.0 
29551.0  28601.0 
29552.0  28602.0 
29553.0  28603.0 
29554.0  28604.0 
29555.0  28605.0 
29556.0  28606.0 
29557.0  28607.0 
29558.0  28608.0 
29559.0  28609.0 
29560.0  28610.0 
29561.0  28611.0 
29562.0  28612.0 
29563.0  28613.0 
29564.0  28614.0 
29565.0  28615.0 
29566.0  28616.0 
29567.0  28617.0 
29568.0  28618.0 
29569.0  28619.0 
29570.0  28620.0 
29571.0  28621.0 
29572.0  28622.0 
29573.0  28623.0 
29574.0  28624.0 
29575.0  28625.0 
29576.0  28626.0 
29577.0  28627.0 
29578.0  28628.0 
29579.0  28629.0 
29580.0  28630.0 
29581.0  28631.0 
29582.0  28632.0 
29583.0  28633.0 
29584.0  28634.0 
29585.0  28635.0 
29586.0  28636.0 
29587.0  28637.0 
29588.0  28638.0 
29589.0  28639.0 
29590.0  28640.0 
29591.0  28641.0 
29592.0  28642.0 
29593.0  28643.0 
29594.0  28644.0 
29595.0  28645.0 
29596.0  28646.0 
29597.0  28647.0 
29598.0  28648.0 
29599.0  28649.0 
29600.0  28650.0 
29601.0  28651.0 
29602.0  28652.0 
29603.0  28653.0 
29604.0  28654.0 
29605.0  28655.0 
29606.0  28656.0 
29607.0  28657.0 
29608.0  28658.0 
29609.0  28659.0 
29610.0  28660.0 
29611.0  28661.0 
29612.0  28662.0 
29613.0  28663.0 
29614.0  28664.0 
29615.0  28665.0 
29616.0  28666.0 
29617.0  28667.0 
29618.0  28668.0 
29619.0  28669.0 
29620.0  28670.0 
29621.0  28671.0 
29622.0  28672.0 
29623.0  28673.0 
29624.0  28674.0 
29625.0  28675.0 
29626.0  28676.0 
29627.0  28677.0 
29628.0  28678.0 
29629.0  28679.0 
29630.0  28680.0 
29631.0  28681.0 
29632.0  28682.0 
29633.0  28683.0 
29634.0  28684.0 
29635.0  28685.0 
29636.0  28686.0 
29637.0  28687.0 
29638.0  28688.0 
29639.0  28689.0 
29640.0  28690.0 
29641.0  28691.0 
29642.0  28692.0 
29643.0  28693.0 
29644.0  28694.0 
29645.0  28695.0 
29646.0  28696.0 
29647.0  28697.0 
29648.0  28698.0 
29649.0  28699.0 
29650.0  28700.0 
29651.0  28701.0 
29652.0  28702.0 
29653.0  28703.0 
29654.0  28704.0 
29655.0  28705.0 
29656.0  28706.0 
29657.0  28707.0 
29658.0  28708.0 
29659.0  28709.0 
29660.0  28710.0 
29661.0  28711.0 
29662.0  28712.0 
29663.0  28713.0 
29664.0  28714.0 
29665.1  29934.18 
29666.0  28716.0 
29667.0  28717.0 
29668.0  28718.0 
29669.0  28719.0 
29670.0  28720.0 
29671.0  28721.0 
29672.0  28722.0 
29673.0  28723.0 
29674.0  28724.0 
29675.0  28725.0 
29676.0  28726.0 
29677.0  28727.0 
29678.0  28728.0 
29679.0  28729.0 
29680.0  28730.0 
29681.0  28731.0 
29682.0  28732.0 
29683.0  28733.0 
29684.0  28734.0 
29685.0  28735.0 
29686.0  28736.0 
29687.0  28737.0 
29688.0  28738.0 
29689.0  28739.0 
29690.0  28740.0 
29691.0  28741.0 
29692.0  28742.0 
29693.0  28743.0 
29694.0  28744.0 
29695.0  28745.0 
29696.0  28746.0 
29697.0  28747.0 
29698.0  28748.0 
29699.0  28749.0 
29700.0  28750.0 
29701.0  28751.0 
29702.0  28752.0 
29703.0  28753.0 
29704.0  28754.0 
29705.0  28755.0 
29706.0  28756.0 
29707.0  28757.0 
29708.0  28758.0 
29709.0  28759.0 
29710.0  28760.0 
29711.0  28761.0 
29712.0  28762.0 
29713.0  28763.0 
29715.0  28765.0 
29716.0  28766.0 
29717.0  28767.0 
29718.0  28768.0 
29719.0  28769.0 
29720.0  28770.0 
29721.0  28771.0 
29722.0  28772.0 
29723.0  28773.0 
29724.0  28774.0 
29725.0  28775.0 
29726.0  28776.0 
29727.0  28777.0 
29728.0  28778.0 
29729.0  28779.0 
29730.0  28780.0 
29731.0  28781.0 
29732.0  28782.0 
29733.0  28783.0 
29734.0  28784.0 
29735.0  28785.0 
29736.0  28786.0 
29737.0  28787.0 
29738.0  28788.0 
29739.0  28789.0 
29740.0  28790.0 
29741.0  28791.0 
29742.0  28792.0 
29743.0  28793.0 
29744.0  28794.0 
29745.0  28795.0 
29746.0  28796.0 
29747.0  28797.0 
29748.0  28798.0 
29749.0  28799.0 
29750.0  28800.0 
29751.0  28801.0 
29752.0  28802.0 
29753.0  28803.0 
29754.0  28804.0 
29755.0  28805.0 
29756.0  28806.0 
29757.0  28807.0 
29758.0  28808.0 
29759.0  28809.0 
29760.0  28810.0 
29761.0  28811.0 
29762.0  28812.0 
29763.0  28813.0 
29764.0  28814.0 
29765.0  28815.0 
29766.0  28816.0 
29767.0  28817.0 
29768.0  28818.0 
29769.0  28819.0 
29770.0  28820.0 
29771.0  28821.0 
29772.0  28822.0 
29773.0  28823.0 
29774.0  28824.0 
29775.0  28825.0 
29776.0  28826.0 
29777.0  28827.0 
29778.0  28828.0 
29779.0  28829.0 
29780.0  28830.0 
29781.0  28831.0 
29782.0  28832.0 
29783.0  28833.0 
29784.0  28834.0 
29785.0  28835.0 
29786.0  28836.0 
29787.0  28837.0 
29788.0  28838.0 
29789.0  28839.0 
29790.0  28840.0 
29791.0  28841.0 
29792.0  28842.0 
29793.0  28843.0 
29794.0  28844.0 
29795.0  28845.0 
29796.0  28846.0 
29797.0  28847.0 
29798.0  28848.0 
29799.0  28849.0 
29800.0  28850.0 
29801.0  28851.0 
29802.0  28852.0 
29803.0  28853.0 
29804.0  28854.0 
29805.0  28855.0 
29806.0  28856.0 
29807.0  28857.0 
29808.0  28858.0 
29809.0  28859.0 
29810.0  28860.0 
29811.0  28861.0 
29812.0  28862.0 
29813.0  28863.0 
29814.0  28864.0 
29815.0  28865.0 
29816.0  28866.0 
29817.0  28867.0 
29818.0  28868.0 
29819.0  28869.0 
29820.0  28870.0 
29821.0  28871.0 
29822.0  28872.0 
29823.0  28873.0 
29824.0  28874.0 
29825.0  28875.0 
29826.0  28876.0 
29827.0  28877.0 
29828.0  28878.0 
29829.0  28879.0 
29830.1  29934.16 
29831.0  28881.0 
29832.0  28882.0 
29833.0  28883.0 
29834.0  28884.0 
29835.0  28885.0 
29836.0  28886.0 
29837.0  28887.0 
29838.0  28888.0 
29839.0  28889.0 
29840.0  28890.0 
29841.0  28891.0 
29842.0  28892.0 
29843.0  28893.0 
29844.0  28894.0 
29845.30  29934.17 
29845.30  28895.30 
29846.30  29934.17 
29846.30  28896.30 
29847.0  28897.0 
29848.0  28898.0 
29849.0  28899.0 
29850.0  28900.0 
29851.0  28901.0 
29852.0  28902.0 
29853.0  28903.0 
29854.0  28904.0 
29855.0  28905.0 
29856.0  28906.0 
29857.0  28907.0 
29858.0  28908.0 
29859.0  28909.0 
29860.0  28910.0 
29861.0  28911.0 
29862.0  28912.0 
29863.0  28913.0 
29864.0  28914.0 
29865.0  28915.0 
29866.0  28916.0 
29867.0  28917.0 
29868.1  29500.1 
29868.2  29500.2 
29868.3  29500.3 
29868.4  29500.4 
29868.5  29500.8 
29868.6  29500.9 
29869.0  28919.0 
29870.0  28920.0 
29871.0  28921.0 
29872.0  28922.0 
29873.0  28923.0 
29874.0  28924.0 
29875.0  28925.0 
29876.0  28926.0 
29877.0  28927.0 
29878.0  28928.0 
29879.0  28929.0 
29880.0  28930.0 
29881.0  28931.0 
29882.0  28932.0 
29883.0  28933.0 
29884.1  29934.18 
29885.0  28935.0 
29886.60  29934.18 
29886.60  28936.60 
29886.61  29500.5 
29887.60  29934.18 
29887.60  28937.60 
29887.61  29500.7 
29888.0  28938.0 
29889.0  28939.0 
29890.0  28940.0 
29891.0  28941.0 
29892.0  28942.0 
29893.0  28943.0 
29894.0  28944.0 
29895.0  28945.0 
29896.0  28946.0 
29897.1  29935.1 
29897.2  29936.1 
29897.3  29937.1 
29898.0  28948.0 
29899.0  28949.0 
29900.0  28950.0 
29901.0  28951.0 
29902.0  28952.0 
29903.0  28953.0 
29904.0  28954.0 
29905.0  28955.0 
29906.30  28956.30 
29906.31  29500.6 
29907.0  28957.0 
29908.0  28958.0 
29909.0  28959.0 
29910.0  28960.0 
29911.71  29934.11 
29911.72  29934.14 
29911.73  29934.17 
29911.73  28961.73 
29912.0  28962.0 
29914.1  29938.1 
29915.0  28965.0 
29916.0  28966.0 
29918.0  28968.0 
29919.0  28969.0 
29920.0  28970.0 
29921.0  28971.0 
29922.0  28972.0 
29923.0  28973.0 
29924.0  28974.0 
29925.0  28979.0 
29926.0  28980.0 
29927.0  28981.0 
29928.0  28982.0 
29929.1  29940.0 
29929.1  29483.0 
29929.1  29496.0 
29929.1  29487.0 
29929.1  29486.0 
29929.1  29492.0 
29929.1  29497.0 
29929.1  29498.0 
29929.1  29941.1 
29929.1  29942.1 
29929.1  29943.1 
29929.1  29944.1 
29929.1  29945.1 
29930.0  28984.0 
29931.1  29946.1 
29932.1  29947.1 
29933.1  29948.1 
29934.13  29949.0 
29934.14  28961.71 
29934.15  28918.10 
29934.16  29003.0 
29934.17  28961.72 
29934.18  29950.1 
29934.18  28550.18 
29935.1  29951.0 
29935.1  29483.0 
29935.1  29952.0 
29935.1  29953.0 
29935.1  29486.0 
29935.1  29954.0 
29935.1  29484.0 
29935.1  29955.0 
29935.1  29487.0 
29935.1  29489.0 
29935.1  29956.0 
29935.1  29492.0 
29935.1  29957.2 
29936.1  29959.0 
29936.1  29483.0 
29936.1  29952.0 
29936.1  29953.0 
29936.1  29484.0 
29936.1  29486.0 
29936.1  29954.0 
29936.1  29487.0 
29936.1  29955.0 
29936.1  29489.0 
29936.1  29960.0 
29936.1  29492.0 
29936.1  29897.1 
29937.1  29961.0 
29937.1  29483.0 
29937.1  29486.0 
29937.1  29897.2 
29938.1  29963.0 
29938.1  29483.0 
29938.1  29964.0 
29938.1  29486.0 
29938.1  29492.0 
29938.1  29498.0 
29938.1  29543.0 
29938.1  29965.1 
29938.1  29965.2 
29938.1  29965.3 
29938.1  29965.4 
29938.1  29965.5 
29938.1  29965.6 
29938.1  29965.7 
29939.1  29495.0 
29939.1  29483.0 
29939.1  29486.0 
29940.0  28994.0 
29941.1  29966.1 
29942.1  29967.1 
29943.1  29968.1 
29944.1  29969.1 
29945.1  29970.1 
29946.1  29971.0 
29946.1  29483.0 
29946.1  29486.0 
29946.1  29492.0 
29947.1  29972.0 
29947.1  29483.0 
29947.1  29486.0 
29947.1  29492.0 
29948.1  29974.0 
29948.1  29483.0 
29948.1  29486.0 
29949.0  27808.0 
29950.1  29934.14 
29951.0  29004.0 
29952.0  29005.0 
29953.0  29006.0 
29954.0  29007.0 
29955.0  29008.0 
29957.1  29975.1 
29957.2  29976.1 
29958.1  29978.0 
29958.1  29483.0 
29958.1  29496.0 
29958.1  29487.0 
29958.1  29486.0 
29958.1  29492.0 
29958.1  29497.0 
29958.1  29498.0 
29958.1  29548.0 
29958.1  29549.0 
29958.1  29550.0 
29958.1  29979.1 
29958.1  29980.1 
29958.2  29981.1 
29958.3  29982.1 
29959.0  29012.0 
29961.0  29014.0 
29962.1  29983.0 
29962.1  29483.0 
29962.1  29496.0 
29962.1  29487.0 
29962.1  29486.0 
29962.1  29492.0 
29962.1  29497.0 
29962.1  29498.0 
29963.0  29016.0 
29964.0  29017.0 
29965.1  29984.1 
29965.2  29984.2 
29965.3  29984.3 
29965.4  29984.4 
29965.5  29984.5 
29965.6  29984.6 
29965.7  29984.7 
29966.1  29972.0 
29966.1  29483.0 
29966.1  29486.0 
29966.1  29492.0 
29967.1  29971.0 
29967.1  29483.0 
29967.1  29486.0 
29967.1  29492.0 
29968.1  29985.0 
29968.1  29483.0 
29968.1  29486.0 
29968.1  29492.0 
29969.1  29985.0 
29969.1  29483.0 
29969.1  29486.0 
29969.1  29492.0 
29970.1  29985.0 
29970.1  29483.0 
29970.1  29486.0 
29970.1  29492.0 
29971.0  29024.0 
29972.0  29025.0 
29974.0  29027.0 
29975.1  29951.0 
29975.1  29483.0 
29975.1  29952.0 
29975.1  29953.0 
29975.1  29486.0 
29975.1  29954.0 
29975.1  29484.0 
29975.1  29955.0 
29975.1  29487.0 
29975.1  29489.0 
29975.1  29987.0 
29975.1  29492.0 
29975.1  29988.1 
29976.1  29959.0 
29976.1  29483.0 
29976.1  29952.0 
29976.1  29953.0 
29976.1  29484.0 
29976.1  29486.0 
29976.1  29954.0 
29976.1  29487.0 
29976.1  29955.0 
29976.1  29489.0 
29976.1  29990.0 
29976.1  29492.0 
29976.1  29957.1 
29977.1  29959.0 
29977.1  29483.0 
29977.1  29952.0 
29977.1  29953.0 
29977.1  29484.0 
29977.1  29486.0 
29977.1  29954.0 
29977.1  29487.0 
29977.1  29955.0 
29977.1  29489.0 
29977.1  29991.0 
29977.1  29492.0 
29978.0  29031.0 
29979.1  29992.0 
29980.1  29993.1 
29981.1  29994.1 
29982.1  29995.1 
29983.0  29036.0 
29984.1  29996.0 
29984.1  29483.0 
29984.1  29997.0 
29984.1  29487.0 
29984.1  29486.0 
29984.1  29998.0 
29984.1  29492.0 
29984.1  29999.0 
29984.1  30000.0 
29984.1  29497.0 
29984.1  30001.0 
29984.1  30002.0 
29984.1  30003.0 
29984.1  29498.0 
29984.1  30004.0 
29984.1  30005.0 
29984.1  30006.0 
29984.1  30007.0 
29984.1  30008.0 
29984.1  30009.0 
29984.1  30010.0 
29984.1  30011.0 
29984.1  30012.0 
29984.1  30013.0 
29984.1  30014.0 
29984.1  30015.0 
29984.1  30016.0 
29984.1  30017.0 
29984.1  30018.0 
29984.1  30019.0 
29984.1  30020.0 
29984.1  30021.0 
29984.1  30022.0 
29984.1  30023.0 
29984.1  30024.0 
29984.1  30025.0 
29984.1  30026.0 
29984.1  30027.0 
29984.1  30028.0 
29984.1  30029.0 
29984.1  30030.0 
29984.1  30031.0 
29984.1  30032.0 
29984.1  30033.0 
29984.1  30034.0 
29984.1  30035.0 
29984.1  30036.0 
29984.1  30037.0 
29984.1  30038.0 
29984.1  30039.0 
29984.1  30040.0 
29984.1  30041.0 
29984.1  30042.0 
29984.1  30043.0 
29984.1  30044.0 
29984.1  30045.0 
29984.1  30046.0 
29984.1  30047.0 
29984.1  30048.0 
29984.1  30049.0 
29984.1  30050.0 
29984.1  30051.0 
29984.1  30052.0 
29984.1  30053.0 
29984.1  30054.0 
29984.1  30055.0 
29984.1  30056.0 
29984.1  30057.0 
29984.1  30058.0 
29984.1  30059.0 
29984.1  30060.0 
29984.1  30061.0 
29984.1  30062.0 
29984.1  30063.0 
29984.1  30064.0 
29984.1  30065.0 
29984.1  30066.0 
29984.1  30067.0 
29984.1  30068.0 
29984.1  30069.0 
29984.1  30070.0 
29984.1  30071.0 
29984.1  30072.0 
29984.1  30073.0 
29984.1  30074.0 
29984.1  30075.0 
29984.2  30076.0 
29984.2  30077.0 
29984.2  30078.0 
29984.2  30079.0 
29984.2  30080.0 
29984.2  30081.0 
29984.2  30082.0 
29984.2  30083.0 
29984.2  30084.0 
29984.2  30085.0 
29984.2  30086.0 
29984.2  30087.0 
29984.2  30088.0 
29984.2  30089.0 
29984.2  30090.0 
29984.2  30091.0 
29984.2  30092.0 
29984.2  30093.0 
29984.2  30094.0 
29984.2  30095.0 
29984.2  30096.0 
29984.2  30097.0 
29984.2  30098.0 
29984.2  30099.0 
29984.2  30100.0 
29984.2  30101.0 
29984.2  30102.0 
29984.2  30103.0 
29984.2  30104.0 
29984.2  30105.0 
29984.2  30106.0 
29984.2  30107.0 
29984.2  30108.0 
29984.2  30109.0 
29984.2  30110.0 
29984.2  30111.0 
29984.2  30112.0 
29984.2  30113.0 
29984.2  30114.0 
29984.2  30115.0 
29984.2  30116.0 
29984.2  30117.0 
29984.2  30118.0 
29984.2  30119.0 
29984.2  30120.0 
29984.2  30121.0 
29984.2  30122.0 
29984.2  30123.0 
29984.2  30124.0 
29984.2  30125.0 
29984.2  30126.0 
29984.2  30127.0 
29984.2  30128.0 
29984.2  30129.0 
29984.2  30130.0 
29984.2  30131.0 
29984.2  30132.0 
29984.2  30133.0 
29984.2  30134.0 
29984.2  30135.0 
29984.2  30136.0 
29984.2  30137.0 
29984.2  30138.0 
29984.2  30139.0 
29984.2  30140.0 
29984.2  30141.0 
29984.2  30142.0 
29984.2  30143.0 
29984.2  30144.0 
29984.2  30145.0 
29984.2  30146.0 
29984.2  30147.0 
29984.2  30148.0 
29984.2  30149.0 
29984.2  30150.0 
29984.2  30151.0 
29984.2  30152.0 
29984.2  30153.0 
29984.2  30154.0 
29984.2  30155.0 
29984.2  30156.0 
29984.2  30157.0 
29984.2  30158.0 
29984.2  30159.0 
29984.3  30160.0 
29984.3  30161.0 
29984.3  30162.0 
29984.3  30163.0 
29984.3  30164.0 
29984.3  30165.0 
29984.3  30166.0 
29984.3  30167.0 
29984.3  30168.0 
29984.3  30169.0 
29984.3  30170.0 
29984.3  30171.0 
29984.3  30172.0 
29984.3  30173.0 
29984.3  30174.0 
29984.3  30175.0 
29984.3  30176.0 
29984.3  30177.0 
29984.3  30178.0 
29984.3  30179.0 
29984.3  30180.0 
29984.3  30181.0 
29984.3  30182.0 
29984.3  30183.0 
29984.3  30184.0 
29984.3  30185.0 
29984.3  30186.0 
29984.3  30187.0 
29984.3  30188.0 
29984.3  30189.0 
29984.3  30190.0 
29984.3  30191.0 
29984.3  30192.0 
29984.3  30193.0 
29984.3  30194.0 
29984.3  30195.0 
29984.3  30196.0 
29984.3  30197.0 
29984.3  30198.0 
29984.3  30199.0 
29984.3  30200.0 
29984.3  30201.0 
29984.3  30202.0 
29984.3  30203.0 
29984.3  30204.0 
29984.3  30205.0 
29984.3  30206.0 
29984.3  30207.0 
29984.3  30208.0 
29984.3  30209.0 
29984.3  30210.0 
29984.3  30211.0 
29984.3  30212.0 
29984.3  30213.0 
29984.3  30214.0 
29984.3  30215.0 
29984.3  30216.0 
29984.3  30217.0 
29984.3  30218.0 
29984.3  30219.0 
29984.3  30220.0 
29984.3  30221.0 
29984.3  30222.0 
29984.3  30223.0 
29984.3  30224.0 
29984.3  30225.0 
29984.3  30226.0 
29984.3  30227.0 
29984.3  30228.0 
29984.3  30229.0 
29984.4  30230.0 
29984.4  30231.0 
29984.4  30232.0 
29984.4  30233.0 
29984.4  30234.0 
29984.4  30235.0 
29984.4  30236.0 
29984.4  30237.0 
29984.4  30238.0 
29984.4  30239.0 
29984.4  30240.0 
29984.4  30241.0 
29984.4  30242.0 
29984.4  30243.0 
29984.4  30244.0 
29984.4  30245.0 
29984.4  30246.0 
29984.4  30247.0 
29984.4  30248.0 
29984.4  30249.0 
29984.4  30250.0 
29984.4  30251.0 
29984.4  30252.0 
29984.4  30253.0 
29984.4  30254.0 
29984.4  30255.0 
29984.4  30256.0 
29984.4  30257.0 
29984.4  30258.0 
29984.4  30259.0 
29984.4  30260.0 
29984.4  30261.0 
29984.4  30262.0 
29984.4  30263.0 
29984.4  30264.0 
29984.4  30265.0 
29984.4  30266.0 
29984.4  30267.0 
29984.4  30268.0 
29984.5  30269.0 
29984.5  30270.0 
29984.5  30271.0 
29984.5  30272.0 
29984.5  30273.0 
29984.5  30274.0 
29984.5  30275.0 
29984.5  30276.0 
29984.5  30277.0 
29984.5  30278.0 
29984.5  30279.0 
29984.5  30280.0 
29984.5  30281.0 
29984.5  30282.0 
29984.5  30283.0 
29984.5  30284.0 
29984.5  30285.0 
29984.5  30286.0 
29984.5  30287.0 
29984.5  30288.0 
29984.5  30289.0 
29984.5  30290.0 
29984.5  30291.0 
29984.5  30292.0 
29984.5  30293.0 
29984.5  30294.0 
29984.5  30295.0 
29984.5  30296.0 
29984.5  30297.0 
29984.5  30298.0 
29984.5  30299.0 
29984.5  30300.0 
29984.5  30301.0 
29984.5  30302.0 
29984.5  30303.0 
29984.5  30304.0 
29984.5  30305.0 
29984.5  30306.0 
29984.5  30307.0 
29984.5  30308.0 
29984.5  30309.0 
29984.5  30310.0 
29984.5  30311.0 
29984.5  30312.0 
29984.5  30313.0 
29984.5  30314.0 
29984.5  30315.0 
29984.5  30316.0 
29984.6  30317.0 
29984.6  30318.0 
29984.6  30319.0 
29984.6  30320.0 
29984.6  30321.0 
29984.6  30322.0 
29984.6  30323.0 
29984.6  30324.0 
29984.6  30325.0 
29984.6  30326.0 
29984.6  30327.0 
29984.6  30328.0 
29984.6  30329.0 
29984.6  30330.0 
29984.6  30331.0 
29984.6  30332.0 
29984.6  30333.0 
29984.6  30334.0 
29984.6  30335.0 
29984.6  30336.0 
29984.6  30337.0 
29984.6  30338.0 
29984.6  30339.0 
29984.6  30340.0 
29984.6  30341.0 
29984.6  30342.0 
29984.6  30343.0 
29984.6  30344.0 
29984.6  30345.0 
29984.6  30346.0 
29984.7  30347.0 
29984.7  30348.0 
29984.7  30349.0 
29984.7  30350.0 
29984.7  30351.0 
29984.7  30352.0 
29984.7  30353.0 
29984.7  30354.0 
29984.7  30355.0 
29984.7  30356.0 
29984.7  30357.0 
29984.7  30358.0 
29984.7  30359.0 
29984.7  30360.0 
29984.7  30361.0 
29984.7  30362.0 
29984.7  30363.0 
29984.7  30364.0 
29984.7  30365.0 
29984.7  30366.0 
29984.7  30367.0 
29984.7  30368.0 
29984.7  30369.0 
29984.7  30370.0 
29984.7  30371.0 
29984.7  30372.0 
29984.7  30373.0 
29984.7  30374.0 
29984.7  30375.0 
29984.7  30376.0 
29984.7  30377.0 
29984.7  30378.0 
29984.7  30379.0 
29984.7  30380.0 
29984.7  30381.0 
29984.7  30382.0 
29984.7  30383.0 
29984.7  30384.0 
29984.7  30385.0 
29984.7  30386.0 
29984.7  30387.0 
29984.7  30388.0 
29984.7  30389.0 
29984.7  30390.0 
29984.7  30391.0 
29984.7  30392.0 
29984.7  30393.0 
29985.0  29038.0 
29986.1  29448.0 
29986.1  28533.0 
29986.1  28546.0 
29986.1  28537.0 
29986.1  28536.0 
29986.1  28542.0 
29986.1  28547.0 
29986.1  28548.0 
29986.1  28598.0 
29986.1  28599.0 
29986.1  28600.0 
29986.1  30395.1 
29986.1  30396.1 
29986.1  28593.0 
29986.1  28605.0 
29986.1  30397.1 
29988.1  30398.1 
29989.1  28544.1 
29993.1  30400.0 
29993.1  29483.0 
29993.1  29486.0 
29993.1  29492.0 
29993.1  29498.0 
29993.1  30401.1 
29994.1  30400.0 
29994.1  29483.0 
29994.1  29486.0 
29994.1  29492.0 
29994.1  29498.0 
29994.1  30403.1 
29995.1  30400.0 
29995.1  29483.0 
29995.1  29486.0 
29995.1  29492.0 
29995.1  29498.0 
29995.1  30405.1 
29996.0  29049.0 
29997.0  29050.0 
29998.0  29051.0 
30000.0  29053.0 
30001.0  29054.0 
30002.0  29055.0 
30003.0  29056.0 
30004.0  29057.0 
30005.0  29058.0 
30006.0  29059.0 
30007.0  29060.0 
30008.0  29061.0 
30009.0  29062.0 
30010.0  29063.0 
30011.0  29064.0 
30012.0  29065.0 
30013.0  29066.0 
30014.0  29067.0 
30015.0  29068.0 
30016.0  29069.0 
30017.0  29070.0 
30018.0  29071.0 
30019.0  29072.0 
30020.0  29073.0 
30021.0  29074.0 
30022.0  29075.0 
30023.0  29076.0 
30024.0  29077.0 
30025.0  29078.0 
30026.0  29079.0 
30027.0  29080.0 
30028.0  29081.0 
30029.0  29082.0 
30030.0  29083.0 
30031.0  29084.0 
30032.0  29085.0 
30033.0  29086.0 
30034.0  29087.0 
30035.0  29088.0 
30036.0  29089.0 
30037.0  29090.0 
30038.0  29091.0 
30039.0  29092.0 
30040.0  29093.0 
30041.0  29094.0 
30042.0  29095.0 
30043.0  29096.0 
30044.0  29097.0 
30045.0  29098.0 
30046.0  29099.0 
30047.0  29100.0 
30048.0  29101.0 
30049.0  29102.0 
30050.0  29103.0 
30051.0  29104.0 
30052.0  29105.0 
30053.0  29106.0 
30054.0  29107.0 
30055.0  29108.0 
30056.0  29109.0 
30057.0  29110.0 
30058.0  29111.0 
30059.0  29112.0 
30060.0  29113.0 
30061.0  29114.0 
30062.0  29115.0 
30063.0  29116.0 
30064.0  29117.0 
30065.0  29118.0 
30066.0  29119.0 
30067.0  29120.0 
30068.0  29121.0 
30069.0  29122.0 
30070.0  29123.0 
30071.0  29124.0 
30072.0  29125.0 
30073.0  29126.0 
30074.0  29127.0 
30075.0  29128.0 
30076.0  29129.0 
30077.0  29130.0 
30078.0  29131.0 
30079.0  29132.0 
30080.0  29133.0 
30081.0  29134.0 
30082.0  29135.0 
30083.0  29136.0 
30084.0  29137.0 
30085.0  29138.0 
30086.0  29139.0 
30087.0  29140.0 
30088.0  29141.0 
30089.0  29142.0 
30090.0  29143.0 
30091.0  29144.0 
30092.0  29145.0 
30093.0  29146.0 
30094.0  29147.0 
30095.0  29148.0 
30096.0  29149.0 
30097.0  29150.0 
30098.0  29151.0 
30099.0  29152.0 
30100.0  29153.0 
30101.0  29154.0 
30102.0  29155.0 
30103.0  29156.0 
30104.0  29157.0 
30105.0  29158.0 
30106.0  29159.0 
30107.0  29160.0 
30108.0  29161.0 
30109.0  29162.0 
30110.0  29163.0 
30111.0  29164.0 
30112.0  29165.0 
30113.0  29166.0 
30114.0  29167.0 
30115.0  29168.0 
30116.0  29169.0 
30117.0  29170.0 
30118.0  29171.0 
30119.0  29172.0 
30120.0  29173.0 
30121.0  29174.0 
30122.0  29175.0 
30123.0  29176.0 
30124.0  29177.0 
30125.0  29178.0 
30126.0  29179.0 
30127.0  29180.0 
30128.0  29181.0 
30129.0  29182.0 
30130.0  29183.0 
30131.0  29184.0 
30132.0  29185.0 
30133.0  29186.0 
30134.0  29187.0 
30135.0  29188.0 
30136.0  29189.0 
30137.0  29190.0 
30138.0  29191.0 
30139.0  29192.0 
30140.0  29193.0 
30141.0  29194.0 
30142.0  29195.0 
30143.0  29196.0 
30144.0  29197.0 
30145.0  29198.0 
30146.0  29199.0 
30147.0  29200.0 
30148.0  29201.0 
30149.0  29202.0 
30150.0  29203.0 
30151.0  29204.0 
30152.0  29205.0 
30153.0  29206.0 
30154.0  29207.0 
30155.0  29208.0 
30156.0  29209.0 
30157.0  29210.0 
30158.0  29211.0 
30159.0  29212.0 
30160.0  29213.0 
30161.0  29214.0 
30162.0  29215.0 
30163.0  29216.0 
30164.0  29217.0 
30165.0  29218.0 
30166.0  29219.0 
30167.0  29220.0 
30168.0  29221.0 
30169.0  29222.0 
30170.0  29223.0 
30171.0  29224.0 
30172.0  29225.0 
30173.0  29226.0 
30174.0  29227.0 
30175.0  29228.0 
30176.0  29229.0 
30177.0  29230.0 
30178.0  29231.0 
30179.0  29232.0 
30180.0  29233.0 
30181.0  29234.0 
30182.0  29235.0 
30183.0  29236.0 
30184.0  29237.0 
30185.0  29238.0 
30186.0  29239.0 
30187.0  29240.0 
30188.0  29241.0 
30189.0  29242.0 
30190.0  29243.0 
30191.0  29244.0 
30192.0  29245.0 
30194.0  29247.0 
30195.0  29248.0 
30196.0  29249.0 
30197.0  29250.0 
30198.0  29251.0 
30199.0  29252.0 
30200.0  29253.0 
30201.0  29254.0 
30202.0  29255.0 
30203.0  29256.0 
30204.0  29257.0 
30205.0  29258.0 
30206.0  29259.0 
30207.0  29260.0 
30208.0  29261.0 
30209.0  29262.0 
30210.0  29263.0 
30211.0  29264.0 
30212.0  29265.0 
30213.0  29266.0 
30214.0  29267.0 
30215.0  29268.0 
30216.0  29269.0 
30217.0  29270.0 
30218.0  29271.0 
30219.0  29272.0 
30220.0  29273.0 
30221.0  29274.0 
30222.0  29275.0 
30223.0  29276.0 
30224.0  29277.0 
30225.0  29278.0 
30226.0  29279.0 
30227.0  29280.0 
30228.0  29281.0 
30229.0  29282.0 
30230.0  29283.0 
30231.0  29284.0 
30232.0  29285.0 
30233.0  29286.0 
30234.0  29287.0 
30235.0  29288.0 
30236.0  29289.0 
30237.0  29290.0 
30238.0  29291.0 
30239.0  29292.0 
30240.0  29293.0 
30241.0  29294.0 
30242.0  29295.0 
30243.0  29296.0 
30244.0  29297.0 
30245.0  29298.0 
30246.0  29299.0 
30247.0  29300.0 
30248.0  29301.0 
30249.0  29302.0 
30250.0  29303.0 
30251.0  29304.0 
30252.0  29305.0 
30253.0  29306.0 
30254.0  29307.0 
30255.0  29308.0 
30256.0  29309.0 
30257.0  29310.0 
30258.0  29311.0 
30259.0  29312.0 
30260.0  29313.0 
30261.0  29314.0 
30262.0  29315.0 
30263.0  29316.0 
30264.0  29317.0 
30265.0  29318.0 
30266.0  29319.0 
30267.0  29320.0 
30268.0  29321.0 
30269.0  29322.0 
30270.0  29323.0 
30271.0  29324.0 
30272.0  29325.0 
30273.0  29326.0 
30274.0  29327.0 
30275.0  29328.0 
30276.0  29329.0 
30277.0  29330.0 
30278.0  29331.0 
30279.0  29332.0 
30280.0  29333.0 
30281.0  29334.0 
30282.0  29335.0 
30283.0  29336.0 
30284.0  29337.0 
30285.0  29338.0 
30286.0  29339.0 
30287.0  29340.0 
30288.0  29341.0 
30289.0  29342.0 
30290.0  29343.0 
30291.0  29344.0 
30292.0  29345.0 
30293.0  29346.0 
30294.0  29347.0 
30295.0  29348.0 
30296.0  29349.0 
30297.0  29350.0 
30298.0  29351.0 
30299.0  29352.0 
30300.0  29353.0 
30301.0  29354.0 
30302.0  29355.0 
30303.0  29356.0 
30304.0  29357.0 
30305.0  29358.0 
30306.0  29359.0 
30307.0  29360.0 
30308.0  29361.0 
30309.0  29362.0 
30310.0  29363.0 
30311.0  29364.0 
30312.0  29365.0 
30313.0  29366.0 
30314.0  29367.0 
30315.0  29368.0 
30316.0  29369.0 
30317.0  29370.0 
30318.0  29371.0 
30319.0  29372.0 
30320.0  29373.0 
30321.0  29374.0 
30322.0  29375.0 
30323.0  29376.0 
30324.0  29377.0 
30325.0  29378.0 
30326.0  29379.0 
30327.0  29380.0 
30328.0  29381.0 
30329.0  29382.0 
30330.0  29383.0 
30331.0  29384.0 
30332.0  29385.0 
30333.0  29386.0 
30334.0  29387.0 
30335.0  29388.0 
30336.0  29389.0 
30337.0  29390.0 
30338.0  29391.0 
30339.0  29392.0 
30340.0  29393.0 
30341.0  29394.0 
30342.0  29395.0 
30343.0  29396.0 
30344.0  29397.0 
30345.0  29398.0 
30346.0  29399.0 
30347.0  29400.0 
30348.0  29401.0 
30349.0  29402.0 
30350.0  29403.0 
30351.0  29404.0 
30352.0  29405.0 
30353.0  29406.0 
30354.0  29407.0 
30355.0  29408.0 
30356.0  29409.0 
30357.0  29410.0 
30358.0  29411.0 
30359.0  29412.0 
30360.0  29413.0 
30361.0  29414.0 
30362.0  29415.0 
30363.0  29416.0 
30364.0  29417.0 
30394.1  29004.0 
30394.1  28533.0 
30394.1  29005.0 
30394.1  29006.0 
30394.1  28536.0 
30394.1  29007.0 
30394.1  28534.0 
30394.1  29008.0 
30394.1  28537.0 
30394.1  28539.0 
30394.1  30406.0 
30394.1  28542.0 
30394.1  28947.3 
30395.1  30407.1 
30396.1  30408.1 
30397.1  30409.1 
30398.1  29464.0 
30398.1  28533.0 
30398.1  28536.0 
30398.1  30410.3 
30400.0  29454.0 
30401.1  30411.0 
30403.1  30412.0 
30405.1  30413.0 
30407.1  29454.0 
30407.1  28533.0 
30407.1  28536.0 
30407.1  28542.0 
30407.1  28548.0 
30407.1  30415.1 
30408.1  29471.0 
30408.1  28533.0 
30408.1  28536.0 
30408.1  28542.0 
30408.1  29472.33 
30409.1  29471.0 
30409.1  28533.0 
30409.1  28536.0 
30409.1  28542.0 
30409.1  29473.9 
30410.3  28947.3 
30415.1  30416.0 
29480.0  29481.0 
29481.0  29494.0 
29500.0  29501.0 
29501.0  29929.0 
29929.0  29939.0 
29935.0  29494.0 
29936.0  29958.0 
29937.0  29958.0 
29938.0  29962.0 
29939.0  29494.0 
29946.0  29501.0 
29947.0  29501.0 
29948.0  29973.0 
29958.0  29977.0 
29962.0  29500.0 
29966.0  29929.0 
29967.0  29929.0 
29968.0  29929.0 
29969.0  29929.0 
29970.0  29929.0 
29973.0  29501.0 
29975.0  29986.0 
29976.0  29989.0 
29977.0  29494.0 
29984.0  29962.0 
29986.0  30394.0 
29992.0  29958.0 
29993.0  30399.0 
29994.0  30402.0 
29995.0  30404.0 
30394.0  29989.0 
30398.0  29986.0 
30399.0  29958.0 
30402.0  29958.0 
30404.0  29958.0 
30407.0  30414.0 
30408.0  29986.0 
30409.0  29986.0 
30411.0  30399.0 
30412.0  30402.0 
30413.0  30404.0 
30414.0  29986.0 
30416.0  30414.0 
29499.1  29500.10 
