53371.1  53373.0 
53371.1  53374.0 
53371.1  53375.0 
53371.1  53376.0 
53371.1  53377.0 
53371.1  53378.0 
53371.1  53379.0 
53371.1  53380.0 
53371.1  53381.0 
53371.1  53382.0 
53371.1  53383.0 
53371.1  53384.0 
53372.1  53386.0 
53372.1  53374.0 
53372.1  53377.0 
53373.0  53351.0 
53374.0  53352.0 
53375.0  53353.0 
53376.0  53354.0 
53377.0  53355.0 
53378.0  53356.0 
53379.0  53357.0 
53380.0  53358.0 
53383.0  53361.0 
53384.0  52744.0 
53385.1  53374.0 
53385.1  53387.0 
53385.1  53378.0 
53385.1  53377.0 
53385.1  53383.0 
53385.1  53388.0 
53385.1  53389.0 
53386.0  53364.0 
53387.0  53365.0 
53388.0  53366.0 
53389.0  53367.0 
53370.1  53371.1 
53391.5  53369.5 
53371.0  53372.0 
53372.0  53385.0 
53390.1  53391.5 
