39109.1  39111.0 
39109.1  39112.0 
39109.1  39113.0 
39109.1  39114.0 
39109.1  39115.0 
39109.1  39116.0 
39109.1  39117.0 
39109.1  39118.0 
39109.1  39119.0 
39109.1  39120.0 
39109.1  39121.0 
39109.1  39122.0 
39109.1  39123.0 
39109.1  39124.0 
39109.1  39125.0 
39109.1  39126.0 
39109.1  39127.0 
39109.1  39128.0 
39109.1  39129.0 
39109.1  39130.0 
39109.1  39131.0 
39109.1  39132.0 
39109.1  39133.0 
39109.1  39134.0 
39109.1  39135.0 
39109.1  39136.0 
39109.1  39137.0 
39109.1  39138.0 
39109.1  39139.0 
39109.1  39140.0 
39109.1  39141.0 
39109.1  39142.0 
39109.1  39143.0 
39109.1  39144.0 
39109.1  39145.0 
39109.1  39146.0 
39109.1  39147.0 
39109.1  39148.0 
39109.1  39149.0 
39109.1  39150.0 
39109.1  39151.0 
39109.1  39152.0 
39109.1  39153.0 
39109.1  39154.0 
39109.1  39155.0 
39109.1  39156.0 
39109.1  39157.0 
39109.1  39158.0 
39109.1  39159.0 
39109.1  39160.0 
39109.1  39161.0 
39109.1  39162.0 
39109.1  39163.0 
39109.1  39164.0 
39109.1  39165.0 
39109.1  39166.0 
39109.1  39167.0 
39109.1  39168.0 
39109.1  39169.0 
39109.1  39170.0 
39109.1  39171.0 
39109.1  39172.0 
39109.1  39173.0 
39109.1  39174.0 
39109.1  39175.0 
39109.1  39176.0 
39109.1  39177.0 
39109.1  39178.0 
39109.1  39179.0 
39109.1  39180.0 
39109.1  39181.0 
39109.1  39182.0 
39109.1  39183.0 
39109.1  39184.0 
39109.1  39185.0 
39109.1  39186.0 
39109.1  39187.0 
39109.1  39188.0 
39109.1  39189.0 
39109.1  39190.0 
39109.1  39191.0 
39109.1  39192.0 
39109.1  39193.0 
39109.1  39194.0 
39109.1  39195.0 
39109.1  39196.0 
39109.1  39197.0 
39109.1  39198.0 
39109.1  39199.0 
39109.1  39200.0 
39109.1  39201.0 
39109.1  39202.0 
39109.1  39203.0 
39109.1  39204.0 
39109.1  39205.0 
39109.1  39206.0 
39109.1  39207.0 
39109.1  39208.0 
39109.1  39209.0 
39109.1  39210.0 
39109.1  39211.0 
39109.1  39212.0 
39109.1  39213.0 
39109.1  39214.0 
39109.1  39215.0 
39109.1  39216.0 
39109.1  39217.0 
39109.1  39218.0 
39109.1  39219.0 
39109.1  39220.0 
39109.1  39221.0 
39109.1  39222.0 
39109.1  39223.0 
39109.1  39224.0 
39109.1  39225.0 
39109.1  39226.0 
39109.1  39227.0 
39109.1  39228.0 
39109.1  39229.0 
39109.1  39230.0 
39109.1  39231.0 
39109.1  39232.0 
39109.1  39233.0 
39109.1  39234.0 
39109.1  39235.0 
39109.1  39236.0 
39109.1  39237.0 
39109.1  39238.0 
39109.1  39239.0 
39109.1  39240.0 
39109.1  39241.0 
39109.1  39242.0 
39109.1  39243.0 
39109.1  39244.0 
39109.1  39245.0 
39109.1  39246.0 
39109.1  39247.0 
39109.1  39248.0 
39109.1  39249.0 
39109.1  39250.0 
39109.1  39251.0 
39109.1  39252.0 
39109.1  39253.0 
39109.1  39254.0 
39109.1  39255.0 
39109.1  39256.0 
39109.1  39257.0 
39109.1  39258.0 
39109.1  39259.0 
39109.1  39260.0 
39109.1  39261.0 
39109.1  39262.0 
39109.1  39263.0 
39109.1  39264.0 
39109.1  39265.0 
39109.1  39266.0 
39109.1  39267.0 
39109.1  39268.0 
39109.1  39269.0 
39109.1  39270.0 
39109.1  39271.0 
39109.1  39272.0 
39109.1  39273.0 
39109.1  39274.0 
39109.1  39275.0 
39109.1  39276.0 
39109.1  39277.0 
39109.1  39278.0 
39109.1  39279.0 
39109.1  39280.1 
39109.1  39281.0 
39109.1  39282.0 
39109.1  39283.0 
39109.1  39284.0 
39109.1  39285.0 
39109.1  39286.0 
39109.2  39287.0 
39109.2  39288.0 
39109.2  39289.0 
39109.2  39290.0 
39109.2  39291.0 
39109.2  39292.0 
39109.2  39293.0 
39109.2  39294.0 
39109.2  39295.0 
39109.2  39296.0 
39109.2  39297.0 
39109.2  39298.0 
39109.2  39299.0 
39109.2  39300.0 
39109.2  39301.0 
39109.2  39302.0 
39109.2  39303.0 
39109.2  39304.0 
39109.2  39305.0 
39109.2  39306.0 
39109.2  39307.0 
39109.2  39308.0 
39109.2  39309.0 
39109.2  39310.0 
39109.2  39311.0 
39109.2  39312.0 
39109.2  39313.0 
39109.2  39314.0 
39109.2  39315.0 
39109.2  39316.0 
39109.2  39317.0 
39109.2  39318.0 
39109.2  39319.0 
39109.2  39320.0 
39109.2  39321.0 
39109.2  39322.0 
39109.2  39323.0 
39109.2  39324.0 
39109.2  39325.0 
39109.2  39326.0 
39109.2  39327.0 
39109.2  39328.0 
39109.2  39329.0 
39109.2  39330.0 
39109.2  39331.0 
39109.2  39332.0 
39109.2  39333.0 
39109.2  39334.0 
39109.2  39335.0 
39109.2  39336.0 
39109.2  39337.0 
39109.2  39338.0 
39109.2  39339.0 
39109.2  39340.0 
39109.2  39341.0 
39109.2  39342.0 
39109.2  39343.0 
39109.2  39344.0 
39109.2  39345.0 
39109.2  39346.0 
39109.2  39347.0 
39109.2  39348.0 
39109.2  39349.0 
39109.2  39350.0 
39109.2  39351.0 
39109.2  39352.0 
39109.2  39353.0 
39109.2  39354.0 
39109.2  39355.0 
39109.2  39356.0 
39109.2  39357.0 
39109.2  39358.0 
39109.2  39359.0 
39109.2  39360.0 
39109.2  39361.0 
39109.2  39362.0 
39109.2  39363.0 
39109.2  39364.0 
39109.2  39365.0 
39109.2  39366.0 
39109.2  39367.0 
39109.2  39368.0 
39109.2  39369.0 
39109.2  39370.0 
39109.2  39371.0 
39109.2  39372.0 
39109.2  39373.0 
39109.2  39374.0 
39109.2  39375.0 
39109.2  39376.0 
39109.2  39377.0 
39109.2  39378.0 
39109.2  39379.0 
39109.2  39380.0 
39109.2  39381.0 
39109.2  39382.0 
39109.2  39383.0 
39109.2  39384.0 
39109.2  39385.0 
39109.2  39386.0 
39109.2  39387.0 
39109.2  39388.0 
39109.2  39389.0 
39109.2  39390.0 
39109.2  39391.0 
39109.2  39392.0 
39109.2  39393.0 
39109.2  39394.0 
39109.2  39395.0 
39109.2  39396.0 
39109.2  39397.0 
39109.2  39398.0 
39109.2  39399.0 
39109.2  39400.0 
39109.2  39401.0 
39109.2  39402.0 
39109.2  39403.0 
39109.2  39404.0 
39109.2  39405.0 
39109.2  39406.0 
39109.2  39407.0 
39109.2  39408.0 
39109.2  39409.0 
39109.2  39410.0 
39109.2  39411.0 
39109.2  39412.0 
39109.2  39413.0 
39109.2  39414.0 
39109.2  39415.0 
39109.2  39416.0 
39109.2  39417.0 
39109.2  39418.0 
39109.2  39419.0 
39109.2  39420.0 
39109.2  39421.0 
39109.2  39422.0 
39109.2  39423.0 
39109.2  39424.0 
39109.2  39425.0 
39109.2  39426.0 
39109.2  39427.0 
39109.2  39428.0 
39109.2  39429.0 
39109.2  39430.0 
39109.2  39431.0 
39109.2  39432.0 
39109.2  39433.0 
39109.2  39434.0 
39109.2  39435.0 
39109.2  39436.0 
39109.2  39437.0 
39109.2  39438.0 
39109.2  39439.0 
39109.2  39440.0 
39109.2  39441.0 
39109.2  39442.0 
39109.2  39443.0 
39109.2  39444.0 
39109.2  39445.0 
39109.2  39446.0 
39109.2  39447.0 
39109.2  39448.1 
39109.2  39449.0 
39109.2  39450.0 
39109.2  39451.0 
39109.2  39452.0 
39109.2  39453.0 
39109.2  39454.0 
39109.2  39455.0 
39109.2  39456.0 
39109.2  39457.0 
39109.2  39458.0 
39109.2  39459.0 
39109.2  39460.0 
39109.2  39461.0 
39109.2  39462.43 
39109.2  39463.43 
39109.2  39464.0 
39109.2  39465.0 
39109.2  39466.0 
39109.2  39467.0 
39109.2  39468.0 
39109.2  39469.0 
39109.2  39470.0 
39109.2  39471.0 
39109.2  39472.0 
39109.2  39473.0 
39109.2  39474.0 
39109.2  39475.0 
39109.2  39476.0 
39109.3  39477.0 
39109.3  39478.0 
39109.3  39479.0 
39109.3  39480.0 
39109.3  39481.0 
39109.3  39482.0 
39109.3  39483.0 
39109.3  39484.0 
39109.3  39485.2 
39109.3  39486.0 
39109.3  39487.0 
39109.3  39488.0 
39109.3  39489.0 
39109.3  39490.0 
39109.3  39491.0 
39109.4  39492.0 
39109.4  39493.0 
39109.4  39494.0 
39109.4  39495.0 
39109.4  39496.0 
39109.5  39497.0 
39109.5  39498.0 
39109.5  39499.0 
39109.5  39500.0 
39109.5  39501.0 
39109.5  39502.1 
39109.5  39503.0 
39109.5  39504.86 
39109.5  39505.86 
39109.5  39506.0 
39109.5  39507.0 
39109.6  39508.0 
39109.7  39509.0 
39109.7  39510.0 
39109.7  39511.0 
39109.7  39512.0 
39109.7  39513.0 
39109.7  39514.0 
39109.7  39515.104 
39109.7  39516.0 
39109.7  39517.0 
39109.7  39518.0 
39109.7  39519.0 
39109.7  39520.0 
39109.8  39521.0 
39109.8  39522.0 
39109.8  39485.5 
39109.9  39523.0 
39110.1  39525.0 
39110.1  39115.0 
39110.1  39526.0 
39110.1  39120.0 
39110.1  39136.0 
39110.1  39156.0 
39110.1  39276.0 
39110.1  39161.0 
39110.1  39527.1 
39110.1  39528.1 
39110.1  39529.1 
39111.0  38179.0 
39112.0  38180.0 
39113.0  38181.0 
39114.0  38182.0 
39115.0  38160.0 
39116.0  38183.0 
39117.0  38184.0 
39118.0  38185.0 
39119.0  38186.0 
39120.0  38164.0 
39121.0  38187.0 
39122.0  38188.0 
39123.0  38189.0 
39124.0  38190.0 
39125.0  38191.0 
39126.0  38192.0 
39127.0  38193.0 
39128.0  38194.0 
39129.0  38195.0 
39130.0  38196.0 
39131.0  38197.0 
39132.0  38198.0 
39133.0  38199.0 
39134.0  38200.0 
39135.0  38201.0 
39136.0  38163.0 
39137.0  38202.0 
39138.0  38203.0 
39139.0  38204.0 
39140.0  38205.0 
39141.0  38206.0 
39142.0  38207.0 
39143.0  38208.0 
39144.0  38209.0 
39145.0  38210.0 
39146.0  38211.0 
39147.0  38212.0 
39148.0  38213.0 
39149.0  38214.0 
39150.0  38215.0 
39151.0  38216.0 
39152.0  38217.0 
39153.0  38218.0 
39154.0  38219.0 
39155.0  38220.0 
39156.0  38169.0 
39157.0  38221.0 
39158.0  38222.0 
39159.0  38223.0 
39160.0  38224.0 
39161.0  38175.0 
39162.0  38225.0 
39163.0  38226.0 
39164.0  38227.0 
39165.0  38228.0 
39166.0  38229.0 
39167.0  38230.0 
39168.0  38231.0 
39169.0  38232.0 
39170.0  38233.0 
39171.0  38234.0 
39172.0  38235.0 
39173.0  38236.0 
39174.0  38237.0 
39175.0  38238.0 
39176.0  38239.0 
39177.0  38240.0 
39178.0  38241.0 
39179.0  38242.0 
39180.0  38243.0 
39181.0  38244.0 
39182.0  38245.0 
39183.0  38246.0 
39184.0  38247.0 
39185.0  38248.0 
39186.0  38249.0 
39187.0  38250.0 
39188.0  38251.0 
39189.0  38252.0 
39190.0  38253.0 
39191.0  38254.0 
39192.0  38255.0 
39193.0  38256.0 
39194.0  38257.0 
39195.0  38258.0 
39196.0  38259.0 
39197.0  38260.0 
39198.0  38261.0 
39199.0  38262.0 
39200.0  38263.0 
39201.0  38264.0 
39202.0  38265.0 
39203.0  38266.0 
39204.0  38267.0 
39205.0  38268.0 
39206.0  38269.0 
39207.0  38270.0 
39208.0  38271.0 
39209.0  38272.0 
39210.0  38273.0 
39211.0  38274.0 
39212.0  38275.0 
39213.0  38276.0 
39214.0  38277.0 
39215.0  38278.0 
39216.0  38279.0 
39217.0  38280.0 
39218.0  38281.0 
39219.0  38282.0 
39220.0  38283.0 
39221.0  38284.0 
39222.0  38285.0 
39223.0  38286.0 
39224.0  38287.0 
39225.0  38288.0 
39226.0  38289.0 
39227.0  38290.0 
39228.0  38291.0 
39229.0  38292.0 
39230.0  38293.0 
39231.0  38294.0 
39232.0  38295.0 
39233.0  38296.0 
39234.0  38297.0 
39235.0  38298.0 
39236.0  38299.0 
39237.0  38300.0 
39238.0  38301.0 
39239.0  38302.0 
39240.0  38303.0 
39241.0  38304.0 
39242.0  38305.0 
39243.0  38306.0 
39244.0  38307.0 
39245.0  38308.0 
39246.0  38309.0 
39247.0  38310.0 
39248.0  38311.0 
39249.0  38312.0 
39250.0  38313.0 
39251.0  38314.0 
39252.0  38315.0 
39253.0  38316.0 
39254.0  38317.0 
39255.0  38318.0 
39256.0  38319.0 
39257.0  38320.0 
39258.0  38321.0 
39259.0  38322.0 
39260.0  38323.0 
39261.0  38324.0 
39262.0  38325.0 
39263.0  38326.0 
39264.0  38327.0 
39265.0  38328.0 
39266.0  38329.0 
39267.0  38330.0 
39268.0  38331.0 
39269.0  38332.0 
39270.0  38333.0 
39271.0  38334.0 
39272.0  38335.0 
39273.0  38336.0 
39274.0  38337.0 
39275.0  38338.0 
39276.0  38174.0 
39277.0  38339.0 
39278.0  38340.0 
39279.0  38341.0 
39280.1  39530.17 
39281.0  38343.0 
39282.0  38344.0 
39283.0  38345.0 
39284.0  38346.0 
39285.0  38347.0 
39286.0  38348.0 
39287.0  38349.0 
39288.0  38350.0 
39289.0  38351.0 
39290.0  38352.0 
39291.0  38353.0 
39292.0  38354.0 
39293.0  38355.0 
39294.0  38356.0 
39295.0  38357.0 
39296.0  38358.0 
39297.0  38359.0 
39298.0  38360.0 
39299.0  38361.0 
39300.0  38362.0 
39301.0  38363.0 
39302.0  38364.0 
39303.0  38365.0 
39304.0  38366.0 
39305.0  38367.0 
39306.0  38368.0 
39307.0  38369.0 
39308.0  38370.0 
39309.0  38371.0 
39310.0  38372.0 
39311.0  38373.0 
39312.0  38374.0 
39313.0  38375.0 
39314.0  38376.0 
39315.0  38377.0 
39316.0  38378.0 
39317.0  38379.0 
39318.0  38161.0 
39319.0  38380.0 
39320.0  38381.0 
39321.0  38382.0 
39322.0  38383.0 
39323.0  38384.0 
39324.0  38385.0 
39325.0  38386.0 
39326.0  38387.0 
39327.0  38388.0 
39328.0  38389.0 
39329.0  38390.0 
39330.0  38166.0 
39332.0  38392.0 
39333.0  38393.0 
39334.0  38394.0 
39335.0  38395.0 
39336.0  38396.0 
39337.0  38397.0 
39338.0  38398.0 
39339.0  38399.0 
39340.0  38400.0 
39341.0  38401.0 
39342.0  38402.0 
39343.0  38403.0 
39344.0  38404.0 
39345.0  38405.0 
39346.0  38406.0 
39347.0  38407.0 
39348.0  38408.0 
39349.0  38409.0 
39350.0  38410.0 
39351.0  38411.0 
39352.0  38412.0 
39353.0  38413.0 
39354.0  38414.0 
39355.0  38415.0 
39356.0  38416.0 
39357.0  38417.0 
39358.0  38418.0 
39359.0  38419.0 
39360.0  38420.0 
39361.0  38421.0 
39362.0  38422.0 
39363.0  38423.0 
39364.0  38424.0 
39365.0  38425.0 
39366.0  38426.0 
39367.0  38427.0 
39368.0  38428.0 
39369.0  38429.0 
39370.0  38430.0 
39371.0  38514.0 
39372.0  38431.0 
39373.0  38432.0 
39374.0  38433.0 
39375.0  38434.0 
39376.0  38435.0 
39377.0  38436.0 
39378.0  38437.0 
39379.0  38438.0 
39380.0  38439.0 
39381.0  38440.0 
39382.0  38441.0 
39383.0  38442.0 
39384.0  38443.0 
39385.0  38444.0 
39386.0  38445.0 
39387.0  38446.0 
39388.0  38447.0 
39389.0  38448.0 
39390.0  38449.0 
39391.0  38450.0 
39392.0  38451.0 
39393.0  38452.0 
39394.0  38453.0 
39395.0  38454.0 
39396.0  38455.0 
39397.0  38456.0 
39398.0  38457.0 
39399.0  38458.0 
39400.0  38459.0 
39401.0  38460.0 
39402.0  38461.0 
39403.0  38462.0 
39404.0  38463.0 
39405.0  38464.0 
39406.0  38465.0 
39407.0  38466.0 
39408.0  38467.0 
39409.0  38468.0 
39410.0  38469.0 
39411.0  38470.0 
39412.0  38471.0 
39413.0  38472.0 
39414.0  38473.0 
39415.0  38474.0 
39416.0  38475.0 
39417.0  38476.0 
39418.0  38477.0 
39419.0  38478.0 
39420.0  38479.0 
39421.0  38480.0 
39422.0  38481.0 
39423.0  38482.0 
39424.0  38483.0 
39425.0  38484.0 
39426.0  38485.0 
39427.0  38486.0 
39428.0  38487.0 
39429.0  38488.0 
39430.0  38489.0 
39431.0  38490.0 
39432.0  38491.0 
39433.0  38492.0 
39434.0  38493.0 
39435.0  38494.0 
39436.0  38495.0 
39437.0  38496.0 
39438.0  38497.0 
39439.0  38498.0 
39440.0  38499.0 
39441.0  38500.0 
39442.0  38501.0 
39443.0  38502.0 
39444.0  38503.0 
39445.0  38504.0 
39446.0  38505.0 
39447.0  38506.0 
39448.1  39530.15 
39449.0  38508.0 
39450.0  38509.0 
39451.0  38510.0 
39452.0  38511.0 
39453.0  38512.0 
39454.0  38513.0 
39455.0  38515.0 
39456.0  38516.0 
39457.0  38517.0 
39458.0  38518.0 
39459.0  38519.0 
39460.0  38520.0 
39461.0  38521.0 
39462.42  39531.16 
39462.42  38522.42 
39462.43  39530.16 
39463.42  39531.16 
39463.42  38523.42 
39463.43  39530.16 
39464.0  38524.0 
39465.0  38525.0 
39466.0  38526.0 
39467.0  38527.0 
39468.0  38528.0 
39469.0  38529.0 
39470.0  38530.0 
39471.0  38531.0 
39472.0  38532.0 
39473.0  38533.0 
39474.0  38534.0 
39475.0  38535.0 
39476.0  38536.0 
39477.0  38537.0 
39478.0  38538.0 
39479.0  38539.0 
39480.0  38540.0 
39481.0  38541.0 
39482.0  38542.0 
39483.0  38543.0 
39484.0  38544.0 
39485.1  39109.1 
39485.2  39109.2 
39485.3  39109.3 
39485.4  39109.4 
39485.5  39109.7 
39485.6  39109.8 
39486.0  38546.0 
39487.0  38547.0 
39488.0  38548.0 
39489.0  38549.0 
39490.0  38550.0 
39491.0  38551.0 
39492.0  38552.0 
39493.0  38553.0 
39494.0  38554.0 
39495.0  38555.0 
39496.0  38556.0 
39497.0  38586.0 
39498.0  38557.0 
39499.0  38558.0 
39500.0  38559.0 
39501.0  38560.0 
39502.1  39530.17 
39503.0  38562.0 
39504.84  39531.17 
39504.84  38563.84 
39504.85  39530.5 
39504.86  39530.17 
39504.87  39109.5 
39505.84  39531.17 
39505.84  38564.84 
39505.85  39530.7 
39505.86  39530.17 
39505.87  39109.6 
39506.0  38565.0 
39507.0  38566.0 
39509.0  38597.0 
39510.0  38598.0 
39511.0  38599.0 
39512.0  38600.0 
39513.0  38601.0 
39514.0  38587.0 
39515.99  39531.11 
39515.100  39531.13 
39515.101  39531.16 
39515.101  38588.101 
39515.102  39530.11 
39515.103  39530.13 
39515.104  39530.16 
39516.0  38606.0 
39521.0  38607.0 
39522.0  38608.0 
39523.0  38609.0 
39524.1  39533.0 
39524.1  39115.0 
39524.1  39526.0 
39524.1  39120.0 
39524.1  39136.0 
39524.1  39156.0 
39524.1  39276.0 
39524.1  39161.0 
39524.1  39534.1 
39524.1  39535.1 
39524.1  39536.1 
39524.1  39537.1 
39524.1  39538.1 
39525.0  38611.0 
39526.0  38173.0 
39527.1  39539.1 
39528.1  39540.1 
39529.1  39541.1 
39530.1  39111.0 
39530.1  39112.0 
39530.1  39113.0 
39530.1  39114.0 
39530.1  39115.0 
39530.1  39116.0 
39530.1  39117.0 
39530.1  39118.0 
39530.1  39119.0 
39530.1  39120.0 
39530.1  39121.0 
39530.1  39122.0 
39530.1  39123.0 
39530.1  39124.0 
39530.1  39125.0 
39530.1  39126.0 
39530.1  39127.0 
39530.1  39128.0 
39530.1  39129.0 
39530.1  39130.0 
39530.1  39131.0 
39530.1  39132.0 
39530.1  39133.0 
39530.1  39134.0 
39530.1  39135.0 
39530.1  39136.0 
39530.1  39137.0 
39530.1  39138.0 
39530.1  39139.0 
39530.1  39140.0 
39530.1  39141.0 
39530.1  39142.0 
39530.1  39143.0 
39530.1  39144.0 
39530.1  39145.0 
39530.1  39146.0 
39530.1  39147.0 
39530.1  39148.0 
39530.1  39149.0 
39530.1  39150.0 
39530.1  39151.0 
39530.1  39152.0 
39530.1  39153.0 
39530.1  39154.0 
39530.1  39155.0 
39530.1  39156.0 
39530.1  39157.0 
39530.1  39158.0 
39530.1  39159.0 
39530.1  39160.0 
39530.1  39161.0 
39530.1  39162.0 
39530.1  39163.0 
39530.1  39164.0 
39530.1  39165.0 
39530.1  39166.0 
39530.1  39167.0 
39530.1  39168.0 
39530.1  39169.0 
39530.1  39170.0 
39530.1  39171.0 
39530.1  39172.0 
39530.1  39173.0 
39530.1  39174.0 
39530.1  39175.0 
39530.1  39176.0 
39530.1  39177.0 
39530.1  39178.0 
39530.1  39179.0 
39530.1  39180.0 
39530.1  39181.0 
39530.1  39182.0 
39530.1  39183.0 
39530.1  39184.0 
39530.1  39185.0 
39530.1  39186.0 
39530.1  39187.0 
39530.1  39188.0 
39530.1  39189.0 
39530.1  39190.0 
39530.1  39191.0 
39530.1  39192.0 
39530.1  39193.0 
39530.1  39194.0 
39530.1  39195.0 
39530.1  39196.0 
39530.1  39197.0 
39530.1  39198.0 
39530.1  39199.0 
39530.1  39200.0 
39530.1  39201.0 
39530.1  39202.0 
39530.1  39203.0 
39530.1  39204.0 
39530.1  39205.0 
39530.1  39206.0 
39530.1  39207.0 
39530.1  39208.0 
39530.1  39209.0 
39530.1  39210.0 
39530.1  39211.0 
39530.1  39212.0 
39530.1  39213.0 
39530.1  39214.0 
39530.1  39215.0 
39530.1  39216.0 
39530.1  39217.0 
39530.1  39218.0 
39530.1  39219.0 
39530.1  39220.0 
39530.1  39221.0 
39530.1  39222.0 
39530.1  39223.0 
39530.1  39224.0 
39530.1  39225.0 
39530.1  39226.0 
39530.1  39227.0 
39530.1  39228.0 
39530.1  39229.0 
39530.1  39230.0 
39530.1  39231.0 
39530.1  39232.0 
39530.1  39233.0 
39530.1  39234.0 
39530.1  39235.0 
39530.1  39236.0 
39530.1  39237.0 
39530.1  39238.0 
39530.1  39239.0 
39530.1  39240.0 
39530.1  39241.0 
39530.1  39242.0 
39530.1  39243.0 
39530.1  39244.0 
39530.1  39245.0 
39530.1  39246.0 
39530.1  39247.0 
39530.1  39248.0 
39530.1  39249.0 
39530.1  39250.0 
39530.1  39251.0 
39530.1  39252.0 
39530.1  39253.0 
39530.1  39254.0 
39530.1  39255.0 
39530.1  39256.0 
39530.1  39257.0 
39530.1  39258.0 
39530.1  39259.0 
39530.1  39260.0 
39530.1  39261.0 
39530.1  39262.0 
39530.1  39263.0 
39530.1  39264.0 
39530.1  39265.0 
39530.1  39266.0 
39530.1  39267.0 
39530.1  39268.0 
39530.1  39269.0 
39530.1  39270.0 
39530.1  39271.0 
39530.1  39272.0 
39530.1  39273.0 
39530.1  39274.0 
39530.1  39275.0 
39530.1  39276.0 
39530.1  39277.0 
39530.1  39278.0 
39530.1  39279.0 
39530.1  39543.1 
39530.1  39281.0 
39530.1  39282.0 
39530.1  39283.0 
39530.1  39284.0 
39530.1  39285.0 
39530.1  39286.0 
39530.2  39287.0 
39530.2  39288.0 
39530.2  39289.0 
39530.2  39290.0 
39530.2  39291.0 
39530.2  39292.0 
39530.2  39293.0 
39530.2  39294.0 
39530.2  39295.0 
39530.2  39296.0 
39530.2  39297.0 
39530.2  39298.0 
39530.2  39299.0 
39530.2  39300.0 
39530.2  39301.0 
39530.2  39302.0 
39530.2  39303.0 
39530.2  39304.0 
39530.2  39305.0 
39530.2  39306.0 
39530.2  39307.0 
39530.2  39308.0 
39530.2  39309.0 
39530.2  39310.0 
39530.2  39311.0 
39530.2  39312.0 
39530.2  39313.0 
39530.2  39314.0 
39530.2  39315.0 
39530.2  39316.0 
39530.2  39317.0 
39530.2  39318.0 
39530.2  39319.0 
39530.2  39320.0 
39530.2  39321.0 
39530.2  39322.0 
39530.2  39323.0 
39530.2  39324.0 
39530.2  39325.0 
39530.2  39326.0 
39530.2  39327.0 
39530.2  39328.0 
39530.2  39329.0 
39530.2  39330.0 
39530.2  39544.0 
39530.2  39332.0 
39530.2  39333.0 
39530.2  39334.0 
39530.2  39335.0 
39530.2  39336.0 
39530.2  39337.0 
39530.2  39338.0 
39530.2  39339.0 
39530.2  39340.0 
39530.2  39341.0 
39530.2  39342.0 
39530.2  39343.0 
39530.2  39344.0 
39530.2  39345.0 
39530.2  39346.0 
39530.2  39347.0 
39530.2  39348.0 
39530.2  39349.0 
39530.2  39350.0 
39530.2  39351.0 
39530.2  39352.0 
39530.2  39353.0 
39530.2  39354.0 
39530.2  39355.0 
39530.2  39356.0 
39530.2  39357.0 
39530.2  39358.0 
39530.2  39359.0 
39530.2  39360.0 
39530.2  39361.0 
39530.2  39362.0 
39530.2  39363.0 
39530.2  39364.0 
39530.2  39365.0 
39530.2  39366.0 
39530.2  39367.0 
39530.2  39368.0 
39530.2  39369.0 
39530.2  39370.0 
39530.2  39372.0 
39530.2  39373.0 
39530.2  39374.0 
39530.2  39375.0 
39530.2  39376.0 
39530.2  39377.0 
39530.2  39378.0 
39530.2  39379.0 
39530.2  39380.0 
39530.2  39381.0 
39530.2  39382.0 
39530.2  39383.0 
39530.2  39384.0 
39530.2  39385.0 
39530.2  39386.0 
39530.2  39387.0 
39530.2  39388.0 
39530.2  39389.0 
39530.2  39390.0 
39530.2  39391.0 
39530.2  39392.0 
39530.2  39393.0 
39530.2  39394.0 
39530.2  39395.0 
39530.2  39396.0 
39530.2  39397.0 
39530.2  39398.0 
39530.2  39399.0 
39530.2  39400.0 
39530.2  39401.0 
39530.2  39402.0 
39530.2  39403.0 
39530.2  39404.0 
39530.2  39405.0 
39530.2  39406.0 
39530.2  39407.0 
39530.2  39408.0 
39530.2  39409.0 
39530.2  39410.0 
39530.2  39411.0 
39530.2  39412.0 
39530.2  39413.0 
39530.2  39414.0 
39530.2  39415.0 
39530.2  39416.0 
39530.2  39417.0 
39530.2  39418.0 
39530.2  39419.0 
39530.2  39420.0 
39530.2  39421.0 
39530.2  39422.0 
39530.2  39423.0 
39530.2  39424.0 
39530.2  39425.0 
39530.2  39426.0 
39530.2  39427.0 
39530.2  39428.0 
39530.2  39429.0 
39530.2  39430.0 
39530.2  39431.0 
39530.2  39432.0 
39530.2  39433.0 
39530.2  39434.0 
39530.2  39435.0 
39530.2  39436.0 
39530.2  39437.0 
39530.2  39438.0 
39530.2  39439.0 
39530.2  39440.0 
39530.2  39441.0 
39530.2  39442.0 
39530.2  39443.0 
39530.2  39444.0 
39530.2  39445.0 
39530.2  39446.0 
39530.2  39447.0 
39530.2  39545.1 
39530.2  39449.0 
39530.2  39450.0 
39530.2  39451.0 
39530.2  39452.0 
39530.2  39453.0 
39530.2  39454.0 
39530.2  39371.0 
39530.2  39455.0 
39530.2  39456.0 
39530.2  39457.0 
39530.2  39458.0 
39530.2  39459.0 
39530.2  39460.0 
39530.2  39461.0 
39530.2  39462.42 
39530.2  39463.42 
39530.2  39464.0 
39530.2  39465.0 
39530.2  39466.0 
39530.2  39467.0 
39530.2  39468.0 
39530.2  39469.0 
39530.2  39470.0 
39530.2  39471.0 
39530.2  39472.0 
39530.2  39473.0 
39530.2  39474.0 
39530.2  39475.0 
39530.2  39476.0 
39530.3  39477.0 
39530.3  39478.0 
39530.3  39479.0 
39530.3  39480.0 
39530.3  39481.0 
39530.3  39482.0 
39530.3  39483.0 
39530.3  39484.0 
39530.3  39546.2 
39530.3  39486.0 
39530.3  39487.0 
39530.3  39488.0 
39530.3  39489.0 
39530.3  39490.0 
39530.3  39491.0 
39530.4  39492.0 
39530.4  39493.0 
39530.4  39494.0 
39530.4  39495.0 
39530.4  39547.0 
39530.5  39496.0 
39530.5  39498.0 
39530.5  39499.0 
39530.5  39500.0 
39530.5  39501.0 
39530.5  39548.1 
39530.5  39503.0 
39530.5  39504.84 
39530.5  39505.84 
39530.5  39506.0 
39530.5  39507.0 
39530.6  39549.0 
39530.6  39550.0 
39530.6  39551.0 
39530.6  39552.0 
39530.6  39553.0 
39530.6  39554.0 
39530.6  39555.0 
39530.6  39556.0 
39530.6  39557.0 
39530.6  39558.2 
39530.6  39559.0 
39530.6  39560.0 
39530.6  39561.0 
39530.6  39562.0 
39530.6  39563.0 
39530.6  39564.0 
39530.6  39565.0 
39530.6  39566.0 
39530.6  39567.42 
39530.6  39568.0 
39530.6  39569.0 
39530.7  39497.0 
39530.7  39514.0 
39530.7  39515.101 
39530.7  39570.0 
39530.7  39571.0 
39530.7  39572.1 
39530.7  39573.0 
39530.7  39574.0 
39530.7  39575.0 
39530.7  39576.0 
39530.7  39577.0 
39530.8  39509.0 
39530.8  39510.0 
39530.8  39511.0 
39530.8  39512.0 
39530.8  39513.0 
39530.9  39578.0 
39530.9  39579.0 
39530.9  39580.0 
39530.9  39581.0 
39530.10  39516.0 
39530.10  39521.0 
39530.10  39522.0 
39530.11  39523.0 
39530.12  39582.0 
39530.13  39515.102 
39530.14  39546.9 
39530.15  39583.0 
39530.16  39515.103 
39530.17  39584.1 
39531.17  38177.17 
39532.1  39586.0 
39532.1  39115.0 
39532.1  39136.0 
39533.0  38621.0 
39534.1  39587.1 
39535.1  39588.1 
39536.1  39589.1 
39537.1  39590.1 
39538.1  39591.1 
39539.1  39592.0 
39539.1  39115.0 
39539.1  39136.0 
39539.1  39156.0 
39540.1  39593.0 
39540.1  39115.0 
39540.1  39136.0 
39540.1  39156.0 
39541.1  39595.0 
39541.1  39115.0 
39541.1  39136.0 
39542.1  39525.0 
39542.1  39115.0 
39542.1  39526.0 
39542.1  39120.0 
39542.1  39136.0 
39542.1  39156.0 
39542.1  39276.0 
39542.1  39161.0 
39542.1  39597.1 
39542.1  39598.1 
39542.1  39599.1 
39543.1  39531.17 
39545.1  39531.15 
39546.1  39530.1 
39546.2  39530.2 
39546.3  39530.3 
39546.4  39530.4 
39546.5  39530.8 
39546.6  39530.9 
39546.7  39530.10 
39546.8  39530.11 
39546.9  39530.12 
39546.10  39530.17 
39548.1  39531.17 
39549.0  38567.0 
39550.0  38568.0 
39551.0  38569.0 
39552.0  38570.0 
39553.0  38571.0 
39554.0  38572.0 
39555.0  38165.0 
39556.0  38162.0 
39557.0  38573.0 
39558.1  39600.1 
39558.2  39601.1 
39559.0  38575.0 
39560.0  38576.0 
39561.0  38577.0 
39562.0  38578.0 
39563.0  38579.0 
39564.0  38580.0 
39565.0  38581.0 
39566.0  38582.0 
39567.42  38583.42 
39567.43  39530.6 
39568.0  38584.0 
39569.0  38585.0 
39570.0  38589.0 
39572.1  39602.1 
39573.0  38592.0 
39574.0  38593.0 
39576.0  38595.0 
39577.0  38596.0 
39578.0  38602.0 
39579.0  38603.0 
39580.0  38604.0 
39581.1  39530.9 
39582.0  39105.0 
39583.0  38631.0 
39584.1  39530.13 
39585.1  39115.0 
39585.1  39526.0 
39585.1  39120.0 
39585.1  39136.0 
39585.1  39156.0 
39585.1  39276.0 
39585.1  39161.0 
39586.0  38172.0 
39587.1  39593.0 
39587.1  39115.0 
39587.1  39136.0 
39587.1  39156.0 
39588.1  39592.0 
39588.1  39115.0 
39588.1  39136.0 
39588.1  39156.0 
39589.1  39603.0 
39589.1  39115.0 
39589.1  39136.0 
39589.1  39156.0 
39590.1  39603.0 
39590.1  39115.0 
39590.1  39136.0 
39590.1  39156.0 
39591.1  39603.0 
39591.1  39115.0 
39591.1  39136.0 
39591.1  39156.0 
39592.0  38653.0 
39593.0  38654.0 
39595.0  38656.0 
39596.1  39533.0 
39596.1  39115.0 
39596.1  39526.0 
39596.1  39120.0 
39596.1  39136.0 
39596.1  39156.0 
39596.1  39276.0 
39596.1  39161.0 
39596.1  39605.1 
39596.1  39606.1 
39596.1  39607.1 
39596.1  39608.1 
39596.1  39609.1 
39597.1  39610.1 
39598.1  39611.1 
39599.1  39612.1 
39600.1  39614.0 
39600.1  39115.0 
39600.1  39615.0 
39600.1  39616.0 
39600.1  39136.0 
39600.1  39617.0 
39600.1  39318.0 
39600.1  39618.0 
39600.1  39120.0 
39600.1  39330.0 
39600.1  39619.0 
39600.1  39156.0 
39600.1  39620.1 
39601.1  39622.0 
39601.1  39115.0 
39601.1  39615.0 
39601.1  39616.0 
39601.1  39318.0 
39601.1  39136.0 
39601.1  39617.0 
39601.1  39120.0 
39601.1  39618.0 
39601.1  39330.0 
39601.1  39623.0 
39601.1  39156.0 
39601.1  39558.1 
39602.1  39625.0 
39602.1  39115.0 
39602.1  39626.0 
39602.1  39136.0 
39602.1  39156.0 
39602.1  39161.0 
39602.1  39155.0 
39602.1  39627.1 
39602.1  39627.3 
39602.1  39627.4 
39602.1  39627.5 
39602.1  39627.6 
39602.1  39627.7 
39603.0  38667.0 
39604.1  39586.0 
39604.1  39115.0 
39604.1  39136.0 
39605.1  39629.1 
39606.1  39630.1 
39607.1  39631.1 
39608.1  39632.1 
39609.1  39633.1 
39610.1  39592.0 
39610.1  39115.0 
39610.1  39136.0 
39610.1  39156.0 
39611.1  39593.0 
39611.1  39115.0 
39611.1  39136.0 
39611.1  39156.0 
39612.1  39595.0 
39612.1  39115.0 
39612.1  39136.0 
39613.1  39077.0 
39613.1  38160.0 
39613.1  38173.0 
39613.1  38164.0 
39613.1  38163.0 
39613.1  38169.0 
39613.1  38174.0 
39613.1  38175.0 
39613.1  38225.0 
39613.1  38226.0 
39613.1  38227.0 
39613.1  39636.1 
39613.1  39637.1 
39613.1  38220.0 
39613.1  38232.0 
39613.1  39638.1 
39614.0  38633.0 
39615.0  38634.0 
39616.0  38635.0 
39617.0  38636.0 
39618.0  38637.0 
39620.1  39639.1 
39621.1  38171.1 
39622.0  38641.0 
39624.1  39640.0 
39624.1  39115.0 
39624.1  39526.0 
39624.1  39120.0 
39624.1  39136.0 
39624.1  39156.0 
39624.1  39276.0 
39624.1  39161.0 
39625.0  38645.0 
39626.0  38646.0 
39627.1  39641.1 
39627.2  39641.2 
39627.3  39641.3 
39627.4  39641.4 
39627.5  39641.5 
39627.6  39641.6 
39627.7  39641.7 
39628.1  39115.0 
39628.1  39526.0 
39628.1  39120.0 
39628.1  39136.0 
39628.1  39156.0 
39628.1  39276.0 
39628.1  39161.0 
39629.1  39593.0 
39629.1  39115.0 
39629.1  39136.0 
39629.1  39156.0 
39630.1  39592.0 
39630.1  39115.0 
39630.1  39136.0 
39630.1  39156.0 
39631.1  39603.0 
39631.1  39115.0 
39631.1  39136.0 
39631.1  39156.0 
39632.1  39603.0 
39632.1  39115.0 
39632.1  39136.0 
39632.1  39156.0 
39633.1  39603.0 
39633.1  39115.0 
39633.1  39136.0 
39633.1  39156.0 
39635.1  38633.0 
39635.1  38160.0 
39635.1  38634.0 
39635.1  38635.0 
39635.1  38163.0 
39635.1  38636.0 
39635.1  38161.0 
39635.1  38637.0 
39635.1  38164.0 
39635.1  38166.0 
39635.1  39642.0 
39635.1  38169.0 
39635.1  38574.3 
39636.1  39643.1 
39637.1  39644.1 
39638.1  39645.1 
39639.1  39093.0 
39639.1  38160.0 
39639.1  38163.0 
39639.1  39646.3 
39640.0  38665.0 
39641.1  39647.0 
39641.1  39115.0 
39641.1  39648.0 
39641.1  39120.0 
39641.1  39136.0 
39641.1  39649.0 
39641.1  39156.0 
39641.1  39650.0 
39641.1  39651.0 
39641.1  39276.0 
39641.1  39652.0 
39641.1  39653.0 
39641.1  39654.0 
39641.1  39161.0 
39641.1  39655.0 
39641.1  39656.0 
39641.1  39657.0 
39641.1  39658.0 
39641.1  39659.0 
39641.1  39660.0 
39641.1  39661.0 
39641.1  39662.0 
39641.1  39663.0 
39641.1  39664.0 
39641.1  39665.0 
39641.1  39666.0 
39641.1  39667.0 
39641.1  39668.0 
39641.1  39669.0 
39641.1  39670.0 
39641.1  39671.0 
39641.1  39672.0 
39641.1  39673.0 
39641.1  39674.0 
39641.1  39675.0 
39641.1  39676.0 
39641.1  39677.0 
39641.1  39678.0 
39641.1  39679.0 
39641.1  39680.0 
39641.1  39681.0 
39641.1  39682.0 
39641.1  39683.0 
39641.1  39684.0 
39641.1  39685.0 
39641.1  39686.0 
39641.1  39687.0 
39641.1  39688.0 
39641.1  39689.0 
39641.1  39690.0 
39641.1  39691.0 
39641.1  39692.0 
39641.1  39693.0 
39641.1  39694.0 
39641.1  39695.0 
39641.1  39696.0 
39641.1  39697.0 
39641.1  39698.0 
39641.1  39699.0 
39641.1  39700.0 
39641.1  39701.0 
39641.1  39702.0 
39641.1  39703.0 
39641.1  39704.0 
39641.1  39705.0 
39641.1  39706.0 
39641.1  39707.0 
39641.1  39708.0 
39641.1  39709.0 
39641.1  39710.0 
39641.1  39711.0 
39641.1  39712.0 
39641.1  39713.0 
39641.1  39714.0 
39641.1  39715.0 
39641.1  39716.0 
39641.1  39717.0 
39641.1  39718.0 
39641.1  39719.0 
39641.1  39720.0 
39641.1  39721.0 
39641.1  39722.0 
39641.1  39723.0 
39641.1  39724.0 
39641.1  39725.0 
39641.1  39726.0 
39641.2  39727.0 
39641.2  39728.0 
39641.2  39729.0 
39641.2  39730.0 
39641.2  39731.0 
39641.2  39732.0 
39641.2  39733.0 
39641.2  39734.0 
39641.2  39735.0 
39641.2  39736.0 
39641.2  39737.0 
39641.2  39738.0 
39641.2  39739.0 
39641.2  39740.0 
39641.2  39741.0 
39641.2  39742.0 
39641.2  39743.0 
39641.2  39744.0 
39641.2  39745.0 
39641.2  39746.0 
39641.2  39747.0 
39641.2  39748.0 
39641.2  39749.0 
39641.2  39750.0 
39641.2  39751.0 
39641.2  39752.0 
39641.2  39753.0 
39641.2  39754.0 
39641.2  39755.0 
39641.2  39756.0 
39641.2  39757.0 
39641.2  39758.0 
39641.2  39759.0 
39641.2  39760.0 
39641.2  39761.0 
39641.2  39762.0 
39641.2  39763.0 
39641.2  39764.0 
39641.2  39765.0 
39641.2  39766.0 
39641.2  39767.0 
39641.2  39768.0 
39641.2  39769.0 
39641.2  39770.0 
39641.2  39771.0 
39641.2  39772.0 
39641.2  39773.0 
39641.2  39774.0 
39641.2  39775.0 
39641.2  39776.0 
39641.2  39777.0 
39641.2  39778.0 
39641.2  39779.0 
39641.2  39780.0 
39641.2  39781.0 
39641.2  39782.0 
39641.2  39783.0 
39641.2  39784.0 
39641.2  39785.0 
39641.2  39786.0 
39641.2  39787.0 
39641.2  39788.0 
39641.2  39789.0 
39641.2  39790.0 
39641.2  39791.0 
39641.2  39792.0 
39641.2  39793.0 
39641.2  39794.0 
39641.2  39795.0 
39641.2  39796.0 
39641.2  39797.0 
39641.2  39798.0 
39641.2  39799.0 
39641.2  39800.0 
39641.2  39801.0 
39641.2  39802.0 
39641.2  39803.0 
39641.2  39804.0 
39641.2  39805.0 
39641.2  39806.0 
39641.2  39807.0 
39641.2  39808.0 
39641.2  39809.0 
39641.2  39810.0 
39641.3  39811.0 
39641.3  39812.0 
39641.3  39813.0 
39641.3  39814.0 
39641.3  39815.0 
39641.3  39816.0 
39641.3  39817.0 
39641.3  39818.0 
39641.3  39819.0 
39641.3  39820.0 
39641.3  39821.0 
39641.3  39822.0 
39641.3  39823.0 
39641.3  39824.0 
39641.3  39825.0 
39641.3  39826.0 
39641.3  39827.0 
39641.3  39828.0 
39641.3  39829.0 
39641.3  39830.0 
39641.3  39831.0 
39641.3  39832.0 
39641.3  39833.0 
39641.3  39834.0 
39641.3  39835.0 
39641.3  39836.0 
39641.3  39837.0 
39641.3  39838.0 
39641.3  39839.0 
39641.3  39840.0 
39641.3  39841.0 
39641.3  39842.0 
39641.3  39843.0 
39641.3  39844.0 
39641.3  39845.0 
39641.3  39846.0 
39641.3  39847.0 
39641.3  39848.0 
39641.3  39849.0 
39641.3  39850.0 
39641.3  39851.0 
39641.3  39852.0 
39641.3  39853.0 
39641.3  39854.0 
39641.3  39855.0 
39641.3  39856.0 
39641.3  39857.0 
39641.3  39858.0 
39641.3  39859.0 
39641.3  39860.0 
39641.3  39861.0 
39641.3  39862.0 
39641.3  39863.0 
39641.3  39864.0 
39641.3  39865.0 
39641.3  39866.0 
39641.3  39867.0 
39641.3  39868.0 
39641.3  39869.0 
39641.3  39870.0 
39641.3  39871.0 
39641.3  39872.0 
39641.3  39873.0 
39641.3  39874.0 
39641.3  39875.0 
39641.3  39876.0 
39641.3  39877.0 
39641.3  39878.0 
39641.3  39879.0 
39641.3  39880.0 
39641.4  39881.0 
39641.4  39882.0 
39641.4  39883.0 
39641.4  39884.0 
39641.4  39885.0 
39641.4  39886.0 
39641.4  39887.0 
39641.4  39888.0 
39641.4  39889.0 
39641.4  39890.0 
39641.4  39891.0 
39641.4  39892.0 
39641.4  39893.0 
39641.4  39894.0 
39641.4  39895.0 
39641.4  39896.0 
39641.4  39897.0 
39641.4  39898.0 
39641.4  39899.0 
39641.4  39900.0 
39641.4  39901.0 
39641.4  39902.0 
39641.4  39903.0 
39641.4  39904.0 
39641.4  39905.0 
39641.4  39906.0 
39641.4  39907.0 
39641.4  39908.0 
39641.4  39909.0 
39641.4  39910.0 
39641.4  39911.0 
39641.4  39912.0 
39641.4  39913.0 
39641.4  39914.0 
39641.4  39915.0 
39641.4  39916.0 
39641.4  39917.0 
39641.4  39918.0 
39641.4  39919.0 
39641.5  39920.0 
39641.5  39921.0 
39641.5  39922.0 
39641.5  39923.0 
39641.5  39924.0 
39641.5  39925.0 
39641.5  39926.0 
39641.5  39927.0 
39641.5  39928.0 
39641.5  39929.0 
39641.5  39930.0 
39641.5  39931.0 
39641.5  39932.0 
39641.5  39933.0 
39641.5  39934.0 
39641.5  39935.0 
39641.5  39936.0 
39641.5  39937.0 
39641.5  39938.0 
39641.5  39939.0 
39641.5  39940.0 
39641.5  39941.0 
39641.5  39942.0 
39641.5  39943.0 
39641.5  39944.0 
39641.5  39945.0 
39641.5  39946.0 
39641.5  39947.0 
39641.5  39948.0 
39641.5  39949.0 
39641.5  39950.0 
39641.5  39951.0 
39641.5  39952.0 
39641.5  39953.0 
39641.5  39954.0 
39641.5  39955.0 
39641.5  39956.0 
39641.5  39957.0 
39641.5  39958.0 
39641.5  39959.0 
39641.5  39960.0 
39641.5  39961.0 
39641.5  39962.0 
39641.5  39963.0 
39641.5  39964.0 
39641.5  39965.0 
39641.5  39966.0 
39641.5  39967.0 
39641.6  39968.0 
39641.6  39969.0 
39641.6  39970.0 
39641.6  39971.0 
39641.6  39972.0 
39641.6  39973.0 
39641.6  39974.0 
39641.6  39975.0 
39641.6  39976.0 
39641.6  39977.0 
39641.6  39978.0 
39641.6  39979.0 
39641.6  39980.0 
39641.6  39981.0 
39641.6  39982.0 
39641.6  39983.0 
39641.6  39984.0 
39641.6  39985.0 
39641.6  39986.0 
39641.6  39987.0 
39641.6  39988.0 
39641.6  39989.0 
39641.6  39990.0 
39641.6  39991.0 
39641.6  39992.0 
39641.6  39993.0 
39641.6  39994.0 
39641.6  39995.0 
39641.6  39996.0 
39641.6  39997.0 
39641.7  39998.0 
39641.7  39999.0 
39641.7  40000.0 
39641.7  40001.0 
39641.7  40002.0 
39641.7  40003.0 
39641.7  40004.0 
39641.7  40005.0 
39641.7  40006.0 
39641.7  40007.0 
39641.7  40008.0 
39641.7  40009.0 
39641.7  40010.0 
39641.7  40011.0 
39641.7  40012.0 
39641.7  40013.0 
39641.7  40014.0 
39641.7  40015.0 
39641.7  40016.0 
39641.7  40017.0 
39641.7  40018.0 
39641.7  40019.0 
39641.7  40020.0 
39641.7  40021.0 
39641.7  40022.0 
39641.7  40023.0 
39641.7  40024.0 
39641.7  40025.0 
39641.7  40026.0 
39641.7  40027.0 
39641.7  40028.0 
39641.7  40029.0 
39641.7  40030.0 
39641.7  40031.0 
39641.7  40032.0 
39641.7  40033.0 
39641.7  40034.0 
39641.7  40035.0 
39641.7  40036.0 
39641.7  40037.0 
39641.7  40038.0 
39641.7  40039.0 
39641.7  40040.0 
39641.7  40041.0 
39643.1  39083.0 
39643.1  38160.0 
39643.1  38163.0 
39643.1  38169.0 
39643.1  38175.0 
39643.1  40043.1 
39644.1  39100.0 
39644.1  38160.0 
39644.1  38163.0 
39644.1  38169.0 
39644.1  39101.44 
39645.1  39100.0 
39645.1  38160.0 
39645.1  38163.0 
39645.1  38169.0 
39645.1  39102.9 
39646.3  38574.3 
39647.0  38678.0 
39648.0  38679.0 
39649.0  38680.0 
39651.0  38682.0 
39652.0  38683.0 
39653.0  38684.0 
39654.0  38685.0 
39655.0  38686.0 
39656.0  38687.0 
39657.0  38688.0 
39658.0  38689.0 
39659.0  38690.0 
39660.0  38691.0 
39661.0  38692.0 
39662.0  38693.0 
39663.0  38694.0 
39664.0  38695.0 
39665.0  38696.0 
39666.0  38697.0 
39667.0  38698.0 
39668.0  38699.0 
39669.0  38700.0 
39670.0  38701.0 
39671.0  38702.0 
39672.0  38703.0 
39673.0  38704.0 
39674.0  38705.0 
39675.0  38706.0 
39676.0  38707.0 
39677.0  38708.0 
39678.0  38709.0 
39679.0  38710.0 
39680.0  38711.0 
39681.0  38712.0 
39682.0  38713.0 
39683.0  38714.0 
39684.0  38715.0 
39685.0  38716.0 
39686.0  38717.0 
39687.0  38718.0 
39688.0  38719.0 
39689.0  38720.0 
39690.0  38721.0 
39691.0  38722.0 
39692.0  38723.0 
39693.0  38724.0 
39694.0  38725.0 
39695.0  38726.0 
39696.0  38727.0 
39697.0  38728.0 
39698.0  38729.0 
39699.0  38730.0 
39700.0  38731.0 
39701.0  38732.0 
39702.0  38733.0 
39703.0  38734.0 
39704.0  38735.0 
39705.0  38736.0 
39706.0  38737.0 
39707.0  38738.0 
39708.0  38739.0 
39709.0  38740.0 
39710.0  38741.0 
39711.0  38742.0 
39712.0  38743.0 
39713.0  38744.0 
39714.0  38745.0 
39715.0  38746.0 
39716.0  38747.0 
39717.0  38748.0 
39718.0  38749.0 
39719.0  38750.0 
39720.0  38751.0 
39721.0  38752.0 
39722.0  38753.0 
39723.0  38754.0 
39724.0  38755.0 
39725.0  38756.0 
39726.0  38757.0 
39727.0  38758.0 
39728.0  38759.0 
39729.0  38760.0 
39730.0  38761.0 
39731.0  38762.0 
39732.0  38763.0 
39733.0  38764.0 
39734.0  38765.0 
39735.0  38766.0 
39736.0  38767.0 
39737.0  38768.0 
39738.0  38769.0 
39739.0  38770.0 
39740.0  38771.0 
39741.0  38772.0 
39742.0  38773.0 
39743.0  38774.0 
39744.0  38775.0 
39745.0  38776.0 
39746.0  38777.0 
39747.0  38778.0 
39748.0  38779.0 
39749.0  38780.0 
39750.0  38781.0 
39751.0  38782.0 
39752.0  38783.0 
39753.0  38784.0 
39754.0  38785.0 
39755.0  38786.0 
39756.0  38787.0 
39757.0  38788.0 
39758.0  38789.0 
39759.0  38790.0 
39760.0  38791.0 
39761.0  38792.0 
39762.0  38793.0 
39763.0  38794.0 
39764.0  38795.0 
39765.0  38796.0 
39766.0  38797.0 
39767.0  38798.0 
39768.0  38799.0 
39769.0  38800.0 
39770.0  38801.0 
39771.0  38802.0 
39772.0  38803.0 
39773.0  38804.0 
39774.0  38805.0 
39775.0  38806.0 
39776.0  38807.0 
39777.0  38808.0 
39778.0  38809.0 
39779.0  38810.0 
39780.0  38811.0 
39781.0  38812.0 
39782.0  38813.0 
39783.0  38814.0 
39784.0  38815.0 
39785.0  38816.0 
39786.0  38817.0 
39787.0  38818.0 
39788.0  38819.0 
39789.0  38820.0 
39790.0  38821.0 
39791.0  38822.0 
39792.0  38823.0 
39793.0  38824.0 
39794.0  38825.0 
39795.0  38826.0 
39796.0  38827.0 
39797.0  38828.0 
39798.0  38829.0 
39799.0  38830.0 
39800.0  38831.0 
39801.0  38832.0 
39802.0  38833.0 
39803.0  38834.0 
39804.0  38835.0 
39805.0  38836.0 
39806.0  38837.0 
39807.0  38838.0 
39808.0  38839.0 
39809.0  38840.0 
39810.0  38841.0 
39811.0  38842.0 
39812.0  38843.0 
39813.0  38844.0 
39814.0  38845.0 
39815.0  38846.0 
39816.0  38847.0 
39817.0  38848.0 
39818.0  38849.0 
39819.0  38850.0 
39820.0  38851.0 
39821.0  38852.0 
39822.0  38853.0 
39823.0  38854.0 
39824.0  38855.0 
39825.0  38856.0 
39826.0  38857.0 
39827.0  38858.0 
39828.0  38859.0 
39829.0  38860.0 
39830.0  38861.0 
39831.0  38862.0 
39832.0  38863.0 
39833.0  38864.0 
39834.0  38865.0 
39835.0  38866.0 
39836.0  38867.0 
39837.0  38868.0 
39838.0  38869.0 
39839.0  38870.0 
39840.0  38871.0 
39841.0  38872.0 
39842.0  38873.0 
39843.0  38874.0 
39845.0  38876.0 
39846.0  38877.0 
39847.0  38878.0 
39848.0  38879.0 
39849.0  38880.0 
39850.0  38881.0 
39851.0  38882.0 
39852.0  38883.0 
39853.0  38884.0 
39854.0  38885.0 
39855.0  38886.0 
39856.0  38887.0 
39857.0  38888.0 
39858.0  38889.0 
39859.0  38890.0 
39860.0  38891.0 
39861.0  38892.0 
39862.0  38893.0 
39863.0  38894.0 
39864.0  38895.0 
39865.0  38896.0 
39866.0  38897.0 
39867.0  38898.0 
39868.0  38899.0 
39869.0  38900.0 
39870.0  38901.0 
39871.0  38902.0 
39872.0  38903.0 
39873.0  38904.0 
39874.0  38905.0 
39875.0  38906.0 
39876.0  38907.0 
39877.0  38908.0 
39878.0  38909.0 
39879.0  38910.0 
39880.0  38911.0 
39881.0  38912.0 
39882.0  38913.0 
39883.0  38914.0 
39884.0  38915.0 
39885.0  38916.0 
39886.0  38917.0 
39887.0  38918.0 
39888.0  38919.0 
39889.0  38920.0 
39890.0  38921.0 
39891.0  38922.0 
39892.0  38923.0 
39893.0  38924.0 
39894.0  38925.0 
39895.0  38926.0 
39896.0  38927.0 
39897.0  38928.0 
39898.0  38929.0 
39899.0  38930.0 
39900.0  38931.0 
39901.0  38932.0 
39902.0  38933.0 
39903.0  38934.0 
39904.0  38935.0 
39905.0  38936.0 
39906.0  38937.0 
39907.0  38938.0 
39908.0  38939.0 
39909.0  38940.0 
39910.0  38941.0 
39911.0  38942.0 
39912.0  38943.0 
39913.0  38944.0 
39914.0  38945.0 
39915.0  38946.0 
39916.0  38947.0 
39917.0  38948.0 
39918.0  38949.0 
39919.0  38950.0 
39920.0  38951.0 
39921.0  38952.0 
39922.0  38953.0 
39923.0  38954.0 
39924.0  38955.0 
39925.0  38956.0 
39926.0  38957.0 
39927.0  38958.0 
39928.0  38959.0 
39929.0  38960.0 
39930.0  38961.0 
39931.0  38962.0 
39932.0  38963.0 
39933.0  38964.0 
39934.0  38965.0 
39935.0  38966.0 
39936.0  38967.0 
39937.0  38968.0 
39938.0  38969.0 
39939.0  38970.0 
39940.0  38971.0 
39941.0  38972.0 
39942.0  38973.0 
39943.0  38974.0 
39944.0  38975.0 
39945.0  38976.0 
39946.0  38977.0 
39947.0  38978.0 
39948.0  38979.0 
39949.0  38980.0 
39950.0  38981.0 
39951.0  38982.0 
39952.0  38983.0 
39953.0  38984.0 
39954.0  38985.0 
39955.0  38986.0 
39956.0  38987.0 
39957.0  38988.0 
39958.0  38989.0 
39959.0  38990.0 
39960.0  38991.0 
39961.0  38992.0 
39962.0  38993.0 
39963.0  38994.0 
39964.0  38995.0 
39965.0  38996.0 
39966.0  38997.0 
39967.0  38998.0 
39968.0  38999.0 
39969.0  39000.0 
39970.0  39001.0 
39971.0  39002.0 
39972.0  39003.0 
39973.0  39004.0 
39974.0  39005.0 
39975.0  39006.0 
39976.0  39007.0 
39977.0  39008.0 
39978.0  39009.0 
39979.0  39010.0 
39980.0  39011.0 
39981.0  39012.0 
39982.0  39013.0 
39983.0  39014.0 
39984.0  39015.0 
39985.0  39016.0 
39986.0  39017.0 
39987.0  39018.0 
39988.0  39019.0 
39989.0  39020.0 
39990.0  39021.0 
39991.0  39022.0 
39992.0  39023.0 
39993.0  39024.0 
39994.0  39025.0 
39995.0  39026.0 
39996.0  39027.0 
39997.0  39028.0 
39998.0  39029.0 
39999.0  39030.0 
40000.0  39031.0 
40001.0  39032.0 
40002.0  39033.0 
40003.0  39034.0 
40004.0  39035.0 
40005.0  39036.0 
40006.0  39037.0 
40007.0  39038.0 
40008.0  39039.0 
40009.0  39040.0 
40010.0  39041.0 
40011.0  39042.0 
40012.0  39043.0 
40013.0  39044.0 
40014.0  39045.0 
40015.0  39046.0 
40043.1  40044.0 
39109.0  39110.0 
39110.0  39524.0 
39524.0  39532.0 
39530.0  39542.0 
39532.0  39585.0 
39539.0  39110.0 
39540.0  39110.0 
39541.0  39594.0 
39542.0  39596.0 
39587.0  39524.0 
39588.0  39524.0 
39589.0  39524.0 
39590.0  39524.0 
39591.0  39524.0 
39594.0  39110.0 
39596.0  39604.0 
39600.0  39613.0 
39601.0  39621.0 
39602.0  39624.0 
39604.0  39628.0 
39610.0  39542.0 
39611.0  39542.0 
39612.0  39634.0 
39613.0  39635.0 
39624.0  39530.0 
39629.0  39596.0 
39630.0  39596.0 
39631.0  39596.0 
39632.0  39596.0 
39633.0  39596.0 
39634.0  39542.0 
39635.0  39621.0 
39639.0  39613.0 
39641.0  39624.0 
39643.0  40042.0 
39644.0  39613.0 
39645.0  39613.0 
40042.0  39613.0 
40044.0  40042.0 
39108.1  39109.9 
