53011.1  53013.0 
53011.1  53014.0 
53011.1  53015.0 
53011.1  53016.0 
53011.1  53017.0 
53011.1  53018.0 
53011.1  53019.0 
53011.1  53020.0 
53011.1  53021.0 
53011.1  53022.0 
53011.1  53023.0 
53011.1  53024.0 
53012.1  53026.0 
53012.1  53014.0 
53012.1  53017.0 
53013.0  52993.0 
53014.0  52994.0 
53015.0  52995.0 
53016.0  52996.0 
53017.0  52997.0 
53018.0  52998.0 
53019.0  52999.0 
53020.0  53000.0 
53023.0  53003.0 
53024.0  52644.0 
53025.1  53014.0 
53025.1  53027.0 
53025.1  53018.0 
53025.1  53017.0 
53025.1  53023.0 
53025.1  53028.0 
53025.1  53029.0 
53026.0  53006.0 
53027.0  53007.0 
53028.0  53008.0 
53029.0  53009.0 
53010.1  53011.1 
53031.1  53014.0 
53031.1  53032.0 
53031.1  53033.0 
53031.1  53018.0 
53031.1  53034.0 
53031.1  53035.0 
53031.1  53017.0 
53031.1  53028.0 
53031.1  53036.0 
53031.1  53037.0 
53031.1  53038.0 
53031.1  53039.0 
53031.1  53040.0 
53031.1  53041.0 
53031.1  53042.0 
53031.1  53043.0 
53031.1  53044.0 
53031.1  53045.0 
53031.1  53046.0 
53031.1  53047.0 
53031.1  53048.0 
53031.1  53023.0 
53031.1  53049.0 
53031.1  53050.0 
53031.1  53051.0 
53031.1  53052.0 
53031.1  53053.0 
53031.1  53054.0 
53031.1  53055.0 
53031.1  53056.0 
53031.1  53057.0 
53031.1  53058.0 
53031.1  53059.0 
53031.1  53060.0 
53031.1  53061.0 
53031.1  53062.0 
53031.1  53063.0 
53031.1  53064.0 
53031.1  53065.0 
53031.1  53066.0 
53031.1  53067.0 
53031.1  53068.0 
53031.1  53069.0 
53031.1  53070.0 
53031.1  53071.0 
53031.1  53072.0 
53031.1  53073.0 
53031.1  53074.0 
53031.1  53075.0 
53031.1  53076.0 
53031.1  53077.0 
53031.1  53078.0 
53031.1  53079.0 
53031.1  53080.0 
53031.1  53081.0 
53031.1  53082.0 
53031.1  53083.0 
53031.1  53084.0 
53031.1  53085.0 
53031.1  53086.0 
53031.1  53087.0 
53031.1  53088.0 
53031.1  53089.0 
53031.1  53090.0 
53031.1  53091.0 
53031.1  53092.0 
53031.1  53093.0 
53031.1  53094.0 
53031.1  53095.0 
53031.1  53096.0 
53031.1  53097.0 
53031.1  53098.0 
53031.1  53099.0 
53031.1  53100.0 
53031.1  53101.0 
53031.1  53102.0 
53031.1  53103.0 
53031.1  53104.0 
53031.1  53105.0 
53031.1  53106.0 
53031.1  53107.0 
53031.1  53108.0 
53031.1  53109.0 
53031.1  53110.0 
53031.1  53111.0 
53031.1  53112.0 
53031.1  53113.0 
53031.1  53114.0 
53031.1  53115.0 
53031.1  53116.0 
53031.1  53117.0 
53031.1  53118.0 
53031.1  53119.0 
53031.1  53120.0 
53031.1  53015.0 
53031.1  53020.0 
53031.1  53121.0 
53031.1  53122.0 
53031.1  53123.0 
53031.1  53124.0 
53031.1  53125.0 
53031.1  53126.0 
53031.1  53127.0 
53031.1  53128.0 
53031.1  53129.0 
53031.1  53130.0 
53031.1  53131.0 
53031.1  53132.0 
53031.1  53133.0 
53031.1  53134.0 
53031.1  53135.0 
53031.1  53136.0 
53031.1  53137.0 
53031.1  53138.0 
53031.1  53139.0 
53031.1  53140.0 
53031.1  53141.0 
53031.1  53142.0 
53031.1  53143.0 
53031.1  53144.0 
53031.1  53145.0 
53031.1  53146.0 
53031.1  53147.0 
53031.1  53148.0 
53031.1  53149.0 
53031.1  53150.0 
53031.1  53151.0 
53031.1  53152.0 
53031.1  53153.0 
53031.1  53154.0 
53031.1  53155.0 
53031.1  53156.0 
53031.1  53157.0 
53031.1  53158.0 
53031.1  53159.0 
53031.1  53160.0 
53031.1  53161.0 
53031.1  53162.0 
53031.1  53163.0 
53031.1  53164.0 
53031.1  53165.0 
53031.1  53166.0 
53031.1  53167.0 
53031.1  53168.0 
53031.1  53169.0 
53031.1  53170.0 
53031.1  53171.0 
53031.1  53172.0 
53031.1  53173.0 
53031.1  53174.0 
53031.1  53175.0 
53031.1  53176.0 
53031.1  53177.0 
53031.1  53178.0 
53031.1  53179.0 
53031.1  53180.0 
53031.1  53181.0 
53031.1  53182.0 
53031.1  53183.0 
53031.1  53184.0 
53031.1  53185.0 
53031.1  53186.0 
53031.1  53187.0 
53031.1  53188.0 
53031.1  53189.0 
53031.1  53190.0 
53031.1  53191.0 
53031.1  53192.0 
53031.1  53193.0 
53031.1  53194.0 
53031.1  53195.0 
53031.1  53196.0 
53031.1  53197.0 
53031.1  53198.0 
53031.1  53199.0 
53031.1  53200.0 
53031.1  53201.0 
53031.1  53202.0 
53031.1  53203.0 
53031.1  53204.0 
53031.1  53205.0 
53031.1  53206.0 
53031.1  53207.0 
53031.1  53208.0 
53031.1  53209.0 
53031.1  53210.0 
53031.1  53211.0 
53031.1  53212.0 
53031.1  53213.0 
53031.1  53214.0 
53031.1  53215.0 
53031.1  53216.0 
53031.1  53217.0 
53031.1  53218.0 
53031.1  53219.0 
53031.1  53220.0 
53031.1  53221.0 
53031.1  53222.0 
53031.1  53223.0 
53031.1  53224.0 
53031.1  53225.0 
53031.1  53226.0 
53031.1  53227.0 
53031.1  53228.0 
53031.1  53229.0 
53031.1  53230.0 
53031.1  53231.0 
53031.1  53232.0 
53031.1  53233.0 
53031.1  53234.0 
53031.1  53235.0 
53031.1  53236.0 
53031.1  53237.0 
53031.1  53238.0 
53031.1  53239.0 
53031.1  53240.0 
53031.1  53241.0 
53031.1  53242.0 
53031.1  53243.0 
53031.1  53244.0 
53031.1  53245.0 
53031.1  53246.0 
53031.1  53247.0 
53031.1  53248.0 
53031.1  53249.0 
53031.1  53250.0 
53031.1  53251.0 
53031.1  53252.0 
53031.1  53253.0 
53031.1  53254.0 
53031.1  53255.0 
53031.1  53256.2 
53031.2  53257.2 
53031.3  53258.2 
53031.4  53259.0 
53031.4  53260.0 
53031.4  53261.0 
53031.4  53262.0 
53031.4  53263.0 
53031.4  53264.0 
53031.4  53265.0 
53031.5  53266.0 
53031.5  53267.0 
53031.5  53268.0 
53031.5  53269.0 
53031.5  53270.0 
53031.5  53271.0 
53031.5  53272.0 
53032.0  28305.0 
53033.0  51560.0 
53034.0  51760.0 
53035.0  51575.0 
53036.0  28306.0 
53037.0  28307.0 
53038.0  28308.0 
53039.0  28309.0 
53040.0  28310.0 
53041.0  28311.0 
53042.0  28312.0 
53043.0  28313.0 
53044.0  28314.0 
53045.0  28315.0 
53046.0  28316.0 
53047.0  28317.0 
53048.0  28318.0 
53049.0  28319.0 
53050.0  28320.0 
53051.0  28321.0 
53052.0  28322.0 
53053.0  28323.0 
53054.0  28324.0 
53055.0  28325.0 
53056.0  28326.0 
53057.0  51732.0 
53058.0  28327.0 
53059.0  51589.0 
53060.0  28328.0 
53061.0  28329.0 
53062.0  28330.0 
53063.0  28331.0 
53064.0  28332.0 
53065.0  51752.0 
53066.0  51764.0 
53067.0  28333.0 
53068.0  28334.0 
53069.0  28335.0 
53070.0  28336.0 
53071.0  28337.0 
53072.0  28338.0 
53073.0  28339.0 
53074.0  28340.0 
53075.0  28341.0 
53076.0  28342.0 
53077.0  28343.0 
53078.0  28344.0 
53079.0  28345.0 
53080.0  28346.0 
53081.0  28347.0 
53082.0  28348.0 
53083.0  28349.0 
53084.0  28350.0 
53085.0  28351.0 
53086.0  28352.0 
53087.0  28353.0 
53088.0  28354.0 
53089.0  28355.0 
53090.0  28356.0 
53091.0  51593.0 
53092.0  28357.0 
53093.0  28358.0 
53094.0  28359.0 
53095.0  28360.0 
53096.0  28361.0 
53097.0  28362.0 
53098.0  28363.0 
53099.0  28364.0 
53100.0  28365.0 
53101.0  28366.0 
53102.0  28367.0 
53103.0  28368.0 
53104.0  51751.0 
53105.0  51569.0 
53106.0  51571.0 
53107.0  51763.0 
53108.0  28369.0 
53109.0  28370.0 
53110.0  28371.0 
53111.0  28372.0 
53112.0  51753.0 
53113.0  51754.0 
53114.0  51765.0 
53115.0  51766.0 
53116.0  51767.0 
53117.0  51768.0 
53118.0  51758.0 
53119.0  51769.0 
53120.0  51770.0 
53122.0  28374.0 
53123.0  28375.0 
53124.0  28376.0 
53125.0  28377.0 
53126.0  28378.0 
53127.0  28379.0 
53128.0  28380.0 
53129.0  28381.0 
53130.0  28382.0 
53131.0  28383.0 
53132.0  28384.0 
53133.0  28385.0 
53134.0  28386.0 
53135.0  28387.0 
53136.0  28388.0 
53137.0  28389.0 
53138.0  28390.0 
53139.0  28391.0 
53140.0  28392.0 
53141.0  28393.0 
53142.0  28394.0 
53143.0  28395.0 
53144.0  28396.0 
53145.0  28397.0 
53146.0  28398.0 
53147.0  28399.0 
53148.0  28400.0 
53149.0  28401.0 
53150.0  28402.0 
53151.0  28403.0 
53152.0  28404.0 
53153.0  28405.0 
53154.0  28406.0 
53155.0  28407.0 
53156.0  28408.0 
53157.0  28409.0 
53158.0  28410.0 
53159.0  51749.0 
53160.0  51609.0 
53161.0  28411.0 
53162.0  51592.0 
53163.0  28412.0 
53164.0  28413.0 
53165.0  51576.0 
53166.0  28414.0 
53167.0  28415.0 
53168.0  28416.0 
53169.0  28417.0 
53170.0  28418.0 
53171.0  28419.0 
53172.0  28420.0 
53173.0  28421.0 
53174.0  28422.0 
53175.0  28423.0 
53176.0  28424.0 
53177.0  28425.0 
53178.0  28426.0 
53179.0  28427.0 
53180.0  28428.0 
53181.0  28429.0 
53182.0  28430.0 
53183.0  28431.0 
53184.0  28432.0 
53185.0  28433.0 
53186.0  28434.0 
53187.0  28435.0 
53188.0  28436.0 
53189.0  28437.0 
53190.0  28438.0 
53191.0  28439.0 
53192.0  28440.0 
53193.0  28441.0 
53194.0  28442.0 
53195.0  28443.0 
53196.0  28444.0 
53197.0  28445.0 
53198.0  28446.0 
53199.0  28447.0 
53200.0  28448.0 
53201.0  28449.0 
53202.0  28450.0 
53203.0  28451.0 
53204.0  28452.0 
53205.0  28453.0 
53206.0  28454.0 
53207.0  28455.0 
53208.0  28456.0 
53209.0  28457.0 
53210.0  28458.0 
53211.0  28459.0 
53212.0  28460.0 
53213.0  28461.0 
53214.0  28462.0 
53215.0  28463.0 
53216.0  28464.0 
53217.0  28465.0 
53218.0  28466.0 
53219.0  28467.0 
53220.0  28468.0 
53221.0  28469.0 
53222.0  28470.0 
53223.0  28471.0 
53224.0  28472.0 
53225.0  28473.0 
53226.0  28474.0 
53227.0  28475.0 
53228.0  28476.0 
53229.0  28477.0 
53230.0  28478.0 
53231.0  28479.0 
53232.0  28480.0 
53233.0  28481.0 
53234.0  28482.0 
53235.0  28483.0 
53236.0  28484.0 
53237.0  28485.0 
53238.0  28486.0 
53239.0  28487.0 
53240.0  28488.0 
53241.0  51750.0 
53242.0  28489.0 
53243.0  28490.0 
53244.0  28491.0 
53245.0  28492.0 
53246.0  28493.0 
53247.0  28494.0 
53248.0  28495.0 
53249.0  28496.0 
53250.0  28497.0 
53251.0  28498.0 
53252.0  28499.0 
53253.0  28500.0 
53255.0  52066.0 
53256.2  53273.7 
53256.2  28502.2 
53256.3  53031.1 
53257.2  53273.8 
53257.2  28503.2 
53257.3  53031.2 
53258.2  53273.9 
53258.2  28504.2 
53258.3  53031.3 
53259.0  28505.0 
53260.0  28506.0 
53261.0  28507.0 
53262.0  28508.0 
53263.0  28509.0 
53264.0  28510.0 
53265.0  28511.0 
53266.0  28512.0 
53267.0  28513.0 
53268.0  51603.0 
53269.0  51615.0 
53270.0  51604.0 
53271.0  51617.0 
53272.0  51993.0 
53273.7  53274.0 
53273.7  53275.0 
53273.7  53276.0 
53273.7  53277.0 
53273.7  53278.0 
53273.7  28502.1 
53273.8  28503.1 
53273.9  28504.1 
53273.10  53279.0 
53273.10  53280.0 
53273.10  53281.0 
53273.10  28304.10 
53011.0  53012.0 
53012.0  53025.0 
53030.1  53031.5 
