52811.1  52813.0 
52811.1  52814.0 
52811.1  52815.0 
52811.1  52816.0 
52811.1  52817.0 
52811.1  52818.0 
52811.1  52819.0 
52811.1  52820.0 
52811.1  52821.0 
52811.1  52822.0 
52811.1  52823.0 
52811.1  52824.0 
52812.1  52826.0 
52812.1  52814.0 
52812.1  52817.0 
52813.0  52793.0 
52814.0  52794.0 
52815.0  52795.0 
52816.0  52796.0 
52817.0  52797.0 
52818.0  52798.0 
52819.0  52799.0 
52820.0  52800.0 
52823.0  52803.0 
52824.0  36154.0 
52825.1  52814.0 
52825.1  52827.0 
52825.1  52818.0 
52825.1  52817.0 
52825.1  52823.0 
52825.1  52828.0 
52825.1  52829.0 
52826.0  52806.0 
52827.0  52807.0 
52828.0  52808.0 
52829.0  52809.0 
52810.1  52811.1 
52811.0  52812.0 
52812.0  52825.0 
