52771.1  52773.0 
52771.1  52774.0 
52771.1  52775.0 
52771.1  52776.0 
52771.1  52777.0 
52771.1  52778.0 
52771.1  52779.0 
52771.1  52780.0 
52771.1  52781.0 
52771.1  52782.0 
52771.1  52783.0 
52771.1  52784.0 
52772.1  52786.0 
52772.1  52774.0 
52772.1  52777.0 
52773.0  52753.0 
52774.0  52754.0 
52775.0  52755.0 
52776.0  52756.0 
52777.0  52757.0 
52778.0  52758.0 
52779.0  52759.0 
52780.0  52760.0 
52783.0  52763.0 
52784.0  34272.0 
52785.1  52774.0 
52785.1  52787.0 
52785.1  52778.0 
52785.1  52777.0 
52785.1  52783.0 
52785.1  52788.0 
52785.1  52789.0 
52786.0  52766.0 
52787.0  52767.0 
52788.0  52768.0 
52789.0  52769.0 
52770.1  52771.1 
52771.0  52772.0 
52772.0  52785.0 
