162.1  164.0 
162.1  165.0 
162.1  166.0 
162.1  167.0 
162.1  168.0 
162.1  169.0 
162.1  170.0 
162.1  171.0 
162.1  172.0 
162.1  173.0 
162.1  174.0 
162.1  175.0 
163.1  177.0 
163.1  165.0 
163.1  168.0 
164.0  144.0 
165.0  145.0 
166.0  146.0 
167.0  147.0 
168.0  148.0 
169.0  149.0 
170.0  150.0 
171.0  151.0 
174.0  154.0 
175.0  170.0 
176.1  165.0 
176.1  178.0 
176.1  169.0 
176.1  168.0 
176.1  174.0 
176.1  179.0 
176.1  180.0 
177.0  157.0 
178.0  158.0 
179.0  159.0 
180.0  160.0 
161.1  162.1 
162.0  163.0 
163.0  176.0 
