142.1  144.0 
142.1  145.0 
142.1  146.0 
142.1  147.0 
142.1  148.0 
142.1  149.0 
142.1  150.0 
142.1  151.0 
142.1  152.0 
142.1  153.0 
142.1  154.0 
142.1  155.0 
143.1  157.0 
143.1  145.0 
143.1  148.0 
144.0  124.0 
145.0  125.0 
146.0  126.0 
147.0  127.0 
148.0  128.0 
149.0  129.0 
150.0  130.0 
151.0  131.0 
154.0  134.0 
155.0  150.0 
156.1  145.0 
156.1  158.0 
156.1  149.0 
156.1  148.0 
156.1  154.0 
156.1  159.0 
156.1  160.0 
157.0  137.0 
158.0  138.0 
159.0  139.0 
160.0  140.0 
141.1  142.1 
142.0  143.0 
143.0  156.0 
