25339.1  25341.0 
25339.1  25342.0 
25339.1  25343.0 
25339.1  25344.0 
25339.1  25345.0 
25339.1  25346.0 
25339.1  25347.0 
25339.1  25348.0 
25339.1  25349.0 
25339.1  25350.0 
25339.1  25351.0 
25339.1  25352.0 
25340.1  25354.0 
25340.1  25342.0 
25340.1  25345.0 
25341.0  24402.0 
25342.0  24403.0 
25343.0  24404.0 
25344.0  24405.0 
25345.0  24406.0 
25346.0  24407.0 
25347.0  24408.0 
25348.0  24409.0 
25351.0  24412.0 
25352.0  95.0 
25353.1  25342.0 
25353.1  25355.0 
25353.1  25346.0 
25353.1  25345.0 
25353.1  25351.0 
25353.1  25356.0 
25353.1  25357.0 
25354.0  24415.0 
25355.0  24416.0 
25356.0  24417.0 
25357.0  24418.0 
25338.1  25339.1 
25359.1  25361.0 
25359.1  25362.0 
25359.1  25363.0 
25359.1  25364.0 
25359.1  25342.0 
25359.1  25365.0 
25359.1  25366.0 
25359.1  25367.0 
25359.1  25368.0 
25359.1  25346.0 
25359.1  25369.0 
25359.1  25370.0 
25359.1  25371.0 
25359.1  25372.0 
25359.1  25373.0 
25359.1  25374.0 
25359.1  25375.0 
25359.1  25376.0 
25359.1  25377.0 
25359.1  25378.0 
25359.1  25379.0 
25359.1  25380.0 
25359.1  25381.0 
25359.1  25382.0 
25359.1  25383.0 
25359.1  25345.0 
25359.1  25384.0 
25359.1  25385.0 
25359.1  25386.0 
25359.1  25387.0 
25359.1  25388.0 
25359.1  25389.0 
25359.1  25390.0 
25359.1  25391.0 
25359.1  25392.0 
25359.1  25393.0 
25359.1  25394.0 
25359.1  25395.0 
25359.1  25396.0 
25359.1  25397.0 
25359.1  25398.0 
25359.1  25399.0 
25359.1  25400.0 
25359.1  25401.0 
25359.1  25402.0 
25359.1  25351.0 
25359.1  25403.0 
25359.1  25404.0 
25359.1  25405.0 
25359.1  25406.0 
25359.1  25357.0 
25359.1  25407.0 
25359.1  25408.0 
25359.1  25409.0 
25359.1  25410.0 
25359.1  25411.0 
25359.1  25412.0 
25359.1  25413.0 
25359.1  25414.0 
25359.1  25415.0 
25359.1  25416.0 
25359.1  25417.0 
25359.1  25418.0 
25359.1  25419.0 
25359.1  25420.0 
25359.1  25421.0 
25359.1  25422.0 
25359.1  25423.0 
25359.1  25424.0 
25359.1  25425.0 
25359.1  25426.0 
25359.1  25427.0 
25359.1  25428.0 
25359.1  25429.0 
25359.1  25430.0 
25359.1  25431.0 
25359.1  25432.0 
25359.1  25433.0 
25359.1  25434.0 
25359.1  25435.0 
25359.1  25436.0 
25359.1  25437.0 
25359.1  25438.0 
25359.1  25439.0 
25359.1  25440.0 
25359.1  25441.0 
25359.1  25442.0 
25359.1  25443.0 
25359.1  25444.0 
25359.1  25445.0 
25359.1  25446.0 
25359.1  25447.0 
25359.1  25448.0 
25359.1  25449.0 
25359.1  25450.0 
25359.1  25451.0 
25359.1  25452.0 
25359.1  25453.0 
25359.1  25454.0 
25359.1  25455.0 
25359.1  25456.0 
25359.1  25457.0 
25359.1  25458.0 
25359.1  25459.0 
25359.1  25460.0 
25359.1  25461.0 
25359.1  25462.0 
25359.1  25463.0 
25359.1  25464.0 
25359.1  25465.0 
25359.1  25466.0 
25359.1  25467.0 
25359.1  25468.0 
25359.1  25469.0 
25359.1  25470.0 
25359.1  25471.0 
25359.1  25472.0 
25359.1  25473.0 
25359.1  25474.0 
25359.1  25475.0 
25359.1  25476.0 
25359.1  25477.0 
25359.1  25478.0 
25359.1  25479.0 
25359.1  25480.0 
25359.1  25481.0 
25359.1  25482.0 
25359.1  25483.0 
25359.1  25484.0 
25359.1  25485.0 
25359.1  25486.0 
25359.1  25487.0 
25359.1  25488.0 
25359.1  25489.0 
25359.1  25490.0 
25359.1  25491.0 
25359.1  25492.0 
25359.1  25493.0 
25359.1  25494.0 
25359.1  25495.0 
25359.1  25496.0 
25359.1  25497.0 
25359.1  25498.0 
25359.1  25499.0 
25359.1  25500.0 
25359.1  25501.0 
25359.1  25502.0 
25359.1  25503.0 
25359.1  25504.0 
25359.1  25505.0 
25359.1  25506.0 
25359.1  25507.0 
25359.1  25508.0 
25359.1  25509.0 
25359.1  25510.0 
25359.1  25511.0 
25359.1  25512.0 
25359.1  25513.0 
25359.1  25514.0 
25359.1  25515.0 
25359.1  25516.0 
25359.1  25517.0 
25359.1  25518.0 
25359.1  25519.0 
25359.1  25520.0 
25359.1  25356.0 
25359.1  25521.0 
25359.1  25522.0 
25359.1  25523.0 
25359.1  25524.1 
25359.1  25525.0 
25359.1  25526.0 
25359.1  25527.0 
25359.1  25528.0 
25359.1  25529.0 
25359.1  25530.0 
25359.2  25531.0 
25359.2  25532.0 
25359.2  25533.0 
25359.2  25534.0 
25359.2  25535.0 
25359.2  25536.0 
25359.2  25537.0 
25359.2  25538.0 
25359.2  25539.0 
25359.2  25540.0 
25359.2  25541.0 
25359.2  25542.0 
25359.2  25543.0 
25359.2  25544.0 
25359.2  25545.0 
25359.2  25546.0 
25359.2  25547.0 
25359.2  25548.0 
25359.2  25549.0 
25359.2  25550.0 
25359.2  25551.0 
25359.2  25552.0 
25359.2  25553.0 
25359.2  25554.0 
25359.2  25555.0 
25359.2  25556.0 
25359.2  25557.0 
25359.2  25558.0 
25359.2  25559.0 
25359.2  25560.0 
25359.2  25561.0 
25359.2  25343.0 
25359.2  25562.0 
25359.2  25563.0 
25359.2  25564.0 
25359.2  25565.0 
25359.2  25566.0 
25359.2  25567.0 
25359.2  25568.0 
25359.2  25569.0 
25359.2  25570.0 
25359.2  25571.0 
25359.2  25572.0 
25359.2  25348.0 
25359.2  25573.0 
25359.2  25574.0 
25359.2  25575.0 
25359.2  25576.0 
25359.2  25577.0 
25359.2  25578.0 
25359.2  25579.0 
25359.2  25580.0 
25359.2  25581.0 
25359.2  25582.0 
25359.2  25583.0 
25359.2  25584.0 
25359.2  25585.0 
25359.2  25586.0 
25359.2  25587.0 
25359.2  25588.0 
25359.2  25589.0 
25359.2  25590.0 
25359.2  25591.0 
25359.2  25592.0 
25359.2  25593.0 
25359.2  25594.0 
25359.2  25595.0 
25359.2  25596.0 
25359.2  25597.0 
25359.2  25598.0 
25359.2  25599.0 
25359.2  25600.0 
25359.2  25601.0 
25359.2  25602.0 
25359.2  25603.0 
25359.2  25604.0 
25359.2  25605.0 
25359.2  25606.0 
25359.2  25607.0 
25359.2  25608.0 
25359.2  25609.0 
25359.2  25610.0 
25359.2  25611.0 
25359.2  25612.0 
25359.2  25613.0 
25359.2  25614.0 
25359.2  25615.0 
25359.2  25616.0 
25359.2  25617.0 
25359.2  25618.0 
25359.2  25619.0 
25359.2  25620.0 
25359.2  25621.0 
25359.2  25622.0 
25359.2  25623.0 
25359.2  25624.0 
25359.2  25625.0 
25359.2  25626.0 
25359.2  25627.0 
25359.2  25628.0 
25359.2  25629.0 
25359.2  25630.0 
25359.2  25631.0 
25359.2  25632.0 
25359.2  25633.0 
25359.2  25634.0 
25359.2  25635.0 
25359.2  25636.0 
25359.2  25637.0 
25359.2  25638.0 
25359.2  25639.0 
25359.2  25640.0 
25359.2  25641.0 
25359.2  25642.0 
25359.2  25643.0 
25359.2  25644.0 
25359.2  25645.0 
25359.2  25646.0 
25359.2  25647.0 
25359.2  25648.0 
25359.2  25649.0 
25359.2  25650.0 
25359.2  25651.0 
25359.2  25652.0 
25359.2  25653.0 
25359.2  25654.0 
25359.2  25655.0 
25359.2  25656.0 
25359.2  25657.0 
25359.2  25658.0 
25359.2  25659.0 
25359.2  25660.0 
25359.2  25661.0 
25359.2  25662.0 
25359.2  25663.0 
25359.2  25664.0 
25359.2  25665.0 
25359.2  25666.0 
25359.2  25667.0 
25359.2  25668.0 
25359.2  25669.0 
25359.2  25670.0 
25359.2  25671.0 
25359.2  25672.0 
25359.2  25673.0 
25359.2  25674.0 
25359.2  25675.0 
25359.2  25676.0 
25359.2  25677.0 
25359.2  25678.0 
25359.2  25679.0 
25359.2  25680.0 
25359.2  25681.0 
25359.2  25682.0 
25359.2  25683.0 
25359.2  25684.0 
25359.2  25685.0 
25359.2  25686.0 
25359.2  25687.0 
25359.2  25688.0 
25359.2  25689.1 
25359.2  25690.0 
25359.2  25691.0 
25359.2  25692.0 
25359.2  25693.0 
25359.2  25694.0 
25359.2  25695.0 
25359.2  25696.0 
25359.2  25697.0 
25359.2  25698.0 
25359.2  25699.0 
25359.2  25700.0 
25359.2  25701.0 
25359.2  25702.0 
25359.2  25703.0 
25359.2  25704.25 
25359.2  25705.25 
25359.2  25706.0 
25359.2  25707.0 
25359.2  25708.0 
25359.2  25709.0 
25359.2  25710.0 
25359.2  25711.0 
25359.2  25712.0 
25359.2  25713.0 
25359.2  25714.0 
25359.2  25715.0 
25359.2  25716.0 
25359.2  25717.0 
25359.2  25718.0 
25359.3  25719.0 
25359.3  25720.0 
25359.3  25721.0 
25359.3  25722.0 
25359.3  25723.0 
25359.3  25724.0 
25359.3  25725.0 
25359.3  25726.0 
25359.3  25727.2 
25359.3  25728.0 
25359.3  25729.0 
25359.3  25730.0 
25359.3  25731.0 
25359.3  25732.0 
25359.3  25733.0 
25359.4  25734.0 
25359.4  25735.0 
25359.4  25736.0 
25359.4  25737.0 
25359.4  25338.1 
25359.5  25738.0 
25359.5  25739.0 
25359.5  25740.0 
25359.5  25741.0 
25359.5  25742.0 
25359.5  25743.1 
25359.5  25744.0 
25359.5  25745.50 
25359.5  25746.50 
25359.5  25747.0 
25359.5  25748.0 
25359.6  25749.0 
25359.6  25750.0 
25359.6  25751.0 
25359.6  25752.0 
25359.6  25753.0 
25359.6  25754.0 
25359.6  25347.0 
25359.6  25344.0 
25359.6  25755.0 
25359.6  25756.3 
25359.6  25757.0 
25359.6  25758.0 
25359.6  25759.0 
25359.6  25760.0 
25359.6  25761.0 
25359.6  25762.0 
25359.6  25763.0 
25359.6  25764.0 
25359.6  25765.25 
25359.6  25766.0 
25359.6  25767.0 
25359.7  25768.0 
25359.7  25769.0 
25359.7  25770.60 
25359.7  25771.0 
25359.7  25772.0 
25359.7  25773.1 
25359.7  25774.0 
25359.7  25775.0 
25359.7  25776.0 
25359.7  25777.0 
25359.7  25778.0 
25359.8  25779.0 
25359.8  25780.0 
25359.8  25781.0 
25359.8  25782.0 
25359.8  25783.0 
25359.9  25784.0 
25359.9  25785.0 
25359.9  25786.0 
25359.9  25727.5 
25359.10  25787.0 
25359.11  25788.0 
25360.1  25790.0 
25360.1  25342.0 
25360.1  25355.0 
25360.1  25346.0 
25360.1  25345.0 
25360.1  25351.0 
25360.1  25356.0 
25360.1  25357.0 
25360.1  25791.1 
25360.1  25792.1 
25360.1  25793.1 
25361.0  24422.0 
25362.0  24423.0 
25363.0  24424.0 
25364.0  24425.0 
25365.0  24426.0 
25366.0  24427.0 
25367.0  24428.0 
25368.0  24429.0 
25369.0  24430.0 
25370.0  24431.0 
25371.0  24432.0 
25372.0  24433.0 
25373.0  24434.0 
25374.0  24435.0 
25375.0  24436.0 
25376.0  24437.0 
25377.0  24438.0 
25378.0  24439.0 
25379.0  24440.0 
25380.0  24441.0 
25381.0  24442.0 
25382.0  24443.0 
25383.0  24444.0 
25384.0  24445.0 
25385.0  24446.0 
25386.0  24447.0 
25387.0  24448.0 
25388.0  24449.0 
25389.0  24450.0 
25390.0  24451.0 
25391.0  24452.0 
25392.0  24453.0 
25393.0  24454.0 
25394.0  24455.0 
25395.0  24456.0 
25396.0  24457.0 
25397.0  24458.0 
25398.0  24459.0 
25399.0  24460.0 
25400.0  24461.0 
25401.0  24462.0 
25402.0  24463.0 
25403.0  24464.0 
25404.0  24465.0 
25405.0  24466.0 
25406.0  24467.0 
25407.0  24468.0 
25408.0  24469.0 
25409.0  24470.0 
25410.0  24471.0 
25411.0  24472.0 
25412.0  24473.0 
25413.0  24474.0 
25414.0  24475.0 
25415.0  24476.0 
25416.0  24477.0 
25417.0  24478.0 
25418.0  24479.0 
25419.0  24480.0 
25420.0  24481.0 
25421.0  24482.0 
25422.0  24483.0 
25423.0  24484.0 
25424.0  24485.0 
25425.0  24486.0 
25426.0  24487.0 
25427.0  24488.0 
25428.0  24489.0 
25429.0  24490.0 
25430.0  24491.0 
25431.0  24492.0 
25432.0  24493.0 
25433.0  24494.0 
25434.0  24495.0 
25435.0  24496.0 
25436.0  24497.0 
25437.0  24498.0 
25438.0  24499.0 
25439.0  24500.0 
25440.0  24501.0 
25441.0  24502.0 
25442.0  24503.0 
25443.0  24504.0 
25444.0  24505.0 
25445.0  24506.0 
25446.0  24507.0 
25447.0  24508.0 
25448.0  24509.0 
25449.0  24510.0 
25450.0  24511.0 
25451.0  24512.0 
25452.0  24513.0 
25453.0  24514.0 
25454.0  24515.0 
25455.0  24516.0 
25456.0  24517.0 
25457.0  24518.0 
25458.0  24519.0 
25459.0  24520.0 
25460.0  24521.0 
25461.0  24522.0 
25462.0  24523.0 
25463.0  24524.0 
25464.0  24525.0 
25465.0  24526.0 
25466.0  24527.0 
25467.0  24528.0 
25468.0  24529.0 
25469.0  24530.0 
25470.0  24531.0 
25471.0  24532.0 
25472.0  24533.0 
25473.0  24534.0 
25474.0  24535.0 
25475.0  24536.0 
25476.0  24537.0 
25477.0  24538.0 
25478.0  24539.0 
25479.0  24540.0 
25480.0  24541.0 
25481.0  24542.0 
25482.0  24543.0 
25483.0  24544.0 
25484.0  24545.0 
25485.0  24546.0 
25486.0  24547.0 
25487.0  24548.0 
25488.0  24549.0 
25489.0  24550.0 
25490.0  24551.0 
25491.0  24552.0 
25492.0  24553.0 
25493.0  24554.0 
25494.0  24555.0 
25495.0  24556.0 
25496.0  24557.0 
25497.0  24558.0 
25498.0  24559.0 
25499.0  24560.0 
25500.0  24561.0 
25501.0  24562.0 
25502.0  24563.0 
25503.0  24564.0 
25504.0  24565.0 
25505.0  24566.0 
25506.0  24567.0 
25507.0  24568.0 
25508.0  24569.0 
25509.0  24570.0 
25510.0  24571.0 
25511.0  24572.0 
25512.0  24573.0 
25513.0  24574.0 
25514.0  24575.0 
25515.0  24576.0 
25516.0  24577.0 
25517.0  24578.0 
25518.0  24579.0 
25519.0  24580.0 
25520.0  24581.0 
25521.0  24582.0 
25522.0  24583.0 
25523.0  24584.0 
25524.1  25794.14 
25525.0  24586.0 
25526.0  24587.0 
25527.0  24588.0 
25528.0  24589.0 
25529.0  24590.0 
25530.0  24591.0 
25531.0  24592.0 
25532.0  24593.0 
25533.0  24594.0 
25534.0  24595.0 
25535.0  24596.0 
25536.0  24597.0 
25537.0  24598.0 
25538.0  24599.0 
25539.0  24600.0 
25540.0  24601.0 
25541.0  24602.0 
25542.0  24603.0 
25543.0  24604.0 
25544.0  24605.0 
25545.0  24606.0 
25546.0  24607.0 
25547.0  24608.0 
25548.0  24609.0 
25549.0  24610.0 
25550.0  24611.0 
25551.0  24612.0 
25552.0  24613.0 
25553.0  24614.0 
25554.0  24615.0 
25555.0  24616.0 
25556.0  24617.0 
25557.0  24618.0 
25558.0  24619.0 
25559.0  24620.0 
25560.0  24621.0 
25561.0  24622.0 
25562.0  24623.0 
25563.0  24624.0 
25564.0  24625.0 
25565.0  24626.0 
25566.0  24627.0 
25567.0  24628.0 
25568.0  24629.0 
25569.0  24630.0 
25570.0  24631.0 
25571.0  24632.0 
25572.0  24633.0 
25574.0  24635.0 
25575.0  24636.0 
25576.0  24637.0 
25577.0  24638.0 
25578.0  24639.0 
25579.0  24640.0 
25580.0  24641.0 
25581.0  24642.0 
25582.0  24643.0 
25583.0  24644.0 
25584.0  24645.0 
25585.0  24646.0 
25586.0  24647.0 
25587.0  24648.0 
25588.0  24649.0 
25589.0  24650.0 
25590.0  24651.0 
25591.0  24652.0 
25592.0  24653.0 
25593.0  24654.0 
25594.0  24655.0 
25595.0  24656.0 
25596.0  24657.0 
25597.0  24658.0 
25598.0  24659.0 
25599.0  24660.0 
25600.0  24661.0 
25601.0  24662.0 
25602.0  24663.0 
25603.0  24664.0 
25604.0  24665.0 
25605.0  24666.0 
25606.0  24667.0 
25607.0  24668.0 
25608.0  24669.0 
25609.0  24670.0 
25610.0  24671.0 
25611.0  24672.0 
25612.0  24673.0 
25613.0  24674.0 
25614.0  24675.0 
25615.0  24676.0 
25616.0  24677.0 
25617.0  24678.0 
25618.0  24679.0 
25619.0  24680.0 
25620.0  24681.0 
25621.0  24682.0 
25622.0  24683.0 
25623.0  24684.0 
25624.0  24685.0 
25625.0  24686.0 
25626.0  24687.0 
25627.0  24688.0 
25628.0  24689.0 
25629.0  24690.0 
25630.0  24691.0 
25631.0  24692.0 
25632.0  24693.0 
25633.0  24694.0 
25634.0  24695.0 
25635.0  24696.0 
25636.0  24697.0 
25637.0  24698.0 
25638.0  24699.0 
25639.0  24700.0 
25640.0  24701.0 
25641.0  24702.0 
25642.0  24703.0 
25643.0  24704.0 
25644.0  24705.0 
25645.0  24706.0 
25646.0  24707.0 
25647.0  24708.0 
25648.0  24709.0 
25649.0  24710.0 
25650.0  24711.0 
25651.0  24712.0 
25652.0  24713.0 
25653.0  24714.0 
25654.0  24715.0 
25655.0  24716.0 
25656.0  24717.0 
25657.0  24718.0 
25658.0  24719.0 
25659.0  24720.0 
25660.0  24721.0 
25661.0  24722.0 
25662.0  24723.0 
25663.0  24724.0 
25664.0  24725.0 
25665.0  24726.0 
25666.0  24727.0 
25667.0  24728.0 
25668.0  24729.0 
25669.0  24730.0 
25670.0  24731.0 
25671.0  24732.0 
25672.0  24733.0 
25673.0  24734.0 
25674.0  24735.0 
25675.0  24736.0 
25676.0  24737.0 
25677.0  24738.0 
25678.0  24739.0 
25679.0  24740.0 
25680.0  24741.0 
25681.0  24742.0 
25682.0  24743.0 
25683.0  24744.0 
25684.0  24745.0 
25685.0  24746.0 
25686.0  24747.0 
25687.0  24748.0 
25688.0  24749.0 
25689.1  25794.12 
25690.0  24751.0 
25691.0  24752.0 
25692.0  24753.0 
25693.0  24754.0 
25694.0  24755.0 
25695.0  24756.0 
25696.0  24757.0 
25697.0  24758.0 
25698.0  24759.0 
25699.0  24760.0 
25700.0  24761.0 
25701.0  24762.0 
25702.0  24763.0 
25703.0  24764.0 
25704.25  25794.13 
25704.25  24765.25 
25705.25  25794.13 
25705.25  24766.25 
25706.0  24767.0 
25707.0  24768.0 
25708.0  24769.0 
25709.0  24770.0 
25710.0  24771.0 
25711.0  24772.0 
25712.0  24773.0 
25713.0  24774.0 
25714.0  24775.0 
25715.0  24776.0 
25716.0  24777.0 
25717.0  24778.0 
25718.0  24779.0 
25719.0  24780.0 
25720.0  24781.0 
25721.0  24782.0 
25722.0  24783.0 
25723.0  24784.0 
25724.0  24785.0 
25725.0  24786.0 
25726.0  24787.0 
25727.1  25359.1 
25727.2  25359.2 
25727.3  25359.3 
25727.4  25359.4 
25727.5  25359.8 
25727.6  25359.9 
25727.7  25359.10 
25728.0  24789.0 
25729.0  24790.0 
25730.0  24791.0 
25731.0  24792.0 
25732.0  24793.0 
25733.0  24794.0 
25734.0  24795.0 
25735.0  24796.0 
25736.0  24797.0 
25737.0  24798.0 
25738.0  24799.0 
25739.0  24800.0 
25740.0  24801.0 
25741.0  24802.0 
25742.0  24803.0 
25743.1  25794.14 
25744.0  24805.0 
25745.50  25794.14 
25745.50  24806.50 
25745.51  25359.5 
25746.50  25794.14 
25746.50  24807.50 
25746.51  25359.7 
25747.0  24808.0 
25748.0  24809.0 
25749.0  24810.0 
25750.0  24811.0 
25751.0  24812.0 
25752.0  24813.0 
25753.0  24814.0 
25754.0  24815.0 
25755.0  24816.0 
25756.1  25795.1 
25756.2  25796.1 
25756.3  25797.1 
25757.0  24818.0 
25758.0  24819.0 
25759.0  24820.0 
25760.0  24821.0 
25761.0  24822.0 
25762.0  24823.0 
25763.0  24824.0 
25764.0  24825.0 
25765.25  24826.25 
25765.26  25359.6 
25766.0  24827.0 
25767.0  24828.0 
25768.0  24829.0 
25769.0  24830.0 
25770.59  25794.11 
25770.60  25794.13 
25770.60  24831.60 
25771.0  24832.0 
25773.1  25798.1 
25774.0  24835.0 
25775.0  24836.0 
25777.0  24838.0 
25778.0  24839.0 
25779.0  24840.0 
25780.0  24841.0 
25781.0  24842.0 
25782.0  24843.0 
25783.0  24844.0 
25784.0  24846.0 
25785.0  24847.0 
25786.0  24848.0 
25787.0  23790.0 
25788.0  24849.0 
25789.1  25800.0 
25789.1  25342.0 
25789.1  25355.0 
25789.1  25346.0 
25789.1  25345.0 
25789.1  25351.0 
25789.1  25356.0 
25789.1  25357.0 
25789.1  25801.1 
25789.1  25802.1 
25789.1  25803.1 
25789.1  25804.1 
25789.1  25805.1 
25790.0  24851.0 
25791.1  25806.1 
25792.1  25807.1 
25793.1  25808.1 
25794.12  25809.0 
25794.13  24831.59 
25794.14  25810.1 
25794.15  24788.8 
25794.15  24420.15 
25795.1  25811.0 
25795.1  25342.0 
25795.1  25812.0 
25795.1  25813.0 
25795.1  25345.0 
25795.1  25814.0 
25795.1  25343.0 
25795.1  25815.0 
25795.1  25346.0 
25795.1  25348.0 
25795.1  25816.0 
25795.1  25351.0 
25795.1  25817.2 
25796.1  25819.0 
25796.1  25342.0 
25796.1  25812.0 
25796.1  25813.0 
25796.1  25343.0 
25796.1  25345.0 
25796.1  25814.0 
25796.1  25346.0 
25796.1  25815.0 
25796.1  25348.0 
25796.1  25820.0 
25796.1  25351.0 
25796.1  25756.1 
25797.1  25821.0 
25797.1  25342.0 
25797.1  25345.0 
25797.1  25756.2 
25798.1  25823.0 
25798.1  25342.0 
25798.1  25824.0 
25798.1  25345.0 
25798.1  25351.0 
25798.1  25357.0 
25798.1  25402.0 
25798.1  25825.2 
25798.1  25825.3 
25798.1  25825.4 
25798.1  25825.5 
25798.1  25825.6 
25798.1  25825.7 
25799.1  25354.0 
25799.1  25342.0 
25799.1  25345.0 
25800.0  24861.0 
25801.1  25826.1 
25802.1  25827.1 
25803.1  25828.1 
25804.1  25829.1 
25805.1  25830.1 
25806.1  25831.0 
25806.1  25342.0 
25806.1  25345.0 
25806.1  25351.0 
25807.1  25832.0 
25807.1  25342.0 
25807.1  25345.0 
25807.1  25351.0 
25808.1  25834.0 
25808.1  25342.0 
25808.1  25345.0 
25809.0  23823.0 
25810.1  25794.11 
25811.0  24870.0 
25812.0  24871.0 
25813.0  24872.0 
25814.0  24873.0 
25815.0  24874.0 
25817.1  25835.1 
25817.2  25836.1 
25818.1  25838.0 
25818.1  25342.0 
25818.1  25355.0 
25818.1  25346.0 
25818.1  25345.0 
25818.1  25351.0 
25818.1  25356.0 
25818.1  25357.0 
25818.1  25407.0 
25818.1  25408.0 
25818.1  25409.0 
25818.1  25839.1 
25818.1  25840.1 
25818.2  25841.1 
25818.3  25842.1 
25819.0  24878.0 
25821.0  24880.0 
25822.1  25843.0 
25822.1  25342.0 
25822.1  25355.0 
25822.1  25346.0 
25822.1  25345.0 
25822.1  25351.0 
25822.1  25356.0 
25822.1  25357.0 
25823.0  24882.0 
25824.0  24883.0 
25825.1  25844.1 
25825.2  25844.2 
25825.3  25844.3 
25825.4  25844.4 
25825.5  25844.5 
25825.6  25844.6 
25825.7  25844.7 
25826.1  25832.0 
25826.1  25342.0 
25826.1  25345.0 
25826.1  25351.0 
25827.1  25831.0 
25827.1  25342.0 
25827.1  25345.0 
25827.1  25351.0 
25828.1  25845.0 
25828.1  25342.0 
25828.1  25345.0 
25828.1  25351.0 
25829.1  25845.0 
25829.1  25342.0 
25829.1  25345.0 
25829.1  25351.0 
25830.1  25845.0 
25830.1  25342.0 
25830.1  25345.0 
25830.1  25351.0 
25831.0  24890.0 
25832.0  24891.0 
25834.0  24893.0 
25835.1  25811.0 
25835.1  25342.0 
25835.1  25812.0 
25835.1  25813.0 
25835.1  25345.0 
25835.1  25814.0 
25835.1  25343.0 
25835.1  25815.0 
25835.1  25346.0 
25835.1  25348.0 
25835.1  25847.0 
25835.1  25351.0 
25835.1  25848.1 
25836.1  25819.0 
25836.1  25342.0 
25836.1  25812.0 
25836.1  25813.0 
25836.1  25343.0 
25836.1  25345.0 
25836.1  25814.0 
25836.1  25346.0 
25836.1  25815.0 
25836.1  25348.0 
25836.1  25850.0 
25836.1  25351.0 
25836.1  25817.1 
25837.1  25819.0 
25837.1  25342.0 
25837.1  25812.0 
25837.1  25813.0 
25837.1  25343.0 
25837.1  25345.0 
25837.1  25814.0 
25837.1  25346.0 
25837.1  25815.0 
25837.1  25348.0 
25837.1  25851.0 
25837.1  25351.0 
25838.0  24897.0 
25839.1  25852.0 
25840.1  25853.1 
25841.1  25854.1 
25842.1  25855.1 
25843.0  24902.0 
25844.1  25856.0 
25844.1  25342.0 
25844.1  25857.0 
25844.1  25346.0 
25844.1  25345.0 
25844.1  25858.0 
25844.1  25351.0 
25844.1  25859.0 
25844.1  25860.0 
25844.1  25356.0 
25844.1  25861.0 
25844.1  25862.0 
25844.1  25863.0 
25844.1  25357.0 
25844.1  25864.0 
25844.1  25865.0 
25844.1  25866.0 
25844.1  25867.0 
25844.1  25868.0 
25844.1  25869.0 
25844.1  25870.0 
25844.1  25871.0 
25844.1  25872.0 
25844.1  25873.0 
25844.1  25874.0 
25844.1  25875.0 
25844.1  25876.0 
25844.1  25877.0 
25844.1  25878.0 
25844.1  25879.0 
25844.1  25880.0 
25844.1  25881.0 
25844.1  25882.0 
25844.1  25883.0 
25844.1  25884.0 
25844.1  25885.0 
25844.1  25886.0 
25844.1  25887.0 
25844.1  25888.0 
25844.1  25889.0 
25844.1  25890.0 
25844.1  25891.0 
25844.1  25892.0 
25844.1  25893.0 
25844.1  25894.0 
25844.1  25895.0 
25844.1  25896.0 
25844.1  25897.0 
25844.1  25898.0 
25844.1  25899.0 
25844.1  25900.0 
25844.1  25901.0 
25844.1  25902.0 
25844.1  25903.0 
25844.1  25904.0 
25844.1  25905.0 
25844.1  25906.0 
25844.1  25907.0 
25844.1  25908.0 
25844.1  25909.0 
25844.1  25910.0 
25844.1  25911.0 
25844.1  25912.0 
25844.1  25913.0 
25844.1  25914.0 
25844.1  25915.0 
25844.1  25916.0 
25844.1  25917.0 
25844.1  25918.0 
25844.1  25919.0 
25844.1  25920.0 
25844.1  25921.0 
25844.1  25922.0 
25844.1  25923.0 
25844.1  25924.0 
25844.1  25925.0 
25844.1  25926.0 
25844.1  25927.0 
25844.1  25928.0 
25844.1  25929.0 
25844.1  25930.0 
25844.1  25931.0 
25844.1  25932.0 
25844.1  25933.0 
25844.1  25934.0 
25844.1  25935.0 
25844.2  25936.0 
25844.2  25937.0 
25844.2  25938.0 
25844.2  25939.0 
25844.2  25940.0 
25844.2  25941.0 
25844.2  25942.0 
25844.2  25943.0 
25844.2  25944.0 
25844.2  25945.0 
25844.2  25946.0 
25844.2  25947.0 
25844.2  25948.0 
25844.2  25949.0 
25844.2  25950.0 
25844.2  25951.0 
25844.2  25952.0 
25844.2  25953.0 
25844.2  25954.0 
25844.2  25955.0 
25844.2  25956.0 
25844.2  25957.0 
25844.2  25958.0 
25844.2  25959.0 
25844.2  25960.0 
25844.2  25961.0 
25844.2  25962.0 
25844.2  25963.0 
25844.2  25964.0 
25844.2  25965.0 
25844.2  25966.0 
25844.2  25967.0 
25844.2  25968.0 
25844.2  25969.0 
25844.2  25970.0 
25844.2  25971.0 
25844.2  25972.0 
25844.2  25973.0 
25844.2  25974.0 
25844.2  25975.0 
25844.2  25976.0 
25844.2  25977.0 
25844.2  25978.0 
25844.2  25979.0 
25844.2  25980.0 
25844.2  25981.0 
25844.2  25982.0 
25844.2  25983.0 
25844.2  25984.0 
25844.2  25985.0 
25844.2  25986.0 
25844.2  25987.0 
25844.2  25988.0 
25844.2  25989.0 
25844.2  25990.0 
25844.2  25991.0 
25844.2  25992.0 
25844.2  25993.0 
25844.2  25994.0 
25844.2  25995.0 
25844.2  25996.0 
25844.2  25997.0 
25844.2  25998.0 
25844.2  25999.0 
25844.2  26000.0 
25844.2  26001.0 
25844.2  26002.0 
25844.2  26003.0 
25844.2  26004.0 
25844.2  26005.0 
25844.2  26006.0 
25844.2  26007.0 
25844.2  26008.0 
25844.2  26009.0 
25844.2  26010.0 
25844.2  26011.0 
25844.2  26012.0 
25844.2  26013.0 
25844.2  26014.0 
25844.2  26015.0 
25844.2  26016.0 
25844.2  26017.0 
25844.2  26018.0 
25844.2  26019.0 
25844.3  26020.0 
25844.3  26021.0 
25844.3  26022.0 
25844.3  26023.0 
25844.3  26024.0 
25844.3  26025.0 
25844.3  26026.0 
25844.3  26027.0 
25844.3  26028.0 
25844.3  26029.0 
25844.3  26030.0 
25844.3  26031.0 
25844.3  26032.0 
25844.3  26033.0 
25844.3  26034.0 
25844.3  26035.0 
25844.3  26036.0 
25844.3  26037.0 
25844.3  26038.0 
25844.3  26039.0 
25844.3  26040.0 
25844.3  26041.0 
25844.3  26042.0 
25844.3  26043.0 
25844.3  26044.0 
25844.3  26045.0 
25844.3  26046.0 
25844.3  26047.0 
25844.3  26048.0 
25844.3  26049.0 
25844.3  26050.0 
25844.3  26051.0 
25844.3  26052.0 
25844.3  26053.0 
25844.3  26054.0 
25844.3  26055.0 
25844.3  26056.0 
25844.3  26057.0 
25844.3  26058.0 
25844.3  26059.0 
25844.3  26060.0 
25844.3  26061.0 
25844.3  26062.0 
25844.3  26063.0 
25844.3  26064.0 
25844.3  26065.0 
25844.3  26066.0 
25844.3  26067.0 
25844.3  26068.0 
25844.3  26069.0 
25844.3  26070.0 
25844.3  26071.0 
25844.3  26072.0 
25844.3  26073.0 
25844.3  26074.0 
25844.3  26075.0 
25844.3  26076.0 
25844.3  26077.0 
25844.3  26078.0 
25844.3  26079.0 
25844.3  26080.0 
25844.3  26081.0 
25844.3  26082.0 
25844.3  26083.0 
25844.3  26084.0 
25844.3  26085.0 
25844.3  26086.0 
25844.3  26087.0 
25844.3  26088.0 
25844.3  26089.0 
25844.4  26090.0 
25844.4  26091.0 
25844.4  26092.0 
25844.4  26093.0 
25844.4  26094.0 
25844.4  26095.0 
25844.4  26096.0 
25844.4  26097.0 
25844.4  26098.0 
25844.4  26099.0 
25844.4  26100.0 
25844.4  26101.0 
25844.4  26102.0 
25844.4  26103.0 
25844.4  26104.0 
25844.4  26105.0 
25844.4  26106.0 
25844.4  26107.0 
25844.4  26108.0 
25844.4  26109.0 
25844.4  26110.0 
25844.4  26111.0 
25844.4  26112.0 
25844.4  26113.0 
25844.4  26114.0 
25844.4  26115.0 
25844.4  26116.0 
25844.4  26117.0 
25844.4  26118.0 
25844.4  26119.0 
25844.4  26120.0 
25844.4  26121.0 
25844.4  26122.0 
25844.4  26123.0 
25844.4  26124.0 
25844.4  26125.0 
25844.4  26126.0 
25844.4  26127.0 
25844.4  26128.0 
25844.5  26129.0 
25844.5  26130.0 
25844.5  26131.0 
25844.5  26132.0 
25844.5  26133.0 
25844.5  26134.0 
25844.5  26135.0 
25844.5  26136.0 
25844.5  26137.0 
25844.5  26138.0 
25844.5  26139.0 
25844.5  26140.0 
25844.5  26141.0 
25844.5  26142.0 
25844.5  26143.0 
25844.5  26144.0 
25844.5  26145.0 
25844.5  26146.0 
25844.5  26147.0 
25844.5  26148.0 
25844.5  26149.0 
25844.5  26150.0 
25844.5  26151.0 
25844.5  26152.0 
25844.5  26153.0 
25844.5  26154.0 
25844.5  26155.0 
25844.5  26156.0 
25844.5  26157.0 
25844.5  26158.0 
25844.5  26159.0 
25844.5  26160.0 
25844.5  26161.0 
25844.5  26162.0 
25844.5  26163.0 
25844.5  26164.0 
25844.5  26165.0 
25844.5  26166.0 
25844.5  26167.0 
25844.5  26168.0 
25844.5  26169.0 
25844.5  26170.0 
25844.5  26171.0 
25844.5  26172.0 
25844.5  26173.0 
25844.5  26174.0 
25844.5  26175.0 
25844.5  26176.0 
25844.6  26177.0 
25844.6  26178.0 
25844.6  26179.0 
25844.6  26180.0 
25844.6  26181.0 
25844.6  26182.0 
25844.6  26183.0 
25844.6  26184.0 
25844.6  26185.0 
25844.6  26186.0 
25844.6  26187.0 
25844.6  26188.0 
25844.6  26189.0 
25844.6  26190.0 
25844.6  26191.0 
25844.6  26192.0 
25844.6  26193.0 
25844.6  26194.0 
25844.6  26195.0 
25844.6  26196.0 
25844.6  26197.0 
25844.6  26198.0 
25844.6  26199.0 
25844.6  26200.0 
25844.6  26201.0 
25844.6  26202.0 
25844.6  26203.0 
25844.6  26204.0 
25844.6  26205.0 
25844.6  26206.0 
25844.7  26207.0 
25844.7  26208.0 
25844.7  26209.0 
25844.7  26210.0 
25844.7  26211.0 
25844.7  26212.0 
25844.7  26213.0 
25844.7  26214.0 
25844.7  26215.0 
25844.7  26216.0 
25844.7  26217.0 
25844.7  26218.0 
25844.7  26219.0 
25844.7  26220.0 
25844.7  26221.0 
25844.7  26222.0 
25844.7  26223.0 
25844.7  26224.0 
25844.7  26225.0 
25844.7  26226.0 
25844.7  26227.0 
25844.7  26228.0 
25844.7  26229.0 
25844.7  26230.0 
25844.7  26231.0 
25844.7  26232.0 
25844.7  26233.0 
25844.7  26234.0 
25844.7  26235.0 
25844.7  26236.0 
25844.7  26237.0 
25844.7  26238.0 
25844.7  26239.0 
25844.7  26240.0 
25844.7  26241.0 
25844.7  26242.0 
25844.7  26243.0 
25844.7  26244.0 
25844.7  26245.0 
25844.7  26246.0 
25844.7  26247.0 
25844.7  26248.0 
25844.7  26249.0 
25844.7  26250.0 
25844.7  26251.0 
25844.7  26252.0 
25844.7  26253.0 
25845.0  24904.0 
25846.1  26255.0 
25846.1  24403.0 
25846.1  24416.0 
25846.1  24407.0 
25846.1  24406.0 
25846.1  24412.0 
25846.1  24417.0 
25846.1  24418.0 
25846.1  24468.0 
25846.1  24469.0 
25846.1  24470.0 
25846.1  26256.1 
25846.1  26257.1 
25846.1  24463.0 
25846.1  24475.0 
25846.1  26258.1 
25848.1  26259.1 
25849.1  24414.1 
25853.1  26261.0 
25853.1  25342.0 
25853.1  25345.0 
25853.1  25351.0 
25853.1  25357.0 
25853.1  26262.1 
25854.1  26261.0 
25854.1  25342.0 
25854.1  25345.0 
25854.1  25351.0 
25854.1  25357.0 
25854.1  26264.1 
25855.1  26261.0 
25855.1  25342.0 
25855.1  25345.0 
25855.1  25351.0 
25855.1  25357.0 
25855.1  26266.1 
25856.0  24915.0 
25857.0  24916.0 
25858.0  24917.0 
25860.0  24919.0 
25861.0  24920.0 
25862.0  24921.0 
25863.0  24922.0 
25864.0  24923.0 
25865.0  24924.0 
25866.0  24925.0 
25867.0  24926.0 
25868.0  24927.0 
25869.0  24928.0 
25870.0  24929.0 
25871.0  24930.0 
25872.0  24931.0 
25873.0  24932.0 
25874.0  24933.0 
25875.0  24934.0 
25876.0  24935.0 
25877.0  24936.0 
25878.0  24937.0 
25879.0  24938.0 
25880.0  24939.0 
25881.0  24940.0 
25882.0  24941.0 
25883.0  24942.0 
25884.0  24943.0 
25885.0  24944.0 
25886.0  24945.0 
25887.0  24946.0 
25888.0  24947.0 
25889.0  24948.0 
25890.0  24949.0 
25891.0  24950.0 
25892.0  24951.0 
25893.0  24952.0 
25894.0  24953.0 
25895.0  24954.0 
25896.0  24955.0 
25897.0  24956.0 
25898.0  24957.0 
25899.0  24958.0 
25900.0  24959.0 
25901.0  24960.0 
25902.0  24961.0 
25903.0  24962.0 
25904.0  24963.0 
25905.0  24964.0 
25906.0  24965.0 
25907.0  24966.0 
25908.0  24967.0 
25909.0  24968.0 
25910.0  24969.0 
25911.0  24970.0 
25912.0  24971.0 
25913.0  24972.0 
25914.0  24973.0 
25915.0  24974.0 
25916.0  24975.0 
25917.0  24976.0 
25918.0  24977.0 
25919.0  24978.0 
25920.0  24979.0 
25921.0  24980.0 
25922.0  24981.0 
25923.0  24982.0 
25924.0  24983.0 
25925.0  24984.0 
25926.0  24985.0 
25927.0  24986.0 
25928.0  24987.0 
25929.0  24988.0 
25930.0  24989.0 
25931.0  24990.0 
25932.0  24991.0 
25933.0  24992.0 
25934.0  24993.0 
25935.0  24994.0 
25936.0  24995.0 
25937.0  24996.0 
25938.0  24997.0 
25939.0  24998.0 
25940.0  24999.0 
25941.0  25000.0 
25942.0  25001.0 
25943.0  25002.0 
25944.0  25003.0 
25945.0  25004.0 
25946.0  25005.0 
25947.0  25006.0 
25948.0  25007.0 
25949.0  25008.0 
25950.0  25009.0 
25951.0  25010.0 
25952.0  25011.0 
25953.0  25012.0 
25954.0  25013.0 
25955.0  25014.0 
25956.0  25015.0 
25957.0  25016.0 
25958.0  25017.0 
25959.0  25018.0 
25960.0  25019.0 
25961.0  25020.0 
25962.0  25021.0 
25963.0  25022.0 
25964.0  25023.0 
25965.0  25024.0 
25966.0  25025.0 
25967.0  25026.0 
25968.0  25027.0 
25969.0  25028.0 
25970.0  25029.0 
25971.0  25030.0 
25972.0  25031.0 
25973.0  25032.0 
25974.0  25033.0 
25975.0  25034.0 
25976.0  25035.0 
25977.0  25036.0 
25978.0  25037.0 
25979.0  25038.0 
25980.0  25039.0 
25981.0  25040.0 
25982.0  25041.0 
25983.0  25042.0 
25984.0  25043.0 
25985.0  25044.0 
25986.0  25045.0 
25987.0  25046.0 
25988.0  25047.0 
25989.0  25048.0 
25990.0  25049.0 
25991.0  25050.0 
25992.0  25051.0 
25993.0  25052.0 
25994.0  25053.0 
25995.0  25054.0 
25996.0  25055.0 
25997.0  25056.0 
25998.0  25057.0 
25999.0  25058.0 
26000.0  25059.0 
26001.0  25060.0 
26002.0  25061.0 
26003.0  25062.0 
26004.0  25063.0 
26005.0  25064.0 
26006.0  25065.0 
26007.0  25066.0 
26008.0  25067.0 
26009.0  25068.0 
26010.0  25069.0 
26011.0  25070.0 
26012.0  25071.0 
26013.0  25072.0 
26014.0  25073.0 
26015.0  25074.0 
26016.0  25075.0 
26017.0  25076.0 
26018.0  25077.0 
26019.0  25078.0 
26020.0  25079.0 
26021.0  25080.0 
26022.0  25081.0 
26023.0  25082.0 
26024.0  25083.0 
26025.0  25084.0 
26026.0  25085.0 
26027.0  25086.0 
26028.0  25087.0 
26029.0  25088.0 
26030.0  25089.0 
26031.0  25090.0 
26032.0  25091.0 
26033.0  25092.0 
26034.0  25093.0 
26035.0  25094.0 
26036.0  25095.0 
26037.0  25096.0 
26038.0  25097.0 
26039.0  25098.0 
26040.0  25099.0 
26041.0  25100.0 
26042.0  25101.0 
26043.0  25102.0 
26044.0  25103.0 
26045.0  25104.0 
26046.0  25105.0 
26047.0  25106.0 
26048.0  25107.0 
26049.0  25108.0 
26050.0  25109.0 
26051.0  25110.0 
26052.0  25111.0 
26054.0  25113.0 
26055.0  25114.0 
26056.0  25115.0 
26057.0  25116.0 
26058.0  25117.0 
26059.0  25118.0 
26060.0  25119.0 
26061.0  25120.0 
26062.0  25121.0 
26063.0  25122.0 
26064.0  25123.0 
26065.0  25124.0 
26066.0  25125.0 
26067.0  25126.0 
26068.0  25127.0 
26069.0  25128.0 
26070.0  25129.0 
26071.0  25130.0 
26072.0  25131.0 
26073.0  25132.0 
26074.0  25133.0 
26075.0  25134.0 
26076.0  25135.0 
26077.0  25136.0 
26078.0  25137.0 
26079.0  25138.0 
26080.0  25139.0 
26081.0  25140.0 
26082.0  25141.0 
26083.0  25142.0 
26084.0  25143.0 
26085.0  25144.0 
26086.0  25145.0 
26087.0  25146.0 
26088.0  25147.0 
26089.0  25148.0 
26090.0  25149.0 
26091.0  25150.0 
26092.0  25151.0 
26093.0  25152.0 
26094.0  25153.0 
26095.0  25154.0 
26096.0  25155.0 
26097.0  25156.0 
26098.0  25157.0 
26099.0  25158.0 
26100.0  25159.0 
26101.0  25160.0 
26102.0  25161.0 
26103.0  25162.0 
26104.0  25163.0 
26105.0  25164.0 
26106.0  25165.0 
26107.0  25166.0 
26108.0  25167.0 
26109.0  25168.0 
26110.0  25169.0 
26111.0  25170.0 
26112.0  25171.0 
26113.0  25172.0 
26114.0  25173.0 
26115.0  25174.0 
26116.0  25175.0 
26117.0  25176.0 
26118.0  25177.0 
26119.0  25178.0 
26120.0  25179.0 
26121.0  25180.0 
26122.0  25181.0 
26123.0  25182.0 
26124.0  25183.0 
26125.0  25184.0 
26126.0  25185.0 
26127.0  25186.0 
26128.0  25187.0 
26129.0  25188.0 
26130.0  25189.0 
26131.0  25190.0 
26132.0  25191.0 
26133.0  25192.0 
26134.0  25193.0 
26135.0  25194.0 
26136.0  25195.0 
26137.0  25196.0 
26138.0  25197.0 
26139.0  25198.0 
26140.0  25199.0 
26141.0  25200.0 
26142.0  25201.0 
26143.0  25202.0 
26144.0  25203.0 
26145.0  25204.0 
26146.0  25205.0 
26147.0  25206.0 
26148.0  25207.0 
26149.0  25208.0 
26150.0  25209.0 
26151.0  25210.0 
26152.0  25211.0 
26153.0  25212.0 
26154.0  25213.0 
26155.0  25214.0 
26156.0  25215.0 
26157.0  25216.0 
26158.0  25217.0 
26159.0  25218.0 
26160.0  25219.0 
26161.0  25220.0 
26162.0  25221.0 
26163.0  25222.0 
26164.0  25223.0 
26165.0  25224.0 
26166.0  25225.0 
26167.0  25226.0 
26168.0  25227.0 
26169.0  25228.0 
26170.0  25229.0 
26171.0  25230.0 
26172.0  25231.0 
26173.0  25232.0 
26174.0  25233.0 
26175.0  25234.0 
26176.0  25235.0 
26177.0  25236.0 
26178.0  25237.0 
26179.0  25238.0 
26180.0  25239.0 
26181.0  25240.0 
26182.0  25241.0 
26183.0  25242.0 
26184.0  25243.0 
26185.0  25244.0 
26186.0  25245.0 
26187.0  25246.0 
26188.0  25247.0 
26189.0  25248.0 
26190.0  25249.0 
26191.0  25250.0 
26192.0  25251.0 
26193.0  25252.0 
26194.0  25253.0 
26195.0  25254.0 
26196.0  25255.0 
26197.0  25256.0 
26198.0  25257.0 
26199.0  25258.0 
26200.0  25259.0 
26201.0  25260.0 
26202.0  25261.0 
26203.0  25262.0 
26204.0  25263.0 
26205.0  25264.0 
26206.0  25265.0 
26207.0  25266.0 
26208.0  25267.0 
26209.0  25268.0 
26210.0  25269.0 
26211.0  25270.0 
26212.0  25271.0 
26213.0  25272.0 
26214.0  25273.0 
26215.0  25274.0 
26216.0  25275.0 
26217.0  25276.0 
26218.0  25277.0 
26219.0  25278.0 
26220.0  25279.0 
26221.0  25280.0 
26222.0  25281.0 
26223.0  25282.0 
26224.0  25283.0 
26254.1  24870.0 
26254.1  24403.0 
26254.1  24871.0 
26254.1  24872.0 
26254.1  24406.0 
26254.1  24873.0 
26254.1  24404.0 
26254.1  24874.0 
26254.1  24407.0 
26254.1  24409.0 
26254.1  26267.0 
26254.1  24412.0 
26254.1  24817.3 
26255.0  24307.0 
26256.1  26268.1 
26257.1  26269.1 
26258.1  26270.1 
26259.1  26271.0 
26259.1  24403.0 
26259.1  24406.0 
26259.1  26272.3 
26261.0  25319.0 
26262.1  26273.0 
26264.1  26274.0 
26266.1  26275.0 
26268.1  25319.0 
26268.1  24403.0 
26268.1  24406.0 
26268.1  24412.0 
26268.1  24418.0 
26268.1  26277.1 
26269.1  26278.0 
26269.1  24403.0 
26269.1  24406.0 
26269.1  24412.0 
26269.1  26279.28 
26270.1  26278.0 
26270.1  24403.0 
26270.1  24406.0 
26270.1  24412.0 
26270.1  26280.4 
26271.0  24364.0 
26272.3  24817.3 
26277.1  26281.0 
26278.0  24381.0 
26279.27  24382.27 
26279.28  26282.1 
26279.29  25818.1 
26280.3  24383.3 
26280.4  26282.2 
26280.5  25818.2 
26282.3  24877.3 
25339.0  25340.0 
25340.0  25353.0 
25359.0  25360.0 
25360.0  25789.0 
25789.0  25799.0 
25795.0  25353.0 
25796.0  25818.0 
25797.0  25818.0 
25798.0  25822.0 
25799.0  25353.0 
25806.0  25360.0 
25807.0  25360.0 
25808.0  25833.0 
25818.0  25837.0 
25822.0  25359.0 
25826.0  25789.0 
25827.0  25789.0 
25828.0  25789.0 
25829.0  25789.0 
25830.0  25789.0 
25833.0  25360.0 
25835.0  25846.0 
25836.0  25849.0 
25837.0  25353.0 
25844.0  25822.0 
25846.0  26254.0 
25852.0  25818.0 
25853.0  26260.0 
25854.0  26263.0 
25855.0  26265.0 
26254.0  25849.0 
26259.0  25846.0 
26260.0  25818.0 
26263.0  25818.0 
26265.0  25818.0 
26268.0  26276.0 
26269.0  25846.0 
26270.0  25846.0 
26273.0  26260.0 
26274.0  26263.0 
26275.0  26265.0 
26276.0  25846.0 
26281.0  26276.0 
25358.1  25359.11 
26283.1  25359.11 
26284.1  25359.11 
