79550.1  79552.0 
79550.1  79553.0 
79550.1  79554.0 
79550.1  79555.0 
79550.1  79556.0 
79550.1  79557.0 
79550.1  79558.0 
79550.1  79559.0 
79550.1  79560.0 
79550.1  79561.0 
79550.1  79562.0 
79550.1  79563.0 
79551.1  79565.0 
79551.1  79553.0 
79551.1  79556.0 
79552.0  79532.0 
79553.0  79533.0 
79554.0  79534.0 
79555.0  79535.0 
79556.0  79536.0 
79557.0  79537.0 
79558.0  79538.0 
79559.0  79539.0 
79562.0  79542.0 
79563.0  64963.0 
79564.1  79553.0 
79564.1  79566.0 
79564.1  79557.0 
79564.1  79556.0 
79564.1  79562.0 
79564.1  79567.0 
79564.1  79568.0 
79565.0  79545.0 
79566.0  79546.0 
79567.0  79547.0 
79568.0  79548.0 
79549.1  79550.1 
79550.0  79551.0 
79551.0  79564.0 
