68699.1  68701.0 
68699.1  68702.0 
68699.1  68703.0 
68699.1  68704.0 
68699.1  68705.0 
68699.1  68706.0 
68699.1  68707.0 
68699.1  68708.0 
68699.1  68709.0 
68699.1  68710.0 
68699.1  68711.0 
68699.1  68712.0 
68700.1  68714.0 
68700.1  68702.0 
68700.1  68705.0 
68701.0  67761.0 
68702.0  67762.0 
68703.0  67763.0 
68704.0  67764.0 
68705.0  67765.0 
68706.0  67766.0 
68707.0  67767.0 
68708.0  67768.0 
68711.0  67771.0 
68713.1  68702.0 
68713.1  68715.0 
68713.1  68706.0 
68713.1  68705.0 
68713.1  68711.0 
68713.1  68716.0 
68713.1  68717.0 
68714.0  67774.0 
68715.0  67775.0 
68716.0  67776.0 
68717.0  67777.0 
68698.1  68699.1 
68719.1  68721.0 
68719.1  68722.0 
68719.1  68723.0 
68719.1  68724.0 
68719.1  68702.0 
68719.1  68725.0 
68719.1  68726.0 
68719.1  68727.0 
68719.1  68728.0 
68719.1  68706.0 
68719.1  68729.0 
68719.1  68730.0 
68719.1  68731.0 
68719.1  68732.0 
68719.1  68733.0 
68719.1  68734.0 
68719.1  68735.0 
68719.1  68736.0 
68719.1  68737.0 
68719.1  68738.0 
68719.1  68739.0 
68719.1  68740.0 
68719.1  68741.0 
68719.1  68742.0 
68719.1  68743.0 
68719.1  68705.0 
68719.1  68744.0 
68719.1  68745.0 
68719.1  68746.0 
68719.1  68747.0 
68719.1  68748.0 
68719.1  68749.0 
68719.1  68750.0 
68719.1  68751.0 
68719.1  68752.0 
68719.1  68753.0 
68719.1  68754.0 
68719.1  68755.0 
68719.1  68756.0 
68719.1  68757.0 
68719.1  68758.0 
68719.1  68759.0 
68719.1  68760.0 
68719.1  68761.0 
68719.1  68762.0 
68719.1  68711.0 
68719.1  68763.0 
68719.1  68764.0 
68719.1  68765.0 
68719.1  68766.0 
68719.1  68717.0 
68719.1  68767.0 
68719.1  68768.0 
68719.1  68769.0 
68719.1  68770.0 
68719.1  68771.0 
68719.1  68772.0 
68719.1  68773.0 
68719.1  68774.0 
68719.1  68775.0 
68719.1  68776.0 
68719.1  68777.0 
68719.1  68778.0 
68719.1  68779.0 
68719.1  68780.0 
68719.1  68781.0 
68719.1  68782.0 
68719.1  68783.0 
68719.1  68784.0 
68719.1  68785.0 
68719.1  68786.0 
68719.1  68787.0 
68719.1  68788.0 
68719.1  68789.0 
68719.1  68790.0 
68719.1  68791.0 
68719.1  68792.0 
68719.1  68793.0 
68719.1  68794.0 
68719.1  68795.0 
68719.1  68796.0 
68719.1  68797.0 
68719.1  68798.0 
68719.1  68799.0 
68719.1  68800.0 
68719.1  68801.0 
68719.1  68802.0 
68719.1  68803.0 
68719.1  68804.0 
68719.1  68805.0 
68719.1  68806.0 
68719.1  68807.0 
68719.1  68808.0 
68719.1  68809.0 
68719.1  68810.0 
68719.1  68811.0 
68719.1  68812.0 
68719.1  68813.0 
68719.1  68814.0 
68719.1  68815.0 
68719.1  68816.0 
68719.1  68817.0 
68719.1  68818.0 
68719.1  68819.0 
68719.1  68820.0 
68719.1  68821.0 
68719.1  68822.0 
68719.1  68823.0 
68719.1  68824.0 
68719.1  68825.0 
68719.1  68826.0 
68719.1  68827.0 
68719.1  68828.0 
68719.1  68829.0 
68719.1  68830.0 
68719.1  68831.0 
68719.1  68832.0 
68719.1  68833.0 
68719.1  68834.0 
68719.1  68835.0 
68719.1  68836.0 
68719.1  68837.0 
68719.1  68838.0 
68719.1  68839.0 
68719.1  68840.0 
68719.1  68841.0 
68719.1  68842.0 
68719.1  68843.0 
68719.1  68844.0 
68719.1  68845.0 
68719.1  68846.0 
68719.1  68847.0 
68719.1  68848.0 
68719.1  68849.0 
68719.1  68850.0 
68719.1  68851.0 
68719.1  68852.0 
68719.1  68853.0 
68719.1  68854.0 
68719.1  68855.0 
68719.1  68856.0 
68719.1  68857.0 
68719.1  68858.0 
68719.1  68859.0 
68719.1  68860.0 
68719.1  68861.0 
68719.1  68862.0 
68719.1  68863.0 
68719.1  68864.0 
68719.1  68865.0 
68719.1  68866.0 
68719.1  68867.0 
68719.1  68868.0 
68719.1  68869.0 
68719.1  68870.0 
68719.1  68871.0 
68719.1  68872.0 
68719.1  68873.0 
68719.1  68874.0 
68719.1  68875.0 
68719.1  68876.0 
68719.1  68877.0 
68719.1  68878.0 
68719.1  68879.0 
68719.1  68880.0 
68719.1  68716.0 
68719.1  68881.0 
68719.1  68882.0 
68719.1  68883.0 
68719.1  68884.1 
68719.1  68885.0 
68719.1  68886.0 
68719.1  68887.0 
68719.1  68888.0 
68719.1  68889.0 
68719.1  68890.0 
68719.2  68891.0 
68719.2  68892.0 
68719.2  68893.0 
68719.2  68894.0 
68719.2  68895.0 
68719.2  68896.0 
68719.2  68897.0 
68719.2  68898.0 
68719.2  68899.0 
68719.2  68900.0 
68719.2  68901.0 
68719.2  68902.0 
68719.2  68903.0 
68719.2  68904.0 
68719.2  68905.0 
68719.2  68906.0 
68719.2  68907.0 
68719.2  68908.0 
68719.2  68909.0 
68719.2  68910.0 
68719.2  68911.0 
68719.2  68912.0 
68719.2  68913.0 
68719.2  68914.0 
68719.2  68915.0 
68719.2  68916.0 
68719.2  68917.0 
68719.2  68918.0 
68719.2  68919.0 
68719.2  68920.0 
68719.2  68921.0 
68719.2  68703.0 
68719.2  68922.0 
68719.2  68923.0 
68719.2  68924.0 
68719.2  68925.0 
68719.2  68926.0 
68719.2  68927.0 
68719.2  68928.0 
68719.2  68929.0 
68719.2  68930.0 
68719.2  68931.0 
68719.2  68932.0 
68719.2  68708.0 
68719.2  68933.0 
68719.2  68934.0 
68719.2  68935.0 
68719.2  68936.0 
68719.2  68937.0 
68719.2  68938.0 
68719.2  68939.0 
68719.2  68940.0 
68719.2  68941.0 
68719.2  68942.0 
68719.2  68943.0 
68719.2  68944.0 
68719.2  68945.0 
68719.2  68946.0 
68719.2  68947.0 
68719.2  68948.0 
68719.2  68949.0 
68719.2  68950.0 
68719.2  68951.0 
68719.2  68952.0 
68719.2  68953.0 
68719.2  68954.0 
68719.2  68955.0 
68719.2  68956.0 
68719.2  68957.0 
68719.2  68958.0 
68719.2  68959.0 
68719.2  68960.0 
68719.2  68961.0 
68719.2  68962.0 
68719.2  68963.0 
68719.2  68964.0 
68719.2  68965.0 
68719.2  68966.0 
68719.2  68967.0 
68719.2  68968.0 
68719.2  68969.0 
68719.2  68970.0 
68719.2  68971.0 
68719.2  68972.0 
68719.2  68973.0 
68719.2  68974.0 
68719.2  68975.0 
68719.2  68976.0 
68719.2  68977.0 
68719.2  68978.0 
68719.2  68979.0 
68719.2  68980.0 
68719.2  68981.0 
68719.2  68982.0 
68719.2  68983.0 
68719.2  68984.0 
68719.2  68985.0 
68719.2  68986.0 
68719.2  68987.0 
68719.2  68988.0 
68719.2  68989.0 
68719.2  68990.0 
68719.2  68991.0 
68719.2  68992.0 
68719.2  68993.0 
68719.2  68994.0 
68719.2  68995.0 
68719.2  68996.0 
68719.2  68997.0 
68719.2  68998.0 
68719.2  68999.0 
68719.2  69000.0 
68719.2  69001.0 
68719.2  69002.0 
68719.2  69003.0 
68719.2  69004.0 
68719.2  69005.0 
68719.2  69006.0 
68719.2  69007.0 
68719.2  69008.0 
68719.2  69009.0 
68719.2  69010.0 
68719.2  69011.0 
68719.2  69012.0 
68719.2  69013.0 
68719.2  69014.0 
68719.2  69015.0 
68719.2  69016.0 
68719.2  69017.0 
68719.2  69018.0 
68719.2  69019.0 
68719.2  69020.0 
68719.2  69021.0 
68719.2  69022.0 
68719.2  69023.0 
68719.2  69024.0 
68719.2  69025.0 
68719.2  69026.0 
68719.2  69027.0 
68719.2  69028.0 
68719.2  69029.0 
68719.2  69030.0 
68719.2  69031.0 
68719.2  69032.0 
68719.2  69033.0 
68719.2  69034.0 
68719.2  69035.0 
68719.2  69036.0 
68719.2  69037.0 
68719.2  69038.0 
68719.2  69039.0 
68719.2  69040.0 
68719.2  69041.0 
68719.2  69042.0 
68719.2  69043.0 
68719.2  69044.0 
68719.2  69045.0 
68719.2  69046.0 
68719.2  69047.0 
68719.2  69048.0 
68719.2  69049.1 
68719.2  69050.0 
68719.2  69051.0 
68719.2  69052.0 
68719.2  69053.0 
68719.2  69054.0 
68719.2  69055.0 
68719.2  69056.0 
68719.2  69057.0 
68719.2  69058.0 
68719.2  69059.0 
68719.2  69060.0 
68719.2  69061.0 
68719.2  69062.0 
68719.2  69063.0 
68719.2  69064.18 
68719.2  69065.18 
68719.2  69066.0 
68719.2  69067.0 
68719.2  69068.0 
68719.2  69069.0 
68719.2  69070.0 
68719.2  69071.0 
68719.2  69072.0 
68719.2  69073.0 
68719.2  69074.0 
68719.2  69075.0 
68719.2  69076.0 
68719.2  69077.0 
68719.2  69078.0 
68719.3  69079.0 
68719.3  69080.0 
68719.3  69081.0 
68719.3  69082.0 
68719.3  69083.0 
68719.3  69084.0 
68719.3  69085.0 
68719.3  69086.0 
68719.3  69087.2 
68719.3  69088.0 
68719.3  69089.0 
68719.3  69090.0 
68719.3  69091.0 
68719.3  69092.0 
68719.3  69093.0 
68719.4  69094.0 
68719.4  69095.0 
68719.4  69096.0 
68719.4  69097.0 
68719.4  68698.1 
68719.5  69098.0 
68719.5  69099.0 
68719.5  69100.0 
68719.5  69101.0 
68719.5  69102.0 
68719.5  69103.1 
68719.5  69104.0 
68719.5  69105.36 
68719.5  69106.36 
68719.5  69107.0 
68719.5  69108.2 
68719.6  69109.0 
68719.6  69110.0 
68719.6  69111.0 
68719.6  69112.0 
68719.6  69113.0 
68719.6  69114.0 
68719.6  68707.0 
68719.6  68704.0 
68719.6  69115.0 
68719.6  69116.3 
68719.6  69117.0 
68719.6  69118.0 
68719.6  69119.0 
68719.6  69120.0 
68719.6  69121.0 
68719.6  69122.0 
68719.6  69123.0 
68719.6  69124.0 
68719.6  69125.18 
68719.6  69126.0 
68719.6  69127.0 
68719.7  69128.0 
68719.7  69129.0 
68719.7  69130.44 
68719.7  69131.0 
68719.7  69132.0 
68719.7  69133.1 
68719.7  69134.0 
68719.7  69135.0 
68719.7  69136.0 
68719.7  69137.0 
68719.7  69138.0 
68719.8  69139.0 
68719.8  69140.0 
68719.8  69141.0 
68719.8  69142.0 
68719.8  69143.0 
68719.9  69144.0 
68719.9  69145.0 
68719.9  69146.0 
68719.9  69087.5 
68719.10  69147.0 
68720.1  69149.0 
68720.1  68702.0 
68720.1  68715.0 
68720.1  68706.0 
68720.1  68705.0 
68720.1  68711.0 
68720.1  68716.0 
68720.1  68717.0 
68720.1  69150.1 
68720.1  69151.1 
68720.1  69152.1 
68721.0  67781.0 
68722.0  67782.0 
68723.0  67783.0 
68724.0  67784.0 
68725.0  67785.0 
68726.0  67786.0 
68727.0  67787.0 
68728.0  67788.0 
68729.0  67789.0 
68730.0  67790.0 
68731.0  67791.0 
68732.0  67792.0 
68733.0  67793.0 
68734.0  67794.0 
68735.0  67795.0 
68736.0  67796.0 
68737.0  67797.0 
68738.0  67798.0 
68739.0  67799.0 
68740.0  67800.0 
68741.0  67801.0 
68742.0  67802.0 
68743.0  67803.0 
68744.0  67804.0 
68745.0  67805.0 
68746.0  67806.0 
68747.0  67807.0 
68748.0  67808.0 
68749.0  67809.0 
68750.0  67810.0 
68751.0  67811.0 
68752.0  67812.0 
68753.0  67813.0 
68754.0  67814.0 
68755.0  67815.0 
68756.0  67816.0 
68757.0  67817.0 
68758.0  67818.0 
68759.0  67819.0 
68760.0  67820.0 
68761.0  67821.0 
68762.0  67822.0 
68763.0  67823.0 
68764.0  67824.0 
68765.0  67825.0 
68766.0  67826.0 
68767.0  67827.0 
68768.0  67828.0 
68769.0  67829.0 
68770.0  67830.0 
68771.0  67831.0 
68772.0  67832.0 
68773.0  67833.0 
68774.0  67834.0 
68775.0  67835.0 
68776.0  67836.0 
68777.0  67837.0 
68778.0  67838.0 
68779.0  67839.0 
68780.0  67840.0 
68781.0  67841.0 
68782.0  67842.0 
68783.0  67843.0 
68784.0  67844.0 
68785.0  67845.0 
68786.0  67846.0 
68787.0  67847.0 
68788.0  67848.0 
68789.0  67849.0 
68790.0  67850.0 
68791.0  67851.0 
68792.0  67852.0 
68793.0  67853.0 
68794.0  67854.0 
68795.0  67855.0 
68796.0  67856.0 
68797.0  67857.0 
68798.0  67858.0 
68799.0  67859.0 
68800.0  67860.0 
68801.0  67861.0 
68802.0  67862.0 
68803.0  67863.0 
68804.0  67864.0 
68805.0  67865.0 
68806.0  67866.0 
68807.0  67867.0 
68808.0  67868.0 
68809.0  67869.0 
68810.0  67870.0 
68811.0  67871.0 
68812.0  67872.0 
68813.0  67873.0 
68814.0  67874.0 
68815.0  67875.0 
68816.0  67876.0 
68817.0  67877.0 
68818.0  67878.0 
68819.0  67879.0 
68820.0  67880.0 
68821.0  67881.0 
68822.0  67882.0 
68823.0  67883.0 
68824.0  67884.0 
68825.0  67885.0 
68826.0  67886.0 
68827.0  67887.0 
68828.0  67888.0 
68829.0  67889.0 
68830.0  67890.0 
68831.0  67891.0 
68832.0  67892.0 
68833.0  67893.0 
68834.0  67894.0 
68835.0  67895.0 
68836.0  67896.0 
68837.0  67897.0 
68838.0  67898.0 
68839.0  67899.0 
68840.0  67900.0 
68841.0  67901.0 
68842.0  67902.0 
68843.0  67903.0 
68844.0  67904.0 
68845.0  67905.0 
68846.0  67906.0 
68847.0  67907.0 
68848.0  67908.0 
68849.0  67909.0 
68850.0  67910.0 
68851.0  67911.0 
68852.0  67912.0 
68853.0  67913.0 
68854.0  67914.0 
68855.0  67915.0 
68856.0  67916.0 
68857.0  67917.0 
68858.0  67918.0 
68859.0  67919.0 
68860.0  67920.0 
68861.0  67921.0 
68862.0  67922.0 
68863.0  67923.0 
68864.0  67924.0 
68865.0  67925.0 
68866.0  67926.0 
68867.0  67927.0 
68868.0  67928.0 
68869.0  67929.0 
68870.0  67930.0 
68871.0  67931.0 
68872.0  67932.0 
68873.0  67933.0 
68874.0  67934.0 
68875.0  67935.0 
68876.0  67936.0 
68877.0  67937.0 
68878.0  67938.0 
68879.0  67939.0 
68880.0  67940.0 
68881.0  67941.0 
68882.0  67942.0 
68883.0  67943.0 
68884.1  69153.16 
68885.0  67945.0 
68886.0  67946.0 
68887.0  67947.0 
68888.0  67948.0 
68889.0  67949.0 
68890.0  67950.0 
68891.0  67951.0 
68892.0  67952.0 
68893.0  67953.0 
68894.0  67954.0 
68895.0  67955.0 
68896.0  67956.0 
68897.0  67957.0 
68898.0  67958.0 
68899.0  67959.0 
68900.0  67960.0 
68901.0  67961.0 
68902.0  67962.0 
68903.0  67963.0 
68904.0  67964.0 
68905.0  67965.0 
68906.0  67966.0 
68907.0  67967.0 
68908.0  67968.0 
68909.0  67969.0 
68910.0  67970.0 
68911.0  67971.0 
68912.0  67972.0 
68913.0  67973.0 
68914.0  67974.0 
68915.0  67975.0 
68916.0  67976.0 
68917.0  67977.0 
68918.0  67978.0 
68919.0  67979.0 
68920.0  67980.0 
68921.0  67981.0 
68922.0  67982.0 
68923.0  67983.0 
68924.0  67984.0 
68925.0  67985.0 
68926.0  67986.0 
68927.0  67987.0 
68928.0  67988.0 
68929.0  67989.0 
68930.0  67990.0 
68931.0  67991.0 
68932.0  67992.0 
68934.0  67994.0 
68935.0  67995.0 
68936.0  67996.0 
68937.0  67997.0 
68938.0  67998.0 
68939.0  67999.0 
68940.0  68000.0 
68941.0  68001.0 
68942.0  68002.0 
68943.0  68003.0 
68944.0  68004.0 
68945.0  68006.0 
68946.0  68005.0 
68947.0  68007.0 
68948.0  68008.0 
68949.0  68009.0 
68950.0  68010.0 
68951.0  68011.0 
68952.0  68012.0 
68953.0  68013.0 
68954.0  68014.0 
68955.0  68015.0 
68956.0  68016.0 
68957.0  68017.0 
68958.0  68018.0 
68959.0  68019.0 
68960.0  68020.0 
68961.0  68021.0 
68962.0  68022.0 
68963.0  68023.0 
68964.0  68024.0 
68965.0  68025.0 
68966.0  68026.0 
68967.0  68027.0 
68968.0  68028.0 
68969.0  68029.0 
68970.0  68030.0 
68971.0  68031.0 
68972.0  68032.0 
68973.0  68033.0 
68974.0  68034.0 
68975.0  68035.0 
68976.0  68036.0 
68977.0  68037.0 
68978.0  68038.0 
68979.0  68039.0 
68980.0  68040.0 
68981.0  68041.0 
68982.0  68042.0 
68983.0  68043.0 
68984.0  68044.0 
68985.0  68045.0 
68986.0  68046.0 
68987.0  68047.0 
68988.0  68048.0 
68989.0  68049.0 
68990.0  68050.0 
68991.0  68051.0 
68992.0  68052.0 
68993.0  68053.0 
68994.0  68054.0 
68995.0  68055.0 
68996.0  68056.0 
68997.0  68057.0 
68998.0  68058.0 
68999.0  68059.0 
69000.0  68060.0 
69001.0  68061.0 
69002.0  68062.0 
69003.0  68063.0 
69004.0  68064.0 
69005.0  68065.0 
69006.0  68066.0 
69007.0  68067.0 
69008.0  68068.0 
69009.0  68069.0 
69010.0  68070.0 
69011.0  68071.0 
69012.0  68072.0 
69013.0  68073.0 
69014.0  68074.0 
69015.0  68075.0 
69016.0  68076.0 
69017.0  68077.0 
69018.0  68078.0 
69019.0  68079.0 
69020.0  68080.0 
69021.0  68081.0 
69022.0  68082.0 
69023.0  68083.0 
69024.0  68084.0 
69025.0  68085.0 
69026.0  68086.0 
69027.0  68087.0 
69028.0  68088.0 
69029.0  68089.0 
69030.0  68090.0 
69031.0  68091.0 
69032.0  68092.0 
69033.0  68093.0 
69034.0  68094.0 
69035.0  68095.0 
69036.0  68096.0 
69037.0  68097.0 
69038.0  68098.0 
69039.0  68099.0 
69040.0  68100.0 
69041.0  68101.0 
69042.0  68102.0 
69043.0  68103.0 
69044.0  68104.0 
69045.0  68105.0 
69046.0  68106.0 
69047.0  68107.0 
69048.0  68108.0 
69049.1  69153.14 
69050.0  68110.0 
69051.0  68111.0 
69052.0  68112.0 
69053.0  68113.0 
69054.0  68114.0 
69055.0  68115.0 
69056.0  68116.0 
69057.0  68117.0 
69058.0  68118.0 
69059.0  68119.0 
69060.0  68120.0 
69061.0  68121.0 
69062.0  68122.0 
69063.0  68123.0 
69064.18  69153.15 
69064.18  68124.18 
69065.18  69153.15 
69065.18  68125.18 
69066.0  68126.0 
69067.0  68127.0 
69068.0  68128.0 
69069.0  68129.0 
69070.0  68130.0 
69071.0  68131.0 
69072.0  68132.0 
69073.0  68133.0 
69074.0  68134.0 
69075.0  68135.0 
69076.0  68136.0 
69077.0  68137.0 
69078.0  68138.0 
69079.0  68139.0 
69080.0  68140.0 
69081.0  68141.0 
69082.0  68142.0 
69083.0  68143.0 
69084.0  68144.0 
69085.0  68145.0 
69086.0  68146.0 
69087.1  68719.1 
69087.2  68719.2 
69087.3  68719.3 
69087.4  68719.4 
69087.5  68719.8 
69087.6  68719.9 
69088.0  68148.0 
69089.0  68149.0 
69090.0  68150.0 
69091.0  68151.0 
69092.0  68152.0 
69093.0  68153.0 
69094.0  68154.0 
69095.0  68155.0 
69096.0  68156.0 
69097.0  68157.0 
69098.0  68158.0 
69099.0  68159.0 
69100.0  68160.0 
69101.0  68161.0 
69102.0  68162.0 
69103.1  69153.16 
69104.0  68164.0 
69105.36  69153.16 
69105.36  68165.36 
69105.37  68719.5 
69106.36  69153.16 
69106.36  68166.36 
69106.37  68719.7 
69107.0  68167.0 
69108.2  68168.2 
69109.0  68169.0 
69110.0  68170.0 
69111.0  68171.0 
69112.0  68172.0 
69113.0  68173.0 
69114.0  68174.0 
69115.0  68175.0 
69116.1  69154.1 
69116.2  69155.1 
69116.3  69156.1 
69117.0  68177.0 
69118.0  68178.0 
69119.0  68179.0 
69120.0  68180.0 
69121.0  68181.0 
69122.0  68182.0 
69123.0  68183.0 
69124.0  68184.0 
69125.18  68185.18 
69125.19  68719.6 
69126.0  68186.0 
69127.0  68187.0 
69128.0  68188.0 
69129.0  68189.0 
69130.42  69153.10 
69130.43  69153.12 
69130.44  69153.15 
69130.44  68190.44 
69131.0  68191.0 
69133.1  69157.1 
69134.0  68194.0 
69135.0  68195.0 
69137.0  68197.0 
69138.0  68198.0 
69139.0  68199.0 
69140.0  68200.0 
69141.0  68201.0 
69142.0  68202.0 
69143.0  68203.0 
69144.0  68204.0 
69145.0  68205.0 
69146.0  68206.0 
69147.0  68207.0 
69148.1  69159.0 
69148.1  68702.0 
69148.1  68715.0 
69148.1  68706.0 
69148.1  68705.0 
69148.1  68711.0 
69148.1  68716.0 
69148.1  68717.0 
69148.1  69160.1 
69148.1  69161.1 
69148.1  69162.1 
69148.1  69163.1 
69148.1  69164.1 
69149.0  68209.0 
69150.1  69165.1 
69151.1  69166.1 
69152.1  69167.1 
69153.11  68228.0 
69153.12  68190.42 
69153.13  68147.8 
69153.14  68229.0 
69153.15  68190.43 
69153.16  69168.1 
69153.17  68147.9 
69153.17  67779.17 
69154.1  69169.0 
69154.1  68702.0 
69154.1  69170.0 
69154.1  69171.0 
69154.1  68705.0 
69154.1  69172.0 
69154.1  68703.0 
69154.1  69173.0 
69154.1  68706.0 
69154.1  68708.0 
69154.1  69174.0 
69154.1  68711.0 
69154.1  69175.2 
69155.1  69177.0 
69155.1  68702.0 
69155.1  69170.0 
69155.1  69171.0 
69155.1  68703.0 
69155.1  68705.0 
69155.1  69172.0 
69155.1  68706.0 
69155.1  69173.0 
69155.1  68708.0 
69155.1  69178.0 
69155.1  68711.0 
69155.1  69116.1 
69156.1  69179.0 
69156.1  68702.0 
69156.1  68705.0 
69156.1  69116.2 
69157.1  69181.0 
69157.1  68702.0 
69157.1  69182.0 
69157.1  68705.0 
69157.1  68711.0 
69157.1  68717.0 
69157.1  68762.0 
69157.1  69183.3 
69157.1  69183.4 
69157.1  69183.5 
69157.1  69183.6 
69157.1  69183.7 
69158.1  68714.0 
69158.1  68702.0 
69158.1  68705.0 
69159.0  68219.0 
69160.1  69184.1 
69161.1  69185.1 
69162.1  69186.1 
69163.1  69187.1 
69164.1  69188.1 
69165.1  69189.0 
69165.1  68702.0 
69165.1  68705.0 
69165.1  68711.0 
69166.1  69190.0 
69166.1  68702.0 
69166.1  68705.0 
69166.1  68711.0 
69167.1  69192.0 
69167.1  68702.0 
69167.1  68705.0 
69168.1  69153.12 
69169.0  68230.0 
69170.0  68231.0 
69171.0  68232.0 
69172.0  68233.0 
69173.0  68234.0 
69175.1  69193.1 
69175.2  69194.1 
69176.1  69196.0 
69176.1  68702.0 
69176.1  68715.0 
69176.1  68706.0 
69176.1  68705.0 
69176.1  68711.0 
69176.1  68716.0 
69176.1  68717.0 
69176.1  68767.0 
69176.1  68768.0 
69176.1  68769.0 
69176.1  69197.1 
69176.1  69198.1 
69176.2  69199.1 
69176.3  69200.1 
69177.0  68238.0 
69179.0  68240.0 
69180.1  69201.0 
69180.1  68702.0 
69180.1  68715.0 
69180.1  68706.0 
69180.1  68705.0 
69180.1  68711.0 
69180.1  68716.0 
69180.1  68717.0 
69181.0  68242.0 
69182.0  68243.0 
69183.1  69202.1 
69183.2  69202.2 
69183.3  69202.3 
69183.4  69202.4 
69183.5  69202.5 
69183.6  69202.6 
69183.7  69202.7 
69184.1  69190.0 
69184.1  68702.0 
69184.1  68705.0 
69184.1  68711.0 
69185.1  69189.0 
69185.1  68702.0 
69185.1  68705.0 
69185.1  68711.0 
69186.1  69203.0 
69186.1  68702.0 
69186.1  68705.0 
69186.1  68711.0 
69187.1  69203.0 
69187.1  68702.0 
69187.1  68705.0 
69187.1  68711.0 
69188.1  69203.0 
69188.1  68702.0 
69188.1  68705.0 
69188.1  68711.0 
69189.0  68250.0 
69190.0  68251.0 
69192.0  68253.0 
69193.1  69169.0 
69193.1  68702.0 
69193.1  69170.0 
69193.1  69171.0 
69193.1  68705.0 
69193.1  69172.0 
69193.1  68703.0 
69193.1  69173.0 
69193.1  68706.0 
69193.1  68708.0 
69193.1  69205.0 
69193.1  68711.0 
69193.1  69206.1 
69194.1  69177.0 
69194.1  68702.0 
69194.1  69170.0 
69194.1  69171.0 
69194.1  68703.0 
69194.1  68705.0 
69194.1  69172.0 
69194.1  68706.0 
69194.1  69173.0 
69194.1  68708.0 
69194.1  69208.0 
69194.1  68711.0 
69194.1  69175.1 
69195.1  69177.0 
69195.1  68702.0 
69195.1  69170.0 
69195.1  69171.0 
69195.1  68703.0 
69195.1  68705.0 
69195.1  69172.0 
69195.1  68706.0 
69195.1  69173.0 
69195.1  68708.0 
69195.1  69209.0 
69195.1  68711.0 
69196.0  68257.0 
69197.1  69210.0 
69198.1  69211.1 
69199.1  69212.1 
69200.1  69213.1 
69201.0  68262.0 
69202.1  69214.0 
69202.1  68702.0 
69202.1  69215.0 
69202.1  68706.0 
69202.1  68705.0 
69202.1  69216.0 
69202.1  68711.0 
69202.1  69217.0 
69202.1  69218.0 
69202.1  68716.0 
69202.1  69219.0 
69202.1  69220.0 
69202.1  69221.0 
69202.1  68717.0 
69202.1  69222.0 
69202.1  69223.0 
69202.1  69224.0 
69202.1  69225.0 
69202.1  69226.0 
69202.1  69227.0 
69202.1  69228.0 
69202.1  69229.0 
69202.1  69230.0 
69202.1  69231.0 
69202.1  69232.0 
69202.1  69233.0 
69202.1  69234.0 
69202.1  69235.0 
69202.1  69236.0 
69202.1  69237.0 
69202.1  69238.0 
69202.1  69239.0 
69202.1  69240.0 
69202.1  69241.0 
69202.1  69242.0 
69202.1  69243.0 
69202.1  69244.0 
69202.1  69245.0 
69202.1  69246.0 
69202.1  69247.0 
69202.1  69248.0 
69202.1  69249.0 
69202.1  69250.0 
69202.1  69251.0 
69202.1  69252.0 
69202.1  69253.0 
69202.1  69254.0 
69202.1  69255.0 
69202.1  69256.0 
69202.1  69257.0 
69202.1  69258.0 
69202.1  69259.0 
69202.1  69260.0 
69202.1  69261.0 
69202.1  69262.0 
69202.1  69263.0 
69202.1  69264.0 
69202.1  69265.0 
69202.1  69266.0 
69202.1  69267.0 
69202.1  69268.0 
69202.1  69269.0 
69202.1  69270.0 
69202.1  69271.0 
69202.1  69272.0 
69202.1  69273.0 
69202.1  69274.0 
69202.1  69275.0 
69202.1  69276.0 
69202.1  69277.0 
69202.1  69278.0 
69202.1  69279.0 
69202.1  69280.0 
69202.1  69281.0 
69202.1  69282.0 
69202.1  69283.0 
69202.1  69284.0 
69202.1  69285.0 
69202.1  69286.0 
69202.1  69287.0 
69202.1  69288.0 
69202.1  69289.0 
69202.1  69290.0 
69202.1  69291.0 
69202.1  69292.0 
69202.1  69293.0 
69202.2  69294.0 
69202.2  69295.0 
69202.2  69296.0 
69202.2  69297.0 
69202.2  69298.0 
69202.2  69299.0 
69202.2  69300.0 
69202.2  69301.0 
69202.2  69302.0 
69202.2  69303.0 
69202.2  69304.0 
69202.2  69305.0 
69202.2  69306.0 
69202.2  69307.0 
69202.2  69308.0 
69202.2  69309.0 
69202.2  69310.0 
69202.2  69311.0 
69202.2  69312.0 
69202.2  69313.0 
69202.2  69314.0 
69202.2  69315.0 
69202.2  69316.0 
69202.2  69317.0 
69202.2  69318.0 
69202.2  69319.0 
69202.2  69320.0 
69202.2  69321.0 
69202.2  69322.0 
69202.2  69323.0 
69202.2  69324.0 
69202.2  69325.0 
69202.2  69326.0 
69202.2  69327.0 
69202.2  69328.0 
69202.2  69329.0 
69202.2  69330.0 
69202.2  69331.0 
69202.2  69332.0 
69202.2  69333.0 
69202.2  69334.0 
69202.2  69335.0 
69202.2  69336.0 
69202.2  69337.0 
69202.2  69338.0 
69202.2  69339.0 
69202.2  69340.0 
69202.2  69341.0 
69202.2  69342.0 
69202.2  69343.0 
69202.2  69344.0 
69202.2  69345.0 
69202.2  69346.0 
69202.2  69347.0 
69202.2  69348.0 
69202.2  69349.0 
69202.2  69350.0 
69202.2  69351.0 
69202.2  69352.0 
69202.2  69353.0 
69202.2  69354.0 
69202.2  69355.0 
69202.2  69356.0 
69202.2  69357.0 
69202.2  69358.0 
69202.2  69359.0 
69202.2  69360.0 
69202.2  69361.0 
69202.2  69362.0 
69202.2  69363.0 
69202.2  69364.0 
69202.2  69365.0 
69202.2  69366.0 
69202.2  69367.0 
69202.2  69368.0 
69202.2  69369.0 
69202.2  69370.0 
69202.2  69371.0 
69202.3  69372.0 
69202.3  69373.0 
69202.3  69374.0 
69202.3  69375.0 
69202.3  69376.0 
69202.3  69377.0 
69202.3  69378.0 
69202.3  69379.0 
69202.3  69380.0 
69202.3  69381.0 
69202.3  69382.0 
69202.3  69383.0 
69202.3  69384.0 
69202.3  69385.0 
69202.3  69386.0 
69202.3  69387.0 
69202.3  69388.0 
69202.3  69389.0 
69202.3  69390.0 
69202.3  69391.0 
69202.3  69392.0 
69202.3  69393.0 
69202.3  69394.0 
69202.3  69395.0 
69202.3  69396.0 
69202.3  69397.0 
69202.3  69398.0 
69202.3  69399.0 
69202.3  69400.0 
69202.3  69401.0 
69202.3  69402.0 
69202.3  69403.0 
69202.3  69404.0 
69202.3  69405.0 
69202.3  69406.0 
69202.3  69407.0 
69202.3  69408.0 
69202.3  69409.0 
69202.3  69410.0 
69202.3  69411.0 
69202.3  69412.0 
69202.3  69413.0 
69202.3  69414.0 
69202.3  69415.0 
69202.3  69416.0 
69202.3  69417.0 
69202.3  69418.0 
69202.3  69419.0 
69202.3  69420.0 
69202.3  69421.0 
69202.3  69422.0 
69202.3  69423.0 
69202.3  69424.0 
69202.3  69425.0 
69202.3  69426.0 
69202.3  69427.0 
69202.3  69428.0 
69202.3  69429.0 
69202.3  69430.0 
69202.3  69431.0 
69202.3  69432.0 
69202.3  69433.0 
69202.3  69434.0 
69202.3  69435.0 
69202.3  69436.0 
69202.3  69437.0 
69202.3  69438.0 
69202.3  69439.0 
69202.3  69440.0 
69202.3  69441.0 
69202.3  69442.0 
69202.3  69443.0 
69202.3  69444.0 
69202.3  69445.0 
69202.3  69446.0 
69202.3  69447.0 
69202.3  69448.0 
69202.3  69449.0 
69202.3  69450.0 
69202.4  69451.0 
69202.4  69452.0 
69202.4  69453.0 
69202.4  69454.0 
69202.4  69455.0 
69202.4  69456.0 
69202.4  69457.0 
69202.4  69458.0 
69202.4  69459.0 
69202.4  69460.0 
69202.4  69461.0 
69202.4  69462.0 
69202.4  69463.0 
69202.4  69464.0 
69202.4  69465.0 
69202.4  69466.0 
69202.4  69467.0 
69202.4  69468.0 
69202.4  69469.0 
69202.4  69470.0 
69202.4  69471.0 
69202.4  69472.0 
69202.4  69473.0 
69202.4  69474.0 
69202.4  69475.0 
69202.4  69476.0 
69202.4  69477.0 
69202.4  69478.0 
69202.4  69479.0 
69202.4  69480.0 
69202.4  69481.0 
69202.4  69482.0 
69202.4  69483.0 
69202.4  69484.0 
69202.4  69485.0 
69202.4  69486.0 
69202.4  69487.0 
69202.4  69488.0 
69202.4  69489.0 
69202.5  69490.0 
69202.5  69491.0 
69202.5  69492.0 
69202.5  69493.0 
69202.5  69494.0 
69202.5  69495.0 
69202.5  69496.0 
69202.5  69497.0 
69202.5  69498.0 
69202.5  69499.0 
69202.5  69500.0 
69202.5  69501.0 
69202.5  69502.0 
69202.5  69503.0 
69202.5  69504.0 
69202.5  69505.0 
69202.5  69506.0 
69202.5  69507.0 
69202.5  69508.0 
69202.5  69509.0 
69202.5  69510.0 
69202.5  69511.0 
69202.5  69512.0 
69202.5  69513.0 
69202.5  69514.0 
69202.5  69515.0 
69202.5  69516.0 
69202.5  69517.0 
69202.5  69518.0 
69202.5  69519.0 
69202.5  69520.0 
69202.5  69521.0 
69202.5  69522.0 
69202.5  69523.0 
69202.5  69524.0 
69202.5  69525.0 
69202.5  69526.0 
69202.5  69527.0 
69202.5  69528.0 
69202.5  69529.0 
69202.5  69530.0 
69202.5  69531.0 
69202.5  69532.0 
69202.5  69533.0 
69202.5  69534.0 
69202.5  69535.0 
69202.5  69536.0 
69202.5  69537.0 
69202.6  69538.0 
69202.6  69539.0 
69202.6  69540.0 
69202.6  69541.0 
69202.6  69542.0 
69202.6  69543.0 
69202.6  69544.0 
69202.6  69545.0 
69202.6  69546.0 
69202.6  69547.0 
69202.6  69548.0 
69202.6  69549.0 
69202.6  69550.0 
69202.6  69551.0 
69202.6  69552.0 
69202.6  69553.0 
69202.6  69554.0 
69202.6  69555.0 
69202.6  69556.0 
69202.6  69557.0 
69202.6  69558.0 
69202.6  69559.0 
69202.6  69560.0 
69202.6  69561.0 
69202.6  69562.0 
69202.6  69563.0 
69202.6  69564.0 
69202.7  69565.0 
69202.7  69566.0 
69202.7  69567.0 
69202.7  69568.0 
69202.7  69569.0 
69202.7  69570.0 
69202.7  69571.0 
69202.7  69572.0 
69202.7  69573.0 
69202.7  69574.0 
69202.7  69575.0 
69202.7  69576.0 
69202.7  69577.0 
69202.7  69578.0 
69202.7  69579.0 
69202.7  69580.0 
69202.7  69581.0 
69202.7  69582.0 
69202.7  69583.0 
69202.7  69584.0 
69202.7  69585.0 
69202.7  69586.0 
69202.7  69587.0 
69202.7  69588.0 
69202.7  69589.0 
69202.7  69590.0 
69202.7  69591.0 
69202.7  69592.0 
69202.7  69593.0 
69202.7  69594.0 
69202.7  69595.0 
69202.7  69596.0 
69202.7  69597.0 
69202.7  69598.0 
69202.7  69599.0 
69202.7  69600.0 
69202.7  69601.0 
69202.7  69602.0 
69202.7  69603.0 
69202.7  69604.0 
69202.7  69605.0 
69203.0  68264.0 
69204.1  68668.0 
69204.1  67762.0 
69204.1  67775.0 
69204.1  67766.0 
69204.1  67765.0 
69204.1  67771.0 
69204.1  67776.0 
69204.1  67777.0 
69204.1  67827.0 
69204.1  67828.0 
69204.1  67829.0 
69204.1  69607.1 
69204.1  69608.1 
69204.1  67822.0 
69204.1  67834.0 
69204.1  69609.1 
69206.1  69610.1 
69207.1  67773.1 
69211.1  69612.0 
69211.1  68702.0 
69211.1  68705.0 
69211.1  68711.0 
69211.1  68717.0 
69211.1  69613.1 
69212.1  69612.0 
69212.1  68702.0 
69212.1  68705.0 
69212.1  68711.0 
69212.1  68717.0 
69212.1  69615.1 
69213.1  69612.0 
69213.1  68702.0 
69213.1  68705.0 
69213.1  68711.0 
69213.1  68717.0 
69213.1  69617.1 
69214.0  68275.0 
69215.0  68276.0 
69216.0  68277.0 
69218.0  68279.0 
69219.0  68280.0 
69220.0  68281.0 
69221.0  68282.0 
69222.0  68283.0 
69223.0  68284.0 
69224.0  68285.0 
69225.0  68286.0 
69226.0  68287.0 
69227.0  68288.0 
69228.0  68289.0 
69229.0  68290.0 
69230.0  68291.0 
69231.0  68292.0 
69232.0  68293.0 
69233.0  68294.0 
69234.0  68295.0 
69235.0  68296.0 
69236.0  68297.0 
69237.0  68298.0 
69238.0  68299.0 
69239.0  68300.0 
69240.0  68301.0 
69241.0  68302.0 
69242.0  68303.0 
69243.0  68304.0 
69244.0  68305.0 
69245.0  68306.0 
69246.0  68307.0 
69247.0  68308.0 
69248.0  68309.0 
69249.0  68310.0 
69250.0  68311.0 
69251.0  68312.0 
69252.0  68313.0 
69253.0  68314.0 
69254.0  68315.0 
69255.0  68316.0 
69256.0  68317.0 
69257.0  68318.0 
69258.0  68319.0 
69259.0  68320.0 
69260.0  68321.0 
69261.0  68322.0 
69262.0  68323.0 
69263.0  68324.0 
69264.0  68325.0 
69265.0  68326.0 
69266.0  68327.0 
69267.0  68328.0 
69268.0  68329.0 
69269.0  68330.0 
69270.0  68331.0 
69271.0  68332.0 
69272.0  68333.0 
69273.0  68334.0 
69274.0  68335.0 
69275.0  68336.0 
69276.0  68337.0 
69277.0  68338.0 
69278.0  68339.0 
69279.0  68340.0 
69280.0  68341.0 
69281.0  68342.0 
69282.0  68343.0 
69283.0  68344.0 
69284.0  68345.0 
69285.0  68346.0 
69286.0  68347.0 
69287.0  68348.0 
69288.0  68349.0 
69289.0  68350.0 
69290.0  68351.0 
69291.0  68352.0 
69292.0  68353.0 
69293.0  68354.0 
69294.0  68355.0 
69295.0  68356.0 
69296.0  68357.0 
69297.0  68358.0 
69298.0  68359.0 
69299.0  68360.0 
69300.0  68361.0 
69301.0  68362.0 
69302.0  68363.0 
69303.0  68364.0 
69304.0  68365.0 
69305.0  68366.0 
69306.0  68367.0 
69307.0  68368.0 
69308.0  68369.0 
69309.0  68370.0 
69310.0  68371.0 
69311.0  68372.0 
69312.0  68373.0 
69313.0  68374.0 
69314.0  68375.0 
69315.0  68376.0 
69316.0  68377.0 
69317.0  68378.0 
69318.0  68379.0 
69319.0  68380.0 
69320.0  68381.0 
69321.0  68382.0 
69322.0  68383.0 
69323.0  68384.0 
69324.0  68385.0 
69325.0  68386.0 
69326.0  68387.0 
69327.0  68388.0 
69328.0  68389.0 
69329.0  68390.0 
69330.0  68391.0 
69331.0  68392.0 
69332.0  68393.0 
69333.0  68394.0 
69334.0  68395.0 
69335.0  68396.0 
69336.0  68397.0 
69337.0  68398.0 
69338.0  68399.0 
69339.0  68400.0 
69340.0  68401.0 
69341.0  68402.0 
69342.0  68403.0 
69343.0  68404.0 
69344.0  68405.0 
69345.0  68406.0 
69346.0  68407.0 
69347.0  68408.0 
69348.0  68409.0 
69349.0  68410.0 
69350.0  68411.0 
69351.0  68412.0 
69352.0  68413.0 
69353.0  68414.0 
69354.0  68415.0 
69355.0  68416.0 
69356.0  68417.0 
69357.0  68418.0 
69358.0  68419.0 
69359.0  68420.0 
69360.0  68421.0 
69361.0  68422.0 
69362.0  68423.0 
69363.0  68424.0 
69364.0  68425.0 
69365.0  68426.0 
69366.0  68427.0 
69367.0  68428.0 
69368.0  68429.0 
69369.0  68430.0 
69370.0  68431.0 
69371.0  68432.0 
69372.0  68433.0 
69373.0  68434.0 
69374.0  68435.0 
69375.0  68436.0 
69376.0  68437.0 
69377.0  68438.0 
69378.0  68439.0 
69379.0  68440.0 
69380.0  68441.0 
69381.0  68442.0 
69382.0  68443.0 
69383.0  68444.0 
69384.0  68445.0 
69385.0  68446.0 
69386.0  68447.0 
69387.0  68448.0 
69388.0  68449.0 
69389.0  68450.0 
69390.0  68451.0 
69391.0  68452.0 
69392.0  68453.0 
69393.0  68454.0 
69394.0  68455.0 
69395.0  68456.0 
69396.0  68457.0 
69397.0  68458.0 
69398.0  68459.0 
69399.0  68460.0 
69400.0  68461.0 
69401.0  68462.0 
69402.0  68463.0 
69403.0  68464.0 
69404.0  68465.0 
69405.0  68466.0 
69406.0  68467.0 
69407.0  68468.0 
69408.0  68469.0 
69409.0  68470.0 
69410.0  68471.0 
69411.0  68472.0 
69412.0  68473.0 
69413.0  68474.0 
69414.0  68475.0 
69415.0  68476.0 
69416.0  68477.0 
69417.0  68478.0 
69418.0  68479.0 
69419.0  68480.0 
69421.0  68482.0 
69422.0  68483.0 
69423.0  68484.0 
69424.0  68485.0 
69425.0  68486.0 
69426.0  68487.0 
69427.0  68488.0 
69428.0  68489.0 
69429.0  68490.0 
69430.0  68491.0 
69431.0  68492.0 
69432.0  68493.0 
69433.0  68494.0 
69434.0  68495.0 
69435.0  68496.0 
69436.0  68497.0 
69437.0  68498.0 
69438.0  68499.0 
69439.0  68500.0 
69440.0  68501.0 
69441.0  68502.0 
69442.0  68503.0 
69443.0  68504.0 
69444.0  68505.0 
69445.0  68506.0 
69446.0  68507.0 
69447.0  68508.0 
69448.0  68509.0 
69449.0  68510.0 
69450.0  68511.0 
69451.0  68512.0 
69452.0  68513.0 
69453.0  68514.0 
69454.0  68515.0 
69455.0  68516.0 
69456.0  68517.0 
69457.0  68518.0 
69458.0  68519.0 
69459.0  68520.0 
69460.0  68521.0 
69461.0  68522.0 
69462.0  68523.0 
69463.0  68524.0 
69464.0  68525.0 
69465.0  68526.0 
69466.0  68527.0 
69467.0  68528.0 
69468.0  68529.0 
69469.0  68530.0 
69470.0  68531.0 
69471.0  68532.0 
69472.0  68533.0 
69473.0  68534.0 
69474.0  68535.0 
69475.0  68536.0 
69476.0  68537.0 
69477.0  68538.0 
69478.0  68539.0 
69479.0  68540.0 
69480.0  68541.0 
69481.0  68542.0 
69482.0  68543.0 
69483.0  68544.0 
69484.0  68545.0 
69485.0  68546.0 
69486.0  68547.0 
69487.0  68548.0 
69488.0  68549.0 
69489.0  68550.0 
69490.0  68551.0 
69491.0  68552.0 
69492.0  68553.0 
69493.0  68554.0 
69494.0  68555.0 
69495.0  68556.0 
69496.0  68557.0 
69497.0  68558.0 
69498.0  68559.0 
69499.0  68560.0 
69500.0  68561.0 
69501.0  68562.0 
69502.0  68563.0 
69503.0  68564.0 
69504.0  68565.0 
69505.0  68566.0 
69506.0  68567.0 
69507.0  68568.0 
69508.0  68569.0 
69509.0  68570.0 
69510.0  68571.0 
69511.0  68572.0 
69512.0  68573.0 
69513.0  68574.0 
69514.0  68575.0 
69515.0  68576.0 
69516.0  68577.0 
69517.0  68578.0 
69518.0  68579.0 
69519.0  68580.0 
69520.0  68581.0 
69521.0  68582.0 
69522.0  68583.0 
69523.0  68584.0 
69524.0  68585.0 
69525.0  68586.0 
69526.0  68587.0 
69527.0  68588.0 
69528.0  68589.0 
69529.0  68590.0 
69530.0  68591.0 
69531.0  68592.0 
69532.0  68593.0 
69533.0  68594.0 
69534.0  68595.0 
69535.0  68596.0 
69536.0  68597.0 
69537.0  68598.0 
69538.0  68599.0 
69539.0  68600.0 
69540.0  68601.0 
69541.0  68602.0 
69542.0  68603.0 
69543.0  68604.0 
69544.0  68605.0 
69545.0  68606.0 
69546.0  68607.0 
69547.0  68608.0 
69548.0  68609.0 
69549.0  68610.0 
69550.0  68611.0 
69551.0  68612.0 
69552.0  68613.0 
69553.0  68614.0 
69554.0  68615.0 
69555.0  68616.0 
69556.0  68617.0 
69557.0  68618.0 
69558.0  68619.0 
69559.0  68620.0 
69560.0  68621.0 
69561.0  68622.0 
69562.0  68623.0 
69563.0  68624.0 
69564.0  68625.0 
69565.0  68626.0 
69566.0  68627.0 
69567.0  68628.0 
69568.0  68629.0 
69569.0  68630.0 
69570.0  68631.0 
69571.0  68632.0 
69572.0  68633.0 
69573.0  68634.0 
69574.0  68635.0 
69575.0  68636.0 
69576.0  68637.0 
69606.1  68230.0 
69606.1  67762.0 
69606.1  68231.0 
69606.1  68232.0 
69606.1  67765.0 
69606.1  68233.0 
69606.1  67763.0 
69606.1  68234.0 
69606.1  67766.0 
69606.1  67768.0 
69606.1  69618.0 
69606.1  67771.0 
69606.1  68176.3 
69607.1  69619.1 
69608.1  69620.1 
69609.1  69621.1 
69610.1  68684.0 
69610.1  67762.0 
69610.1  67765.0 
69610.1  69622.3 
69612.0  68674.0 
69613.1  69623.0 
69615.1  69624.0 
69617.1  69625.0 
69619.1  68674.0 
69619.1  67762.0 
69619.1  67765.0 
69619.1  67771.0 
69619.1  67777.0 
69619.1  69627.1 
69620.1  68691.0 
69620.1  67762.0 
69620.1  67765.0 
69620.1  67771.0 
69620.1  68692.27 
69621.1  68691.0 
69621.1  67762.0 
69621.1  67765.0 
69621.1  67771.0 
69621.1  68693.27 
69622.3  68176.3 
69627.1  69628.0 
68699.0  68700.0 
68700.0  68713.0 
68719.0  68720.0 
68720.0  69148.0 
69148.0  69158.0 
69154.0  68713.0 
69155.0  69176.0 
69156.0  69176.0 
69157.0  69180.0 
69158.0  68713.0 
69165.0  68720.0 
69166.0  68720.0 
69167.0  69191.0 
69176.0  69195.0 
69180.0  68719.0 
69184.0  69148.0 
69185.0  69148.0 
69186.0  69148.0 
69187.0  69148.0 
69188.0  69148.0 
69191.0  68720.0 
69193.0  69204.0 
69194.0  69207.0 
69195.0  68713.0 
69202.0  69180.0 
69204.0  69606.0 
69210.0  69176.0 
69211.0  69611.0 
69212.0  69614.0 
69213.0  69616.0 
69606.0  69207.0 
69610.0  69204.0 
69611.0  69176.0 
69614.0  69176.0 
69616.0  69176.0 
69619.0  69626.0 
69620.0  69204.0 
69621.0  69204.0 
69623.0  69611.0 
69624.0  69614.0 
69625.0  69616.0 
69626.0  69204.0 
69628.0  69626.0 
68718.1  68719.10 
69629.1  68719.10 
69630.1  68719.10 
