52592.1  52594.0 
52592.1  52595.0 
52592.1  52596.0 
52592.1  52597.0 
52592.1  52598.0 
52592.1  52599.0 
52592.1  52600.0 
52592.1  52601.0 
52592.1  52602.0 
52592.1  52603.0 
52592.1  52604.0 
52592.1  52605.0 
52593.1  52607.0 
52593.1  52595.0 
52593.1  52598.0 
52594.0  52574.0 
52595.0  52575.0 
52596.0  52576.0 
52597.0  52577.0 
52598.0  52578.0 
52599.0  52579.0 
52600.0  52580.0 
52601.0  52581.0 
52604.0  52584.0 
52605.0  26299.0 
52606.1  52595.0 
52606.1  52608.0 
52606.1  52599.0 
52606.1  52598.0 
52606.1  52604.0 
52606.1  52609.0 
52606.1  52610.0 
52607.0  52587.0 
52608.0  52588.0 
52609.0  52589.0 
52610.0  52590.0 
52591.1  52592.1 
52592.0  52593.0 
52593.0  52606.0 
