477
571
502
563
500
499
497
565
494
492
489
561
487
572
484
581
1533
1532
2676
2704
2706
2781
2783
2696
2697
2701
2702
2705
2707
2708
2709
2710
1565
1564
2498
2500
1568
2499
2497
2501
1572
1604
2610
2609
2389
2383
2314
2313
1271
1283
1357
1296
1294
1293
1359
1291
1288
1286
1365
1299
1366
1281
1375
1278
1448
1447
1459
1461
1463
1452
1497
1451
1506
1505
1496
1498
1499
1500
1504
1509
1598
1597
2902
2907
2909
2740
2798
2799
2800
2884
2886
2891
2894
2901
2927
2929
693
692
2652
2659
2661
2675
2674
2673
2671
2670
2669
2668
2667
2666
2663
2660
1263
1244
1710
1711
1756
1832
1850
1923
2017
2117
1820
1238
1985
1984
1983
1982
1641
1603
1559
10
1649
1650
1651
1652
1653
1655
1656
1657
1660
0
0
0
1269
1268
1744
1777
1921
1922
2083
2109
2122
1245
0
0
0
0
0
0
1578
1577
1542
1648
1661
1662
1632
1634
1635
1636
1638
1573
0
0
0
0
1580
1579
1606
11
1608
1618
1619
1620
1621
1622
1623
1624
1625
1626
1627
1628
797
796
787
769
934
922
923
924
925
927
928
929
930
932
933
920
425
465
426
470
434
2872
2874
433
438
435
436
428
0
0
0
0
741
740
725
771
772
774
777
792
794
0
0
0
0
0
0
0
1223
1218
1924
1219
1217
2290
2246
2289
2288
2287
2286
2285
2284
2283
2282
2281
731
730
789
778
779
780
781
784
785
786
788
791
0
0
0
0
1602
1601
1605
369
411
1204
407
399
2048
409
403
405
2046
1196
413
1198
1643
1642
1216
7
1644
2792
2794
0
0
0
0
0
0
0
0
0
1596
1595
1647
1646
2063
2061
2059
2057
2055
1826
1767
1816
1815
1805
1795
1791
710
709
803
804
717
775
776
0
0
0
0
0
0
0
0
0
1259
1265
1266
1236
1237
1267
1242
1831
2096
2233
1830
1818
1755
1241
1248
1243
799
798
419
801
800
802
946
900
904
908
912
931
937
938
939
940
