53305.1  53307.0 
53305.1  53308.0 
53305.1  53309.0 
53305.1  53310.0 
53305.1  53311.0 
53305.1  53312.0 
53305.1  53313.0 
53305.1  53314.0 
53305.1  53315.0 
53305.1  53316.0 
53305.1  53317.0 
53305.1  53318.0 
53306.1  53320.0 
53306.1  53308.0 
53306.1  53311.0 
53307.0  53285.0 
53308.0  53286.0 
53309.0  53287.0 
53310.0  53288.0 
53311.0  53289.0 
53312.0  53290.0 
53313.0  53291.0 
53314.0  53292.0 
53317.0  53295.0 
53318.0  52684.0 
53319.1  53308.0 
53319.1  53321.0 
53319.1  53312.0 
53319.1  53311.0 
53319.1  53317.0 
53319.1  53322.0 
53319.1  53323.0 
53320.0  53298.0 
53321.0  53299.0 
53322.0  53300.0 
53323.0  53301.0 
53304.1  53305.1 
53325.5  53303.5 
53305.0  53306.0 
53306.0  53319.0 
53324.1  53325.5 
