15749.1  15751.0 
15749.1  15752.0 
15749.1  15753.0 
15749.1  15754.0 
15749.1  15755.0 
15749.1  15756.0 
15749.1  15757.0 
15749.1  15758.0 
15749.1  15759.0 
15749.1  15760.0 
15749.1  15761.0 
15749.1  15762.0 
15749.1  15763.0 
15749.1  15764.0 
15749.1  15765.0 
15749.1  15766.0 
15749.1  15767.0 
15749.1  15768.0 
15749.1  15769.0 
15749.1  15770.0 
15749.1  15771.0 
15749.1  15772.0 
15749.1  15773.0 
15749.1  15774.0 
15749.1  15775.0 
15749.1  15776.0 
15749.1  15777.0 
15749.1  15778.0 
15749.1  15779.0 
15749.1  15780.0 
15749.1  15781.0 
15749.1  15782.0 
15749.1  15783.0 
15749.1  15784.0 
15749.1  15785.0 
15749.1  15786.0 
15749.1  15787.0 
15749.1  15788.0 
15749.1  15789.0 
15749.1  15790.0 
15749.1  15791.0 
15749.1  15792.0 
15749.1  15793.0 
15749.1  15794.0 
15749.1  15795.0 
15749.1  15796.0 
15749.1  15797.0 
15749.1  15798.0 
15749.1  15799.0 
15749.1  15800.0 
15749.1  15801.0 
15749.1  15802.0 
15749.1  15803.0 
15749.1  15804.0 
15749.1  15805.0 
15749.1  15806.0 
15749.1  15807.0 
15749.1  15808.0 
15749.1  15809.0 
15749.1  15810.0 
15749.1  15811.0 
15749.1  15812.0 
15749.1  15813.0 
15749.1  15814.0 
15749.1  15815.0 
15749.1  15816.0 
15749.1  15817.0 
15749.1  15818.0 
15749.1  15819.0 
15749.1  15820.0 
15749.1  15821.0 
15749.1  15822.0 
15749.1  15823.0 
15749.1  15824.0 
15749.1  15825.0 
15749.1  15826.0 
15749.1  15827.0 
15749.1  15828.0 
15749.1  15829.0 
15749.1  15830.0 
15749.1  15831.0 
15749.1  15832.0 
15749.1  15833.0 
15749.1  15834.0 
15749.1  15835.0 
15749.1  15836.0 
15749.1  15837.0 
15749.1  15838.0 
15749.1  15839.0 
15749.1  15840.0 
15749.1  15841.0 
15749.1  15842.0 
15749.1  15843.0 
15749.1  15844.0 
15749.1  15845.0 
15749.1  15846.0 
15749.1  15847.0 
15749.1  15848.0 
15749.1  15849.0 
15749.1  15850.0 
15749.1  15851.0 
15749.1  15852.0 
15749.1  15853.0 
15749.1  15854.0 
15749.1  15855.0 
15749.1  15856.0 
15749.1  15857.0 
15749.1  15858.0 
15749.1  15859.0 
15749.1  15860.0 
15749.1  15861.0 
15749.1  15862.0 
15749.1  15863.0 
15749.1  15864.0 
15749.1  15865.0 
15749.1  15866.0 
15749.1  15867.0 
15749.1  15868.0 
15749.1  15869.0 
15749.1  15870.0 
15749.1  15871.0 
15749.1  15872.0 
15749.1  15873.0 
15749.1  15874.0 
15749.1  15875.0 
15749.1  15876.0 
15749.1  15877.0 
15749.1  15878.0 
15749.1  15879.0 
15749.1  15880.0 
15749.1  15881.0 
15749.1  15882.0 
15749.1  15883.0 
15749.1  15884.0 
15749.1  15885.0 
15749.1  15886.0 
15749.1  15887.0 
15749.1  15888.0 
15749.1  15889.0 
15749.1  15890.0 
15749.1  15891.0 
15749.1  15892.0 
15749.1  15893.0 
15749.1  15894.0 
15749.1  15895.0 
15749.1  15896.0 
15749.1  15897.0 
15749.1  15898.0 
15749.1  15899.0 
15749.1  15900.0 
15749.1  15901.0 
15749.1  15902.0 
15749.1  15903.0 
15749.1  15904.0 
15749.1  15905.0 
15749.1  15906.0 
15749.1  15907.0 
15749.1  15908.0 
15749.1  15909.0 
15749.1  15910.0 
15749.1  15911.0 
15749.1  15912.0 
15749.1  15913.0 
15749.1  15914.0 
15749.1  15915.0 
15749.1  15916.0 
15749.1  15917.0 
15749.1  15918.0 
15749.1  15919.0 
15749.1  15920.1 
15749.1  15921.0 
15749.1  15922.0 
15749.1  15923.0 
15749.1  15924.0 
15749.1  15925.0 
15749.1  15926.0 
15749.2  15927.0 
15749.2  15928.0 
15749.2  15929.0 
15749.2  15930.0 
15749.2  15931.0 
15749.2  15932.0 
15749.2  15933.0 
15749.2  15934.0 
15749.2  15935.0 
15749.2  15936.0 
15749.2  15937.0 
15749.2  15938.0 
15749.2  15939.0 
15749.2  15940.0 
15749.2  15941.0 
15749.2  15942.0 
15749.2  15943.0 
15749.2  15944.0 
15749.2  15945.0 
15749.2  15946.0 
15749.2  15947.0 
15749.2  15948.0 
15749.2  15949.0 
15749.2  15950.0 
15749.2  15951.0 
15749.2  15952.0 
15749.2  15953.0 
15749.2  15954.0 
15749.2  15955.0 
15749.2  15956.0 
15749.2  15957.0 
15749.2  15958.0 
15749.2  15959.0 
15749.2  15960.0 
15749.2  15961.0 
15749.2  15962.0 
15749.2  15963.0 
15749.2  15964.0 
15749.2  15965.0 
15749.2  15966.0 
15749.2  15967.0 
15749.2  15968.0 
15749.2  15969.0 
15749.2  15970.0 
15749.2  15971.0 
15749.2  15972.0 
15749.2  15973.0 
15749.2  15974.0 
15749.2  15975.0 
15749.2  15976.0 
15749.2  15977.0 
15749.2  15978.0 
15749.2  15979.0 
15749.2  15980.0 
15749.2  15981.0 
15749.2  15982.0 
15749.2  15983.0 
15749.2  15984.0 
15749.2  15985.0 
15749.2  15986.0 
15749.2  15987.0 
15749.2  15988.0 
15749.2  15989.0 
15749.2  15990.0 
15749.2  15991.0 
15749.2  15992.0 
15749.2  15993.0 
15749.2  15994.0 
15749.2  15995.0 
15749.2  15996.0 
15749.2  15997.0 
15749.2  15998.0 
15749.2  15999.0 
15749.2  16000.0 
15749.2  16001.0 
15749.2  16002.0 
15749.2  16003.0 
15749.2  16004.0 
15749.2  16005.0 
15749.2  16006.0 
15749.2  16007.0 
15749.2  16008.0 
15749.2  16009.0 
15749.2  16010.0 
15749.2  16011.0 
15749.2  16012.0 
15749.2  16013.0 
15749.2  16014.0 
15749.2  16015.0 
15749.2  16016.0 
15749.2  16017.0 
15749.2  16018.0 
15749.2  16019.0 
15749.2  16020.0 
15749.2  16021.0 
15749.2  16022.0 
15749.2  16023.0 
15749.2  16024.0 
15749.2  16025.0 
15749.2  16026.0 
15749.2  16027.0 
15749.2  16028.0 
15749.2  16029.0 
15749.2  16030.0 
15749.2  16031.0 
15749.2  16032.0 
15749.2  16033.0 
15749.2  16034.0 
15749.2  16035.0 
15749.2  16036.0 
15749.2  16037.0 
15749.2  16038.0 
15749.2  16039.0 
15749.2  16040.0 
15749.2  16041.0 
15749.2  16042.0 
15749.2  16043.0 
15749.2  16044.0 
15749.2  16045.0 
15749.2  16046.0 
15749.2  16047.0 
15749.2  16048.0 
15749.2  16049.0 
15749.2  16050.0 
15749.2  16051.0 
15749.2  16052.0 
15749.2  16053.0 
15749.2  16054.0 
15749.2  16055.0 
15749.2  16056.0 
15749.2  16057.0 
15749.2  16058.0 
15749.2  16059.0 
15749.2  16060.0 
15749.2  16061.0 
15749.2  16062.0 
15749.2  16063.0 
15749.2  16064.0 
15749.2  16065.0 
15749.2  16066.0 
15749.2  16067.0 
15749.2  16068.0 
15749.2  16069.0 
15749.2  16070.0 
15749.2  16071.0 
15749.2  16072.0 
15749.2  16073.0 
15749.2  16074.0 
15749.2  16075.0 
15749.2  16076.0 
15749.2  16077.0 
15749.2  16078.0 
15749.2  16079.0 
15749.2  16080.0 
15749.2  16081.0 
15749.2  16082.0 
15749.2  16083.0 
15749.2  16084.0 
15749.2  16085.0 
15749.2  16086.0 
15749.2  16087.1 
15749.2  16088.0 
15749.2  16089.0 
15749.2  16090.0 
15749.2  16091.0 
15749.2  16092.0 
15749.2  16093.0 
15749.2  16094.0 
15749.2  16095.0 
15749.2  16096.0 
15749.2  16097.0 
15749.2  16098.0 
15749.2  16099.0 
15749.2  16100.0 
15749.2  16101.0 
15749.2  16102.14 
15749.2  16103.14 
15749.2  16104.0 
15749.2  16105.0 
15749.2  16106.0 
15749.2  16107.0 
15749.2  16108.0 
15749.2  16109.0 
15749.2  16110.0 
15749.2  16111.0 
15749.2  16112.0 
15749.2  16113.0 
15749.2  16114.0 
15749.2  16115.0 
15749.2  16116.0 
15749.3  16117.0 
15749.3  16118.0 
15749.3  16119.0 
15749.3  16120.0 
15749.3  16121.0 
15749.3  16122.0 
15749.3  16123.0 
15749.3  16124.0 
15749.3  16125.2 
15749.3  16126.0 
15749.3  16127.0 
15749.3  16128.0 
15749.3  16129.0 
15749.3  16130.0 
15749.3  16131.0 
15749.4  16132.0 
15749.4  16133.0 
15749.4  16134.0 
15749.4  16135.0 
15749.4  281.1 
15749.5  16136.0 
15749.5  16137.0 
15749.5  16138.0 
15749.5  16139.0 
15749.5  16140.0 
15749.5  16141.1 
15749.5  16142.0 
15749.5  16143.28 
15749.5  16144.28 
15749.5  16145.0 
15749.5  16146.0 
15749.6  16147.0 
15749.6  16148.0 
15749.6  16149.0 
15749.6  16150.0 
15749.6  16151.0 
15749.6  16152.0 
15749.6  16153.0 
15749.6  16154.0 
15749.6  16155.0 
15749.6  16156.3 
15749.6  16157.0 
15749.6  16158.0 
15749.6  16159.0 
15749.6  16160.0 
15749.6  16161.0 
15749.6  16162.0 
15749.6  16163.0 
15749.6  16164.0 
15749.6  16165.14 
15749.6  16166.0 
15749.6  16167.0 
15749.7  16168.0 
15749.7  16169.0 
15749.7  16170.33 
15749.7  16171.0 
15749.7  16172.0 
15749.7  16173.1 
15749.7  16174.0 
15749.7  16175.0 
15749.7  16176.0 
15749.7  16177.0 
15749.7  16178.0 
15749.8  16179.0 
15749.8  16180.0 
15749.8  16181.0 
15749.8  16182.0 
15749.8  16183.0 
15749.9  16184.0 
15749.9  16185.0 
15749.9  16186.0 
15749.9  16125.5 
15749.10  16187.0 
15750.1  16189.0 
15750.1  15755.0 
15750.1  16190.0 
15750.1  15760.0 
15750.1  15776.0 
15750.1  15796.0 
15750.1  15916.0 
15750.1  15801.0 
15750.1  16191.1 
15750.1  16192.1 
15750.1  16193.1 
15751.0  14817.0 
15752.0  14818.0 
15753.0  14819.0 
15754.0  14820.0 
15755.0  14821.0 
15756.0  14822.0 
15757.0  14823.0 
15758.0  14824.0 
15759.0  14825.0 
15760.0  14826.0 
15761.0  14827.0 
15762.0  14828.0 
15763.0  14829.0 
15764.0  14830.0 
15765.0  14831.0 
15766.0  14832.0 
15767.0  14833.0 
15768.0  14834.0 
15769.0  14835.0 
15770.0  14836.0 
15771.0  14837.0 
15772.0  14838.0 
15773.0  14839.0 
15774.0  14840.0 
15775.0  14841.0 
15776.0  14842.0 
15777.0  14843.0 
15778.0  14844.0 
15779.0  14845.0 
15780.0  14846.0 
15781.0  14847.0 
15782.0  14848.0 
15783.0  14849.0 
15784.0  14850.0 
15785.0  14851.0 
15786.0  14852.0 
15787.0  14853.0 
15788.0  14854.0 
15789.0  14855.0 
15790.0  14856.0 
15791.0  14857.0 
15792.0  14858.0 
15793.0  14859.0 
15794.0  14860.0 
15795.0  14861.0 
15796.0  14862.0 
15797.0  14863.0 
15798.0  14864.0 
15799.0  14865.0 
15800.0  14866.0 
15801.0  14867.0 
15802.0  14868.0 
15803.0  14869.0 
15804.0  14870.0 
15805.0  14871.0 
15806.0  14872.0 
15807.0  14873.0 
15808.0  14874.0 
15809.0  14875.0 
15810.0  14876.0 
15811.0  14877.0 
15812.0  14878.0 
15813.0  14879.0 
15814.0  14880.0 
15815.0  14881.0 
15816.0  14882.0 
15817.0  14883.0 
15818.0  14884.0 
15819.0  14885.0 
15820.0  14886.0 
15821.0  14887.0 
15822.0  14888.0 
15823.0  14889.0 
15824.0  14890.0 
15825.0  14891.0 
15826.0  14892.0 
15827.0  14893.0 
15828.0  14894.0 
15829.0  14895.0 
15830.0  14896.0 
15831.0  14897.0 
15832.0  14898.0 
15833.0  14899.0 
15834.0  14900.0 
15835.0  14901.0 
15836.0  14902.0 
15837.0  14903.0 
15838.0  14904.0 
15839.0  14905.0 
15840.0  14906.0 
15841.0  14907.0 
15842.0  14908.0 
15843.0  14909.0 
15844.0  14910.0 
15845.0  14911.0 
15846.0  14912.0 
15847.0  14913.0 
15848.0  14914.0 
15849.0  14915.0 
15850.0  14916.0 
15851.0  14917.0 
15852.0  14918.0 
15853.0  14919.0 
15854.0  14920.0 
15855.0  14921.0 
15856.0  14922.0 
15857.0  14923.0 
15858.0  14924.0 
15859.0  14925.0 
15860.0  14926.0 
15861.0  14927.0 
15862.0  14928.0 
15863.0  14929.0 
15864.0  14930.0 
15865.0  14931.0 
15866.0  14932.0 
15867.0  14933.0 
15868.0  14934.0 
15869.0  14935.0 
15870.0  14936.0 
15871.0  14937.0 
15872.0  14938.0 
15873.0  14939.0 
15874.0  14940.0 
15875.0  14941.0 
15876.0  14942.0 
15877.0  14943.0 
15878.0  14944.0 
15879.0  14945.0 
15880.0  14946.0 
15881.0  14947.0 
15882.0  14948.0 
15883.0  14949.0 
15884.0  14950.0 
15885.0  14951.0 
15886.0  14952.0 
15887.0  14953.0 
15888.0  14954.0 
15889.0  14955.0 
15890.0  14956.0 
15891.0  14957.0 
15892.0  14958.0 
15893.0  14959.0 
15894.0  14960.0 
15895.0  14961.0 
15896.0  14962.0 
15897.0  14963.0 
15898.0  14964.0 
15899.0  14965.0 
15900.0  14966.0 
15901.0  14967.0 
15902.0  14968.0 
15903.0  14969.0 
15904.0  14970.0 
15905.0  14971.0 
15906.0  14972.0 
15907.0  14973.0 
15908.0  14974.0 
15909.0  14975.0 
15910.0  14976.0 
15911.0  14977.0 
15912.0  14978.0 
15913.0  14979.0 
15914.0  14980.0 
15915.0  14981.0 
15916.0  14982.0 
15917.0  14983.0 
15918.0  14984.0 
15919.0  14985.0 
15920.1  16194.13 
15921.0  14987.0 
15922.0  14988.0 
15923.0  14989.0 
15924.0  14990.0 
15925.0  14991.0 
15926.0  14992.0 
15927.0  14993.0 
15928.0  14994.0 
15929.0  14995.0 
15930.0  14996.0 
15931.0  14997.0 
15932.0  14998.0 
15933.0  14999.0 
15934.0  15000.0 
15935.0  15001.0 
15936.0  15002.0 
15937.0  15003.0 
15938.0  15004.0 
15939.0  15005.0 
15940.0  15006.0 
15941.0  15007.0 
15942.0  15008.0 
15943.0  15009.0 
15944.0  15010.0 
15945.0  15011.0 
15946.0  15012.0 
15947.0  15013.0 
15948.0  15014.0 
15949.0  15015.0 
15950.0  15016.0 
15951.0  15017.0 
15952.0  15018.0 
15953.0  15019.0 
15954.0  15020.0 
15955.0  15021.0 
15956.0  15022.0 
15957.0  15023.0 
15958.0  15024.0 
15959.0  15025.0 
15960.0  15026.0 
15961.0  15027.0 
15962.0  15028.0 
15963.0  15029.0 
15964.0  15030.0 
15965.0  15031.0 
15966.0  15032.0 
15967.0  15033.0 
15968.0  15034.0 
15969.0  15035.0 
15970.0  15036.0 
15972.0  15038.0 
15973.0  15039.0 
15974.0  15040.0 
15975.0  15041.0 
15976.0  15042.0 
15977.0  15043.0 
15978.0  15044.0 
15979.0  15045.0 
15980.0  15046.0 
15981.0  15047.0 
15982.0  15048.0 
15983.0  15049.0 
15984.0  15050.0 
15985.0  15051.0 
15986.0  15052.0 
15987.0  15053.0 
15988.0  15054.0 
15989.0  15055.0 
15990.0  15056.0 
15991.0  15057.0 
15992.0  15058.0 
15993.0  15059.0 
15994.0  15060.0 
15995.0  15061.0 
15996.0  15062.0 
15997.0  15063.0 
15998.0  15064.0 
15999.0  15065.0 
16000.0  15066.0 
16001.0  15067.0 
16002.0  15068.0 
16003.0  15069.0 
16004.0  15070.0 
16005.0  15071.0 
16006.0  15072.0 
16007.0  15073.0 
16008.0  15074.0 
16009.0  15075.0 
16010.0  15076.0 
16011.0  15077.0 
16012.0  15078.0 
16013.0  15079.0 
16014.0  15080.0 
16015.0  15081.0 
16016.0  15082.0 
16017.0  15083.0 
16018.0  15084.0 
16019.0  15085.0 
16020.0  15086.0 
16021.0  15087.0 
16022.0  15088.0 
16023.0  15089.0 
16024.0  15090.0 
16025.0  15091.0 
16026.0  15092.0 
16027.0  15093.0 
16028.0  15094.0 
16029.0  15095.0 
16030.0  15096.0 
16031.0  15097.0 
16032.0  15098.0 
16033.0  15099.0 
16034.0  15100.0 
16035.0  15101.0 
16036.0  15102.0 
16037.0  15103.0 
16038.0  15104.0 
16039.0  15105.0 
16040.0  15106.0 
16041.0  15107.0 
16042.0  15108.0 
16043.0  15109.0 
16044.0  15110.0 
16045.0  15111.0 
16046.0  15112.0 
16047.0  15113.0 
16048.0  15114.0 
16049.0  15115.0 
16050.0  15116.0 
16051.0  15117.0 
16052.0  15118.0 
16053.0  15119.0 
16054.0  15120.0 
16055.0  15121.0 
16056.0  15122.0 
16057.0  15123.0 
16058.0  15124.0 
16059.0  15125.0 
16060.0  15126.0 
16061.0  15127.0 
16062.0  15128.0 
16063.0  15129.0 
16064.0  15130.0 
16065.0  15131.0 
16066.0  15132.0 
16067.0  15133.0 
16068.0  15134.0 
16069.0  15135.0 
16070.0  15136.0 
16071.0  15137.0 
16072.0  15138.0 
16073.0  15139.0 
16074.0  15140.0 
16075.0  15141.0 
16076.0  15142.0 
16077.0  15143.0 
16078.0  15144.0 
16079.0  15145.0 
16080.0  15146.0 
16081.0  15147.0 
16082.0  15148.0 
16083.0  15149.0 
16084.0  15150.0 
16085.0  15151.0 
16086.0  15152.0 
16087.1  16194.11 
16088.0  15154.0 
16089.0  15155.0 
16090.0  15156.0 
16091.0  15157.0 
16092.0  15158.0 
16093.0  15159.0 
16094.0  15160.0 
16095.0  15161.0 
16096.0  15162.0 
16097.0  15163.0 
16098.0  15164.0 
16099.0  15165.0 
16100.0  15166.0 
16101.0  15167.0 
16102.14  16194.12 
16102.14  15168.14 
16103.14  16194.12 
16103.14  15169.14 
16104.0  15170.0 
16105.0  15171.0 
16106.0  15172.0 
16107.0  15173.0 
16108.0  15174.0 
16109.0  15175.0 
16110.0  15176.0 
16111.0  15177.0 
16112.0  15178.0 
16113.0  15179.0 
16114.0  15180.0 
16115.0  15181.0 
16116.0  15182.0 
16117.0  15183.0 
16118.0  15184.0 
16119.0  15185.0 
16120.0  15186.0 
16121.0  15187.0 
16122.0  15188.0 
16123.0  15189.0 
16124.0  15190.0 
16125.1  15749.1 
16125.2  15749.2 
16125.3  15749.3 
16125.4  15749.4 
16125.5  15749.8 
16125.6  15749.9 
16126.0  15192.0 
16127.0  15193.0 
16128.0  15194.0 
16129.0  15195.0 
16130.0  15196.0 
16131.0  15197.0 
16132.0  15198.0 
16133.0  15199.0 
16134.0  15200.0 
16135.0  15201.0 
16136.0  15202.0 
16137.0  15203.0 
16138.0  15204.0 
16139.0  15205.0 
16140.0  15206.0 
16141.1  16194.13 
16142.0  15208.0 
16143.28  16194.13 
16143.28  15209.28 
16143.29  15749.5 
16144.28  16194.13 
16144.28  15210.28 
16144.29  15749.7 
16145.0  15211.0 
16146.0  15212.0 
16147.0  15213.0 
16148.0  15214.0 
16149.0  15215.0 
16150.0  15216.0 
16151.0  15217.0 
16152.0  15218.0 
16153.0  15219.0 
16154.0  15220.0 
16155.0  15221.0 
16156.1  16195.1 
16156.2  16196.1 
16156.3  16197.1 
16157.0  15223.0 
16158.0  15224.0 
16159.0  15225.0 
16160.0  15226.0 
16161.0  15227.0 
16162.0  15228.0 
16163.0  15229.0 
16164.0  15230.0 
16165.14  15231.14 
16165.15  15749.6 
16166.0  15232.0 
16167.0  15233.0 
16168.0  15234.0 
16169.0  15235.0 
16170.32  16194.10 
16170.33  16194.12 
16170.33  15236.33 
16171.0  15237.0 
16173.1  16198.1 
16174.0  15240.0 
16175.0  15241.0 
16177.0  15243.0 
16178.0  15244.0 
16179.0  15245.0 
16180.0  15246.0 
16181.0  15247.0 
16182.0  15248.0 
16183.0  15249.0 
16184.0  15250.0 
16185.0  15251.0 
16186.0  15252.0 
16187.0  15254.0 
16188.1  16200.0 
16188.1  15755.0 
16188.1  16190.0 
16188.1  15760.0 
16188.1  15776.0 
16188.1  15796.0 
16188.1  15916.0 
16188.1  15801.0 
16188.1  16201.1 
16188.1  16202.1 
16188.1  16203.1 
16188.1  16204.1 
16188.1  16205.1 
16189.0  15256.0 
16190.0  15257.0 
16191.1  16206.1 
16192.1  16207.1 
16193.1  16208.1 
16194.11  15276.0 
16194.12  15236.32 
16194.13  16209.1 
16194.14  15191.7 
16194.14  14815.14 
16195.1  16211.0 
16195.1  15755.0 
16195.1  16212.0 
16195.1  16213.0 
16195.1  15776.0 
16195.1  16214.0 
16195.1  15958.0 
16195.1  16215.0 
16195.1  15760.0 
16195.1  15970.0 
16195.1  16216.0 
16195.1  15796.0 
16195.1  16217.2 
16196.1  16219.0 
16196.1  15755.0 
16196.1  16212.0 
16196.1  16213.0 
16196.1  15958.0 
16196.1  15776.0 
16196.1  16214.0 
16196.1  15760.0 
16196.1  16215.0 
16196.1  15970.0 
16196.1  16220.0 
16196.1  15796.0 
16196.1  16156.1 
16197.1  16221.0 
16197.1  15755.0 
16197.1  15776.0 
16197.1  16156.2 
16198.1  16223.0 
16198.1  15755.0 
16198.1  16224.0 
16198.1  15776.0 
16198.1  15796.0 
16198.1  15801.0 
16198.1  15795.0 
16198.1  16225.2 
16198.1  16225.3 
16198.1  16225.4 
16198.1  16225.5 
16198.1  16225.6 
16198.1  16225.7 
16199.1  16226.0 
16199.1  15755.0 
16199.1  15776.0 
16200.0  15267.0 
16201.1  16227.1 
16202.1  16228.1 
16203.1  16229.1 
16204.1  16230.1 
16205.1  16231.1 
16206.1  16232.0 
16206.1  15755.0 
16206.1  15776.0 
16206.1  15796.0 
16207.1  16233.0 
16207.1  15755.0 
16207.1  15776.0 
16207.1  15796.0 
16208.1  16235.0 
16208.1  15755.0 
16208.1  15776.0 
16209.1  16194.10 
16210.1  15755.0 
16210.1  16190.0 
16210.1  15760.0 
16210.1  15776.0 
16210.1  15796.0 
16210.1  15916.0 
16210.1  15801.0 
16211.0  15279.0 
16212.0  15280.0 
16213.0  15281.0 
16214.0  15282.0 
16215.0  15283.0 
16217.1  16236.1 
16217.2  16237.1 
16218.1  16239.0 
16218.1  15755.0 
16218.1  16190.0 
16218.1  15760.0 
16218.1  15776.0 
16218.1  15796.0 
16218.1  15916.0 
16218.1  15801.0 
16218.1  15802.0 
16218.1  15803.0 
16218.1  15804.0 
16218.1  16240.1 
16218.1  16241.1 
16218.2  16242.1 
16218.3  16243.1 
16219.0  15287.0 
16221.0  15289.0 
16222.1  16244.0 
16222.1  15755.0 
16222.1  16190.0 
16222.1  15760.0 
16222.1  15776.0 
16222.1  15796.0 
16222.1  15916.0 
16222.1  15801.0 
16223.0  15291.0 
16224.0  15292.0 
16225.1  16245.1 
16225.2  16245.2 
16225.3  16245.3 
16225.4  16245.4 
16225.5  16245.5 
16225.6  16245.6 
16225.7  16245.7 
16226.0  15294.0 
16227.1  16233.0 
16227.1  15755.0 
16227.1  15776.0 
16227.1  15796.0 
16228.1  16232.0 
16228.1  15755.0 
16228.1  15776.0 
16228.1  15796.0 
16229.1  16246.0 
16229.1  15755.0 
16229.1  15776.0 
16229.1  15796.0 
16230.1  16246.0 
16230.1  15755.0 
16230.1  15776.0 
16230.1  15796.0 
16231.1  16246.0 
16231.1  15755.0 
16231.1  15776.0 
16231.1  15796.0 
16232.0  15300.0 
16233.0  15301.0 
16235.0  15303.0 
16236.1  16211.0 
16236.1  15755.0 
16236.1  16212.0 
16236.1  16213.0 
16236.1  15776.0 
16236.1  16214.0 
16236.1  15958.0 
16236.1  16215.0 
16236.1  15760.0 
16236.1  15970.0 
16236.1  16248.0 
16236.1  15796.0 
16236.1  16249.1 
16237.1  16219.0 
16237.1  15755.0 
16237.1  16212.0 
16237.1  16213.0 
16237.1  15958.0 
16237.1  15776.0 
16237.1  16214.0 
16237.1  15760.0 
16237.1  16215.0 
16237.1  15970.0 
16237.1  16251.0 
16237.1  15796.0 
16237.1  16217.1 
16238.1  16219.0 
16238.1  15755.0 
16238.1  16212.0 
16238.1  16213.0 
16238.1  15958.0 
16238.1  15776.0 
16238.1  16214.0 
16238.1  15760.0 
16238.1  16215.0 
16238.1  15970.0 
16238.1  16252.0 
16238.1  15796.0 
16239.0  15307.0 
16240.1  16253.0 
16241.1  16254.1 
16242.1  16255.1 
16243.1  16256.1 
16244.0  15312.0 
16245.1  16257.0 
16245.1  15755.0 
16245.1  16258.0 
16245.1  15760.0 
16245.1  15776.0 
16245.1  16259.0 
16245.1  15796.0 
16245.1  16260.0 
16245.1  16261.0 
16245.1  15916.0 
16245.1  16262.0 
16245.1  16263.0 
16245.1  16264.0 
16245.1  15801.0 
16245.1  16265.0 
16245.1  16266.0 
16245.1  16267.0 
16245.1  16268.0 
16245.1  16269.0 
16245.1  16270.0 
16245.1  16271.0 
16245.1  16272.0 
16245.1  16273.0 
16245.1  16274.0 
16245.1  16275.0 
16245.1  16276.0 
16245.1  16277.0 
16245.1  16278.0 
16245.1  16279.0 
16245.1  16280.0 
16245.1  16281.0 
16245.1  16282.0 
16245.1  16283.0 
16245.1  16284.0 
16245.1  16285.0 
16245.1  16286.0 
16245.1  16287.0 
16245.1  16288.0 
16245.1  16289.0 
16245.1  16290.0 
16245.1  16291.0 
16245.1  16292.0 
16245.1  16293.0 
16245.1  16294.0 
16245.1  16295.0 
16245.1  16296.0 
16245.1  16297.0 
16245.1  16298.0 
16245.1  16299.0 
16245.1  16300.0 
16245.1  16301.0 
16245.1  16302.0 
16245.1  16303.0 
16245.1  16304.0 
16245.1  16305.0 
16245.1  16306.0 
16245.1  16307.0 
16245.1  16308.0 
16245.1  16309.0 
16245.1  16310.0 
16245.1  16311.0 
16245.1  16312.0 
16245.1  16313.0 
16245.1  16314.0 
16245.1  16315.0 
16245.1  16316.0 
16245.1  16317.0 
16245.1  16318.0 
16245.1  16319.0 
16245.1  16320.0 
16245.1  16321.0 
16245.1  16322.0 
16245.1  16323.0 
16245.1  16324.0 
16245.1  16325.0 
16245.1  16326.0 
16245.1  16327.0 
16245.1  16328.0 
16245.1  16329.0 
16245.1  16330.0 
16245.1  16331.0 
16245.1  16332.0 
16245.1  16333.0 
16245.1  16334.0 
16245.1  16335.0 
16245.1  16336.0 
16245.2  16337.0 
16245.2  16338.0 
16245.2  16339.0 
16245.2  16340.0 
16245.2  16341.0 
16245.2  16342.0 
16245.2  16343.0 
16245.2  16344.0 
16245.2  16345.0 
16245.2  16346.0 
16245.2  16347.0 
16245.2  16348.0 
16245.2  16349.0 
16245.2  16350.0 
16245.2  16351.0 
16245.2  16352.0 
16245.2  16353.0 
16245.2  16354.0 
16245.2  16355.0 
16245.2  16356.0 
16245.2  16357.0 
16245.2  16358.0 
16245.2  16359.0 
16245.2  16360.0 
16245.2  16361.0 
16245.2  16362.0 
16245.2  16363.0 
16245.2  16364.0 
16245.2  16365.0 
16245.2  16366.0 
16245.2  16367.0 
16245.2  16368.0 
16245.2  16369.0 
16245.2  16370.0 
16245.2  16371.0 
16245.2  16372.0 
16245.2  16373.0 
16245.2  16374.0 
16245.2  16375.0 
16245.2  16376.0 
16245.2  16377.0 
16245.2  16378.0 
16245.2  16379.0 
16245.2  16380.0 
16245.2  16381.0 
16245.2  16382.0 
16245.2  16383.0 
16245.2  16384.0 
16245.2  16385.0 
16245.2  16386.0 
16245.2  16387.0 
16245.2  16388.0 
16245.2  16389.0 
16245.2  16390.0 
16245.2  16391.0 
16245.2  16392.0 
16245.2  16393.0 
16245.2  16394.0 
16245.2  16395.0 
16245.2  16396.0 
16245.2  16397.0 
16245.2  16398.0 
16245.2  16399.0 
16245.2  16400.0 
16245.2  16401.0 
16245.2  16402.0 
16245.2  16403.0 
16245.2  16404.0 
16245.2  16405.0 
16245.2  16406.0 
16245.2  16407.0 
16245.2  16408.0 
16245.2  16409.0 
16245.2  16410.0 
16245.2  16411.0 
16245.2  16412.0 
16245.2  16413.0 
16245.2  16414.0 
16245.2  16415.0 
16245.2  16416.0 
16245.2  16417.0 
16245.2  16418.0 
16245.2  16419.0 
16245.2  16420.0 
16245.3  16421.0 
16245.3  16422.0 
16245.3  16423.0 
16245.3  16424.0 
16245.3  16425.0 
16245.3  16426.0 
16245.3  16427.0 
16245.3  16428.0 
16245.3  16429.0 
16245.3  16430.0 
16245.3  16431.0 
16245.3  16432.0 
16245.3  16433.0 
16245.3  16434.0 
16245.3  16435.0 
16245.3  16436.0 
16245.3  16437.0 
16245.3  16438.0 
16245.3  16439.0 
16245.3  16440.0 
16245.3  16441.0 
16245.3  16442.0 
16245.3  16443.0 
16245.3  16444.0 
16245.3  16445.0 
16245.3  16446.0 
16245.3  16447.0 
16245.3  16448.0 
16245.3  16449.0 
16245.3  16450.0 
16245.3  16451.0 
16245.3  16452.0 
16245.3  16453.0 
16245.3  16454.0 
16245.3  16455.0 
16245.3  16456.0 
16245.3  16457.0 
16245.3  16458.0 
16245.3  16459.0 
16245.3  16460.0 
16245.3  16461.0 
16245.3  16462.0 
16245.3  16463.0 
16245.3  16464.0 
16245.3  16465.0 
16245.3  16466.0 
16245.3  16467.0 
16245.3  16468.0 
16245.3  16469.0 
16245.3  16470.0 
16245.3  16471.0 
16245.3  16472.0 
16245.3  16473.0 
16245.3  16474.0 
16245.3  16475.0 
16245.3  16476.0 
16245.3  16477.0 
16245.3  16478.0 
16245.3  16479.0 
16245.3  16480.0 
16245.3  16481.0 
16245.3  16482.0 
16245.3  16483.0 
16245.3  16484.0 
16245.3  16485.0 
16245.3  16486.0 
16245.3  16487.0 
16245.3  16488.0 
16245.3  16489.0 
16245.3  16490.0 
16245.4  16491.0 
16245.4  16492.0 
16245.4  16493.0 
16245.4  16494.0 
16245.4  16495.0 
16245.4  16496.0 
16245.4  16497.0 
16245.4  16498.0 
16245.4  16499.0 
16245.4  16500.0 
16245.4  16501.0 
16245.4  16502.0 
16245.4  16503.0 
16245.4  16504.0 
16245.4  16505.0 
16245.4  16506.0 
16245.4  16507.0 
16245.4  16508.0 
16245.4  16509.0 
16245.4  16510.0 
16245.4  16511.0 
16245.4  16512.0 
16245.4  16513.0 
16245.4  16514.0 
16245.4  16515.0 
16245.4  16516.0 
16245.4  16517.0 
16245.4  16518.0 
16245.4  16519.0 
16245.4  16520.0 
16245.4  16521.0 
16245.4  16522.0 
16245.4  16523.0 
16245.4  16524.0 
16245.4  16525.0 
16245.4  16526.0 
16245.4  16527.0 
16245.4  16528.0 
16245.4  16529.0 
16245.5  16530.0 
16245.5  16531.0 
16245.5  16532.0 
16245.5  16533.0 
16245.5  16534.0 
16245.5  16535.0 
16245.5  16536.0 
16245.5  16537.0 
16245.5  16538.0 
16245.5  16539.0 
16245.5  16540.0 
16245.5  16541.0 
16245.5  16542.0 
16245.5  16543.0 
16245.5  16544.0 
16245.5  16545.0 
16245.5  16546.0 
16245.5  16547.0 
16245.5  16548.0 
16245.5  16549.0 
16245.5  16550.0 
16245.5  16551.0 
16245.5  16552.0 
16245.5  16553.0 
16245.5  16554.0 
16245.5  16555.0 
16245.5  16556.0 
16245.5  16557.0 
16245.5  16558.0 
16245.5  16559.0 
16245.5  16560.0 
16245.5  16561.0 
16245.5  16562.0 
16245.5  16563.0 
16245.5  16564.0 
16245.5  16565.0 
16245.5  16566.0 
16245.5  16567.0 
16245.5  16568.0 
16245.5  16569.0 
16245.5  16570.0 
16245.5  16571.0 
16245.5  16572.0 
16245.5  16573.0 
16245.5  16574.0 
16245.5  16575.0 
16245.5  16576.0 
16245.5  16577.0 
16245.6  16578.0 
16245.6  16579.0 
16245.6  16580.0 
16245.6  16581.0 
16245.6  16582.0 
16245.6  16583.0 
16245.6  16584.0 
16245.6  16585.0 
16245.6  16586.0 
16245.6  16587.0 
16245.6  16588.0 
16245.6  16589.0 
16245.6  16590.0 
16245.6  16591.0 
16245.6  16592.0 
16245.6  16593.0 
16245.6  16594.0 
16245.6  16595.0 
16245.6  16596.0 
16245.6  16597.0 
16245.6  16598.0 
16245.6  16599.0 
16245.6  16600.0 
16245.6  16601.0 
16245.6  16602.0 
16245.6  16603.0 
16245.6  16604.0 
16245.6  16605.0 
16245.6  16606.0 
16245.6  16607.0 
16245.7  16608.0 
16245.7  16609.0 
16245.7  16610.0 
16245.7  16611.0 
16245.7  16612.0 
16245.7  16613.0 
16245.7  16614.0 
16245.7  16615.0 
16245.7  16616.0 
16245.7  16617.0 
16245.7  16618.0 
16245.7  16619.0 
16245.7  16620.0 
16245.7  16621.0 
16245.7  16622.0 
16245.7  16623.0 
16245.7  16624.0 
16245.7  16625.0 
16245.7  16626.0 
16245.7  16627.0 
16245.7  16628.0 
16245.7  16629.0 
16245.7  16630.0 
16245.7  16631.0 
16245.7  16632.0 
16245.7  16633.0 
16245.7  16634.0 
16245.7  16635.0 
16245.7  16636.0 
16245.7  16637.0 
16245.7  16638.0 
16245.7  16639.0 
16245.7  16640.0 
16245.7  16641.0 
16245.7  16642.0 
16245.7  16643.0 
16245.7  16644.0 
16245.7  16645.0 
16245.7  16646.0 
16245.7  16647.0 
16245.7  16648.0 
16245.7  16649.0 
16245.7  16650.0 
16245.7  16651.0 
16245.7  16652.0 
16245.7  16653.0 
16245.7  16654.0 
16246.0  15314.0 
16247.1  16656.0 
16247.1  14821.0 
16247.1  15257.0 
16247.1  14826.0 
16247.1  14842.0 
16247.1  14862.0 
16247.1  14982.0 
16247.1  14867.0 
16247.1  14868.0 
16247.1  14869.0 
16247.1  14870.0 
16247.1  16657.1 
16247.1  16658.1 
16247.1  14861.0 
16247.1  14875.0 
16247.1  16659.1 
16249.1  16660.1 
16250.1  15278.1 
16254.1  16662.0 
16254.1  15755.0 
16254.1  15776.0 
16254.1  15796.0 
16254.1  15801.0 
16254.1  16663.1 
16255.1  16662.0 
16255.1  15755.0 
16255.1  15776.0 
16255.1  15796.0 
16255.1  15801.0 
16255.1  16665.1 
16256.1  16662.0 
16256.1  15755.0 
16256.1  15776.0 
16256.1  15796.0 
16256.1  15801.0 
16256.1  16667.1 
16257.0  15325.0 
16258.0  15326.0 
16259.0  15327.0 
16261.0  15329.0 
16262.0  15330.0 
16263.0  15331.0 
16264.0  15332.0 
16265.0  15333.0 
16266.0  15334.0 
16267.0  15335.0 
16268.0  15336.0 
16269.0  15337.0 
16270.0  15338.0 
16271.0  15339.0 
16272.0  15340.0 
16273.0  15341.0 
16274.0  15342.0 
16275.0  15343.0 
16276.0  15344.0 
16277.0  15345.0 
16278.0  15346.0 
16279.0  15347.0 
16280.0  15348.0 
16281.0  15349.0 
16282.0  15350.0 
16283.0  15351.0 
16284.0  15352.0 
16285.0  15353.0 
16286.0  15354.0 
16287.0  15355.0 
16288.0  15356.0 
16289.0  15357.0 
16290.0  15358.0 
16291.0  15359.0 
16292.0  15360.0 
16293.0  15361.0 
16294.0  15362.0 
16295.0  15363.0 
16296.0  15364.0 
16297.0  15365.0 
16298.0  15366.0 
16299.0  15367.0 
16300.0  15368.0 
16301.0  15369.0 
16302.0  15370.0 
16303.0  15371.0 
16304.0  15372.0 
16305.0  15373.0 
16306.0  15374.0 
16307.0  15375.0 
16308.0  15376.0 
16309.0  15377.0 
16310.0  15378.0 
16311.0  15379.0 
16312.0  15380.0 
16313.0  15381.0 
16314.0  15382.0 
16315.0  15383.0 
16316.0  15384.0 
16317.0  15385.0 
16318.0  15386.0 
16319.0  15387.0 
16320.0  15388.0 
16321.0  15389.0 
16322.0  15390.0 
16323.0  15391.0 
16324.0  15392.0 
16325.0  15393.0 
16326.0  15394.0 
16327.0  15395.0 
16328.0  15396.0 
16329.0  15397.0 
16330.0  15398.0 
16331.0  15399.0 
16332.0  15400.0 
16333.0  15401.0 
16334.0  15402.0 
16335.0  15403.0 
16336.0  15404.0 
16337.0  15405.0 
16338.0  15406.0 
16339.0  15407.0 
16340.0  15408.0 
16341.0  15409.0 
16342.0  15410.0 
16343.0  15411.0 
16344.0  15412.0 
16345.0  15413.0 
16346.0  15414.0 
16347.0  15415.0 
16348.0  15416.0 
16349.0  15417.0 
16350.0  15418.0 
16351.0  15419.0 
16352.0  15420.0 
16353.0  15421.0 
16354.0  15422.0 
16355.0  15423.0 
16356.0  15424.0 
16357.0  15425.0 
16358.0  15426.0 
16359.0  15427.0 
16360.0  15428.0 
16361.0  15429.0 
16362.0  15430.0 
16363.0  15431.0 
16364.0  15432.0 
16365.0  15433.0 
16366.0  15434.0 
16367.0  15435.0 
16368.0  15436.0 
16369.0  15437.0 
16370.0  15438.0 
16371.0  15439.0 
16372.0  15440.0 
16373.0  15441.0 
16374.0  15442.0 
16375.0  15443.0 
16376.0  15444.0 
16377.0  15445.0 
16378.0  15446.0 
16379.0  15447.0 
16380.0  15448.0 
16381.0  15449.0 
16382.0  15450.0 
16383.0  15451.0 
16384.0  15452.0 
16385.0  15453.0 
16386.0  15454.0 
16387.0  15455.0 
16388.0  15456.0 
16389.0  15457.0 
16390.0  15458.0 
16391.0  15459.0 
16392.0  15460.0 
16393.0  15461.0 
16394.0  15462.0 
16395.0  15463.0 
16396.0  15464.0 
16397.0  15465.0 
16398.0  15466.0 
16399.0  15467.0 
16400.0  15468.0 
16401.0  15469.0 
16402.0  15470.0 
16403.0  15471.0 
16404.0  15472.0 
16405.0  15473.0 
16406.0  15474.0 
16407.0  15475.0 
16408.0  15476.0 
16409.0  15477.0 
16410.0  15478.0 
16411.0  15479.0 
16412.0  15480.0 
16413.0  15481.0 
16414.0  15482.0 
16415.0  15483.0 
16416.0  15484.0 
16417.0  15485.0 
16418.0  15486.0 
16419.0  15487.0 
16420.0  15488.0 
16421.0  15489.0 
16422.0  15490.0 
16423.0  15491.0 
16424.0  15492.0 
16425.0  15493.0 
16426.0  15494.0 
16427.0  15495.0 
16428.0  15496.0 
16429.0  15497.0 
16430.0  15498.0 
16431.0  15499.0 
16432.0  15500.0 
16433.0  15501.0 
16434.0  15502.0 
16435.0  15503.0 
16436.0  15504.0 
16437.0  15505.0 
16438.0  15506.0 
16439.0  15507.0 
16440.0  15508.0 
16441.0  15509.0 
16442.0  15510.0 
16443.0  15511.0 
16444.0  15512.0 
16445.0  15513.0 
16446.0  15514.0 
16447.0  15515.0 
16448.0  15516.0 
16449.0  15517.0 
16450.0  15518.0 
16451.0  15519.0 
16452.0  15520.0 
16453.0  15521.0 
16455.0  15523.0 
16456.0  15524.0 
16457.0  15525.0 
16458.0  15526.0 
16459.0  15527.0 
16460.0  15528.0 
16461.0  15529.0 
16462.0  15530.0 
16463.0  15531.0 
16464.0  15532.0 
16465.0  15533.0 
16466.0  15534.0 
16467.0  15535.0 
16468.0  15536.0 
16469.0  15537.0 
16470.0  15538.0 
16471.0  15539.0 
16472.0  15540.0 
16473.0  15541.0 
16474.0  15542.0 
16475.0  15543.0 
16476.0  15544.0 
16477.0  15545.0 
16478.0  15546.0 
16479.0  15547.0 
16480.0  15548.0 
16481.0  15549.0 
16482.0  15550.0 
16483.0  15551.0 
16484.0  15552.0 
16485.0  15553.0 
16486.0  15554.0 
16487.0  15555.0 
16488.0  15556.0 
16489.0  15557.0 
16490.0  15558.0 
16491.0  15559.0 
16492.0  15560.0 
16493.0  15561.0 
16494.0  15562.0 
16495.0  15563.0 
16496.0  15564.0 
16497.0  15565.0 
16498.0  15566.0 
16499.0  15567.0 
16500.0  15568.0 
16501.0  15569.0 
16502.0  15570.0 
16503.0  15571.0 
16504.0  15572.0 
16505.0  15573.0 
16506.0  15574.0 
16507.0  15575.0 
16508.0  15576.0 
16509.0  15577.0 
16510.0  15578.0 
16511.0  15579.0 
16512.0  15580.0 
16513.0  15581.0 
16514.0  15582.0 
16515.0  15583.0 
16516.0  15584.0 
16517.0  15585.0 
16518.0  15586.0 
16519.0  15587.0 
16520.0  15588.0 
16521.0  15589.0 
16522.0  15590.0 
16523.0  15591.0 
16524.0  15592.0 
16525.0  15593.0 
16526.0  15594.0 
16527.0  15595.0 
16528.0  15596.0 
16529.0  15597.0 
16530.0  15598.0 
16531.0  15599.0 
16532.0  15600.0 
16533.0  15601.0 
16534.0  15602.0 
16535.0  15603.0 
16536.0  15604.0 
16537.0  15605.0 
16538.0  15606.0 
16539.0  15607.0 
16540.0  15608.0 
16541.0  15609.0 
16542.0  15610.0 
16543.0  15611.0 
16544.0  15612.0 
16545.0  15613.0 
16546.0  15614.0 
16547.0  15615.0 
16548.0  15616.0 
16549.0  15617.0 
16550.0  15618.0 
16551.0  15619.0 
16552.0  15620.0 
16553.0  15621.0 
16554.0  15622.0 
16555.0  15623.0 
16556.0  15624.0 
16557.0  15625.0 
16558.0  15626.0 
16559.0  15627.0 
16560.0  15628.0 
16561.0  15629.0 
16562.0  15630.0 
16563.0  15631.0 
16564.0  15632.0 
16565.0  15633.0 
16566.0  15634.0 
16567.0  15635.0 
16568.0  15636.0 
16569.0  15637.0 
16570.0  15638.0 
16571.0  15639.0 
16572.0  15640.0 
16573.0  15641.0 
16574.0  15642.0 
16575.0  15643.0 
16576.0  15644.0 
16577.0  15645.0 
16578.0  15646.0 
16579.0  15647.0 
16580.0  15648.0 
16581.0  15649.0 
16582.0  15650.0 
16583.0  15651.0 
16584.0  15652.0 
16585.0  15653.0 
16586.0  15654.0 
16587.0  15655.0 
16588.0  15656.0 
16589.0  15657.0 
16590.0  15658.0 
16591.0  15659.0 
16592.0  15660.0 
16593.0  15661.0 
16594.0  15662.0 
16595.0  15663.0 
16596.0  15664.0 
16597.0  15665.0 
16598.0  15666.0 
16599.0  15667.0 
16600.0  15668.0 
16601.0  15669.0 
16602.0  15670.0 
16603.0  15671.0 
16604.0  15672.0 
16605.0  15673.0 
16606.0  15674.0 
16607.0  15675.0 
16608.0  15676.0 
16609.0  15677.0 
16610.0  15678.0 
16611.0  15679.0 
16612.0  15680.0 
16613.0  15681.0 
16614.0  15682.0 
16615.0  15683.0 
16616.0  15684.0 
16617.0  15685.0 
16618.0  15686.0 
16619.0  15687.0 
16620.0  15688.0 
16621.0  15689.0 
16622.0  15690.0 
16623.0  15691.0 
16624.0  15692.0 
16625.0  15693.0 
16655.1  15279.0 
16655.1  14821.0 
16655.1  15280.0 
16655.1  15281.0 
16655.1  14842.0 
16655.1  15282.0 
16655.1  15024.0 
16655.1  15283.0 
16655.1  14826.0 
16655.1  15036.0 
16655.1  16668.0 
16655.1  14862.0 
16655.1  15222.3 
16656.0  14784.0 
16657.1  16669.1 
16658.1  16670.1 
16659.1  16671.1 
16660.1  16672.0 
16660.1  14821.0 
16660.1  14842.0 
16660.1  16673.3 
16662.0  15729.0 
16663.1  16674.0 
16665.1  16675.0 
16667.1  16676.0 
16669.1  15729.0 
16669.1  14821.0 
16669.1  14842.0 
16669.1  14862.0 
16669.1  14867.0 
16669.1  16678.1 
16670.1  16679.0 
16670.1  14821.0 
16670.1  14842.0 
16670.1  14862.0 
16670.1  16680.5 
16671.1  16679.0 
16671.1  14821.0 
16671.1  14842.0 
16671.1  14862.0 
16671.1  16681.9 
16672.0  14800.0 
16673.3  15222.3 
16678.1  16682.0 
16679.0  14807.0 
16680.4  14808.4 
16680.5  16683.1 
16680.6  16218.1 
16681.8  14809.8 
16681.9  16683.2 
16681.10  16218.2 
16683.3  15286.3 
15749.0  15750.0 
15750.0  16188.0 
16188.0  16199.0 
16195.0  16210.0 
16196.0  16218.0 
16197.0  16218.0 
16198.0  16222.0 
16199.0  16210.0 
16206.0  15750.0 
16207.0  15750.0 
16208.0  16234.0 
16218.0  16238.0 
16222.0  15749.0 
16227.0  16188.0 
16228.0  16188.0 
16229.0  16188.0 
16230.0  16188.0 
16231.0  16188.0 
16234.0  15750.0 
16236.0  16247.0 
16237.0  16250.0 
16238.0  16210.0 
16245.0  16222.0 
16247.0  16655.0 
16253.0  16218.0 
16254.0  16661.0 
16255.0  16664.0 
16256.0  16666.0 
16655.0  16250.0 
16660.0  16247.0 
16661.0  16218.0 
16664.0  16218.0 
16666.0  16218.0 
16669.0  16677.0 
16670.0  16247.0 
16671.0  16247.0 
16674.0  16661.0 
16675.0  16664.0 
16676.0  16666.0 
16677.0  16247.0 
16682.0  16677.0 
15748.1  15749.10 
16684.1  15749.10 
16685.1  15749.10 
