52671.1  52673.0 
52671.1  52674.0 
52671.1  52675.0 
52671.1  52676.0 
52671.1  52677.0 
52671.1  52678.0 
52671.1  52679.0 
52671.1  52680.0 
52671.1  52681.0 
52671.1  52682.0 
52671.1  52683.0 
52671.1  52684.0 
52672.1  52686.0 
52672.1  52674.0 
52672.1  52677.0 
52673.0  52653.0 
52674.0  52654.0 
52675.0  52655.0 
52676.0  52656.0 
52677.0  52657.0 
52678.0  52658.0 
52679.0  52659.0 
52680.0  52660.0 
52683.0  52663.0 
52684.0  29493.0 
52685.1  52674.0 
52685.1  52687.0 
52685.1  52678.0 
52685.1  52677.0 
52685.1  52683.0 
52685.1  52688.0 
52685.1  52689.0 
52686.0  52666.0 
52687.0  52667.0 
52688.0  52668.0 
52689.0  52669.0 
52670.1  52671.1 
52671.0  52672.0 
52672.0  52685.0 
