52691.1  52693.0 
52691.1  52694.0 
52691.1  52695.0 
52691.1  52696.0 
52691.1  52697.0 
52691.1  52698.0 
52691.1  52699.0 
52691.1  52700.0 
52691.1  52701.0 
52691.1  52702.0 
52691.1  52703.0 
52691.1  52704.0 
52692.1  52706.0 
52692.1  52694.0 
52692.1  52697.0 
52693.0  52673.0 
52694.0  52674.0 
52695.0  52675.0 
52696.0  52676.0 
52697.0  52677.0 
52698.0  52678.0 
52699.0  52679.0 
52700.0  52680.0 
52703.0  52683.0 
52704.0  30430.0 
52705.1  52694.0 
52705.1  52707.0 
52705.1  52698.0 
52705.1  52697.0 
52705.1  52703.0 
52705.1  52708.0 
52705.1  52709.0 
52706.0  52686.0 
52707.0  52687.0 
52708.0  52688.0 
52709.0  52689.0 
52690.1  52691.1 
52691.0  52692.0 
52692.0  52705.0 
