262.1  264.0 
262.1  265.0 
262.1  266.0 
262.1  267.0 
262.1  268.0 
262.1  269.0 
262.1  270.0 
262.1  271.0 
262.1  272.0 
262.1  273.0 
262.1  274.0 
262.1  275.0 
263.1  277.0 
263.1  265.0 
263.1  268.0 
264.0  244.0 
265.0  245.0 
266.0  246.0 
267.0  247.0 
268.0  248.0 
269.0  249.0 
270.0  250.0 
271.0  251.0 
274.0  254.0 
275.0  270.0 
276.1  265.0 
276.1  278.0 
276.1  269.0 
276.1  268.0 
276.1  274.0 
276.1  279.0 
276.1  280.0 
277.0  257.0 
278.0  258.0 
279.0  259.0 
280.0  260.0 
261.1  262.1 
262.0  263.0 
263.0  276.0 
