67759.1  67761.0 
67759.1  67762.0 
67759.1  67763.0 
67759.1  67764.0 
67759.1  67765.0 
67759.1  67766.0 
67759.1  67767.0 
67759.1  67768.0 
67759.1  67769.0 
67759.1  67770.0 
67759.1  67771.0 
67759.1  67772.0 
67760.1  67774.0 
67760.1  67762.0 
67760.1  67765.0 
67761.0  66827.0 
67762.0  66828.0 
67763.0  66829.0 
67764.0  66830.0 
67765.0  66831.0 
67766.0  66832.0 
67767.0  66833.0 
67768.0  66834.0 
67771.0  66837.0 
67773.1  67762.0 
67773.1  67775.0 
67773.1  67766.0 
67773.1  67765.0 
67773.1  67771.0 
67773.1  67776.0 
67773.1  67777.0 
67774.0  66840.0 
67775.0  66841.0 
67776.0  66842.0 
67777.0  66843.0 
67758.1  67759.1 
67779.1  67781.0 
67779.1  67782.0 
67779.1  67783.0 
67779.1  67784.0 
67779.1  67762.0 
67779.1  67785.0 
67779.1  67786.0 
67779.1  67787.0 
67779.1  67788.0 
67779.1  67766.0 
67779.1  67789.0 
67779.1  67790.0 
67779.1  67791.0 
67779.1  67792.0 
67779.1  67793.0 
67779.1  67794.0 
67779.1  67795.0 
67779.1  67796.0 
67779.1  67797.0 
67779.1  67798.0 
67779.1  67799.0 
67779.1  67800.0 
67779.1  67801.0 
67779.1  67802.0 
67779.1  67803.0 
67779.1  67765.0 
67779.1  67804.0 
67779.1  67805.0 
67779.1  67806.0 
67779.1  67807.0 
67779.1  67808.0 
67779.1  67809.0 
67779.1  67810.0 
67779.1  67811.0 
67779.1  67812.0 
67779.1  67813.0 
67779.1  67814.0 
67779.1  67815.0 
67779.1  67816.0 
67779.1  67817.0 
67779.1  67818.0 
67779.1  67819.0 
67779.1  67820.0 
67779.1  67821.0 
67779.1  67822.0 
67779.1  67771.0 
67779.1  67823.0 
67779.1  67824.0 
67779.1  67825.0 
67779.1  67826.0 
67779.1  67777.0 
67779.1  67827.0 
67779.1  67828.0 
67779.1  67829.0 
67779.1  67830.0 
67779.1  67831.0 
67779.1  67832.0 
67779.1  67833.0 
67779.1  67834.0 
67779.1  67835.0 
67779.1  67836.0 
67779.1  67837.0 
67779.1  67838.0 
67779.1  67839.0 
67779.1  67840.0 
67779.1  67841.0 
67779.1  67842.0 
67779.1  67843.0 
67779.1  67844.0 
67779.1  67845.0 
67779.1  67846.0 
67779.1  67847.0 
67779.1  67848.0 
67779.1  67849.0 
67779.1  67850.0 
67779.1  67851.0 
67779.1  67852.0 
67779.1  67853.0 
67779.1  67854.0 
67779.1  67855.0 
67779.1  67856.0 
67779.1  67857.0 
67779.1  67858.0 
67779.1  67859.0 
67779.1  67860.0 
67779.1  67861.0 
67779.1  67862.0 
67779.1  67863.0 
67779.1  67864.0 
67779.1  67865.0 
67779.1  67866.0 
67779.1  67867.0 
67779.1  67868.0 
67779.1  67869.0 
67779.1  67870.0 
67779.1  67871.0 
67779.1  67872.0 
67779.1  67873.0 
67779.1  67874.0 
67779.1  67875.0 
67779.1  67876.0 
67779.1  67877.0 
67779.1  67878.0 
67779.1  67879.0 
67779.1  67880.0 
67779.1  67881.0 
67779.1  67882.0 
67779.1  67883.0 
67779.1  67884.0 
67779.1  67885.0 
67779.1  67886.0 
67779.1  67887.0 
67779.1  67888.0 
67779.1  67889.0 
67779.1  67890.0 
67779.1  67891.0 
67779.1  67892.0 
67779.1  67893.0 
67779.1  67894.0 
67779.1  67895.0 
67779.1  67896.0 
67779.1  67897.0 
67779.1  67898.0 
67779.1  67899.0 
67779.1  67900.0 
67779.1  67901.0 
67779.1  67902.0 
67779.1  67903.0 
67779.1  67904.0 
67779.1  67905.0 
67779.1  67906.0 
67779.1  67907.0 
67779.1  67908.0 
67779.1  67909.0 
67779.1  67910.0 
67779.1  67911.0 
67779.1  67912.0 
67779.1  67913.0 
67779.1  67914.0 
67779.1  67915.0 
67779.1  67916.0 
67779.1  67917.0 
67779.1  67918.0 
67779.1  67919.0 
67779.1  67920.0 
67779.1  67921.0 
67779.1  67922.0 
67779.1  67923.0 
67779.1  67924.0 
67779.1  67925.0 
67779.1  67926.0 
67779.1  67927.0 
67779.1  67928.0 
67779.1  67929.0 
67779.1  67930.0 
67779.1  67931.0 
67779.1  67932.0 
67779.1  67933.0 
67779.1  67934.0 
67779.1  67935.0 
67779.1  67936.0 
67779.1  67937.0 
67779.1  67938.0 
67779.1  67939.0 
67779.1  67940.0 
67779.1  67776.0 
67779.1  67941.0 
67779.1  67942.0 
67779.1  67943.0 
67779.1  67944.1 
67779.1  67945.0 
67779.1  67946.0 
67779.1  67947.0 
67779.1  67948.0 
67779.1  67949.0 
67779.1  67950.0 
67779.2  67951.0 
67779.2  67952.0 
67779.2  67953.0 
67779.2  67954.0 
67779.2  67955.0 
67779.2  67956.0 
67779.2  67957.0 
67779.2  67958.0 
67779.2  67959.0 
67779.2  67960.0 
67779.2  67961.0 
67779.2  67962.0 
67779.2  67963.0 
67779.2  67964.0 
67779.2  67965.0 
67779.2  67966.0 
67779.2  67967.0 
67779.2  67968.0 
67779.2  67969.0 
67779.2  67970.0 
67779.2  67971.0 
67779.2  67972.0 
67779.2  67973.0 
67779.2  67974.0 
67779.2  67975.0 
67779.2  67976.0 
67779.2  67977.0 
67779.2  67978.0 
67779.2  67979.0 
67779.2  67980.0 
67779.2  67981.0 
67779.2  67763.0 
67779.2  67982.0 
67779.2  67983.0 
67779.2  67984.0 
67779.2  67985.0 
67779.2  67986.0 
67779.2  67987.0 
67779.2  67988.0 
67779.2  67989.0 
67779.2  67990.0 
67779.2  67991.0 
67779.2  67992.0 
67779.2  67768.0 
67779.2  67993.0 
67779.2  67994.0 
67779.2  67995.0 
67779.2  67996.0 
67779.2  67997.0 
67779.2  67998.0 
67779.2  67999.0 
67779.2  68000.0 
67779.2  68001.0 
67779.2  68002.0 
67779.2  68003.0 
67779.2  68004.0 
67779.2  68005.0 
67779.2  68006.0 
67779.2  68007.0 
67779.2  68008.0 
67779.2  68009.0 
67779.2  68010.0 
67779.2  68011.0 
67779.2  68012.0 
67779.2  68013.0 
67779.2  68014.0 
67779.2  68015.0 
67779.2  68016.0 
67779.2  68017.0 
67779.2  68018.0 
67779.2  68019.0 
67779.2  68020.0 
67779.2  68021.0 
67779.2  68022.0 
67779.2  68023.0 
67779.2  68024.0 
67779.2  68025.0 
67779.2  68026.0 
67779.2  68027.0 
67779.2  68028.0 
67779.2  68029.0 
67779.2  68030.0 
67779.2  68031.0 
67779.2  68032.0 
67779.2  68033.0 
67779.2  68034.0 
67779.2  68035.0 
67779.2  68036.0 
67779.2  68037.0 
67779.2  68038.0 
67779.2  68039.0 
67779.2  68040.0 
67779.2  68041.0 
67779.2  68042.0 
67779.2  68043.0 
67779.2  68044.0 
67779.2  68045.0 
67779.2  68046.0 
67779.2  68047.0 
67779.2  68048.0 
67779.2  68049.0 
67779.2  68050.0 
67779.2  68051.0 
67779.2  68052.0 
67779.2  68053.0 
67779.2  68054.0 
67779.2  68055.0 
67779.2  68056.0 
67779.2  68057.0 
67779.2  68058.0 
67779.2  68059.0 
67779.2  68060.0 
67779.2  68061.0 
67779.2  68062.0 
67779.2  68063.0 
67779.2  68064.0 
67779.2  68065.0 
67779.2  68066.0 
67779.2  68067.0 
67779.2  68068.0 
67779.2  68069.0 
67779.2  68070.0 
67779.2  68071.0 
67779.2  68072.0 
67779.2  68073.0 
67779.2  68074.0 
67779.2  68075.0 
67779.2  68076.0 
67779.2  68077.0 
67779.2  68078.0 
67779.2  68079.0 
67779.2  68080.0 
67779.2  68081.0 
67779.2  68082.0 
67779.2  68083.0 
67779.2  68084.0 
67779.2  68085.0 
67779.2  68086.0 
67779.2  68087.0 
67779.2  68088.0 
67779.2  68089.0 
67779.2  68090.0 
67779.2  68091.0 
67779.2  68092.0 
67779.2  68093.0 
67779.2  68094.0 
67779.2  68095.0 
67779.2  68096.0 
67779.2  68097.0 
67779.2  68098.0 
67779.2  68099.0 
67779.2  68100.0 
67779.2  68101.0 
67779.2  68102.0 
67779.2  68103.0 
67779.2  68104.0 
67779.2  68105.0 
67779.2  68106.0 
67779.2  68107.0 
67779.2  68108.0 
67779.2  68109.1 
67779.2  68110.0 
67779.2  68111.0 
67779.2  68112.0 
67779.2  68113.0 
67779.2  68114.0 
67779.2  68115.0 
67779.2  68116.0 
67779.2  68117.0 
67779.2  68118.0 
67779.2  68119.0 
67779.2  68120.0 
67779.2  68121.0 
67779.2  68122.0 
67779.2  68123.0 
67779.2  68124.17 
67779.2  68125.17 
67779.2  68126.0 
67779.2  68127.0 
67779.2  68128.0 
67779.2  68129.0 
67779.2  68130.0 
67779.2  68131.0 
67779.2  68132.0 
67779.2  68133.0 
67779.2  68134.0 
67779.2  68135.0 
67779.2  68136.0 
67779.2  68137.0 
67779.2  68138.0 
67779.3  68139.0 
67779.3  68140.0 
67779.3  68141.0 
67779.3  68142.0 
67779.3  68143.0 
67779.3  68144.0 
67779.3  68145.0 
67779.3  68146.0 
67779.3  68147.2 
67779.3  68148.0 
67779.3  68149.0 
67779.3  68150.0 
67779.3  68151.0 
67779.3  68152.0 
67779.3  68153.0 
67779.4  68154.0 
67779.4  68155.0 
67779.4  68156.0 
67779.4  68157.0 
67779.4  67758.1 
67779.5  68158.0 
67779.5  68159.0 
67779.5  68160.0 
67779.5  68161.0 
67779.5  68162.0 
67779.5  68163.1 
67779.5  68164.0 
67779.5  68165.34 
67779.5  68166.34 
67779.5  68167.0 
67779.5  68168.2 
67779.6  68169.0 
67779.6  68170.0 
67779.6  68171.0 
67779.6  68172.0 
67779.6  68173.0 
67779.6  68174.0 
67779.6  67767.0 
67779.6  67764.0 
67779.6  68175.0 
67779.6  68176.3 
67779.6  68177.0 
67779.6  68178.0 
67779.6  68179.0 
67779.6  68180.0 
67779.6  68181.0 
67779.6  68182.0 
67779.6  68183.0 
67779.6  68184.0 
67779.6  68185.17 
67779.6  68186.0 
67779.6  68187.0 
67779.7  68188.0 
67779.7  68189.0 
67779.7  68190.41 
67779.7  68191.0 
67779.7  68192.0 
67779.7  68193.1 
67779.7  68194.0 
67779.7  68195.0 
67779.7  68196.0 
67779.7  68197.0 
67779.7  68198.0 
67779.8  68199.0 
67779.8  68200.0 
67779.8  68201.0 
67779.8  68202.0 
67779.8  68203.0 
67779.9  68204.0 
67779.9  68205.0 
67779.9  68206.0 
67779.9  68147.5 
67779.10  68207.0 
67780.1  68209.0 
67780.1  67762.0 
67780.1  67775.0 
67780.1  67766.0 
67780.1  67765.0 
67780.1  67771.0 
67780.1  67776.0 
67780.1  67777.0 
67780.1  68210.1 
67780.1  68211.1 
67780.1  68212.1 
67781.0  66847.0 
67782.0  66848.0 
67783.0  66849.0 
67784.0  66850.0 
67785.0  66851.0 
67786.0  66852.0 
67787.0  66853.0 
67788.0  66854.0 
67789.0  66855.0 
67790.0  66856.0 
67791.0  66857.0 
67792.0  66858.0 
67793.0  66859.0 
67794.0  66860.0 
67795.0  66861.0 
67796.0  66862.0 
67797.0  66863.0 
67798.0  66864.0 
67799.0  66865.0 
67800.0  66866.0 
67801.0  66867.0 
67802.0  66868.0 
67803.0  66869.0 
67804.0  66870.0 
67805.0  66871.0 
67806.0  66872.0 
67807.0  66873.0 
67808.0  66874.0 
67809.0  66875.0 
67810.0  66876.0 
67811.0  66877.0 
67812.0  66878.0 
67813.0  66879.0 
67814.0  66880.0 
67815.0  66881.0 
67816.0  66882.0 
67817.0  66883.0 
67818.0  66884.0 
67819.0  66885.0 
67820.0  66886.0 
67821.0  66887.0 
67822.0  66888.0 
67823.0  66889.0 
67824.0  66890.0 
67825.0  66891.0 
67826.0  66892.0 
67827.0  66893.0 
67828.0  66894.0 
67829.0  66895.0 
67830.0  66896.0 
67831.0  66897.0 
67832.0  66898.0 
67833.0  66899.0 
67834.0  66900.0 
67835.0  66901.0 
67836.0  66902.0 
67837.0  66903.0 
67838.0  66904.0 
67839.0  66905.0 
67840.0  66906.0 
67841.0  66907.0 
67842.0  66908.0 
67843.0  66909.0 
67844.0  66910.0 
67845.0  66911.0 
67846.0  66912.0 
67847.0  66913.0 
67848.0  66914.0 
67849.0  66915.0 
67850.0  66916.0 
67851.0  66917.0 
67852.0  66918.0 
67853.0  66919.0 
67854.0  66920.0 
67855.0  66921.0 
67856.0  66922.0 
67857.0  66923.0 
67858.0  66924.0 
67859.0  66925.0 
67860.0  66926.0 
67861.0  66927.0 
67862.0  66928.0 
67863.0  66929.0 
67864.0  66930.0 
67865.0  66931.0 
67866.0  66932.0 
67867.0  66933.0 
67868.0  66934.0 
67869.0  66935.0 
67870.0  66936.0 
67871.0  66937.0 
67872.0  66938.0 
67873.0  66939.0 
67874.0  66940.0 
67875.0  66941.0 
67876.0  66942.0 
67877.0  66943.0 
67878.0  66944.0 
67879.0  66945.0 
67880.0  66946.0 
67881.0  66947.0 
67882.0  66948.0 
67883.0  66949.0 
67884.0  66950.0 
67885.0  66951.0 
67886.0  66952.0 
67887.0  66953.0 
67888.0  66954.0 
67889.0  66955.0 
67890.0  66956.0 
67891.0  66957.0 
67892.0  66958.0 
67893.0  66959.0 
67894.0  66960.0 
67895.0  66961.0 
67896.0  66962.0 
67897.0  66963.0 
67898.0  66964.0 
67899.0  66965.0 
67900.0  66966.0 
67901.0  66967.0 
67902.0  66968.0 
67903.0  66969.0 
67904.0  66970.0 
67905.0  66971.0 
67906.0  66972.0 
67907.0  66973.0 
67908.0  66974.0 
67909.0  66975.0 
67910.0  66976.0 
67911.0  66977.0 
67912.0  66978.0 
67913.0  66979.0 
67914.0  66980.0 
67915.0  66981.0 
67916.0  66982.0 
67917.0  66983.0 
67918.0  66984.0 
67919.0  66985.0 
67920.0  66986.0 
67921.0  66987.0 
67922.0  66988.0 
67923.0  66989.0 
67924.0  66990.0 
67925.0  66991.0 
67926.0  66992.0 
67927.0  66993.0 
67928.0  66994.0 
67929.0  66995.0 
67930.0  66996.0 
67931.0  66997.0 
67932.0  66998.0 
67933.0  66999.0 
67934.0  67000.0 
67935.0  67001.0 
67936.0  67002.0 
67937.0  67003.0 
67938.0  67004.0 
67939.0  67005.0 
67940.0  67006.0 
67941.0  67007.0 
67942.0  67008.0 
67943.0  67009.0 
67944.1  68213.16 
67945.0  67011.0 
67946.0  67012.0 
67947.0  67013.0 
67948.0  67014.0 
67949.0  67015.0 
67950.0  67016.0 
67951.0  67017.0 
67952.0  67018.0 
67953.0  67019.0 
67954.0  67020.0 
67955.0  67021.0 
67956.0  67022.0 
67957.0  67023.0 
67958.0  67024.0 
67959.0  67025.0 
67960.0  67026.0 
67961.0  67027.0 
67962.0  67028.0 
67963.0  67029.0 
67964.0  67030.0 
67965.0  67031.0 
67966.0  67032.0 
67967.0  67033.0 
67968.0  67034.0 
67969.0  67035.0 
67970.0  67036.0 
67971.0  67037.0 
67972.0  67038.0 
67973.0  67039.0 
67974.0  67040.0 
67975.0  67041.0 
67976.0  67042.0 
67977.0  67043.0 
67978.0  67044.0 
67979.0  67045.0 
67980.0  67046.0 
67981.0  67047.0 
67982.0  67048.0 
67983.0  67049.0 
67984.0  67050.0 
67985.0  67051.0 
67986.0  67052.0 
67987.0  67053.0 
67988.0  67054.0 
67989.0  67055.0 
67990.0  67056.0 
67991.0  67057.0 
67992.0  67058.0 
67994.0  67060.0 
67995.0  67061.0 
67996.0  67062.0 
67997.0  67063.0 
67998.0  67064.0 
67999.0  67065.0 
68000.0  67066.0 
68001.0  67067.0 
68002.0  67068.0 
68003.0  67069.0 
68004.0  67070.0 
68005.0  67072.0 
68006.0  67071.0 
68007.0  67073.0 
68008.0  67074.0 
68009.0  67075.0 
68010.0  67076.0 
68011.0  67077.0 
68012.0  67078.0 
68013.0  67079.0 
68014.0  67080.0 
68015.0  67081.0 
68016.0  67082.0 
68017.0  67083.0 
68018.0  67084.0 
68019.0  67085.0 
68020.0  67086.0 
68021.0  67087.0 
68022.0  67088.0 
68023.0  67089.0 
68024.0  67090.0 
68025.0  67091.0 
68026.0  67092.0 
68027.0  67093.0 
68028.0  67094.0 
68029.0  67095.0 
68030.0  67096.0 
68031.0  67097.0 
68032.0  67098.0 
68033.0  67099.0 
68034.0  67100.0 
68035.0  67101.0 
68036.0  67102.0 
68037.0  67103.0 
68038.0  67104.0 
68039.0  67105.0 
68040.0  67106.0 
68041.0  67107.0 
68042.0  67108.0 
68043.0  67109.0 
68044.0  67110.0 
68045.0  67111.0 
68046.0  67112.0 
68047.0  67113.0 
68048.0  67114.0 
68049.0  67115.0 
68050.0  67116.0 
68051.0  67117.0 
68052.0  67118.0 
68053.0  67119.0 
68054.0  67120.0 
68055.0  67121.0 
68056.0  67122.0 
68057.0  67123.0 
68058.0  67124.0 
68059.0  67125.0 
68060.0  67126.0 
68061.0  67127.0 
68062.0  67128.0 
68063.0  67129.0 
68064.0  67130.0 
68065.0  67131.0 
68066.0  67132.0 
68067.0  67133.0 
68068.0  67134.0 
68069.0  67135.0 
68070.0  67136.0 
68071.0  67137.0 
68072.0  67138.0 
68073.0  67139.0 
68074.0  67140.0 
68075.0  67141.0 
68076.0  67142.0 
68077.0  67143.0 
68078.0  67144.0 
68079.0  67145.0 
68080.0  67146.0 
68081.0  67147.0 
68082.0  67148.0 
68083.0  67149.0 
68084.0  67150.0 
68085.0  67151.0 
68086.0  67152.0 
68087.0  67153.0 
68088.0  67154.0 
68089.0  67155.0 
68090.0  67156.0 
68091.0  67157.0 
68092.0  67158.0 
68093.0  67159.0 
68094.0  67160.0 
68095.0  67161.0 
68096.0  67162.0 
68097.0  67163.0 
68098.0  67164.0 
68099.0  67165.0 
68100.0  67166.0 
68101.0  67167.0 
68102.0  67168.0 
68103.0  67169.0 
68104.0  67170.0 
68105.0  67171.0 
68106.0  67172.0 
68107.0  67173.0 
68108.0  67174.0 
68109.1  68213.15 
68110.0  67176.0 
68111.0  67177.0 
68112.0  67178.0 
68113.0  67179.0 
68114.0  67180.0 
68115.0  67181.0 
68116.0  67182.0 
68117.0  67183.0 
68118.0  67184.0 
68119.0  67185.0 
68120.0  67186.0 
68121.0  67187.0 
68122.0  67188.0 
68123.0  67189.0 
68124.17  68213.16 
68124.17  67190.17 
68125.17  68213.16 
68125.17  67191.17 
68126.0  67192.0 
68127.0  67193.0 
68128.0  67194.0 
68129.0  67195.0 
68130.0  67196.0 
68131.0  67197.0 
68132.0  67198.0 
68133.0  67199.0 
68134.0  67200.0 
68135.0  67201.0 
68136.0  67202.0 
68137.0  67203.0 
68138.0  67204.0 
68139.0  67205.0 
68140.0  67206.0 
68141.0  67207.0 
68142.0  67208.0 
68143.0  67209.0 
68144.0  67210.0 
68145.0  67211.0 
68146.0  67212.0 
68147.1  67779.1 
68147.2  67779.2 
68147.3  67779.3 
68147.4  67779.4 
68147.5  67779.8 
68147.6  67779.9 
68148.0  67214.0 
68149.0  67215.0 
68150.0  67216.0 
68151.0  67217.0 
68152.0  67218.0 
68153.0  67219.0 
68154.0  67220.0 
68155.0  67221.0 
68156.0  67222.0 
68157.0  67223.0 
68158.0  67224.0 
68159.0  67225.0 
68160.0  67226.0 
68161.0  67227.0 
68162.0  67228.0 
68163.1  68213.16 
68164.0  67230.0 
68165.34  68213.16 
68165.34  67231.34 
68165.35  67779.5 
68166.34  68213.16 
68166.34  67232.34 
68166.35  67779.7 
68167.0  67233.0 
68168.2  67234.2 
68169.0  67235.0 
68170.0  67236.0 
68171.0  67237.0 
68172.0  67238.0 
68173.0  67239.0 
68174.0  67240.0 
68175.0  67241.0 
68176.1  68214.1 
68176.2  68215.1 
68176.3  68216.1 
68177.0  67243.0 
68178.0  67244.0 
68179.0  67245.0 
68180.0  67246.0 
68181.0  67247.0 
68182.0  67248.0 
68183.0  67249.0 
68184.0  67250.0 
68185.17  67251.17 
68185.18  67779.6 
68186.0  67252.0 
68187.0  67253.0 
68188.0  67254.0 
68189.0  67255.0 
68190.39  68213.10 
68190.40  68213.13 
68190.41  68213.16 
68190.41  67256.41 
68191.0  67257.0 
68193.1  68217.1 
68194.0  67260.0 
68195.0  67261.0 
68197.0  67263.0 
68198.0  67264.0 
68199.0  67265.0 
68200.0  67266.0 
68201.0  67267.0 
68202.0  67268.0 
68203.0  67269.0 
68204.0  67270.0 
68205.0  67271.0 
68206.0  67272.0 
68207.0  67273.0 
68208.1  68219.0 
68208.1  67762.0 
68208.1  67775.0 
68208.1  67766.0 
68208.1  67765.0 
68208.1  67771.0 
68208.1  67776.0 
68208.1  67777.0 
68208.1  68220.1 
68208.1  68221.1 
68208.1  68222.1 
68208.1  68223.1 
68208.1  68224.1 
68209.0  67275.0 
68210.1  68225.1 
68211.1  68226.1 
68212.1  68227.1 
68213.11  68228.0 
68213.12  67294.0 
68213.13  67256.39 
68213.14  67213.9 
68213.15  68229.0 
68213.16  67256.40 
68213.17  67213.10 
68213.17  66845.17 
68214.1  68230.0 
68214.1  67762.0 
68214.1  68231.0 
68214.1  68232.0 
68214.1  67765.0 
68214.1  68233.0 
68214.1  67763.0 
68214.1  68234.0 
68214.1  67766.0 
68214.1  67768.0 
68214.1  68235.0 
68214.1  67771.0 
68214.1  68236.2 
68215.1  68238.0 
68215.1  67762.0 
68215.1  68231.0 
68215.1  68232.0 
68215.1  67763.0 
68215.1  67765.0 
68215.1  68233.0 
68215.1  67766.0 
68215.1  68234.0 
68215.1  67768.0 
68215.1  68239.0 
68215.1  67771.0 
68215.1  68176.1 
68216.1  68240.0 
68216.1  67762.0 
68216.1  67765.0 
68216.1  68176.2 
68217.1  68242.0 
68217.1  67762.0 
68217.1  68243.0 
68217.1  67765.0 
68217.1  67771.0 
68217.1  67777.0 
68217.1  67822.0 
68217.1  68244.1 
68217.1  68244.2 
68217.1  68244.3 
68217.1  68244.4 
68217.1  68244.5 
68217.1  68244.6 
68217.1  68244.7 
68218.1  67774.0 
68218.1  67762.0 
68218.1  67765.0 
68219.0  67285.0 
68220.1  68245.1 
68221.1  68246.1 
68222.1  68247.1 
68223.1  68248.1 
68224.1  68249.1 
68225.1  68250.0 
68225.1  67762.0 
68225.1  67765.0 
68225.1  67771.0 
68226.1  68251.0 
68226.1  67762.0 
68226.1  67765.0 
68226.1  67771.0 
68227.1  68253.0 
68227.1  67762.0 
68227.1  67765.0 
68228.0  66353.0 
68229.0  66354.0 
68230.0  67296.0 
68231.0  67297.0 
68232.0  67298.0 
68233.0  67299.0 
68234.0  67300.0 
68236.1  68254.1 
68236.2  68255.1 
68237.1  68257.0 
68237.1  67762.0 
68237.1  67775.0 
68237.1  67766.0 
68237.1  67765.0 
68237.1  67771.0 
68237.1  67776.0 
68237.1  67777.0 
68237.1  67827.0 
68237.1  67828.0 
68237.1  67829.0 
68237.1  68258.1 
68237.1  68259.1 
68237.2  68260.1 
68237.3  68261.1 
68238.0  67304.0 
68240.0  67306.0 
68241.1  68262.0 
68241.1  67762.0 
68241.1  67775.0 
68241.1  67766.0 
68241.1  67765.0 
68241.1  67771.0 
68241.1  67776.0 
68241.1  67777.0 
68242.0  67308.0 
68243.0  67309.0 
68244.1  68263.1 
68244.2  68263.2 
68244.3  68263.3 
68244.4  68263.4 
68244.5  68263.5 
68244.6  68263.6 
68244.7  68263.7 
68245.1  68251.0 
68245.1  67762.0 
68245.1  67765.0 
68245.1  67771.0 
68246.1  68250.0 
68246.1  67762.0 
68246.1  67765.0 
68246.1  67771.0 
68247.1  68264.0 
68247.1  67762.0 
68247.1  67765.0 
68247.1  67771.0 
68248.1  68264.0 
68248.1  67762.0 
68248.1  67765.0 
68248.1  67771.0 
68249.1  68264.0 
68249.1  67762.0 
68249.1  67765.0 
68249.1  67771.0 
68250.0  67316.0 
68251.0  67317.0 
68253.0  67319.0 
68254.1  68230.0 
68254.1  67762.0 
68254.1  68231.0 
68254.1  68232.0 
68254.1  67765.0 
68254.1  68233.0 
68254.1  67763.0 
68254.1  68234.0 
68254.1  67766.0 
68254.1  67768.0 
68254.1  68266.0 
68254.1  67771.0 
68254.1  68267.1 
68255.1  68238.0 
68255.1  67762.0 
68255.1  68231.0 
68255.1  68232.0 
68255.1  67763.0 
68255.1  67765.0 
68255.1  68233.0 
68255.1  67766.0 
68255.1  68234.0 
68255.1  67768.0 
68255.1  68269.0 
68255.1  67771.0 
68255.1  68236.1 
68256.1  68238.0 
68256.1  67762.0 
68256.1  68231.0 
68256.1  68232.0 
68256.1  67763.0 
68256.1  67765.0 
68256.1  68233.0 
68256.1  67766.0 
68256.1  68234.0 
68256.1  67768.0 
68256.1  68270.0 
68256.1  67771.0 
68257.0  67323.0 
68258.1  68271.0 
68259.1  68272.1 
68260.1  68273.1 
68261.1  68274.1 
68262.0  67328.0 
68263.1  68275.0 
68263.1  67762.0 
68263.1  68276.0 
68263.1  67766.0 
68263.1  67765.0 
68263.1  68277.0 
68263.1  67771.0 
68263.1  68278.0 
68263.1  68279.0 
68263.1  67776.0 
68263.1  68280.0 
68263.1  68281.0 
68263.1  68282.0 
68263.1  67777.0 
68263.1  68283.0 
68263.1  68284.0 
68263.1  68285.0 
68263.1  68286.0 
68263.1  68287.0 
68263.1  68288.0 
68263.1  68289.0 
68263.1  68290.0 
68263.1  68291.0 
68263.1  68292.0 
68263.1  68293.0 
68263.1  68294.0 
68263.1  68295.0 
68263.1  68296.0 
68263.1  68297.0 
68263.1  68298.0 
68263.1  68299.0 
68263.1  68300.0 
68263.1  68301.0 
68263.1  68302.0 
68263.1  68303.0 
68263.1  68304.0 
68263.1  68305.0 
68263.1  68306.0 
68263.1  68307.0 
68263.1  68308.0 
68263.1  68309.0 
68263.1  68310.0 
68263.1  68311.0 
68263.1  68312.0 
68263.1  68313.0 
68263.1  68314.0 
68263.1  68315.0 
68263.1  68316.0 
68263.1  68317.0 
68263.1  68318.0 
68263.1  68319.0 
68263.1  68320.0 
68263.1  68321.0 
68263.1  68322.0 
68263.1  68323.0 
68263.1  68324.0 
68263.1  68325.0 
68263.1  68326.0 
68263.1  68327.0 
68263.1  68328.0 
68263.1  68329.0 
68263.1  68330.0 
68263.1  68331.0 
68263.1  68332.0 
68263.1  68333.0 
68263.1  68334.0 
68263.1  68335.0 
68263.1  68336.0 
68263.1  68337.0 
68263.1  68338.0 
68263.1  68339.0 
68263.1  68340.0 
68263.1  68341.0 
68263.1  68342.0 
68263.1  68343.0 
68263.1  68344.0 
68263.1  68345.0 
68263.1  68346.0 
68263.1  68347.0 
68263.1  68348.0 
68263.1  68349.0 
68263.1  68350.0 
68263.1  68351.0 
68263.1  68352.0 
68263.1  68353.0 
68263.1  68354.0 
68263.2  68355.0 
68263.2  68356.0 
68263.2  68357.0 
68263.2  68358.0 
68263.2  68359.0 
68263.2  68360.0 
68263.2  68361.0 
68263.2  68362.0 
68263.2  68363.0 
68263.2  68364.0 
68263.2  68365.0 
68263.2  68366.0 
68263.2  68367.0 
68263.2  68368.0 
68263.2  68369.0 
68263.2  68370.0 
68263.2  68371.0 
68263.2  68372.0 
68263.2  68373.0 
68263.2  68374.0 
68263.2  68375.0 
68263.2  68376.0 
68263.2  68377.0 
68263.2  68378.0 
68263.2  68379.0 
68263.2  68380.0 
68263.2  68381.0 
68263.2  68382.0 
68263.2  68383.0 
68263.2  68384.0 
68263.2  68385.0 
68263.2  68386.0 
68263.2  68387.0 
68263.2  68388.0 
68263.2  68389.0 
68263.2  68390.0 
68263.2  68391.0 
68263.2  68392.0 
68263.2  68393.0 
68263.2  68394.0 
68263.2  68395.0 
68263.2  68396.0 
68263.2  68397.0 
68263.2  68398.0 
68263.2  68399.0 
68263.2  68400.0 
68263.2  68401.0 
68263.2  68402.0 
68263.2  68403.0 
68263.2  68404.0 
68263.2  68405.0 
68263.2  68406.0 
68263.2  68407.0 
68263.2  68408.0 
68263.2  68409.0 
68263.2  68410.0 
68263.2  68411.0 
68263.2  68412.0 
68263.2  68413.0 
68263.2  68414.0 
68263.2  68415.0 
68263.2  68416.0 
68263.2  68417.0 
68263.2  68418.0 
68263.2  68419.0 
68263.2  68420.0 
68263.2  68421.0 
68263.2  68422.0 
68263.2  68423.0 
68263.2  68424.0 
68263.2  68425.0 
68263.2  68426.0 
68263.2  68427.0 
68263.2  68428.0 
68263.2  68429.0 
68263.2  68430.0 
68263.2  68431.0 
68263.2  68432.0 
68263.3  68433.0 
68263.3  68434.0 
68263.3  68435.0 
68263.3  68436.0 
68263.3  68437.0 
68263.3  68438.0 
68263.3  68439.0 
68263.3  68440.0 
68263.3  68441.0 
68263.3  68442.0 
68263.3  68443.0 
68263.3  68444.0 
68263.3  68445.0 
68263.3  68446.0 
68263.3  68447.0 
68263.3  68448.0 
68263.3  68449.0 
68263.3  68450.0 
68263.3  68451.0 
68263.3  68452.0 
68263.3  68453.0 
68263.3  68454.0 
68263.3  68455.0 
68263.3  68456.0 
68263.3  68457.0 
68263.3  68458.0 
68263.3  68459.0 
68263.3  68460.0 
68263.3  68461.0 
68263.3  68462.0 
68263.3  68463.0 
68263.3  68464.0 
68263.3  68465.0 
68263.3  68466.0 
68263.3  68467.0 
68263.3  68468.0 
68263.3  68469.0 
68263.3  68470.0 
68263.3  68471.0 
68263.3  68472.0 
68263.3  68473.0 
68263.3  68474.0 
68263.3  68475.0 
68263.3  68476.0 
68263.3  68477.0 
68263.3  68478.0 
68263.3  68479.0 
68263.3  68480.0 
68263.3  68481.0 
68263.3  68482.0 
68263.3  68483.0 
68263.3  68484.0 
68263.3  68485.0 
68263.3  68486.0 
68263.3  68487.0 
68263.3  68488.0 
68263.3  68489.0 
68263.3  68490.0 
68263.3  68491.0 
68263.3  68492.0 
68263.3  68493.0 
68263.3  68494.0 
68263.3  68495.0 
68263.3  68496.0 
68263.3  68497.0 
68263.3  68498.0 
68263.3  68499.0 
68263.3  68500.0 
68263.3  68501.0 
68263.3  68502.0 
68263.3  68503.0 
68263.3  68504.0 
68263.3  68505.0 
68263.3  68506.0 
68263.3  68507.0 
68263.3  68508.0 
68263.3  68509.0 
68263.3  68510.0 
68263.3  68511.0 
68263.4  68512.0 
68263.4  68513.0 
68263.4  68514.0 
68263.4  68515.0 
68263.4  68516.0 
68263.4  68517.0 
68263.4  68518.0 
68263.4  68519.0 
68263.4  68520.0 
68263.4  68521.0 
68263.4  68522.0 
68263.4  68523.0 
68263.4  68524.0 
68263.4  68525.0 
68263.4  68526.0 
68263.4  68527.0 
68263.4  68528.0 
68263.4  68529.0 
68263.4  68530.0 
68263.4  68531.0 
68263.4  68532.0 
68263.4  68533.0 
68263.4  68534.0 
68263.4  68535.0 
68263.4  68536.0 
68263.4  68537.0 
68263.4  68538.0 
68263.4  68539.0 
68263.4  68540.0 
68263.4  68541.0 
68263.4  68542.0 
68263.4  68543.0 
68263.4  68544.0 
68263.4  68545.0 
68263.4  68546.0 
68263.4  68547.0 
68263.4  68548.0 
68263.4  68549.0 
68263.4  68550.0 
68263.5  68551.0 
68263.5  68552.0 
68263.5  68553.0 
68263.5  68554.0 
68263.5  68555.0 
68263.5  68556.0 
68263.5  68557.0 
68263.5  68558.0 
68263.5  68559.0 
68263.5  68560.0 
68263.5  68561.0 
68263.5  68562.0 
68263.5  68563.0 
68263.5  68564.0 
68263.5  68565.0 
68263.5  68566.0 
68263.5  68567.0 
68263.5  68568.0 
68263.5  68569.0 
68263.5  68570.0 
68263.5  68571.0 
68263.5  68572.0 
68263.5  68573.0 
68263.5  68574.0 
68263.5  68575.0 
68263.5  68576.0 
68263.5  68577.0 
68263.5  68578.0 
68263.5  68579.0 
68263.5  68580.0 
68263.5  68581.0 
68263.5  68582.0 
68263.5  68583.0 
68263.5  68584.0 
68263.5  68585.0 
68263.5  68586.0 
68263.5  68587.0 
68263.5  68588.0 
68263.5  68589.0 
68263.5  68590.0 
68263.5  68591.0 
68263.5  68592.0 
68263.5  68593.0 
68263.5  68594.0 
68263.5  68595.0 
68263.5  68596.0 
68263.5  68597.0 
68263.5  68598.0 
68263.6  68599.0 
68263.6  68600.0 
68263.6  68601.0 
68263.6  68602.0 
68263.6  68603.0 
68263.6  68604.0 
68263.6  68605.0 
68263.6  68606.0 
68263.6  68607.0 
68263.6  68608.0 
68263.6  68609.0 
68263.6  68610.0 
68263.6  68611.0 
68263.6  68612.0 
68263.6  68613.0 
68263.6  68614.0 
68263.6  68615.0 
68263.6  68616.0 
68263.6  68617.0 
68263.6  68618.0 
68263.6  68619.0 
68263.6  68620.0 
68263.6  68621.0 
68263.6  68622.0 
68263.6  68623.0 
68263.6  68624.0 
68263.6  68625.0 
68263.7  68626.0 
68263.7  68627.0 
68263.7  68628.0 
68263.7  68629.0 
68263.7  68630.0 
68263.7  68631.0 
68263.7  68632.0 
68263.7  68633.0 
68263.7  68634.0 
68263.7  68635.0 
68263.7  68636.0 
68263.7  68637.0 
68263.7  68638.0 
68263.7  68639.0 
68263.7  68640.0 
68263.7  68641.0 
68263.7  68642.0 
68263.7  68643.0 
68263.7  68644.0 
68263.7  68645.0 
68263.7  68646.0 
68263.7  68647.0 
68263.7  68648.0 
68263.7  68649.0 
68263.7  68650.0 
68263.7  68651.0 
68263.7  68652.0 
68263.7  68653.0 
68263.7  68654.0 
68263.7  68655.0 
68263.7  68656.0 
68263.7  68657.0 
68263.7  68658.0 
68263.7  68659.0 
68263.7  68660.0 
68263.7  68661.0 
68263.7  68662.0 
68263.7  68663.0 
68263.7  68664.0 
68263.7  68665.0 
68263.7  68666.0 
68264.0  67330.0 
68265.1  68668.0 
68265.1  66828.0 
68265.1  66841.0 
68265.1  66832.0 
68265.1  66831.0 
68265.1  66837.0 
68265.1  66842.0 
68265.1  66843.0 
68265.1  66893.0 
68265.1  66894.0 
68265.1  66895.0 
68265.1  68669.1 
68265.1  68670.1 
68265.1  66888.0 
68265.1  66900.0 
68265.1  68671.1 
68267.1  68672.1 
68268.1  66839.1 
68272.1  68674.0 
68272.1  67762.0 
68272.1  67765.0 
68272.1  67771.0 
68272.1  67777.0 
68272.1  68675.1 
68273.1  68674.0 
68273.1  67762.0 
68273.1  67765.0 
68273.1  67771.0 
68273.1  67777.0 
68273.1  68677.1 
68274.1  68674.0 
68274.1  67762.0 
68274.1  67765.0 
68274.1  67771.0 
68274.1  67777.0 
68274.1  68679.1 
68275.0  67341.0 
68276.0  67342.0 
68277.0  67343.0 
68279.0  67345.0 
68280.0  67346.0 
68281.0  67347.0 
68282.0  67348.0 
68283.0  67349.0 
68284.0  67350.0 
68285.0  67351.0 
68286.0  67352.0 
68287.0  67353.0 
68288.0  67354.0 
68289.0  67355.0 
68290.0  67356.0 
68291.0  67357.0 
68292.0  67358.0 
68293.0  67359.0 
68294.0  67360.0 
68295.0  67361.0 
68296.0  67362.0 
68297.0  67363.0 
68298.0  67364.0 
68299.0  67365.0 
68300.0  67366.0 
68301.0  67367.0 
68302.0  67368.0 
68303.0  67369.0 
68304.0  67370.0 
68305.0  67371.0 
68306.0  67372.0 
68307.0  67373.0 
68308.0  67374.0 
68309.0  67375.0 
68310.0  67376.0 
68311.0  67377.0 
68312.0  67378.0 
68313.0  67379.0 
68314.0  67380.0 
68315.0  67381.0 
68316.0  67382.0 
68317.0  67383.0 
68318.0  67384.0 
68319.0  67385.0 
68320.0  67386.0 
68321.0  67387.0 
68322.0  67388.0 
68323.0  67389.0 
68324.0  67390.0 
68325.0  67391.0 
68326.0  67392.0 
68327.0  67393.0 
68328.0  67394.0 
68329.0  67395.0 
68330.0  67396.0 
68331.0  67397.0 
68332.0  67398.0 
68333.0  67399.0 
68334.0  67400.0 
68335.0  67401.0 
68336.0  67402.0 
68337.0  67403.0 
68338.0  67404.0 
68339.0  67405.0 
68340.0  67406.0 
68341.0  67407.0 
68342.0  67408.0 
68343.0  67409.0 
68344.0  67410.0 
68345.0  67411.0 
68346.0  67412.0 
68347.0  67413.0 
68348.0  67414.0 
68349.0  67415.0 
68350.0  67416.0 
68351.0  67417.0 
68352.0  67418.0 
68353.0  67419.0 
68354.0  67420.0 
68355.0  67421.0 
68356.0  67422.0 
68357.0  67423.0 
68358.0  67424.0 
68359.0  67425.0 
68360.0  67426.0 
68361.0  67427.0 
68362.0  67428.0 
68363.0  67429.0 
68364.0  67430.0 
68365.0  67431.0 
68366.0  67432.0 
68367.0  67433.0 
68368.0  67434.0 
68369.0  67435.0 
68370.0  67436.0 
68371.0  67437.0 
68372.0  67438.0 
68373.0  67439.0 
68374.0  67440.0 
68375.0  67441.0 
68376.0  67442.0 
68377.0  67443.0 
68378.0  67444.0 
68379.0  67445.0 
68380.0  67446.0 
68381.0  67447.0 
68382.0  67448.0 
68383.0  67449.0 
68384.0  67450.0 
68385.0  67451.0 
68386.0  67452.0 
68387.0  67453.0 
68388.0  67454.0 
68389.0  67455.0 
68390.0  67456.0 
68391.0  67457.0 
68392.0  67458.0 
68393.0  67459.0 
68394.0  67460.0 
68395.0  67461.0 
68396.0  67462.0 
68397.0  67463.0 
68398.0  67464.0 
68399.0  67465.0 
68400.0  67466.0 
68401.0  67467.0 
68402.0  67468.0 
68403.0  67469.0 
68404.0  67470.0 
68405.0  67471.0 
68406.0  67472.0 
68407.0  67473.0 
68408.0  67474.0 
68409.0  67475.0 
68410.0  67476.0 
68411.0  67477.0 
68412.0  67478.0 
68413.0  67479.0 
68414.0  67480.0 
68415.0  67481.0 
68416.0  67482.0 
68417.0  67483.0 
68418.0  67484.0 
68419.0  67485.0 
68420.0  67486.0 
68421.0  67487.0 
68422.0  67488.0 
68423.0  67489.0 
68424.0  67490.0 
68425.0  67491.0 
68426.0  67492.0 
68427.0  67493.0 
68428.0  67494.0 
68429.0  67495.0 
68430.0  67496.0 
68431.0  67497.0 
68432.0  67498.0 
68433.0  67499.0 
68434.0  67500.0 
68435.0  67501.0 
68436.0  67502.0 
68437.0  67503.0 
68438.0  67504.0 
68439.0  67505.0 
68440.0  67506.0 
68441.0  67507.0 
68442.0  67508.0 
68443.0  67509.0 
68444.0  67510.0 
68445.0  67511.0 
68446.0  67512.0 
68447.0  67513.0 
68448.0  67514.0 
68449.0  67515.0 
68450.0  67516.0 
68451.0  67517.0 
68452.0  67518.0 
68453.0  67519.0 
68454.0  67520.0 
68455.0  67521.0 
68456.0  67522.0 
68457.0  67523.0 
68458.0  67524.0 
68459.0  67525.0 
68460.0  67526.0 
68461.0  67527.0 
68462.0  67528.0 
68463.0  67529.0 
68464.0  67530.0 
68465.0  67531.0 
68466.0  67532.0 
68467.0  67533.0 
68468.0  67534.0 
68469.0  67535.0 
68470.0  67536.0 
68471.0  67537.0 
68472.0  67538.0 
68473.0  67539.0 
68474.0  67540.0 
68475.0  67541.0 
68476.0  67542.0 
68477.0  67543.0 
68478.0  67544.0 
68479.0  67545.0 
68480.0  67546.0 
68482.0  67548.0 
68483.0  67549.0 
68484.0  67550.0 
68485.0  67551.0 
68486.0  67552.0 
68487.0  67553.0 
68488.0  67554.0 
68489.0  67555.0 
68490.0  67556.0 
68491.0  67557.0 
68492.0  67558.0 
68493.0  67559.0 
68494.0  67560.0 
68495.0  67561.0 
68496.0  67562.0 
68497.0  67563.0 
68498.0  67564.0 
68499.0  67565.0 
68500.0  67566.0 
68501.0  67567.0 
68502.0  67568.0 
68503.0  67569.0 
68504.0  67570.0 
68505.0  67571.0 
68506.0  67572.0 
68507.0  67573.0 
68508.0  67574.0 
68509.0  67575.0 
68510.0  67576.0 
68511.0  67577.0 
68512.0  67578.0 
68513.0  67579.0 
68514.0  67580.0 
68515.0  67581.0 
68516.0  67582.0 
68517.0  67583.0 
68518.0  67584.0 
68519.0  67585.0 
68520.0  67586.0 
68521.0  67587.0 
68522.0  67588.0 
68523.0  67589.0 
68524.0  67590.0 
68525.0  67591.0 
68526.0  67592.0 
68527.0  67593.0 
68528.0  67594.0 
68529.0  67595.0 
68530.0  67596.0 
68531.0  67597.0 
68532.0  67598.0 
68533.0  67599.0 
68534.0  67600.0 
68535.0  67601.0 
68536.0  67602.0 
68537.0  67603.0 
68538.0  67604.0 
68539.0  67605.0 
68540.0  67606.0 
68541.0  67607.0 
68542.0  67608.0 
68543.0  67609.0 
68544.0  67610.0 
68545.0  67611.0 
68546.0  67612.0 
68547.0  67613.0 
68548.0  67614.0 
68549.0  67615.0 
68550.0  67616.0 
68551.0  67617.0 
68552.0  67618.0 
68553.0  67619.0 
68554.0  67620.0 
68555.0  67621.0 
68556.0  67622.0 
68557.0  67623.0 
68558.0  67624.0 
68559.0  67625.0 
68560.0  67626.0 
68561.0  67627.0 
68562.0  67628.0 
68563.0  67629.0 
68564.0  67630.0 
68565.0  67631.0 
68566.0  67632.0 
68567.0  67633.0 
68568.0  67634.0 
68569.0  67635.0 
68570.0  67636.0 
68571.0  67637.0 
68572.0  67638.0 
68573.0  67639.0 
68574.0  67640.0 
68575.0  67641.0 
68576.0  67642.0 
68577.0  67643.0 
68578.0  67644.0 
68579.0  67645.0 
68580.0  67646.0 
68581.0  67647.0 
68582.0  67648.0 
68583.0  67649.0 
68584.0  67650.0 
68585.0  67651.0 
68586.0  67652.0 
68587.0  67653.0 
68588.0  67654.0 
68589.0  67655.0 
68590.0  67656.0 
68591.0  67657.0 
68592.0  67658.0 
68593.0  67659.0 
68594.0  67660.0 
68595.0  67661.0 
68596.0  67662.0 
68597.0  67663.0 
68598.0  67664.0 
68599.0  67665.0 
68600.0  67666.0 
68601.0  67667.0 
68602.0  67668.0 
68603.0  67669.0 
68604.0  67670.0 
68605.0  67671.0 
68606.0  67672.0 
68607.0  67673.0 
68608.0  67674.0 
68609.0  67675.0 
68610.0  67676.0 
68611.0  67677.0 
68612.0  67678.0 
68613.0  67679.0 
68614.0  67680.0 
68615.0  67681.0 
68616.0  67682.0 
68617.0  67683.0 
68618.0  67684.0 
68619.0  67685.0 
68620.0  67686.0 
68621.0  67687.0 
68622.0  67688.0 
68623.0  67689.0 
68624.0  67690.0 
68625.0  67691.0 
68626.0  67692.0 
68627.0  67693.0 
68628.0  67694.0 
68629.0  67695.0 
68630.0  67696.0 
68631.0  67697.0 
68632.0  67698.0 
68633.0  67699.0 
68634.0  67700.0 
68635.0  67701.0 
68636.0  67702.0 
68637.0  67703.0 
68667.1  67296.0 
68667.1  66828.0 
68667.1  67297.0 
68667.1  67298.0 
68667.1  66831.0 
68667.1  67299.0 
68667.1  66829.0 
68667.1  67300.0 
68667.1  66832.0 
68667.1  66834.0 
68667.1  68680.0 
68667.1  66837.0 
68667.1  67242.3 
68668.0  66794.0 
68669.1  68681.1 
68670.1  68682.1 
68671.1  68683.1 
68672.1  68684.0 
68672.1  66828.0 
68672.1  66831.0 
68672.1  68685.3 
68674.0  67739.0 
68675.1  68686.0 
68677.1  68687.0 
68679.1  68688.0 
68681.1  67739.0 
68681.1  66828.0 
68681.1  66831.0 
68681.1  66837.0 
68681.1  66843.0 
68681.1  68690.1 
68682.1  68691.0 
68682.1  66828.0 
68682.1  66831.0 
68682.1  66837.0 
68682.1  68692.26 
68683.1  68691.0 
68683.1  66828.0 
68683.1  66831.0 
68683.1  66837.0 
68683.1  68693.26 
68684.0  66810.0 
68685.3  67242.3 
68690.1  68694.0 
68691.0  66817.0 
68692.25  66818.25 
68692.26  68695.1 
68692.27  68237.1 
68693.25  66819.25 
68693.26  68695.2 
68693.27  68237.2 
68695.3  67303.3 
67759.0  67760.0 
67760.0  67773.0 
67779.0  67780.0 
67780.0  68208.0 
68208.0  68218.0 
68214.0  67773.0 
68215.0  68237.0 
68216.0  68237.0 
68217.0  68241.0 
68218.0  67773.0 
68225.0  67780.0 
68226.0  67780.0 
68227.0  68252.0 
68237.0  68256.0 
68241.0  67779.0 
68245.0  68208.0 
68246.0  68208.0 
68247.0  68208.0 
68248.0  68208.0 
68249.0  68208.0 
68252.0  67780.0 
68254.0  68265.0 
68255.0  68268.0 
68256.0  67773.0 
68263.0  68241.0 
68265.0  68667.0 
68271.0  68237.0 
68272.0  68673.0 
68273.0  68676.0 
68274.0  68678.0 
68667.0  68268.0 
68672.0  68265.0 
68673.0  68237.0 
68676.0  68237.0 
68678.0  68237.0 
68681.0  68689.0 
68682.0  68265.0 
68683.0  68265.0 
68686.0  68673.0 
68687.0  68676.0 
68688.0  68678.0 
68689.0  68265.0 
68694.0  68689.0 
67778.1  67779.10 
68696.1  67779.10 
68697.1  67779.10 
