52572.1  52574.0 
52572.1  52575.0 
52572.1  52576.0 
52572.1  52577.0 
52572.1  52578.0 
52572.1  52579.0 
52572.1  52580.0 
52572.1  52581.0 
52572.1  52582.0 
52572.1  52583.0 
52572.1  52584.0 
52572.1  52585.0 
52573.1  52587.0 
52573.1  52575.0 
52573.1  52578.0 
52574.0  52554.0 
52575.0  52555.0 
52576.0  52556.0 
52577.0  52557.0 
52578.0  52558.0 
52579.0  52559.0 
52580.0  52560.0 
52581.0  52561.0 
52584.0  52564.0 
52585.0  25352.0 
52586.1  52575.0 
52586.1  52588.0 
52586.1  52579.0 
52586.1  52578.0 
52586.1  52584.0 
52586.1  52589.0 
52586.1  52590.0 
52587.0  52567.0 
52588.0  52568.0 
52589.0  52569.0 
52590.0  52570.0 
52571.1  52572.1 
52572.0  52573.0 
52573.0  52586.0 
