31728
31744
31730
31734
31735
31739
31740
31741
0
0
0
0
0
0
0
0
24626
26193
26196
26197
26198
26199
26200
26201
26202
26205
0
0
0
0
0
0
25656
26443
25728
25729
25730
25835
25915
26068
26120
26395
26430
26435
26438
25727
26450
26452
45042
45043
45056
45057
45058
45059
45060
45061
45062
0
0
0
0
0
0
0
19054
19078
19079
19080
19084
19091
19683
19688
19682
19681
19680
19679
19678
19644
19643
19642
53492
53493
53494
53496
53497
53535
53538
53539
53540
53546
53583
53584
53585
53586
0
0
2460
2649
2670
2669
2668
2667
2666
2665
2658
2657
2656
2655
2654
2653
2652
2651
18692
18700
18708
18707
18706
18705
18704
18703
18702
18701
18699
18698
18697
18696
18695
18694
44598
44599
44600
44615
44620
44654
44668
0
0
0
0
0
0
0
0
0
2476
2479
2480
2481
2482
2521
2568
2569
2570
2515
0
0
0
0
0
0
32490
0
0
0
0
0
0
0
0
0
0
0
0
0
0
0
49960
49961
49963
49964
49965
49966
49967
49968
49969
49987
49988
49989
0
0
0
0
41470
41471
41474
41484
41486
41488
41489
41490
41491
41492
41493
0
0
0
0
0
29054
29187
29190
29209
29198
29149
29164
29150
29151
29152
29153
29154
29155
29156
29157
29158
5549
5550
5595
5596
5597
5598
5599
5600
5601
5602
0
0
0
0
0
0
7974
7976
7985
8003
8011
8012
8018
8019
8022
8025
8027
8062
8050
8051
8052
8053
50314
50315
50316
50329
50337
50338
50340
50342
50343
50355
50356
0
0
0
0
0
48666
48667
49240
49241
49242
49243
49487
49488
49489
0
0
0
0
0
0
0
47386
47387
48568
48569
48570
48571
48572
48573
48580
0
0
0
0
0
0
0
6459
6521
6507
6508
6509
6511
6514
6515
6516
6518
6519
6520
6506
6522
6523
6524
17227
17271
17353
17340
17333
17330
17328
17326
17324
17311
17302
17301
17300
17288
17287
17273
7202
7203
7212
7213
7227
7251
7258
7261
7262
7263
7265
7277
7278
0
0
0
21738
22436
22417
22435
22434
22433
22432
22431
22430
22429
22428
22427
22426
22425
22424
22423
18012
18273
18294
18274
18275
18276
18277
18278
18279
18280
18281
18282
18283
18284
18285
18286
27891
27955
27952
28229
29214
28005
29050
28109
28103
28102
28101
28099
28094
28093
28092
28110
23212
23213
23215
23216
23217
23218
23219
23220
23221
0
0
0
0
0
0
0
21380
21381
21383
21384
21385
21386
21387
21388
21389
0
0
0
0
0
0
0
24693
24758
24782
24819
24847
24848
24850
24851
24852
24910
24979
24980
25018
25278
25279
0
4660
4761
4749
4750
4751
4752
4753
4754
4755
4756
4757
4758
4759
4760
4747
4763
19487
0
0
0
0
0
0
0
0
0
0
0
0
0
0
0
19064
19066
19077
19103
19476
19479
19480
19483
19536
0
0
0
0
0
0
0
27611
27617
27833
28593
28333
28596
28595
28594
28331
29452
28848
28606
28605
28604
27612
28330
4662
4664
4671
4675
4693
4697
4698
4699
4700
4701
4702
4703
4714
0
0
0
1559
1642
1660
1657
1656
1655
1654
1653
1652
1651
1650
1649
1647
1646
1644
1643
4634
4636
4637
4638
4639
4653
4654
0
0
0
0
0
0
0
0
0
24169
24630
24631
24678
24776
24810
24871
24912
24913
25275
25909
25960
0
0
0
0
21882
22131
22513
22512
22511
22506
22142
22141
22140
22139
22138
22137
22136
22135
22134
22133
17669
17670
17675
17676
17677
17678
17679
17680
17681
17757
17758
17763
17764
17765
17766
17767
29836
29837
29842
29843
29844
29845
29846
29847
29848
0
0
0
0
0
0
0
21860
22112
22099
22100
22101
22102
22103
22104
22105
22106
22107
22108
22109
22110
22111
22097
1584
1585
0
0
0
0
0
0
0
0
0
0
0
0
0
0
53547
0
0
0
0
0
0
0
0
0
0
0
0
0
0
0
31595
31594
31596
31597
31598
31599
31610
31611
31612
0
0
0
0
0
0
0
20286
20289
20290
20291
20292
20293
20294
20295
20296
20297
20288
20305
0
0
0
0
39244
39245
39246
39250
39251
39255
39256
39257
39258
39259
39270
39273
39274
0
0
0
22727
22728
22729
22889
22891
22893
0
0
0
0
0
0
0
0
0
0
14013
15647
15786
15648
15649
15650
15651
15659
15660
15663
15664
15775
15776
15777
15778
15779
19058
19527
19555
19554
19553
19552
19551
19541
19540
19534
19533
19531
19530
19528
19556
19519
9236
9237
9242
9249
9258
9259
9261
9262
9263
9267
9268
9269
9270
0
0
0
24166
24636
24681
24824
24825
25016
25017
25274
25460
25900
26382
0
0
0
0
0
32723
34318
33074
33067
33085
33068
34587
34279
33749
34427
33758
34809
34733
33768
33903
33999
53961
53962
53965
53980
53981
54026
54027
54028
54029
54031
54039
54041
54042
54045
54046
0
18662
18683
18691
18690
18689
18688
18687
18686
18685
18684
18682
18681
18680
18679
18678
18677
9265
0
0
0
0
0
0
0
0
0
0
0
0
0
0
0
21854
22393
22382
22383
22384
22385
22386
22387
22388
22389
22390
22391
22392
21966
22394
22395
24829
26446
26060
26061
26087
26331
26431
26437
26439
26440
26441
26442
26444
26445
26059
26447
295
353
401
397
394
393
386
385
384
379
374
373
372
346
344
343
9957
9958
9960
9961
9962
9963
9964
9965
9966
0
0
0
0
0
0
0
39631
39957
39942
39943
39944
39945
39946
39947
39948
39949
39950
39951
39952
39953
39954
39955
44681
0
0
0
0
0
0
0
0
0
0
0
0
0
0
0
9590
9677
9678
9591
9592
9594
9595
9679
9680
9681
9682
0
0
0
0
0
12883
12940
12932
12933
12934
12935
12936
12937
12938
12939
12931
12941
12942
12943
12944
12945
52769
52770
52773
52775
52777
52784
52796
52797
52798
52799
52800
0
0
0
0
0
39583
39680
39685
39692
39689
39691
39674
39675
39676
39677
39678
39679
39682
39683
39684
39688
25496
26165
25498
25851
25852
25853
25854
25855
25856
25857
25922
25925
26033
26163
26164
25850
31475
31476
31507
31479
31480
31481
31482
31483
31484
31485
31486
31487
31488
31489
0
0
36191
36192
36199
36200
36205
36207
36229
36232
36233
36236
36230
36231
0
0
0
0
32391
32475
32462
32463
32464
32465
32466
32467
32468
32469
32470
32471
32472
32473
32474
32461
14015
15580
15666
15581
15582
15583
15584
15585
15586
15587
15588
15589
15590
15591
15592
15593
45754
46078
45954
45958
45964
45991
46017
46021
46024
46027
46034
45929
46079
46080
46081
46082
9579
9610
9623
9622
9617
9616
9615
9614
9613
9612
9611
9580
9609
9608
9588
9587
38511
38512
38516
38520
38525
38527
38528
38529
0
0
0
0
0
0
0
0
725
772
798
797
795
794
792
777
774
773
726
771
755
754
753
751
49835
49997
49981
49982
49990
49991
49992
49993
49994
49995
49996
49980
49998
49999
50000
50001
6872
6873
6874
6907
6898
6899
6900
6901
6902
6903
6904
6905
6906
6908
6909
6910
6450
6452
6453
6454
6455
6478
6451
0
0
0
0
0
0
0
0
0
12475
12476
12479
12480
12481
12535
12537
12540
12541
12542
12543
12544
12545
12546
12547
12548
52771
52785
52806
52803
52792
52791
52790
52789
52787
52786
52772
52783
52782
52781
52780
52778
20134
20243
20177
20181
20190
20227
20233
20234
20235
20236
20237
20238
20239
20240
20241
20242
13617
13629
13639
13636
13635
13634
13633
13632
13631
13630
13628
13627
13626
13625
13624
13623
9618
9705
9706
9620
9621
9707
9708
0
0
0
0
0
0
0
0
0
42160
42161
42162
42167
42169
42172
42173
0
0
0
0
0
0
0
0
0
7198
7229
7231
7232
7233
7234
7235
7246
7247
7248
7249
0
0
0
0
0
2473
2475
2493
2494
2495
2496
2499
2500
2501
0
0
0
0
0
0
0
8744
8746
8749
8753
8755
8816
8818
8820
8821
8832
8878
8894
8895
0
0
0
31108
31109
31110
0
0
0
0
0
0
0
0
0
0
0
0
0
45411
45412
45420
45426
45437
45441
45443
45446
45447
45448
45449
0
0
0
0
0
13256
13255
13259
13260
13263
13264
0
0
0
0
0
0
0
0
0
0
53534
0
0
0
0
0
0
0
0
0
0
0
0
0
0
0
6457
6458
6468
6470
6472
6474
6479
0
0
0
0
0
0
0
0
0
52308
52426
52386
52387
52391
52392
52393
52394
52395
52396
52425
52384
52440
52441
52442
52443
14479
14480
14481
14482
15300
15301
0
0
0
0
0
0
0
0
0
0
1990
1997
1989
1998
2061
2062
2063
2064
2065
2066
2067
2068
2069
2070
2071
2102
39235
39236
39237
39243
39260
39263
39264
39265
39267
39269
39272
39275
39276
39277
0
0
10028
10331
10388
10376
10377
10378
10381
10382
10383
10384
10385
10386
10387
10375
10389
10390
24486
24491
26257
25883
26221
26650
26268
26273
26146
26124
26095
26597
26590
26071
26042
25448
6420
6421
6422
6423
6424
6425
6426
6428
6429
6430
6431
6432
6427
0
0
0
2505
2506
2507
2509
2510
2730
2731
2732
2733
2508
0
0
0
0
0
0
1128
1130
1133
1134
1135
1158
0
0
0
0
0
0
0
0
0
0
7587
7588
7589
7612
7653
7658
7663
7665
7745
7747
7748
7749
7750
7751
7752
7753
24702
24742
24743
24817
25270
25271
25342
0
0
0
0
0
0
0
0
0
44611
44612
44625
44626
44627
44628
44629
44630
44631
44634
44635
44637
44639
44641
44643
44645
47399
47400
47401
47402
48590
48606
0
0
0
0
0
0
0
0
0
0
50990
50991
50992
50997
50999
51000
51001
0
0
0
0
0
0
0
0
0
28248
29020
28725
28741
28740
28739
28738
28737
28736
28735
28730
28729
28728
28727
28748
28724
48394
48395
48575
48607
48701
48703
48929
49125
49276
49436
49446
0
0
0
0
0
18709
18729
18747
18746
18744
18742
18740
18739
18738
18737
18736
18734
18733
18731
18727
18726
5744
5745
5746
5747
5748
5749
5750
5751
5752
5753
5754
5755
5756
5791
5800
5799
37187
37206
37188
37193
37199
37204
37207
37208
37209
37210
0
0
0
0
0
0
12117
12118
12130
12132
12138
12140
12142
12143
12144
12151
12152
12153
12154
0
0
0
49850
49852
49853
49854
49855
49856
49857
49858
49859
49860
49861
49862
49863
49864
49865
49866
48051
0
0
0
0
0
0
0
0
0
0
0
0
0
0
0
387
388
389
391
392
406
407
0
0
0
0
0
0
0
0
0
24620
24843
24844
25943
25944
26451
0
0
0
0
0
0
0
0
0
0
31490
31492
31491
31494
31495
31496
31497
31498
31499
31500
31501
31502
31503
31504
31505
0
24181
24645
24792
24927
25021
25216
25354
25459
25482
25933
26034
26035
0
0
0
0
19328
19329
19332
19334
19335
19336
19337
19340
19341
19342
0
0
0
0
0
0
5521
5522
5527
5540
5558
5561
0
0
0
0
0
0
0
0
0
0
42163
42171
42175
42177
42178
42180
42186
42193
0
0
0
0
0
0
0
0
2038
2041
2045
2046
2047
2057
2058
0
0
0
0
0
0
0
0
0
46801
46800
46802
46803
46804
46805
0
0
0
0
0
0
0
0
0
0
2519
2520
2567
2571
2573
2574
2575
0
0
0
0
0
0
0
0
0
31538
31539
31555
31570
31569
31568
31567
31566
31565
31564
31563
31562
31561
31560
31559
31558
46541
46542
46814
46815
46816
46817
46818
46819
0
0
0
0
0
0
0
0
22557
0
0
0
0
0
0
0
0
0
0
0
0
0
0
0
53123
53124
53137
53154
53155
53156
53161
53163
53164
53167
53168
53169
0
0
0
0
53474
53475
53476
53478
53479
53623
53624
53625
53626
0
0
0
0
0
0
0
15823
15824
15825
15827
15828
16503
16504
16505
16506
0
0
0
0
0
0
0
24917
24939
24968
25004
25022
25023
25024
26195
0
0
0
0
0
0
0
0
14004
16497
15273
16152
16140
16498
16496
16495
16494
16493
16153
16151
16150
16141
16139
15838
20891
20915
20908
20909
20910
20911
20912
20913
20914
20907
20916
20917
20918
20919
20920
20921
34831
34830
34832
34833
34834
34840
34841
34842
34843
0
0
0
0
0
0
0
10655
10656
10657
10658
10659
10660
10661
10668
10673
10674
10682
10713
10742
0
0
0
54009
54010
54012
54013
54014
54015
54016
54017
54018
54019
54020
0
0
0
0
0
7977
7978
7979
7987
7988
7991
7992
7994
0
0
0
0
0
0
0
0
30256
30258
30268
30259
30260
31577
31579
31580
31582
31583
31584
31585
31586
31719
31720
0
1580
1581
1600
1606
1608
1618
1619
1620
1621
1622
1623
1624
1625
1626
1627
1628
12456
12457
12458
12459
12463
12464
12465
12466
12471
12472
12478
12482
12484
12525
12538
12554
30544
30547
30734
30783
30735
30736
30737
30738
30740
30741
30742
30743
30745
30746
30748
30749
53934
53935
53936
53963
53987
53998
53999
54000
54001
54002
54003
54004
54005
54006
54007
0
24931
24932
24933
24934
24935
24936
24937
24938
0
0
0
0
0
0
0
0
12488
12489
12490
12504
12505
12506
12507
0
0
0
0
0
0
0
0
0
6081
6082
6084
6085
6088
6089
6090
6091
0
0
0
0
0
0
0
0
52757
52759
52760
52762
52763
52809
52810
52811
52812
0
0
0
0
0
0
0
53988
53990
53991
53992
53993
53994
53995
53996
53997
0
0
0
0
0
0
0
7980
8006
8037
8035
8034
8033
8032
8031
8010
8009
8007
8005
8004
8002
8001
8000
52766
52768
52779
52793
52794
52815
52816
52817
52818
0
0
0
0
0
0
0
38839
38896
38887
38889
38890
38891
38892
38893
38894
38895
38886
38903
38920
38923
38924
38927
8380
8381
8382
8383
8384
8400
0
0
0
0
0
0
0
0
0
0
21769
21771
21792
21794
21797
21890
0
0
0
0
0
0
0
0
0
0
307
383
306
382
381
380
368
367
366
365
364
363
362
361
352
351
23604
23606
23607
23608
23609
23610
23611
23612
23613
23614
23615
23619
23768
0
0
0
26015
26016
26017
26018
26019
26020
26379
0
0
0
0
0
0
0
0
0
53504
53595
53616
53614
53612
53611
53610
53609
53607
53606
53605
53604
53603
53602
53598
53597
9230
9229
9231
9232
9233
9250
9251
9252
9253
9254
9255
9256
9257
0
0
0
12885
0
0
0
0
0
0
0
0
0
0
0
0
0
0
0
22250
0
0
0
0
0
0
0
0
0
0
0
0
0
0
0
25207
25209
25210
0
0
0
0
0
0
0
0
0
0
0
0
0
25649
26507
26499
26500
26501
26502
26503
26504
26505
26506
26498
26508
26509
26510
26511
26512
31526
31527
31529
31530
31531
31532
31533
31534
0
0
0
0
0
0
0
0
28616
28615
28617
28878
28898
28899
28900
28901
28923
29235
0
0
0
0
0
0
17667
17668
17671
17672
17673
17682
17684
17685
17686
17687
17693
17755
17774
17773
17772
17771
1570
1571
1589
1594
1630
1645
1587
1588
1437
0
0
0
0
0
0
0
20056
20313
20371
20325
20327
20328
20329
20330
20331
20366
20367
20368
20369
20370
20314
20661
27605
27608
29496
29486
29487
29488
29489
29490
29491
29492
29493
29494
29495
29484
29497
29498
8772
8773
8774
8775
8776
8823
8824
8827
8828
8833
8834
8835
8836
8837
8865
8866
51314
51319
51315
51320
51327
51337
51341
51350
51351
51352
0
0
0
0
0
0
9930
10036
10344
10339
10338
10212
10158
10150
10064
10063
10053
10051
10050
10049
10048
10046
18673
0
0
0
0
0
0
0
0
0
0
0
0
0
0
0
2005
2006
2032
2072
2084
2118
0
0
0
0
0
0
0
0
0
0
15625
0
0
0
0
0
0
0
0
0
0
0
0
0
0
0
36189
36190
36198
36201
36202
36203
36209
36241
36246
36247
0
0
0
0
0
0
730
778
791
790
789
788
787
786
785
784
781
780
779
731
749
748
31508
31510
31509
31512
31513
31514
31515
31516
31517
31518
31519
31520
31521
31522
31523
0
9968
9969
9970
9972
9973
10065
10066
10067
10068
0
0
0
0
0
0
0
12859
12861
12864
12865
12866
12867
12868
12869
12870
12880
0
0
0
0
0
0
20843
20867
20860
20861
20862
20863
20864
20865
20866
20859
20868
20869
20870
20871
20872
20873
54008
54021
54022
54023
54025
54044
0
0
0
0
0
0
0
0
0
0
11055
11056
11060
11199
11245
11200
11201
11204
11205
11206
11213
11214
11215
11216
11590
11221
18668
18669
18670
18671
18711
18712
0
0
0
0
0
0
0
0
0
0
10662
10732
10724
10725
10726
10727
10728
10730
10731
10723
10733
10734
10735
10736
10738
10739
22899
22926
22898
22900
22901
22906
0
0
0
0
0
0
0
0
0
0
757
758
709
759
760
710
804
803
801
800
796
776
775
767
740
739
47397
48471
48586
47398
48467
48468
48469
48470
48472
48582
48583
48584
48585
48587
0
0
38148
38152
38164
38165
38166
38167
38168
38169
38170
0
0
0
0
0
0
0
38847
38848
38851
38852
38853
38854
38855
38856
38857
38888
0
0
0
0
0
0
40355
40443
40458
40457
40456
40455
40454
40453
40452
40451
40450
40449
40448
40447
40446
40445
29430
29431
29432
29433
29434
29435
29436
29437
29438
29439
29440
29441
29442
29443
29444
29445
49078
0
0
0
0
0
0
0
0
0
0
0
0
0
0
0
45020
45069
45096
45094
45093
45092
45091
45090
45089
45087
45085
45084
45075
45074
45072
45071
35841
35843
35846
35847
35848
35849
0
0
0
0
0
0
0
0
0
0
24178
24544
24651
24870
24942
25451
26334
26410
0
0
0
0
0
0
0
0
1221
1222
1223
1225
1226
1224
0
0
0
0
0
0
0
0
0
0
27596
29368
27597
27602
27603
27604
29364
29366
29370
29378
29398
29399
29400
29405
29409
29429
16849
16850
16851
16852
16907
16908
0
0
0
0
0
0
0
0
0
0
25245
25638
25765
25764
25763
25762
25761
25760
25759
25758
25646
25640
25639
25766
25637
25636
50670
50671
50676
50678
50680
50681
50682
0
0
0
0
0
0
0
0
0
17236
17247
17255
17254
17253
17252
17251
17250
17249
17248
17246
17245
17244
17243
17242
17241
41472
41473
41487
41495
41497
41498
41500
41502
41503
41504
41516
41517
41518
0
0
0
5450
5471
5459
5468
5455
5466
5456
5457
5462
5472
5470
5469
5467
5465
5464
5463
46751
0
0
0
0
0
0
0
0
0
0
0
0
0
0
0
5100
5115
5141
5140
5139
5135
5134
5123
5122
5121
5119
5114
5113
5112
5111
5108
18006
18008
18044
18045
18046
18047
18065
18132
18135
18219
18240
18242
18243
18244
18267
0
29832
29833
29834
29835
29849
29851
29852
0
0
0
0
0
0
0
0
0
16863
16871
16879
16878
16877
16876
16875
16874
16873
16872
16870
16869
16868
16867
16866
16865
25028
25173
25165
25166
25167
25168
25169
25170
25171
25172
25164
25174
25175
25176
25177
25178
46549
46976
46959
46960
46961
46962
46963
46965
46966
46967
46968
46969
46970
46972
46973
46974
25191
25229
25230
25231
25409
25410
26055
26392
0
0
0
0
0
0
0
0
11678
11775
11761
11762
11763
11764
11765
11766
11767
11768
11769
11770
11771
11772
11773
11774
20797
20824
20817
20818
20819
20820
20821
20822
20823
20816
20825
20826
20827
20828
20829
20830
21079
21224
21211
21212
21213
21214
21215
21216
21217
21218
21219
21220
21221
21222
21223
21210
44609
44610
44624
44632
44633
44636
44638
44640
44642
44644
44646
44648
44649
44650
44651
44652
30261
30264
30545
30466
30456
30457
30458
30460
30461
30462
30464
30465
30454
30467
30469
30470
27956
28672
28454
28671
28666
28656
28655
28654
28651
28649
28648
28647
28634
28633
28632
28631
21764
22081
22622
22249
22093
22092
22091
22090
22089
22088
22087
22086
22085
22084
22083
22082
12523
12524
12529
12533
12534
12539
12552
12553
0
0
0
0
0
0
0
0
18150
0
0
0
0
0
0
0
0
0
0
0
0
0
0
0
7594
7598
7599
7600
7601
7654
7655
7656
7657
0
0
0
0
0
0
0
38180
38181
38183
38200
38201
38202
38203
0
0
0
0
0
0
0
0
0
48369
48774
48762
48763
48764
48765
48767
48768
48769
48770
48771
48772
48773
48761
48775
48776
44997
45098
45015
45097
45095
45083
45081
45079
45077
45064
45040
45033
45032
45031
45017
45016
12473
12474
12512
12521
12522
12527
12528
0
0
0
0
0
0
0
0
0
17289
17318
17352
17351
17350
17349
17348
17347
17346
17345
17332
17331
17322
17321
17320
17319
49826
49920
50006
49986
49985
49983
49970
49947
49938
49937
49936
49933
49932
49930
49926
49922
7584
7637
7664
7662
7661
7660
7659
7648
7646
7645
7643
7642
7640
7639
7635
7633
39777
0
0
0
0
0
0
0
0
0
0
0
0
0
0
0
5097
5099
5109
5116
5125
5126
5128
5130
5132
5137
5138
0
0
0
0
0
13597
13672
13686
13685
13684
13683
13681
13680
13679
13678
13677
13676
13675
13674
13673
13670
11680
11681
11682
11698
11699
11700
11712
11713
11714
11715
11730
11731
11732
11733
11734
0
10653
10654
10664
10700
10701
10702
10703
10708
10709
0
0
0
0
0
0
0
43482
43562
43544
43545
43546
43549
43552
43553
43555
43556
43557
43558
43559
43560
43561
43543
4668
4669
4672
4678
4679
4680
4712
4713
4729
4730
4764
0
0
0
0
0
15512
15513
15515
15516
15517
15518
15519
15520
15521
15522
15523
0
0
0
0
0
39585
39608
39732
39731
39730
39729
39728
39727
39726
39711
39611
39610
39609
39587
39607
39606
10073
10074
10104
10115
10116
10155
0
0
0
0
0
0
0
0
0
0
45099
45105
45100
45101
45102
45103
45104
45106
0
0
0
0
0
0
0
0
12485
12500
12520
12519
12518
12517
12516
12515
12514
12513
12487
12499
12497
12496
12495
12494
25240
25795
25784
25785
25786
25787
25788
25789
25790
25791
25792
25793
25794
25783
25796
25797
46678
46680
46683
46835
46838
46839
46840
46841
46842
46843
46845
46847
46864
46865
46866
46867
2477
2478
2483
2484
2485
2486
2737
2738
2739
2740
2741
0
0
0
0
0
311
312
322
329
331
332
333
334
335
337
338
395
398
399
400
415
13586
13587
13588
13589
13590
13591
13593
13595
13596
13611
13666
13667
13668
13682
13687
0
12857
12882
12913
12917
12919
12921
12922
12924
12929
0
0
0
0
0
0
0
43458
43470
43550
43525
43526
43527
43530
43538
43541
43547
43523
43551
43554
43569
43571
43577
20058
20059
20060
20062
20063
20061
0
0
0
0
0
0
0
0
0
0
1973
2109
2081
2083
2089
2092
2094
2101
2107
2108
2077
2110
2113
2114
2119
2124
2458
2459
2497
2498
2502
2503
2572
2604
0
0
0
0
0
0
0
0
46045
0
0
0
0
0
0
0
0
0
0
0
0
0
0
0
49889
49890
49891
49892
49893
49894
49895
49896
49897
49898
49899
49900
49901
49902
49903
49904
1240
1244
1250
1252
1253
1254
1255
1256
1257
1258
1260
1261
1262
1263
0
0
16859
16898
16906
16905
16904
16903
16902
16901
16900
16899
16897
16896
16895
16894
16893
16892
14723
0
0
0
0
0
0
0
0
0
0
0
0
0
0
0
3073
3082
3093
3092
3088
3087
3086
3085
3084
3083
3081
3080
3079
3078
3077
3076
29385
29387
29461
29462
29463
29467
0
0
0
0
0
0
0
0
0
0
31601
31600
31602
31603
31604
31605
31606
31607
31608
31609
0
0
0
0
0
0
20067
20342
20350
20349
20348
20347
20346
20345
20344
20343
20351
20341
20340
20339
20338
20337
20794
0
0
0
0
0
0
0
0
0
0
0
0
0
0
0
21880
22004
22770
22156
22016
22015
22014
22013
22012
22011
22010
22009
22008
22007
22006
22005
40343
40344
40348
40354
40365
40372
40373
40375
40376
40434
40492
40493
40494
0
0
0
15843
15867
15847
15844
15845
15846
15869
16426
15863
15862
15861
15860
15858
15857
15856
15855
21813
21817
21819
21820
21822
21823
21824
21825
21826
21827
21828
21829
21833
21879
21834
21846
43925
43926
43928
43929
43930
43931
43932
43933
43934
43935
43936
43940
43941
43942
43943
43944
38150
38151
38155
38156
38157
38158
38159
38160
38161
38162
38163
0
0
0
0
0
36195
36197
36204
36206
36208
36222
0
0
0
0
0
0
0
0
0
0
11685
11797
11794
11687
11692
11720
11786
11792
11793
11795
11796
11946
11951
11950
11949
11948
52801
52802
52805
52807
52808
52813
52814
0
0
0
0
0
0
0
0
0
18015
18016
18048
18051
18052
18053
18133
18216
18232
18233
18234
18235
18259
18262
18263
18264
20132
20222
20213
20214
20215
20216
20217
20218
20219
20220
20221
20211
20223
20224
20225
20226
20065
20066
20078
20079
20082
20083
20110
20111
20112
20113
20322
20763
20768
0
0
0
9949
10205
10044
10153
10154
10159
10160
10165
10166
10204
10042
10210
10211
10334
10335
10336
48388
48806
48797
48798
48799
48800
48801
48802
48803
48804
48805
48796
48807
48808
48809
48930
55010
55011
55036
55046
55084
55086
55100
55106
55107
55108
55109
0
0
0
0
0
42500
42511
42525
42524
42523
42522
42521
42520
42513
42512
42501
42510
42509
42508
42507
42506
49871
49872
49873
49906
49907
50007
50008
50009
0
0
0
0
0
0
0
0
29817
29927
29914
29915
29916
29917
29918
29919
29920
29921
29922
29923
29924
29925
29926
29913
27655
27656
27819
27875
27945
28234
29049
27657
27658
27878
27880
27946
27947
28235
28236
29051
6846
6845
6847
6851
6853
6854
6867
0
0
0
0
0
0
0
0
0
48355
48605
48591
48592
48593
48594
48595
48596
48597
48598
48599
48600
48601
48602
48603
48604
6407
6408
6410
6411
6412
6440
0
0
0
0
0
0
0
0
0
0
49093
49094
49095
49122
49280
49476
0
0
0
0
0
0
0
0
0
0
14483
15491
15702
15509
15621
15622
15623
15624
15657
15673
15675
15676
15677
15678
15679
15680
53128
53129
53138
53139
53140
53141
53142
53143
53144
53145
53146
53147
53148
53150
53151
53152
23602
23603
23553
23616
23561
23565
23566
23581
23582
23583
23584
23585
23596
23597
23598
23793
4632
4723
4790
4788
4786
4784
4782
4780
4772
4771
4765
4762
4744
4743
4741
4737
8726
8727
8731
8739
8740
8741
8742
8743
8779
8780
8781
8782
8783
0
0
0
48378
49029
49038
49037
49036
49035
49034
49033
49032
49031
49030
49039
48853
48852
48851
48850
17664
17751
17752
17666
17688
17753
17754
17775
17776
0
0
0
0
0
0
0
40803
40821
40852
40851
40850
40849
40841
40839
40838
40837
40835
40833
40804
40817
40816
40815
8728
8825
8879
8876
8875
8874
8872
8871
8868
8864
8863
8862
8840
8839
8829
8826
48121
48745
48753
48752
48751
48750
48749
48748
48747
48746
48754
48744
48743
48742
48741
48740
24172
24676
24677
24749
24757
24866
24988
24989
25026
25428
26148
26213
26373
26408
0
0
29838
29839
29841
29850
29853
29854
29855
29856
0
0
0
0
0
0
0
0
45427
45428
45429
45430
45431
45432
45434
45435
45436
45438
45439
45444
45445
0
0
0
10665
10666
10706
10712
10716
10717
0
0
0
0
0
0
0
0
0
0
31422
31616
31524
31536
31473
31617
31537
31525
31474
31459
31451
31458
31457
31456
31455
31454
49941
49940
49942
49943
49944
49973
49974
49975
49976
0
0
0
0
0
0
0
14179
0
0
0
0
0
0
0
0
0
0
0
0
0
0
0
8349
8351
8352
8354
8357
8387
8389
8402
0
0
0
0
0
0
0
0
40822
40823
40826
40832
40842
40843
40844
40846
40847
40848
0
0
0
0
0
0
45796
46054
45898
45899
45900
45975
46039
46046
46047
46048
46049
46050
46051
46052
46053
45897
18017
18018
18066
18134
18217
18254
18256
18257
18258
0
0
0
0
0
0
0
2442
2700
2701
2693
2692
2691
2690
2685
2684
2683
2682
2681
2680
2679
2678
2677
1139
1210
1196
1197
1198
1199
1200
1201
1202
1203
1204
1205
1207
1208
1209
1193
7180
7217
7270
7269
7267
7260
7250
7226
7225
7223
7222
7220
7219
7216
7214
7194
39588
39613
39772
39719
39712
39619
39618
39617
39616
39615
39614
39589
39612
39603
39602
39601
29401
29402
29411
29412
29413
29414
29415
29416
29417
29418
29419
29420
29421
29422
29423
29424
13638
13649
13657
13656
13655
13654
13653
13652
13651
13650
13648
13647
13646
13645
13644
13643
8786
8787
8788
8789
8790
8831
8847
8848
8849
8850
8867
8869
8870
8873
0
0
55022
55023
55025
55026
55040
55041
55042
55043
55047
55048
55049
55050
0
0
0
0
53480
53523
53572
53571
53570
53555
53545
53526
53525
53524
53482
53522
53521
53520
53518
53487
6852
6855
6856
6857
6858
6859
6860
6861
6862
6863
0
0
0
0
0
0
35812
35813
35816
35822
35824
35825
35850
35853
35854
35855
35856
35857
0
0
0
0
53932
53966
54049
54048
54047
54043
54038
54037
54035
54033
54024
54011
53986
53969
53968
53967
29426
29427
29428
29447
29448
29449
0
0
0
0
0
0
0
0
0
0
1109
1192
1169
1170
1171
1179
1184
1189
1190
1168
1195
1206
1211
1213
1216
1217
8747
8861
8843
8844
8845
8846
8851
8852
8853
8854
8855
8856
8857
8858
8859
8860
10675
10677
10683
10685
10686
10688
10690
10691
10692
10693
10694
0
0
0
0
0
52363
0
0
0
0
0
0
0
0
0
0
0
0
0
0
0
12103
12104
12105
12106
12111
12112
12116
12129
12131
12147
12149
12150
0
0
0
0
27662
27785
27843
27788
27794
27795
27797
27798
27810
27811
27823
27824
27825
27826
27827
27829
24175
24569
24570
24664
24699
24826
25220
25493
0
0
0
0
0
0
0
0
20378
20396
20382
20384
20385
20386
20387
20388
20389
20390
20391
20392
20393
20395
20409
20408
17657
17658
17683
17689
17697
17698
17745
17746
0
0
0
0
0
0
0
0
51328
51329
51335
51338
51340
51342
51343
0
0
0
0
0
0
0
0
0
36193
36239
36265
36264
36263
36262
36261
36260
36259
36258
36257
36256
36255
36254
36243
36242
29362
29380
29407
29406
29404
29403
29396
29395
29394
29393
29392
29391
29363
29379
29377
29376
7590
7617
7668
7667
7666
7630
7629
7628
7627
7626
7622
7620
7619
7618
7616
7615
44591
44592
44593
44594
44595
44613
0
0
0
0
0
0
0
0
0
0
23586
23587
23588
23589
23590
23591
23592
23593
23594
23595
23599
23600
23601
0
0
0
43476
43478
43479
43480
43481
43515
0
0
0
0
0
0
0
0
0
0
6413
6414
6512
6488
6489
6490
6492
6498
6501
6510
6486
6513
6517
6526
6528
6534
46536
46837
46844
46852
46798
46794
46828
46827
46826
46797
46796
46795
46740
46793
46790
46784
20701
20761
20762
20759
20758
20757
20756
20755
20754
20752
20751
20750
20749
20748
20747
20746
50317
50318
50322
50326
50328
50330
50331
50332
50333
50334
50335
0
0
0
0
0
18002
18225
18129
18130
18131
18140
18155
18160
18161
18164
18169
18172
18176
18177
18221
18222
46764
46765
46836
46873
46874
46875
46876
46877
46878
46879
46880
46881
46882
46883
0
0
21375
21376
21377
21378
21379
21390
21391
21392
21393
21400
21401
21402
21403
21407
21408
0
47394
47613
48766
48643
48640
48559
48476
48452
48398
47617
47616
47615
47614
47396
47612
47611
23557
0
0
0
0
0
0
0
0
0
0
0
0
0
0
0
49192
49193
49262
49263
49272
49285
49287
0
0
0
0
0
0
0
0
0
45777
45881
46239
46125
46124
46123
46122
46121
46120
46008
46007
46006
46005
46004
45999
45904
52289
52307
52411
52389
52390
52401
52402
52403
52406
52408
52409
52350
52412
52413
52415
52416
44596
44664
44678
44677
44676
44675
44673
44672
44671
44670
44669
44667
44666
44665
44597
44662
28894
28893
28895
28897
28916
28917
28918
28993
28994
0
0
0
0
0
0
0
55012
55092
55075
55076
55077
55078
55079
55080
55081
55082
55087
55088
55089
55090
55091
55074
49252
0
0
0
0
0
0
0
0
0
0
0
0
0
0
0
45798
46094
45992
45993
45994
45995
45996
45997
46086
46087
46088
46089
46090
46091
46092
46093
7982
7984
7986
7990
7993
8023
8024
0
0
0
0
0
0
0
0
0
35814
35840
35858
35859
35860
35861
35862
35863
35864
35865
35866
35867
0
0
0
0
16824
16825
16827
16828
16853
16856
16857
16858
16891
16913
16914
16916
16918
16920
16921
0
21715
21724
21735
21734
21733
21732
21731
21730
21729
21728
21723
21722
21721
21720
21719
21718
13602
13604
13605
13606
13607
13641
0
0
0
0
0
0
0
0
0
0
38837
38909
38926
38919
38918
38917
38915
38914
38913
38911
38910
38838
38908
38906
38905
38902
53125
53127
53130
53132
53133
53165
53166
0
0
0
0
0
0
0
0
0
38849
38850
38873
38875
38897
38898
38899
38900
38921
38922
0
0
0
0
0
0
1564
1605
1617
1616
1615
1614
1613
1612
1611
1610
1609
1607
1604
1603
1602
1601
16829
16838
16846
16845
16844
16843
16842
16841
16840
16839
16837
16836
16835
16834
16833
16832
13262
13266
13267
13268
13270
13271
13273
0
0
0
0
0
0
0
0
0
24660
24946
24972
25401
24944
24945
24970
24971
25399
25429
25408
25406
25405
25404
25403
25402
23791
24068
24090
24069
24070
24071
24073
24075
24076
24077
24080
24081
24082
24084
24085
24087
31619
31681
31692
31691
31690
31689
31687
31686
31685
31684
31683
31682
31694
31680
31679
31678
24623
24759
24760
25834
25899
25957
25958
26340
26356
26359
26360
0
0
0
0
0
2001
2126
2100
2115
2117
2120
2121
2122
2123
2098
2127
2128
2129
2131
2132
2133
8347
8368
8377
8376
8375
8374
8372
8371
8370
8369
8367
8366
8365
8364
8363
8362
20133
20272
20262
20263
20264
20265
20266
20267
20268
20269
20270
20271
20261
20273
20274
20275
8401
0
0
0
0
0
0
0
0
0
0
0
0
0
0
0
7673
7677
7723
7733
7732
7731
7730
7729
7728
7727
7726
7725
7724
7736
7722
7721
35798
35800
0
0
0
0
0
0
0
0
0
0
0
0
0
0
11716
11717
11721
11722
11723
11724
11725
11726
11727
11728
11729
0
0
0
0
0
7228
7230
7236
7237
7238
7239
7240
7241
7242
7243
7244
7245
0
0
0
0
300
347
357
358
359
360
0
0
0
0
0
0
0
0
0
0
5583
0
0
0
0
0
0
0
0
0
0
0
0
0
0
0
21909
22365
22354
22355
22356
22357
22358
22359
22360
22361
22362
22363
22364
22019
22366
22367
21774
22474
22038
22039
22040
22041
22042
22043
22159
22467
22468
22469
22470
22471
22472
22473
1246
1271
1361
1388
1387
1385
1384
1383
1382
1381
1378
1377
1376
1375
1368
1366
45833
46009
45933
45934
45935
45936
45937
45938
45939
45940
45941
45942
45943
45944
46000
45932
38143
38144
38173
38184
38186
38187
38188
38189
38190
38198
38199
0
0
0
0
0
14477
15687
15742
15688
15699
15707
15708
15709
15710
15711
15712
15713
15738
15739
15740
15741
8750
8754
8778
8794
8830
8838
8877
0
0
0
0
0
0
0
0
0
9945
10253
10239
10252
10251
10250
10249
10248
10247
10246
10245
10244
10243
10242
10241
10240
19075
19076
19097
19098
19099
19475
19478
19481
19482
19708
19162
0
0
0
0
0
10025
10026
10027
10090
10091
10113
0
0
0
0
0
0
0
0
0
0
10680
10681
10695
10696
10697
10698
0
0
0
0
0
0
0
0
0
0
21790
22172
22160
22161
22162
22163
22164
22165
22166
22167
22168
22169
22170
22171
22068
22173
41829
41833
41838
41840
41841
41842
41844
41850
41851
41852
0
0
0
0
0
0
54672
54673
54675
54676
54677
54678
54679
54680
54681
54682
0
0
0
0
0
0
39629
39630
39718
39721
39725
39733
39734
39735
39736
39737
39738
0
0
0
0
0
48385
48814
48824
48823
48822
48821
48820
48819
48818
48817
48816
48815
48825
48813
48811
48693
41506
41507
41509
41510
41511
41512
0
0
0
0
0
0
0
0
0
0
45835
46168
46160
46161
46162
46163
46164
46165
46166
46167
46159
46169
46170
46171
46172
46173
48366
49057
49066
49065
49064
49063
49062
49061
49060
49059
49058
49067
49056
49054
49028
49027
39626
39650
39642
39646
39644
39686
39651
39649
39648
39647
39645
39628
39643
39641
39640
39635
50345
50346
50348
50350
50351
50352
0
0
0
0
0
0
0
0
0
0
5644
5731
5728
5711
5713
5710
5709
5708
5707
5706
5705
5704
5703
5702
5701
5700
