52831.1  52833.0 
52831.1  52834.0 
52831.1  52835.0 
52831.1  52836.0 
52831.1  52837.0 
52831.1  52838.0 
52831.1  52839.0 
52831.1  52840.0 
52831.1  52841.0 
52831.1  52842.0 
52831.1  52843.0 
52831.1  52844.0 
52832.1  52846.0 
52832.1  52834.0 
52832.1  52837.0 
52833.0  52813.0 
52834.0  52814.0 
52835.0  52815.0 
52836.0  52816.0 
52837.0  52817.0 
52838.0  52818.0 
52839.0  52819.0 
52840.0  52820.0 
52843.0  52823.0 
52844.0  36174.0 
52845.1  52834.0 
52845.1  52847.0 
52845.1  52838.0 
52845.1  52837.0 
52845.1  52843.0 
52845.1  52848.0 
52845.1  52849.0 
52846.0  52826.0 
52847.0  52827.0 
52848.0  52828.0 
52849.0  52829.0 
52830.1  52831.1 
52831.0  52832.0 
52832.0  52845.0 
