52991.1  52993.0 
52991.1  52994.0 
52991.1  52995.0 
52991.1  52996.0 
52991.1  52997.0 
52991.1  52998.0 
52991.1  52999.0 
52991.1  53000.0 
52991.1  53001.0 
52991.1  53002.0 
52991.1  53003.0 
52991.1  53004.0 
52992.1  53006.0 
52992.1  52994.0 
52992.1  52997.0 
52993.0  52973.0 
52994.0  52974.0 
52995.0  52975.0 
52996.0  52976.0 
52997.0  52977.0 
52998.0  52978.0 
52999.0  52979.0 
53000.0  52980.0 
53003.0  52983.0 
53004.0  52624.0 
53005.1  52994.0 
53005.1  53007.0 
53005.1  52998.0 
53005.1  52997.0 
53005.1  53003.0 
53005.1  53008.0 
53005.1  53009.0 
53006.0  52986.0 
53007.0  52987.0 
53008.0  52988.0 
53009.0  52989.0 
52990.1  52991.1 
52991.0  52992.0 
52992.0  53005.0 
