19499.1  19501.0 
19499.1  19502.0 
19499.1  19503.0 
19499.1  19504.0 
19499.1  19505.0 
19499.1  19506.0 
19499.1  19507.0 
19499.1  19508.0 
19499.1  19509.0 
19499.1  19510.0 
19499.1  19511.0 
19499.1  19512.0 
19499.1  19513.0 
19499.1  19514.0 
19499.1  19515.0 
19499.1  19516.0 
19499.1  19517.0 
19499.1  19518.0 
19499.1  19519.0 
19499.1  19520.0 
19499.1  19521.0 
19499.1  19522.0 
19499.1  19523.0 
19499.1  19524.0 
19499.1  19525.0 
19499.1  19526.0 
19499.1  19527.0 
19499.1  19528.0 
19499.1  19529.0 
19499.1  19530.0 
19499.1  19531.0 
19499.1  19532.0 
19499.1  19533.0 
19499.1  19534.0 
19499.1  19535.0 
19499.1  19536.0 
19499.1  19537.0 
19499.1  19538.0 
19499.1  19539.0 
19499.1  19540.0 
19499.1  19541.0 
19499.1  19542.0 
19499.1  19543.0 
19499.1  19544.0 
19499.1  19545.0 
19499.1  19546.0 
19499.1  19547.0 
19499.1  19548.0 
19499.1  19549.0 
19499.1  19550.0 
19499.1  19551.0 
19499.1  19552.0 
19499.1  19553.0 
19499.1  19554.0 
19499.1  19555.0 
19499.1  19556.0 
19499.1  19557.0 
19499.1  19558.0 
19499.1  19559.0 
19499.1  19560.0 
19499.1  19561.0 
19499.1  19562.0 
19499.1  19563.0 
19499.1  19564.0 
19499.1  19565.0 
19499.1  19566.0 
19499.1  19567.0 
19499.1  19568.0 
19499.1  19569.0 
19499.1  19570.0 
19499.1  19571.0 
19499.1  19572.0 
19499.1  19573.0 
19499.1  19574.0 
19499.1  19575.0 
19499.1  19576.0 
19499.1  19577.0 
19499.1  19578.0 
19499.1  19579.0 
19499.1  19580.0 
19499.1  19581.0 
19499.1  19582.0 
19499.1  19583.0 
19499.1  19584.0 
19499.1  19585.0 
19499.1  19586.0 
19499.1  19587.0 
19499.1  19588.0 
19499.1  19589.0 
19499.1  19590.0 
19499.1  19591.0 
19499.1  19592.0 
19499.1  19593.0 
19499.1  19594.0 
19499.1  19595.0 
19499.1  19596.0 
19499.1  19597.0 
19499.1  19598.0 
19499.1  19599.0 
19499.1  19600.0 
19499.1  19601.0 
19499.1  19602.0 
19499.1  19603.0 
19499.1  19604.0 
19499.1  19605.0 
19499.1  19606.0 
19499.1  19607.0 
19499.1  19608.0 
19499.1  19609.0 
19499.1  19610.0 
19499.1  19611.0 
19499.1  19612.0 
19499.1  19613.0 
19499.1  19614.0 
19499.1  19615.0 
19499.1  19616.0 
19499.1  19617.0 
19499.1  19618.0 
19499.1  19619.0 
19499.1  19620.0 
19499.1  19621.0 
19499.1  19622.0 
19499.1  19623.0 
19499.1  19624.0 
19499.1  19625.0 
19499.1  19626.0 
19499.1  19627.0 
19499.1  19628.0 
19499.1  19629.0 
19499.1  19630.0 
19499.1  19631.0 
19499.1  19632.0 
19499.1  19633.0 
19499.1  19634.0 
19499.1  19635.0 
19499.1  19636.0 
19499.1  19637.0 
19499.1  19638.0 
19499.1  19639.0 
19499.1  19640.0 
19499.1  19641.0 
19499.1  19642.0 
19499.1  19643.0 
19499.1  19644.0 
19499.1  19645.0 
19499.1  19646.0 
19499.1  19647.0 
19499.1  19648.0 
19499.1  19649.0 
19499.1  19650.0 
19499.1  19651.0 
19499.1  19652.0 
19499.1  19653.0 
19499.1  19654.0 
19499.1  19655.0 
19499.1  19656.0 
19499.1  19657.0 
19499.1  19658.0 
19499.1  19659.0 
19499.1  19660.0 
19499.1  19661.0 
19499.1  19662.0 
19499.1  19663.0 
19499.1  19664.0 
19499.1  19665.0 
19499.1  19666.0 
19499.1  19667.0 
19499.1  19668.0 
19499.1  19669.0 
19499.1  19670.1 
19499.1  19671.0 
19499.1  19672.0 
19499.1  19673.0 
19499.1  19674.0 
19499.1  19675.0 
19499.1  19676.0 
19499.2  19677.0 
19499.2  19678.0 
19499.2  19679.0 
19499.2  19680.0 
19499.2  19681.0 
19499.2  19682.0 
19499.2  19683.0 
19499.2  19684.0 
19499.2  19685.0 
19499.2  19686.0 
19499.2  19687.0 
19499.2  19688.0 
19499.2  19689.0 
19499.2  19690.0 
19499.2  19691.0 
19499.2  19692.0 
19499.2  19693.0 
19499.2  19694.0 
19499.2  19695.0 
19499.2  19696.0 
19499.2  19697.0 
19499.2  19698.0 
19499.2  19699.0 
19499.2  19700.0 
19499.2  19701.0 
19499.2  19702.0 
19499.2  19703.0 
19499.2  19704.0 
19499.2  19705.0 
19499.2  19706.0 
19499.2  19707.0 
19499.2  19708.0 
19499.2  19709.0 
19499.2  19710.0 
19499.2  19711.0 
19499.2  19712.0 
19499.2  19713.0 
19499.2  19714.0 
19499.2  19715.0 
19499.2  19716.0 
19499.2  19717.0 
19499.2  19718.0 
19499.2  19719.0 
19499.2  19720.0 
19499.2  19721.0 
19499.2  19722.0 
19499.2  19723.0 
19499.2  19724.0 
19499.2  19725.0 
19499.2  19726.0 
19499.2  19727.0 
19499.2  19728.0 
19499.2  19729.0 
19499.2  19730.0 
19499.2  19731.0 
19499.2  19732.0 
19499.2  19733.0 
19499.2  19734.0 
19499.2  19735.0 
19499.2  19736.0 
19499.2  19737.0 
19499.2  19738.0 
19499.2  19739.0 
19499.2  19740.0 
19499.2  19741.0 
19499.2  19742.0 
19499.2  19743.0 
19499.2  19744.0 
19499.2  19745.0 
19499.2  19746.0 
19499.2  19747.0 
19499.2  19748.0 
19499.2  19749.0 
19499.2  19750.0 
19499.2  19751.0 
19499.2  19752.0 
19499.2  19753.0 
19499.2  19754.0 
19499.2  19755.0 
19499.2  19756.0 
19499.2  19757.0 
19499.2  19758.0 
19499.2  19759.0 
19499.2  19760.0 
19499.2  19761.0 
19499.2  19762.0 
19499.2  19763.0 
19499.2  19764.0 
19499.2  19765.0 
19499.2  19766.0 
19499.2  19767.0 
19499.2  19768.0 
19499.2  19769.0 
19499.2  19770.0 
19499.2  19771.0 
19499.2  19772.0 
19499.2  19773.0 
19499.2  19774.0 
19499.2  19775.0 
19499.2  19776.0 
19499.2  19777.0 
19499.2  19778.0 
19499.2  19779.0 
19499.2  19780.0 
19499.2  19781.0 
19499.2  19782.0 
19499.2  19783.0 
19499.2  19784.0 
19499.2  19785.0 
19499.2  19786.0 
19499.2  19787.0 
19499.2  19788.0 
19499.2  19789.0 
19499.2  19790.0 
19499.2  19791.0 
19499.2  19792.0 
19499.2  19793.0 
19499.2  19794.0 
19499.2  19795.0 
19499.2  19796.0 
19499.2  19797.0 
19499.2  19798.0 
19499.2  19799.0 
19499.2  19800.0 
19499.2  19801.0 
19499.2  19802.0 
19499.2  19803.0 
19499.2  19804.0 
19499.2  19805.0 
19499.2  19806.0 
19499.2  19807.0 
19499.2  19808.0 
19499.2  19809.0 
19499.2  19810.0 
19499.2  19811.0 
19499.2  19812.0 
19499.2  19813.0 
19499.2  19814.0 
19499.2  19815.0 
19499.2  19816.0 
19499.2  19817.0 
19499.2  19818.0 
19499.2  19819.0 
19499.2  19820.0 
19499.2  19821.0 
19499.2  19822.0 
19499.2  19823.0 
19499.2  19824.0 
19499.2  19825.0 
19499.2  19826.0 
19499.2  19827.0 
19499.2  19828.0 
19499.2  19829.0 
19499.2  19830.0 
19499.2  19831.0 
19499.2  19832.0 
19499.2  19833.0 
19499.2  19834.0 
19499.2  19835.0 
19499.2  19836.0 
19499.2  19837.1 
19499.2  19838.0 
19499.2  19839.0 
19499.2  19840.0 
19499.2  19841.0 
19499.2  19842.0 
19499.2  19843.0 
19499.2  19844.0 
19499.2  19845.0 
19499.2  19846.0 
19499.2  19847.0 
19499.2  19848.0 
19499.2  19849.0 
19499.2  19850.0 
19499.2  19851.0 
19499.2  19852.18 
19499.2  19853.18 
19499.2  19854.0 
19499.2  19855.0 
19499.2  19856.0 
19499.2  19857.0 
19499.2  19858.0 
19499.2  19859.0 
19499.2  19860.0 
19499.2  19861.0 
19499.2  19862.0 
19499.2  19863.0 
19499.2  19864.0 
19499.2  19865.0 
19499.2  19866.0 
19499.3  19867.0 
19499.3  19868.0 
19499.3  19869.0 
19499.3  19870.0 
19499.3  19871.0 
19499.3  19872.0 
19499.3  19873.0 
19499.3  19874.0 
19499.3  19875.2 
19499.3  19876.0 
19499.3  19877.0 
19499.3  19878.0 
19499.3  19879.0 
19499.3  19880.0 
19499.3  19881.0 
19499.4  19882.0 
19499.4  19883.0 
19499.4  19884.0 
19499.4  19885.0 
19499.4  361.1 
19499.5  19886.0 
19499.5  19887.0 
19499.5  19888.0 
19499.5  19889.0 
19499.5  19890.0 
19499.5  19891.1 
19499.5  19892.0 
19499.5  19893.36 
19499.5  19894.36 
19499.5  19895.0 
19499.5  19896.0 
19499.6  19897.0 
19499.6  19898.0 
19499.6  19899.0 
19499.6  19900.0 
19499.6  19901.0 
19499.6  19902.0 
19499.6  19903.0 
19499.6  19904.0 
19499.6  19905.0 
19499.6  19906.3 
19499.6  19907.0 
19499.6  19908.0 
19499.6  19909.0 
19499.6  19910.0 
19499.6  19911.0 
19499.6  19912.0 
19499.6  19913.0 
19499.6  19914.0 
19499.6  19915.18 
19499.6  19916.0 
19499.6  19917.0 
19499.7  19918.0 
19499.7  19919.0 
19499.7  19920.43 
19499.7  19921.0 
19499.7  19922.0 
19499.7  19923.1 
19499.7  19924.0 
19499.7  19925.0 
19499.7  19926.0 
19499.7  19927.0 
19499.7  19928.0 
19499.8  19929.0 
19499.8  19930.0 
19499.8  19931.0 
19499.8  19932.0 
19499.8  19933.0 
19499.9  19934.0 
19499.9  19935.0 
19499.9  19936.0 
19499.9  19875.5 
19499.10  19937.0 
19500.1  19939.0 
19500.1  19505.0 
19500.1  19940.0 
19500.1  19510.0 
19500.1  19526.0 
19500.1  19546.0 
19500.1  19666.0 
19500.1  19551.0 
19500.1  19941.1 
19500.1  19942.1 
19500.1  19943.1 
19501.0  18566.0 
19502.0  18567.0 
19503.0  18568.0 
19504.0  18569.0 
19505.0  18570.0 
19506.0  18571.0 
19507.0  18572.0 
19508.0  18573.0 
19509.0  18574.0 
19510.0  18575.0 
19511.0  18576.0 
19512.0  18577.0 
19513.0  18578.0 
19514.0  18579.0 
19515.0  18580.0 
19516.0  18581.0 
19517.0  18582.0 
19518.0  18583.0 
19519.0  18584.0 
19520.0  18585.0 
19521.0  18586.0 
19522.0  18587.0 
19523.0  18588.0 
19524.0  18589.0 
19525.0  18590.0 
19526.0  18591.0 
19527.0  18592.0 
19528.0  18593.0 
19529.0  18594.0 
19530.0  18595.0 
19531.0  18596.0 
19532.0  18597.0 
19533.0  18598.0 
19534.0  18599.0 
19535.0  18600.0 
19536.0  18601.0 
19537.0  18602.0 
19538.0  18603.0 
19539.0  18604.0 
19540.0  18605.0 
19541.0  18606.0 
19542.0  18607.0 
19543.0  18608.0 
19544.0  18609.0 
19545.0  18610.0 
19546.0  18611.0 
19547.0  18612.0 
19548.0  18613.0 
19549.0  18614.0 
19550.0  18615.0 
19551.0  18616.0 
19552.0  18617.0 
19553.0  18618.0 
19554.0  18619.0 
19555.0  18620.0 
19556.0  18621.0 
19557.0  18622.0 
19558.0  18623.0 
19559.0  18624.0 
19560.0  18625.0 
19561.0  18626.0 
19562.0  18627.0 
19563.0  18628.0 
19564.0  18629.0 
19565.0  18630.0 
19566.0  18631.0 
19567.0  18632.0 
19568.0  18633.0 
19569.0  18634.0 
19570.0  18635.0 
19571.0  18636.0 
19572.0  18637.0 
19573.0  18638.0 
19574.0  18639.0 
19575.0  18640.0 
19576.0  18641.0 
19577.0  18642.0 
19578.0  18643.0 
19579.0  18644.0 
19580.0  18645.0 
19581.0  18646.0 
19582.0  18647.0 
19583.0  18648.0 
19584.0  18649.0 
19585.0  18650.0 
19586.0  18651.0 
19587.0  18652.0 
19588.0  18653.0 
19589.0  18654.0 
19590.0  18655.0 
19591.0  18656.0 
19592.0  18657.0 
19593.0  18658.0 
19594.0  18659.0 
19595.0  18660.0 
19596.0  18661.0 
19597.0  18662.0 
19598.0  18663.0 
19599.0  18664.0 
19600.0  18665.0 
19601.0  18666.0 
19602.0  18667.0 
19603.0  18668.0 
19604.0  18669.0 
19605.0  18670.0 
19606.0  18671.0 
19607.0  18672.0 
19608.0  18673.0 
19609.0  18674.0 
19610.0  18675.0 
19611.0  18676.0 
19612.0  18677.0 
19613.0  18678.0 
19614.0  18679.0 
19615.0  18680.0 
19616.0  18681.0 
19617.0  18682.0 
19618.0  18683.0 
19619.0  18684.0 
19620.0  18685.0 
19621.0  18686.0 
19622.0  18687.0 
19623.0  18688.0 
19624.0  18689.0 
19625.0  18690.0 
19626.0  18691.0 
19627.0  18692.0 
19628.0  18693.0 
19629.0  18694.0 
19630.0  18695.0 
19631.0  18696.0 
19632.0  18697.0 
19633.0  18698.0 
19634.0  18699.0 
19635.0  18700.0 
19636.0  18701.0 
19637.0  18702.0 
19638.0  18703.0 
19639.0  18704.0 
19640.0  18705.0 
19641.0  18706.0 
19642.0  18707.0 
19643.0  18708.0 
19644.0  18709.0 
19645.0  18710.0 
19646.0  18711.0 
19647.0  18712.0 
19648.0  18713.0 
19649.0  18714.0 
19650.0  18715.0 
19651.0  18716.0 
19652.0  18717.0 
19653.0  18718.0 
19654.0  18719.0 
19655.0  18720.0 
19656.0  18721.0 
19657.0  18722.0 
19658.0  18723.0 
19659.0  18724.0 
19660.0  18725.0 
19661.0  18726.0 
19662.0  18727.0 
19663.0  18728.0 
19664.0  18729.0 
19665.0  18730.0 
19666.0  18731.0 
19667.0  18732.0 
19668.0  18733.0 
19669.0  18734.0 
19670.1  19944.16 
19671.0  18736.0 
19672.0  18737.0 
19673.0  18738.0 
19674.0  18739.0 
19675.0  18740.0 
19676.0  18741.0 
19677.0  18742.0 
19678.0  18743.0 
19679.0  18744.0 
19680.0  18745.0 
19681.0  18746.0 
19682.0  18747.0 
19683.0  18748.0 
19684.0  18749.0 
19685.0  18750.0 
19686.0  18751.0 
19687.0  18752.0 
19688.0  18753.0 
19689.0  18754.0 
19690.0  18755.0 
19691.0  18756.0 
19692.0  18757.0 
19693.0  18758.0 
19694.0  18759.0 
19695.0  18760.0 
19696.0  18761.0 
19697.0  18762.0 
19698.0  18763.0 
19699.0  18764.0 
19700.0  18765.0 
19701.0  18766.0 
19702.0  18767.0 
19703.0  18768.0 
19704.0  18769.0 
19705.0  18770.0 
19706.0  18771.0 
19707.0  18772.0 
19708.0  18773.0 
19709.0  18774.0 
19710.0  18775.0 
19711.0  18776.0 
19712.0  18777.0 
19713.0  18778.0 
19714.0  18779.0 
19715.0  18780.0 
19716.0  18781.0 
19717.0  18782.0 
19718.0  18783.0 
19719.0  18784.0 
19720.0  18785.0 
19722.0  18787.0 
19723.0  18788.0 
19724.0  18789.0 
19725.0  18790.0 
19726.0  18791.0 
19727.0  18792.0 
19728.0  18793.0 
19729.0  18794.0 
19730.0  18795.0 
19731.0  18796.0 
19732.0  18797.0 
19733.0  18798.0 
19734.0  18799.0 
19735.0  18800.0 
19736.0  18801.0 
19737.0  18802.0 
19738.0  18803.0 
19739.0  18804.0 
19740.0  18805.0 
19741.0  18806.0 
19742.0  18807.0 
19743.0  18808.0 
19744.0  18809.0 
19745.0  18810.0 
19746.0  18811.0 
19747.0  18812.0 
19748.0  18813.0 
19749.0  18814.0 
19750.0  18815.0 
19751.0  18816.0 
19752.0  18817.0 
19753.0  18818.0 
19754.0  18819.0 
19755.0  18820.0 
19756.0  18821.0 
19757.0  18822.0 
19758.0  18823.0 
19759.0  18824.0 
19760.0  18825.0 
19761.0  18826.0 
19762.0  18827.0 
19763.0  18828.0 
19764.0  18829.0 
19765.0  18830.0 
19766.0  18831.0 
19767.0  18832.0 
19768.0  18833.0 
19769.0  18834.0 
19770.0  18835.0 
19771.0  18836.0 
19772.0  18837.0 
19773.0  18838.0 
19774.0  18839.0 
19775.0  18840.0 
19776.0  18841.0 
19777.0  18842.0 
19778.0  18843.0 
19779.0  18844.0 
19780.0  18845.0 
19781.0  18846.0 
19782.0  18847.0 
19783.0  18848.0 
19784.0  18849.0 
19785.0  18850.0 
19786.0  18851.0 
19787.0  18852.0 
19788.0  18853.0 
19789.0  18854.0 
19790.0  18855.0 
19791.0  18856.0 
19792.0  18857.0 
19793.0  18858.0 
19794.0  18859.0 
19795.0  18860.0 
19796.0  18861.0 
19797.0  18862.0 
19798.0  18863.0 
19799.0  18864.0 
19800.0  18865.0 
19801.0  18866.0 
19802.0  18867.0 
19803.0  18868.0 
19804.0  18869.0 
19805.0  18870.0 
19806.0  18871.0 
19807.0  18872.0 
19808.0  18873.0 
19809.0  18874.0 
19810.0  18875.0 
19811.0  18876.0 
19812.0  18877.0 
19813.0  18878.0 
19814.0  18879.0 
19815.0  18880.0 
19816.0  18881.0 
19817.0  18882.0 
19818.0  18883.0 
19819.0  18884.0 
19820.0  18885.0 
19821.0  18886.0 
19822.0  18887.0 
19823.0  18888.0 
19824.0  18889.0 
19825.0  18890.0 
19826.0  18891.0 
19827.0  18892.0 
19828.0  18893.0 
19829.0  18894.0 
19830.0  18895.0 
19831.0  18896.0 
19832.0  18897.0 
19833.0  18898.0 
19834.0  18899.0 
19835.0  18900.0 
19836.0  18901.0 
19837.1  19944.14 
19838.0  18903.0 
19839.0  18904.0 
19840.0  18905.0 
19841.0  18906.0 
19842.0  18907.0 
19843.0  18908.0 
19844.0  18909.0 
19845.0  18910.0 
19846.0  18911.0 
19847.0  18912.0 
19848.0  18913.0 
19849.0  18914.0 
19850.0  18915.0 
19851.0  18916.0 
19852.18  19944.15 
19852.18  18917.18 
19853.18  19944.15 
19853.18  18918.18 
19854.0  18919.0 
19855.0  18920.0 
19856.0  18921.0 
19857.0  18922.0 
19858.0  18923.0 
19859.0  18924.0 
19860.0  18925.0 
19861.0  18926.0 
19862.0  18927.0 
19863.0  18928.0 
19864.0  18929.0 
19865.0  18930.0 
19866.0  18931.0 
19867.0  18932.0 
19868.0  18933.0 
19869.0  18934.0 
19870.0  18935.0 
19871.0  18936.0 
19872.0  18937.0 
19873.0  18938.0 
19874.0  18939.0 
19875.1  19499.1 
19875.2  19499.2 
19875.3  19499.3 
19875.4  19499.4 
19875.5  19499.8 
19875.6  19499.9 
19876.0  18941.0 
19877.0  18942.0 
19878.0  18943.0 
19879.0  18944.0 
19880.0  18945.0 
19881.0  18946.0 
19882.0  18947.0 
19883.0  18948.0 
19884.0  18949.0 
19885.0  18950.0 
19886.0  18951.0 
19887.0  18952.0 
19888.0  18953.0 
19889.0  18954.0 
19890.0  18955.0 
19891.1  19944.16 
19892.0  18957.0 
19893.36  19944.16 
19893.36  18958.36 
19893.37  19499.5 
19894.36  19944.16 
19894.36  18959.36 
19894.37  19499.7 
19895.0  18960.0 
19896.0  18961.0 
19897.0  18962.0 
19898.0  18963.0 
19899.0  18964.0 
19900.0  18965.0 
19901.0  18966.0 
19902.0  18967.0 
19903.0  18968.0 
19904.0  18969.0 
19905.0  18970.0 
19906.1  19945.1 
19906.2  19946.1 
19906.3  19947.1 
19907.0  18972.0 
19908.0  18973.0 
19909.0  18974.0 
19910.0  18975.0 
19911.0  18976.0 
19912.0  18977.0 
19913.0  18978.0 
19914.0  18979.0 
19915.18  18980.18 
19915.19  19499.6 
19916.0  18981.0 
19917.0  18982.0 
19918.0  18983.0 
19919.0  18984.0 
19920.41  19944.10 
19920.42  19944.12 
19920.43  19944.15 
19920.43  18985.43 
19921.0  18986.0 
19923.1  19948.1 
19924.0  18989.0 
19925.0  18990.0 
19927.0  18992.0 
19928.0  18993.0 
19929.0  18994.0 
19930.0  18995.0 
19931.0  18996.0 
19932.0  18997.0 
19933.0  18998.0 
19934.0  18999.0 
19935.0  19000.0 
19936.0  19001.0 
19937.0  19002.0 
19938.1  19950.0 
19938.1  19505.0 
19938.1  19940.0 
19938.1  19510.0 
19938.1  19526.0 
19938.1  19546.0 
19938.1  19666.0 
19938.1  19551.0 
19938.1  19951.1 
19938.1  19952.1 
19938.1  19953.1 
19938.1  19954.1 
19938.1  19955.1 
19939.0  19004.0 
19940.0  19005.0 
19941.1  19956.1 
19942.1  19957.1 
19943.1  19958.1 
19944.11  19959.0 
19944.12  18985.41 
19944.13  18940.8 
19944.14  19024.0 
19944.15  18985.42 
19944.16  19960.1 
19944.17  18940.9 
19944.17  18564.17 
19945.1  19962.0 
19945.1  19505.0 
19945.1  19963.0 
19945.1  19964.0 
19945.1  19526.0 
19945.1  19965.0 
19945.1  19708.0 
19945.1  19966.0 
19945.1  19510.0 
19945.1  19720.0 
19945.1  19967.0 
19945.1  19546.0 
19945.1  19968.2 
19946.1  19970.0 
19946.1  19505.0 
19946.1  19963.0 
19946.1  19964.0 
19946.1  19708.0 
19946.1  19526.0 
19946.1  19965.0 
19946.1  19510.0 
19946.1  19966.0 
19946.1  19720.0 
19946.1  19971.0 
19946.1  19546.0 
19946.1  19906.1 
19947.1  19972.0 
19947.1  19505.0 
19947.1  19526.0 
19947.1  19906.2 
19948.1  19974.0 
19948.1  19505.0 
19948.1  19975.0 
19948.1  19526.0 
19948.1  19546.0 
19948.1  19551.0 
19948.1  19545.0 
19948.1  19976.1 
19948.1  19976.2 
19948.1  19976.3 
19948.1  19976.4 
19948.1  19976.5 
19948.1  19976.6 
19948.1  19976.7 
19949.1  19977.0 
19949.1  19505.0 
19949.1  19526.0 
19950.0  19015.0 
19951.1  19978.1 
19952.1  19979.1 
19953.1  19980.1 
19954.1  19981.1 
19955.1  19982.1 
19956.1  19983.0 
19956.1  19505.0 
19956.1  19526.0 
19956.1  19546.0 
19957.1  19984.0 
19957.1  19505.0 
19957.1  19526.0 
19957.1  19546.0 
19958.1  19986.0 
19958.1  19505.0 
19958.1  19526.0 
19959.0  17147.0 
19960.1  19944.12 
19961.1  19505.0 
19961.1  19940.0 
19961.1  19510.0 
19961.1  19526.0 
19961.1  19546.0 
19961.1  19666.0 
19961.1  19551.0 
19962.0  19027.0 
19963.0  19028.0 
19964.0  19029.0 
19965.0  19030.0 
19966.0  19031.0 
19968.1  19987.1 
19968.2  19988.1 
19969.1  19990.0 
19969.1  19505.0 
19969.1  19940.0 
19969.1  19510.0 
19969.1  19526.0 
19969.1  19546.0 
19969.1  19666.0 
19969.1  19551.0 
19969.1  19552.0 
19969.1  19553.0 
19969.1  19554.0 
19969.1  19991.1 
19969.1  19992.1 
19969.2  19993.1 
19969.3  19994.1 
19970.0  19035.0 
19972.0  19037.0 
19973.1  19995.0 
19973.1  19505.0 
19973.1  19940.0 
19973.1  19510.0 
19973.1  19526.0 
19973.1  19546.0 
19973.1  19666.0 
19973.1  19551.0 
19974.0  19039.0 
19975.0  19040.0 
19976.1  19996.1 
19976.2  19996.2 
19976.3  19996.3 
19976.4  19996.4 
19976.5  19996.5 
19976.6  19996.6 
19976.7  19996.7 
19977.0  19042.0 
19978.1  19984.0 
19978.1  19505.0 
19978.1  19526.0 
19978.1  19546.0 
19979.1  19983.0 
19979.1  19505.0 
19979.1  19526.0 
19979.1  19546.0 
19980.1  19997.0 
19980.1  19505.0 
19980.1  19526.0 
19980.1  19546.0 
19981.1  19997.0 
19981.1  19505.0 
19981.1  19526.0 
19981.1  19546.0 
19982.1  19997.0 
19982.1  19505.0 
19982.1  19526.0 
19982.1  19546.0 
19983.0  19048.0 
19984.0  19049.0 
19986.0  19051.0 
19987.1  19962.0 
19987.1  19505.0 
19987.1  19963.0 
19987.1  19964.0 
19987.1  19526.0 
19987.1  19965.0 
19987.1  19708.0 
19987.1  19966.0 
19987.1  19510.0 
19987.1  19720.0 
19987.1  19999.0 
19987.1  19546.0 
19987.1  20000.1 
19988.1  19970.0 
19988.1  19505.0 
19988.1  19963.0 
19988.1  19964.0 
19988.1  19708.0 
19988.1  19526.0 
19988.1  19965.0 
19988.1  19510.0 
19988.1  19966.0 
19988.1  19720.0 
19988.1  20002.0 
19988.1  19546.0 
19988.1  19968.1 
19989.1  19970.0 
19989.1  19505.0 
19989.1  19963.0 
19989.1  19964.0 
19989.1  19708.0 
19989.1  19526.0 
19989.1  19965.0 
19989.1  19510.0 
19989.1  19966.0 
19989.1  19720.0 
19989.1  20003.0 
19989.1  19546.0 
19990.0  19055.0 
19991.1  20004.0 
19992.1  20005.1 
19993.1  20006.1 
19994.1  20007.1 
19995.0  19060.0 
19996.1  20008.0 
19996.1  19505.0 
19996.1  20009.0 
19996.1  19510.0 
19996.1  19526.0 
19996.1  20010.0 
19996.1  19546.0 
19996.1  20011.0 
19996.1  20012.0 
19996.1  19666.0 
19996.1  20013.0 
19996.1  20014.0 
19996.1  20015.0 
19996.1  19551.0 
19996.1  20016.0 
19996.1  20017.0 
19996.1  20018.0 
19996.1  20019.0 
19996.1  20020.0 
19996.1  20021.0 
19996.1  20022.0 
19996.1  20023.0 
19996.1  20024.0 
19996.1  20025.0 
19996.1  20026.0 
19996.1  20027.0 
19996.1  20028.0 
19996.1  20029.0 
19996.1  20030.0 
19996.1  20031.0 
19996.1  20032.0 
19996.1  20033.0 
19996.1  20034.0 
19996.1  20035.0 
19996.1  20036.0 
19996.1  20037.0 
19996.1  20038.0 
19996.1  20039.0 
19996.1  20040.0 
19996.1  20041.0 
19996.1  20042.0 
19996.1  20043.0 
19996.1  20044.0 
19996.1  20045.0 
19996.1  20046.0 
19996.1  20047.0 
19996.1  20048.0 
19996.1  20049.0 
19996.1  20050.0 
19996.1  20051.0 
19996.1  20052.0 
19996.1  20053.0 
19996.1  20054.0 
19996.1  20055.0 
19996.1  20056.0 
19996.1  20057.0 
19996.1  20058.0 
19996.1  20059.0 
19996.1  20060.0 
19996.1  20061.0 
19996.1  20062.0 
19996.1  20063.0 
19996.1  20064.0 
19996.1  20065.0 
19996.1  20066.0 
19996.1  20067.0 
19996.1  20068.0 
19996.1  20069.0 
19996.1  20070.0 
19996.1  20071.0 
19996.1  20072.0 
19996.1  20073.0 
19996.1  20074.0 
19996.1  20075.0 
19996.1  20076.0 
19996.1  20077.0 
19996.1  20078.0 
19996.1  20079.0 
19996.1  20080.0 
19996.1  20081.0 
19996.1  20082.0 
19996.1  20083.0 
19996.1  20084.0 
19996.1  20085.0 
19996.1  20086.0 
19996.1  20087.0 
19996.2  20088.0 
19996.2  20089.0 
19996.2  20090.0 
19996.2  20091.0 
19996.2  20092.0 
19996.2  20093.0 
19996.2  20094.0 
19996.2  20095.0 
19996.2  20096.0 
19996.2  20097.0 
19996.2  20098.0 
19996.2  20099.0 
19996.2  20100.0 
19996.2  20101.0 
19996.2  20102.0 
19996.2  20103.0 
19996.2  20104.0 
19996.2  20105.0 
19996.2  20106.0 
19996.2  20107.0 
19996.2  20108.0 
19996.2  20109.0 
19996.2  20110.0 
19996.2  20111.0 
19996.2  20112.0 
19996.2  20113.0 
19996.2  20114.0 
19996.2  20115.0 
19996.2  20116.0 
19996.2  20117.0 
19996.2  20118.0 
19996.2  20119.0 
19996.2  20120.0 
19996.2  20121.0 
19996.2  20122.0 
19996.2  20123.0 
19996.2  20124.0 
19996.2  20125.0 
19996.2  20126.0 
19996.2  20127.0 
19996.2  20128.0 
19996.2  20129.0 
19996.2  20130.0 
19996.2  20131.0 
19996.2  20132.0 
19996.2  20133.0 
19996.2  20134.0 
19996.2  20135.0 
19996.2  20136.0 
19996.2  20137.0 
19996.2  20138.0 
19996.2  20139.0 
19996.2  20140.0 
19996.2  20141.0 
19996.2  20142.0 
19996.2  20143.0 
19996.2  20144.0 
19996.2  20145.0 
19996.2  20146.0 
19996.2  20147.0 
19996.2  20148.0 
19996.2  20149.0 
19996.2  20150.0 
19996.2  20151.0 
19996.2  20152.0 
19996.2  20153.0 
19996.2  20154.0 
19996.2  20155.0 
19996.2  20156.0 
19996.2  20157.0 
19996.2  20158.0 
19996.2  20159.0 
19996.2  20160.0 
19996.2  20161.0 
19996.2  20162.0 
19996.2  20163.0 
19996.2  20164.0 
19996.2  20165.0 
19996.2  20166.0 
19996.2  20167.0 
19996.2  20168.0 
19996.2  20169.0 
19996.2  20170.0 
19996.2  20171.0 
19996.3  20172.0 
19996.3  20173.0 
19996.3  20174.0 
19996.3  20175.0 
19996.3  20176.0 
19996.3  20177.0 
19996.3  20178.0 
19996.3  20179.0 
19996.3  20180.0 
19996.3  20181.0 
19996.3  20182.0 
19996.3  20183.0 
19996.3  20184.0 
19996.3  20185.0 
19996.3  20186.0 
19996.3  20187.0 
19996.3  20188.0 
19996.3  20189.0 
19996.3  20190.0 
19996.3  20191.0 
19996.3  20192.0 
19996.3  20193.0 
19996.3  20194.0 
19996.3  20195.0 
19996.3  20196.0 
19996.3  20197.0 
19996.3  20198.0 
19996.3  20199.0 
19996.3  20200.0 
19996.3  20201.0 
19996.3  20202.0 
19996.3  20203.0 
19996.3  20204.0 
19996.3  20205.0 
19996.3  20206.0 
19996.3  20207.0 
19996.3  20208.0 
19996.3  20209.0 
19996.3  20210.0 
19996.3  20211.0 
19996.3  20212.0 
19996.3  20213.0 
19996.3  20214.0 
19996.3  20215.0 
19996.3  20216.0 
19996.3  20217.0 
19996.3  20218.0 
19996.3  20219.0 
19996.3  20220.0 
19996.3  20221.0 
19996.3  20222.0 
19996.3  20223.0 
19996.3  20224.0 
19996.3  20225.0 
19996.3  20226.0 
19996.3  20227.0 
19996.3  20228.0 
19996.3  20229.0 
19996.3  20230.0 
19996.3  20231.0 
19996.3  20232.0 
19996.3  20233.0 
19996.3  20234.0 
19996.3  20235.0 
19996.3  20236.0 
19996.3  20237.0 
19996.3  20238.0 
19996.3  20239.0 
19996.3  20240.0 
19996.3  20241.0 
19996.4  20242.0 
19996.4  20243.0 
19996.4  20244.0 
19996.4  20245.0 
19996.4  20246.0 
19996.4  20247.0 
19996.4  20248.0 
19996.4  20249.0 
19996.4  20250.0 
19996.4  20251.0 
19996.4  20252.0 
19996.4  20253.0 
19996.4  20254.0 
19996.4  20255.0 
19996.4  20256.0 
19996.4  20257.0 
19996.4  20258.0 
19996.4  20259.0 
19996.4  20260.0 
19996.4  20261.0 
19996.4  20262.0 
19996.4  20263.0 
19996.4  20264.0 
19996.4  20265.0 
19996.4  20266.0 
19996.4  20267.0 
19996.4  20268.0 
19996.4  20269.0 
19996.4  20270.0 
19996.4  20271.0 
19996.4  20272.0 
19996.4  20273.0 
19996.4  20274.0 
19996.4  20275.0 
19996.4  20276.0 
19996.4  20277.0 
19996.4  20278.0 
19996.4  20279.0 
19996.4  20280.0 
19996.5  20281.0 
19996.5  20282.0 
19996.5  20283.0 
19996.5  20284.0 
19996.5  20285.0 
19996.5  20286.0 
19996.5  20287.0 
19996.5  20288.0 
19996.5  20289.0 
19996.5  20290.0 
19996.5  20291.0 
19996.5  20292.0 
19996.5  20293.0 
19996.5  20294.0 
19996.5  20295.0 
19996.5  20296.0 
19996.5  20297.0 
19996.5  20298.0 
19996.5  20299.0 
19996.5  20300.0 
19996.5  20301.0 
19996.5  20302.0 
19996.5  20303.0 
19996.5  20304.0 
19996.5  20305.0 
19996.5  20306.0 
19996.5  20307.0 
19996.5  20308.0 
19996.5  20309.0 
19996.5  20310.0 
19996.5  20311.0 
19996.5  20312.0 
19996.5  20313.0 
19996.5  20314.0 
19996.5  20315.0 
19996.5  20316.0 
19996.5  20317.0 
19996.5  20318.0 
19996.5  20319.0 
19996.5  20320.0 
19996.5  20321.0 
19996.5  20322.0 
19996.5  20323.0 
19996.5  20324.0 
19996.5  20325.0 
19996.5  20326.0 
19996.5  20327.0 
19996.5  20328.0 
19996.6  20329.0 
19996.6  20330.0 
19996.6  20331.0 
19996.6  20332.0 
19996.6  20333.0 
19996.6  20334.0 
19996.6  20335.0 
19996.6  20336.0 
19996.6  20337.0 
19996.6  20338.0 
19996.6  20339.0 
19996.6  20340.0 
19996.6  20341.0 
19996.6  20342.0 
19996.6  20343.0 
19996.6  20344.0 
19996.6  20345.0 
19996.6  20346.0 
19996.6  20347.0 
19996.6  20348.0 
19996.6  20349.0 
19996.6  20350.0 
19996.6  20351.0 
19996.6  20352.0 
19996.6  20353.0 
19996.6  20354.0 
19996.6  20355.0 
19996.6  20356.0 
19996.6  20357.0 
19996.6  20358.0 
19996.7  20359.0 
19996.7  20360.0 
19996.7  20361.0 
19996.7  20362.0 
19996.7  20363.0 
19996.7  20364.0 
19996.7  20365.0 
19996.7  20366.0 
19996.7  20367.0 
19996.7  20368.0 
19996.7  20369.0 
19996.7  20370.0 
19996.7  20371.0 
19996.7  20372.0 
19996.7  20373.0 
19996.7  20374.0 
19996.7  20375.0 
19996.7  20376.0 
19996.7  20377.0 
19996.7  20378.0 
19996.7  20379.0 
19996.7  20380.0 
19996.7  20381.0 
19996.7  20382.0 
19996.7  20383.0 
19996.7  20384.0 
19996.7  20385.0 
19996.7  20386.0 
19996.7  20387.0 
19996.7  20388.0 
19996.7  20389.0 
19996.7  20390.0 
19996.7  20391.0 
19996.7  20392.0 
19996.7  20393.0 
19996.7  20394.0 
19996.7  20395.0 
19996.7  20396.0 
19996.7  20397.0 
19996.7  20398.0 
19996.7  20399.0 
19996.7  20400.0 
19996.7  20401.0 
19996.7  20402.0 
19996.7  20403.0 
19996.7  20404.0 
19996.7  20405.0 
19997.0  19062.0 
19998.1  20407.0 
19998.1  18570.0 
19998.1  19005.0 
19998.1  18575.0 
19998.1  18591.0 
19998.1  18611.0 
19998.1  18731.0 
19998.1  18616.0 
19998.1  18617.0 
19998.1  18618.0 
19998.1  18619.0 
19998.1  20408.1 
19998.1  20409.1 
19998.1  18610.0 
19998.1  18624.0 
19998.1  20410.1 
20000.1  20411.1 
20001.1  19026.1 
20005.1  20413.0 
20005.1  19505.0 
20005.1  19526.0 
20005.1  19546.0 
20005.1  19551.0 
20005.1  20414.1 
20006.1  20413.0 
20006.1  19505.0 
20006.1  19526.0 
20006.1  19546.0 
20006.1  19551.0 
20006.1  20416.1 
20007.1  20413.0 
20007.1  19505.0 
20007.1  19526.0 
20007.1  19546.0 
20007.1  19551.0 
20007.1  20418.1 
20008.0  19073.0 
20009.0  19074.0 
20010.0  19075.0 
20012.0  19077.0 
20013.0  19078.0 
20014.0  19079.0 
20015.0  19080.0 
20016.0  19081.0 
20017.0  19082.0 
20018.0  19083.0 
20019.0  19084.0 
20020.0  19085.0 
20021.0  19086.0 
20022.0  19087.0 
20023.0  19088.0 
20024.0  19089.0 
20025.0  19090.0 
20026.0  19091.0 
20027.0  19092.0 
20028.0  19093.0 
20029.0  19094.0 
20030.0  19095.0 
20031.0  19096.0 
20032.0  19097.0 
20033.0  19098.0 
20034.0  19099.0 
20035.0  19100.0 
20036.0  19101.0 
20037.0  19102.0 
20038.0  19103.0 
20039.0  19104.0 
20040.0  19105.0 
20041.0  19106.0 
20042.0  19107.0 
20043.0  19108.0 
20044.0  19109.0 
20045.0  19110.0 
20046.0  19111.0 
20047.0  19112.0 
20048.0  19113.0 
20049.0  19114.0 
20050.0  19115.0 
20051.0  19116.0 
20052.0  19117.0 
20053.0  19118.0 
20054.0  19119.0 
20055.0  19120.0 
20056.0  19121.0 
20057.0  19122.0 
20058.0  19123.0 
20059.0  19124.0 
20060.0  19125.0 
20061.0  19126.0 
20062.0  19127.0 
20063.0  19128.0 
20064.0  19129.0 
20065.0  19130.0 
20066.0  19131.0 
20067.0  19132.0 
20068.0  19133.0 
20069.0  19134.0 
20070.0  19135.0 
20071.0  19136.0 
20072.0  19137.0 
20073.0  19138.0 
20074.0  19139.0 
20075.0  19140.0 
20076.0  19141.0 
20077.0  19142.0 
20078.0  19143.0 
20079.0  19144.0 
20080.0  19145.0 
20081.0  19146.0 
20082.0  19147.0 
20083.0  19148.0 
20084.0  19149.0 
20085.0  19150.0 
20086.0  19151.0 
20087.0  19152.0 
20088.0  19153.0 
20089.0  19154.0 
20090.0  19155.0 
20091.0  19156.0 
20092.0  19157.0 
20093.0  19158.0 
20094.0  19159.0 
20095.0  19160.0 
20096.0  19161.0 
20097.0  19162.0 
20098.0  19163.0 
20099.0  19164.0 
20100.0  19165.0 
20101.0  19166.0 
20102.0  19167.0 
20103.0  19168.0 
20104.0  19169.0 
20105.0  19170.0 
20106.0  19171.0 
20107.0  19172.0 
20108.0  19173.0 
20109.0  19174.0 
20110.0  19175.0 
20111.0  19176.0 
20112.0  19177.0 
20113.0  19178.0 
20114.0  19179.0 
20115.0  19180.0 
20116.0  19181.0 
20117.0  19182.0 
20118.0  19183.0 
20119.0  19184.0 
20120.0  19185.0 
20121.0  19186.0 
20122.0  19187.0 
20123.0  19188.0 
20124.0  19189.0 
20125.0  19190.0 
20126.0  19191.0 
20127.0  19192.0 
20128.0  19193.0 
20129.0  19194.0 
20130.0  19195.0 
20131.0  19196.0 
20132.0  19197.0 
20133.0  19198.0 
20134.0  19199.0 
20135.0  19200.0 
20136.0  19201.0 
20137.0  19202.0 
20138.0  19203.0 
20139.0  19204.0 
20140.0  19205.0 
20141.0  19206.0 
20142.0  19207.0 
20143.0  19208.0 
20144.0  19209.0 
20145.0  19210.0 
20146.0  19211.0 
20147.0  19212.0 
20148.0  19213.0 
20149.0  19214.0 
20150.0  19215.0 
20151.0  19216.0 
20152.0  19217.0 
20153.0  19218.0 
20154.0  19219.0 
20155.0  19220.0 
20156.0  19221.0 
20157.0  19222.0 
20158.0  19223.0 
20159.0  19224.0 
20160.0  19225.0 
20161.0  19226.0 
20162.0  19227.0 
20163.0  19228.0 
20164.0  19229.0 
20165.0  19230.0 
20166.0  19231.0 
20167.0  19232.0 
20168.0  19233.0 
20169.0  19234.0 
20170.0  19235.0 
20171.0  19236.0 
20172.0  19237.0 
20173.0  19238.0 
20174.0  19239.0 
20175.0  19240.0 
20176.0  19241.0 
20177.0  19242.0 
20178.0  19243.0 
20179.0  19244.0 
20180.0  19245.0 
20181.0  19246.0 
20182.0  19247.0 
20183.0  19248.0 
20184.0  19249.0 
20185.0  19250.0 
20186.0  19251.0 
20187.0  19252.0 
20188.0  19253.0 
20189.0  19254.0 
20190.0  19255.0 
20191.0  19256.0 
20192.0  19257.0 
20193.0  19258.0 
20194.0  19259.0 
20195.0  19260.0 
20196.0  19261.0 
20197.0  19262.0 
20198.0  19263.0 
20199.0  19264.0 
20200.0  19265.0 
20201.0  19266.0 
20202.0  19267.0 
20203.0  19268.0 
20204.0  19269.0 
20206.0  19271.0 
20207.0  19272.0 
20208.0  19273.0 
20209.0  19274.0 
20210.0  19275.0 
20211.0  19276.0 
20212.0  19277.0 
20213.0  19278.0 
20214.0  19279.0 
20215.0  19280.0 
20216.0  19281.0 
20217.0  19282.0 
20218.0  19283.0 
20219.0  19284.0 
20220.0  19285.0 
20221.0  19286.0 
20222.0  19287.0 
20223.0  19288.0 
20224.0  19289.0 
20225.0  19290.0 
20226.0  19291.0 
20227.0  19292.0 
20228.0  19293.0 
20229.0  19294.0 
20230.0  19295.0 
20231.0  19296.0 
20232.0  19297.0 
20233.0  19298.0 
20234.0  19299.0 
20235.0  19300.0 
20236.0  19301.0 
20237.0  19302.0 
20238.0  19303.0 
20239.0  19304.0 
20240.0  19305.0 
20241.0  19306.0 
20242.0  19307.0 
20243.0  19308.0 
20244.0  19309.0 
20245.0  19310.0 
20246.0  19311.0 
20247.0  19312.0 
20248.0  19313.0 
20249.0  19314.0 
20250.0  19315.0 
20251.0  19316.0 
20252.0  19317.0 
20253.0  19318.0 
20254.0  19319.0 
20255.0  19320.0 
20256.0  19321.0 
20257.0  19322.0 
20258.0  19323.0 
20259.0  19324.0 
20260.0  19325.0 
20261.0  19326.0 
20262.0  19327.0 
20263.0  19328.0 
20264.0  19329.0 
20265.0  19330.0 
20266.0  19331.0 
20267.0  19332.0 
20268.0  19333.0 
20269.0  19334.0 
20270.0  19335.0 
20271.0  19336.0 
20272.0  19337.0 
20273.0  19338.0 
20274.0  19339.0 
20275.0  19340.0 
20276.0  19341.0 
20277.0  19342.0 
20278.0  19343.0 
20279.0  19344.0 
20280.0  19345.0 
20281.0  19346.0 
20282.0  19347.0 
20283.0  19348.0 
20284.0  19349.0 
20285.0  19350.0 
20286.0  19351.0 
20287.0  19352.0 
20288.0  19353.0 
20289.0  19354.0 
20290.0  19355.0 
20291.0  19356.0 
20292.0  19357.0 
20293.0  19358.0 
20294.0  19359.0 
20295.0  19360.0 
20296.0  19361.0 
20297.0  19362.0 
20298.0  19363.0 
20299.0  19364.0 
20300.0  19365.0 
20301.0  19366.0 
20302.0  19367.0 
20303.0  19368.0 
20304.0  19369.0 
20305.0  19370.0 
20306.0  19371.0 
20307.0  19372.0 
20308.0  19373.0 
20309.0  19374.0 
20310.0  19375.0 
20311.0  19376.0 
20312.0  19377.0 
20313.0  19378.0 
20314.0  19379.0 
20315.0  19380.0 
20316.0  19381.0 
20317.0  19382.0 
20318.0  19383.0 
20319.0  19384.0 
20320.0  19385.0 
20321.0  19386.0 
20322.0  19387.0 
20323.0  19388.0 
20324.0  19389.0 
20325.0  19390.0 
20326.0  19391.0 
20327.0  19392.0 
20328.0  19393.0 
20329.0  19394.0 
20330.0  19395.0 
20331.0  19396.0 
20332.0  19397.0 
20333.0  19398.0 
20334.0  19399.0 
20335.0  19400.0 
20336.0  19401.0 
20337.0  19402.0 
20338.0  19403.0 
20339.0  19404.0 
20340.0  19405.0 
20341.0  19406.0 
20342.0  19407.0 
20343.0  19408.0 
20344.0  19409.0 
20345.0  19410.0 
20346.0  19411.0 
20347.0  19412.0 
20348.0  19413.0 
20349.0  19414.0 
20350.0  19415.0 
20351.0  19416.0 
20352.0  19417.0 
20353.0  19418.0 
20354.0  19419.0 
20355.0  19420.0 
20356.0  19421.0 
20357.0  19422.0 
20358.0  19423.0 
20359.0  19424.0 
20360.0  19425.0 
20361.0  19426.0 
20362.0  19427.0 
20363.0  19428.0 
20364.0  19429.0 
20365.0  19430.0 
20366.0  19431.0 
20367.0  19432.0 
20368.0  19433.0 
20369.0  19434.0 
20370.0  19435.0 
20371.0  19436.0 
20372.0  19437.0 
20373.0  19438.0 
20374.0  19439.0 
20375.0  19440.0 
20376.0  19441.0 
20406.1  19027.0 
20406.1  18570.0 
20406.1  19028.0 
20406.1  19029.0 
20406.1  18591.0 
20406.1  19030.0 
20406.1  18773.0 
20406.1  19031.0 
20406.1  18575.0 
20406.1  18785.0 
20406.1  20419.0 
20406.1  18611.0 
20406.1  18971.3 
20407.0  18533.0 
20408.1  20420.1 
20409.1  20421.1 
20410.1  20422.1 
20411.1  20423.0 
20411.1  18570.0 
20411.1  18591.0 
20411.1  20424.3 
20413.0  19477.0 
20414.1  20425.0 
20416.1  20426.0 
20418.1  20427.0 
20420.1  19477.0 
20420.1  18570.0 
20420.1  18591.0 
20420.1  18611.0 
20420.1  18616.0 
20420.1  20429.1 
20421.1  20430.0 
20421.1  18570.0 
20421.1  18591.0 
20421.1  18611.0 
20421.1  19493.2 
20422.1  20430.0 
20422.1  18570.0 
20422.1  18591.0 
20422.1  18611.0 
20422.1  20431.13 
20423.0  18549.0 
20424.3  18971.3 
20429.1  20432.0 
20430.0  18556.0 
20431.12  18558.12 
20431.13  20433.2 
20431.14  19969.2 
20433.3  19034.3 
19499.0  19500.0 
19500.0  19938.0 
19938.0  19949.0 
19945.0  19961.0 
19946.0  19969.0 
19947.0  19969.0 
19948.0  19973.0 
19949.0  19961.0 
19956.0  19500.0 
19957.0  19500.0 
19958.0  19985.0 
19969.0  19989.0 
19973.0  19499.0 
19978.0  19938.0 
19979.0  19938.0 
19980.0  19938.0 
19981.0  19938.0 
19982.0  19938.0 
19985.0  19500.0 
19987.0  19998.0 
19988.0  20001.0 
19989.0  19961.0 
19996.0  19973.0 
19998.0  20406.0 
20004.0  19969.0 
20005.0  20412.0 
20006.0  20415.0 
20007.0  20417.0 
20406.0  20001.0 
20411.0  19998.0 
20412.0  19969.0 
20415.0  19969.0 
20417.0  19969.0 
20420.0  20428.0 
20421.0  19998.0 
20422.0  19998.0 
20425.0  20412.0 
20426.0  20415.0 
20427.0  20417.0 
20428.0  19998.0 
20432.0  20428.0 
19498.1  19499.10 
20434.1  19499.10 
20435.1  19499.10 
