71514.1  71516.0 
71514.1  71517.0 
71514.1  71518.0 
71514.1  71519.0 
71514.1  71520.0 
71514.1  71521.0 
71514.1  71522.0 
71514.1  71523.0 
71514.1  71524.0 
71514.1  71525.0 
71514.1  71526.0 
71514.1  71527.0 
71515.1  71529.0 
71515.1  71517.0 
71515.1  71520.0 
71516.0  70578.0 
71517.0  70579.0 
71518.0  70580.0 
71519.0  70581.0 
71520.0  70582.0 
71521.0  70583.0 
71522.0  70584.0 
71523.0  70585.0 
71526.0  70588.0 
71527.0  55196.0 
71528.1  71517.0 
71528.1  71530.0 
71528.1  71521.0 
71528.1  71520.0 
71528.1  71526.0 
71528.1  71531.0 
71528.1  71532.0 
71529.0  70591.0 
71530.0  70592.0 
71531.0  70593.0 
71532.0  70594.0 
71513.1  71514.1 
71534.1  71536.0 
71534.1  71537.0 
71534.1  71538.0 
71534.1  71539.0 
71534.1  71517.0 
71534.1  71540.0 
71534.1  71541.0 
71534.1  71542.0 
71534.1  71543.0 
71534.1  71521.0 
71534.1  71544.0 
71534.1  71545.0 
71534.1  71546.0 
71534.1  71547.0 
71534.1  71548.0 
71534.1  71549.0 
71534.1  71550.0 
71534.1  71551.0 
71534.1  71552.0 
71534.1  71553.0 
71534.1  71554.0 
71534.1  71555.0 
71534.1  71556.0 
71534.1  71557.0 
71534.1  71558.0 
71534.1  71520.0 
71534.1  71559.0 
71534.1  71560.0 
71534.1  71561.0 
71534.1  71562.0 
71534.1  71563.0 
71534.1  71564.0 
71534.1  71565.0 
71534.1  71566.0 
71534.1  71567.0 
71534.1  71568.0 
71534.1  71569.0 
71534.1  71570.0 
71534.1  71571.0 
71534.1  71572.0 
71534.1  71573.0 
71534.1  71574.0 
71534.1  71575.0 
71534.1  71576.0 
71534.1  71577.0 
71534.1  71526.0 
71534.1  71578.0 
71534.1  71579.0 
71534.1  71580.0 
71534.1  71581.0 
71534.1  71532.0 
71534.1  71582.0 
71534.1  71583.0 
71534.1  71584.0 
71534.1  71585.0 
71534.1  71586.0 
71534.1  71587.0 
71534.1  71588.0 
71534.1  71589.0 
71534.1  71590.0 
71534.1  71591.0 
71534.1  71592.0 
71534.1  71593.0 
71534.1  71594.0 
71534.1  71595.0 
71534.1  71596.0 
71534.1  71597.0 
71534.1  71598.0 
71534.1  71599.0 
71534.1  71600.0 
71534.1  71601.0 
71534.1  71602.0 
71534.1  71603.0 
71534.1  71604.0 
71534.1  71605.0 
71534.1  71606.0 
71534.1  71607.0 
71534.1  71608.0 
71534.1  71609.0 
71534.1  71610.0 
71534.1  71611.0 
71534.1  71612.0 
71534.1  71613.0 
71534.1  71614.0 
71534.1  71615.0 
71534.1  71616.0 
71534.1  71617.0 
71534.1  71618.0 
71534.1  71619.0 
71534.1  71620.0 
71534.1  71621.0 
71534.1  71622.0 
71534.1  71623.0 
71534.1  71624.0 
71534.1  71625.0 
71534.1  71626.0 
71534.1  71627.0 
71534.1  71628.0 
71534.1  71629.0 
71534.1  71630.0 
71534.1  71631.0 
71534.1  71632.0 
71534.1  71633.0 
71534.1  71634.0 
71534.1  71635.0 
71534.1  71636.0 
71534.1  71637.0 
71534.1  71638.0 
71534.1  71639.0 
71534.1  71640.0 
71534.1  71641.0 
71534.1  71642.0 
71534.1  71643.0 
71534.1  71644.0 
71534.1  71645.0 
71534.1  71646.0 
71534.1  71647.0 
71534.1  71648.0 
71534.1  71649.0 
71534.1  71650.0 
71534.1  71651.0 
71534.1  71652.0 
71534.1  71653.0 
71534.1  71654.0 
71534.1  71655.0 
71534.1  71656.0 
71534.1  71657.0 
71534.1  71658.0 
71534.1  71659.0 
71534.1  71660.0 
71534.1  71661.0 
71534.1  71662.0 
71534.1  71663.0 
71534.1  71664.0 
71534.1  71665.0 
71534.1  71666.0 
71534.1  71667.0 
71534.1  71668.0 
71534.1  71669.0 
71534.1  71670.0 
71534.1  71671.0 
71534.1  71672.0 
71534.1  71673.0 
71534.1  71674.0 
71534.1  71675.0 
71534.1  71676.0 
71534.1  71677.0 
71534.1  71678.0 
71534.1  71679.0 
71534.1  71680.0 
71534.1  71681.0 
71534.1  71682.0 
71534.1  71683.0 
71534.1  71684.0 
71534.1  71685.0 
71534.1  71686.0 
71534.1  71687.0 
71534.1  71688.0 
71534.1  71689.0 
71534.1  71690.0 
71534.1  71691.0 
71534.1  71692.0 
71534.1  71693.0 
71534.1  71694.0 
71534.1  71695.0 
71534.1  71531.0 
71534.1  71696.0 
71534.1  71697.0 
71534.1  71698.0 
71534.1  71699.1 
71534.1  71700.0 
71534.1  71701.0 
71534.1  71702.0 
71534.1  71703.0 
71534.1  71704.0 
71534.1  71705.0 
71534.2  71706.0 
71534.2  71707.0 
71534.2  71708.0 
71534.2  71709.0 
71534.2  71710.0 
71534.2  71711.0 
71534.2  71712.0 
71534.2  71713.0 
71534.2  71714.0 
71534.2  71715.0 
71534.2  71716.0 
71534.2  71717.0 
71534.2  71718.0 
71534.2  71719.0 
71534.2  71720.0 
71534.2  71721.0 
71534.2  71722.0 
71534.2  71723.0 
71534.2  71724.0 
71534.2  71725.0 
71534.2  71726.0 
71534.2  71727.0 
71534.2  71728.0 
71534.2  71729.0 
71534.2  71730.0 
71534.2  71731.0 
71534.2  71732.0 
71534.2  71733.0 
71534.2  71734.0 
71534.2  71735.0 
71534.2  71736.0 
71534.2  71518.0 
71534.2  71737.0 
71534.2  71738.0 
71534.2  71739.0 
71534.2  71740.0 
71534.2  71741.0 
71534.2  71742.0 
71534.2  71743.0 
71534.2  71744.0 
71534.2  71745.0 
71534.2  71746.0 
71534.2  71747.0 
71534.2  71523.0 
71534.2  71748.0 
71534.2  71749.0 
71534.2  71750.0 
71534.2  71751.0 
71534.2  71752.0 
71534.2  71753.0 
71534.2  71754.0 
71534.2  71755.0 
71534.2  71756.0 
71534.2  71757.0 
71534.2  71758.0 
71534.2  71759.0 
71534.2  71760.0 
71534.2  71761.0 
71534.2  71762.0 
71534.2  71763.0 
71534.2  71764.0 
71534.2  71765.0 
71534.2  71766.0 
71534.2  71767.0 
71534.2  71768.0 
71534.2  71769.0 
71534.2  71770.0 
71534.2  71771.0 
71534.2  71772.0 
71534.2  71773.0 
71534.2  71774.0 
71534.2  71775.0 
71534.2  71776.0 
71534.2  71777.0 
71534.2  71778.0 
71534.2  71779.0 
71534.2  71780.0 
71534.2  71781.0 
71534.2  71782.0 
71534.2  71783.0 
71534.2  71784.0 
71534.2  71785.0 
71534.2  71786.0 
71534.2  71787.0 
71534.2  71788.0 
71534.2  71789.0 
71534.2  71790.0 
71534.2  71791.0 
71534.2  71792.0 
71534.2  71793.0 
71534.2  71794.0 
71534.2  71795.0 
71534.2  71796.0 
71534.2  71797.0 
71534.2  71798.0 
71534.2  71799.0 
71534.2  71800.0 
71534.2  71801.0 
71534.2  71802.0 
71534.2  71803.0 
71534.2  71804.0 
71534.2  71805.0 
71534.2  71806.0 
71534.2  71807.0 
71534.2  71808.0 
71534.2  71809.0 
71534.2  71810.0 
71534.2  71811.0 
71534.2  71812.0 
71534.2  71813.0 
71534.2  71814.0 
71534.2  71815.0 
71534.2  71816.0 
71534.2  71817.0 
71534.2  71818.0 
71534.2  71819.0 
71534.2  71820.0 
71534.2  71821.0 
71534.2  71822.0 
71534.2  71823.0 
71534.2  71824.0 
71534.2  71825.0 
71534.2  71826.0 
71534.2  71827.0 
71534.2  71828.0 
71534.2  71829.0 
71534.2  71830.0 
71534.2  71831.0 
71534.2  71832.0 
71534.2  71833.0 
71534.2  71834.0 
71534.2  71835.0 
71534.2  71836.0 
71534.2  71837.0 
71534.2  71838.0 
71534.2  71839.0 
71534.2  71840.0 
71534.2  71841.0 
71534.2  71842.0 
71534.2  71843.0 
71534.2  71844.0 
71534.2  71845.0 
71534.2  71846.0 
71534.2  71847.0 
71534.2  71848.0 
71534.2  71849.0 
71534.2  71850.0 
71534.2  71851.0 
71534.2  71852.0 
71534.2  71853.0 
71534.2  71854.0 
71534.2  71855.0 
71534.2  71856.0 
71534.2  71857.0 
71534.2  71858.0 
71534.2  71859.0 
71534.2  71860.0 
71534.2  71861.0 
71534.2  71862.0 
71534.2  71863.0 
71534.2  71864.1 
71534.2  71865.0 
71534.2  71866.0 
71534.2  71867.0 
71534.2  71868.0 
71534.2  71869.0 
71534.2  71870.0 
71534.2  71871.0 
71534.2  71872.0 
71534.2  71873.0 
71534.2  71874.0 
71534.2  71875.0 
71534.2  71876.0 
71534.2  71877.0 
71534.2  71878.0 
71534.2  71879.21 
71534.2  71880.21 
71534.2  71881.0 
71534.2  71882.0 
71534.2  71883.0 
71534.2  71884.0 
71534.2  71885.0 
71534.2  71886.0 
71534.2  71887.0 
71534.2  71888.0 
71534.2  71889.0 
71534.2  71890.0 
71534.2  71891.0 
71534.2  71892.0 
71534.2  71893.0 
71534.3  71894.0 
71534.3  71895.0 
71534.3  71896.0 
71534.3  71897.0 
71534.3  71898.0 
71534.3  71899.0 
71534.3  71900.0 
71534.3  71901.0 
71534.3  71902.2 
71534.3  71903.0 
71534.3  71904.0 
71534.3  71905.0 
71534.3  71906.0 
71534.3  71907.0 
71534.3  71908.0 
71534.4  71909.0 
71534.4  71910.0 
71534.4  71911.0 
71534.4  71912.0 
71534.4  71513.1 
71534.5  71913.0 
71534.5  71914.0 
71534.5  71915.0 
71534.5  71916.0 
71534.5  71917.0 
71534.5  71918.1 
71534.5  71919.0 
71534.5  71920.42 
71534.5  71921.42 
71534.5  71922.0 
71534.5  71923.2 
71534.6  71924.0 
71534.6  71925.0 
71534.6  71926.0 
71534.6  71927.0 
71534.6  71928.0 
71534.6  71929.0 
71534.6  71522.0 
71534.6  71519.0 
71534.6  71930.0 
71534.6  71931.3 
71534.6  71932.0 
71534.6  71933.0 
71534.6  71934.0 
71534.6  71935.0 
71534.6  71936.0 
71534.6  71937.0 
71534.6  71938.0 
71534.6  71939.0 
71534.6  71940.21 
71534.6  71941.0 
71534.6  71942.0 
71534.7  71943.0 
71534.7  71944.0 
71534.7  71945.51 
71534.7  71946.0 
71534.7  71947.0 
71534.7  71948.1 
71534.7  71949.0 
71534.7  71950.0 
71534.7  71951.0 
71534.7  71952.0 
71534.7  71953.0 
71534.8  71954.0 
71534.8  71955.0 
71534.8  71956.0 
71534.8  71957.0 
71534.8  71958.0 
71534.9  71959.0 
71534.9  71960.0 
71534.9  71961.0 
71534.9  71902.5 
71534.10  71962.0 
71535.1  71964.0 
71535.1  71517.0 
71535.1  71530.0 
71535.1  71521.0 
71535.1  71520.0 
71535.1  71526.0 
71535.1  71531.0 
71535.1  71532.0 
71535.1  71965.1 
71535.1  71966.1 
71535.1  71967.1 
71536.0  70598.0 
71537.0  70599.0 
71538.0  70600.0 
71539.0  70601.0 
71540.0  70602.0 
71541.0  70603.0 
71542.0  70604.0 
71543.0  70605.0 
71544.0  70606.0 
71545.0  70607.0 
71546.0  70608.0 
71547.0  70609.0 
71548.0  70610.0 
71549.0  70611.0 
71550.0  70612.0 
71551.0  70613.0 
71552.0  70614.0 
71553.0  70615.0 
71554.0  70616.0 
71555.0  70617.0 
71556.0  70618.0 
71557.0  70619.0 
71558.0  70620.0 
71559.0  70621.0 
71560.0  70622.0 
71561.0  70623.0 
71562.0  70624.0 
71563.0  70625.0 
71564.0  70626.0 
71565.0  70627.0 
71566.0  70628.0 
71567.0  70629.0 
71568.0  70630.0 
71569.0  70631.0 
71570.0  70632.0 
71571.0  70633.0 
71572.0  70634.0 
71573.0  70635.0 
71574.0  70636.0 
71575.0  70637.0 
71576.0  70638.0 
71577.0  70639.0 
71578.0  70640.0 
71579.0  70641.0 
71580.0  70642.0 
71581.0  70643.0 
71582.0  70644.0 
71583.0  70645.0 
71584.0  70646.0 
71585.0  70647.0 
71586.0  70648.0 
71587.0  70649.0 
71588.0  70650.0 
71589.0  70651.0 
71590.0  70652.0 
71591.0  70653.0 
71592.0  70654.0 
71593.0  70655.0 
71594.0  70656.0 
71595.0  70657.0 
71596.0  70658.0 
71597.0  70659.0 
71598.0  70660.0 
71599.0  70661.0 
71600.0  70662.0 
71601.0  70663.0 
71602.0  70664.0 
71603.0  70665.0 
71604.0  70666.0 
71605.0  70667.0 
71606.0  70668.0 
71607.0  70669.0 
71608.0  70670.0 
71609.0  70671.0 
71610.0  70672.0 
71611.0  70673.0 
71612.0  70674.0 
71613.0  70675.0 
71614.0  70676.0 
71615.0  70677.0 
71616.0  70678.0 
71617.0  70679.0 
71618.0  70680.0 
71619.0  70681.0 
71620.0  70682.0 
71621.0  70683.0 
71622.0  70684.0 
71623.0  70685.0 
71624.0  70686.0 
71625.0  70687.0 
71626.0  70688.0 
71627.0  70689.0 
71628.0  70690.0 
71629.0  70691.0 
71630.0  70692.0 
71631.0  70693.0 
71632.0  70694.0 
71633.0  70695.0 
71634.0  70696.0 
71635.0  70697.0 
71636.0  70698.0 
71637.0  70699.0 
71638.0  70700.0 
71639.0  70701.0 
71640.0  70702.0 
71641.0  70703.0 
71642.0  70704.0 
71643.0  70705.0 
71644.0  70706.0 
71645.0  70707.0 
71646.0  70708.0 
71647.0  70709.0 
71648.0  70710.0 
71649.0  70711.0 
71650.0  70712.0 
71651.0  70713.0 
71652.0  70714.0 
71653.0  70715.0 
71654.0  70716.0 
71655.0  70717.0 
71656.0  70718.0 
71657.0  70719.0 
71658.0  70720.0 
71659.0  70721.0 
71660.0  70722.0 
71661.0  70723.0 
71662.0  70724.0 
71663.0  70725.0 
71664.0  70726.0 
71665.0  70727.0 
71666.0  70728.0 
71667.0  70729.0 
71668.0  70730.0 
71669.0  70731.0 
71670.0  70732.0 
71671.0  70733.0 
71672.0  70734.0 
71673.0  70735.0 
71674.0  70736.0 
71675.0  70737.0 
71676.0  70738.0 
71677.0  70739.0 
71678.0  70740.0 
71679.0  70741.0 
71680.0  70742.0 
71681.0  70743.0 
71682.0  70744.0 
71683.0  70745.0 
71684.0  70746.0 
71685.0  70747.0 
71686.0  70748.0 
71687.0  70749.0 
71688.0  70750.0 
71689.0  70751.0 
71690.0  70752.0 
71691.0  70753.0 
71692.0  70754.0 
71693.0  70755.0 
71694.0  70756.0 
71695.0  70757.0 
71696.0  70758.0 
71697.0  70759.0 
71698.0  70760.0 
71699.1  71968.14 
71700.0  70762.0 
71701.0  70763.0 
71702.0  70764.0 
71703.0  70765.0 
71704.0  70766.0 
71705.0  70767.0 
71706.0  70768.0 
71707.0  70769.0 
71708.0  70770.0 
71709.0  70771.0 
71710.0  70772.0 
71711.0  70773.0 
71712.0  70774.0 
71713.0  70775.0 
71714.0  70776.0 
71715.0  70777.0 
71716.0  70778.0 
71717.0  70779.0 
71718.0  70780.0 
71719.0  70781.0 
71720.0  70782.0 
71721.0  70783.0 
71722.0  70784.0 
71723.0  70785.0 
71724.0  70786.0 
71725.0  70787.0 
71726.0  70788.0 
71727.0  70789.0 
71728.0  70790.0 
71729.0  70791.0 
71730.0  70792.0 
71731.0  70793.0 
71732.0  70794.0 
71733.0  70795.0 
71734.0  70796.0 
71735.0  70797.0 
71736.0  70798.0 
71737.0  70799.0 
71738.0  70800.0 
71739.0  70801.0 
71740.0  70802.0 
71741.0  70803.0 
71742.0  70804.0 
71743.0  70805.0 
71744.0  70806.0 
71745.0  70807.0 
71746.0  70808.0 
71747.0  70809.0 
71749.0  70811.0 
71750.0  70812.0 
71751.0  70813.0 
71752.0  70814.0 
71753.0  70815.0 
71754.0  70816.0 
71755.0  70817.0 
71756.0  70818.0 
71757.0  70819.0 
71758.0  70820.0 
71759.0  70821.0 
71760.0  70823.0 
71761.0  70822.0 
71762.0  70824.0 
71763.0  70825.0 
71764.0  70826.0 
71765.0  70827.0 
71766.0  70828.0 
71767.0  70829.0 
71768.0  70830.0 
71769.0  70831.0 
71770.0  70832.0 
71771.0  70833.0 
71772.0  70834.0 
71773.0  70835.0 
71774.0  70836.0 
71775.0  70837.0 
71776.0  70838.0 
71777.0  70839.0 
71778.0  70840.0 
71779.0  70841.0 
71780.0  70842.0 
71781.0  70843.0 
71782.0  70844.0 
71783.0  70845.0 
71784.0  70846.0 
71785.0  70847.0 
71786.0  70848.0 
71787.0  70849.0 
71788.0  70850.0 
71789.0  70851.0 
71790.0  70852.0 
71791.0  70853.0 
71792.0  70854.0 
71793.0  70855.0 
71794.0  70856.0 
71795.0  70857.0 
71796.0  70858.0 
71797.0  70859.0 
71798.0  70860.0 
71799.0  70861.0 
71800.0  70862.0 
71801.0  70863.0 
71802.0  70864.0 
71803.0  70865.0 
71804.0  70866.0 
71805.0  70867.0 
71806.0  70868.0 
71807.0  70869.0 
71808.0  70870.0 
71809.0  70871.0 
71810.0  70872.0 
71811.0  70873.0 
71812.0  70874.0 
71813.0  70875.0 
71814.0  70876.0 
71815.0  70877.0 
71816.0  70878.0 
71817.0  70879.0 
71818.0  70880.0 
71819.0  70881.0 
71820.0  70882.0 
71821.0  70883.0 
71822.0  70884.0 
71823.0  70885.0 
71824.0  70886.0 
71825.0  70887.0 
71826.0  70888.0 
71827.0  70889.0 
71828.0  70890.0 
71829.0  70891.0 
71830.0  70892.0 
71831.0  70893.0 
71832.0  70894.0 
71833.0  70895.0 
71834.0  70896.0 
71835.0  70897.0 
71836.0  70898.0 
71837.0  70899.0 
71838.0  70900.0 
71839.0  70901.0 
71840.0  70902.0 
71841.0  70903.0 
71842.0  70904.0 
71843.0  70905.0 
71844.0  70906.0 
71845.0  70907.0 
71846.0  70908.0 
71847.0  70909.0 
71848.0  70910.0 
71849.0  70911.0 
71850.0  70912.0 
71851.0  70913.0 
71852.0  70914.0 
71853.0  70915.0 
71854.0  70916.0 
71855.0  70917.0 
71856.0  70918.0 
71857.0  70919.0 
71858.0  70920.0 
71859.0  70921.0 
71860.0  70922.0 
71861.0  70923.0 
71862.0  70924.0 
71863.0  70925.0 
71864.1  71968.12 
71865.0  70927.0 
71866.0  70928.0 
71867.0  70929.0 
71868.0  70930.0 
71869.0  70931.0 
71870.0  70932.0 
71871.0  70933.0 
71872.0  70934.0 
71873.0  70935.0 
71874.0  70936.0 
71875.0  70937.0 
71876.0  70938.0 
71877.0  70939.0 
71878.0  70940.0 
71879.21  71968.13 
71879.21  70941.21 
71880.21  71968.13 
71880.21  70942.21 
71881.0  70943.0 
71882.0  70944.0 
71883.0  70945.0 
71884.0  70946.0 
71885.0  70947.0 
71886.0  70948.0 
71887.0  70949.0 
71888.0  70950.0 
71889.0  70951.0 
71890.0  70952.0 
71891.0  70953.0 
71892.0  70954.0 
71893.0  70955.0 
71894.0  70956.0 
71895.0  70957.0 
71896.0  70958.0 
71897.0  70959.0 
71898.0  70960.0 
71899.0  70961.0 
71900.0  70962.0 
71901.0  70963.0 
71902.1  71534.1 
71902.2  71534.2 
71902.3  71534.3 
71902.4  71534.4 
71902.5  71534.8 
71902.6  71534.9 
71903.0  70965.0 
71904.0  70966.0 
71905.0  70967.0 
71906.0  70968.0 
71907.0  70969.0 
71908.0  70970.0 
71909.0  70971.0 
71910.0  70972.0 
71911.0  70973.0 
71912.0  70974.0 
71913.0  70975.0 
71914.0  70976.0 
71915.0  70977.0 
71916.0  70978.0 
71917.0  70979.0 
71918.1  71968.14 
71919.0  70981.0 
71920.42  71968.14 
71920.42  70982.42 
71920.43  71534.5 
71921.42  71968.14 
71921.42  70983.42 
71921.43  71534.7 
71922.0  70984.0 
71923.2  70985.2 
71924.0  70986.0 
71925.0  70987.0 
71926.0  70988.0 
71927.0  70989.0 
71928.0  70990.0 
71929.0  70991.0 
71930.0  70992.0 
71931.1  71969.1 
71931.2  71970.1 
71931.3  71971.1 
71932.0  70994.0 
71933.0  70995.0 
71934.0  70996.0 
71935.0  70997.0 
71936.0  70998.0 
71937.0  70999.0 
71938.0  71000.0 
71939.0  71001.0 
71940.21  71002.21 
71940.22  71534.6 
71941.0  71003.0 
71942.0  71004.0 
71943.0  71005.0 
71944.0  71006.0 
71945.50  71968.11 
71945.51  71968.13 
71945.51  71007.51 
71946.0  71008.0 
71948.1  71972.1 
71949.0  71011.0 
71950.0  71012.0 
71952.0  71014.0 
71953.0  71015.0 
71954.0  71016.0 
71955.0  71017.0 
71956.0  71018.0 
71957.0  71019.0 
71958.0  71020.0 
71959.0  71025.0 
71960.0  71026.0 
71961.0  71027.0 
71962.0  71028.0 
71963.1  71974.0 
71963.1  71517.0 
71963.1  71530.0 
71963.1  71521.0 
71963.1  71520.0 
71963.1  71526.0 
71963.1  71531.0 
71963.1  71532.0 
71963.1  71975.1 
71963.1  71976.1 
71963.1  71977.1 
71963.1  71978.1 
71963.1  71979.1 
71964.0  71030.0 
71965.1  71980.1 
71966.1  71981.1 
71967.1  71982.1 
71968.12  71983.0 
71968.13  71007.50 
71968.14  71984.1 
71968.14  70596.14 
71969.1  71985.0 
71969.1  71517.0 
71969.1  71986.0 
71969.1  71987.0 
71969.1  71520.0 
71969.1  71988.0 
71969.1  71518.0 
71969.1  71989.0 
71969.1  71521.0 
71969.1  71523.0 
71969.1  71990.0 
71969.1  71526.0 
71969.1  71991.2 
71970.1  71993.0 
71970.1  71517.0 
71970.1  71986.0 
71970.1  71987.0 
71970.1  71518.0 
71970.1  71520.0 
71970.1  71988.0 
71970.1  71521.0 
71970.1  71989.0 
71970.1  71523.0 
71970.1  71994.0 
71970.1  71526.0 
71970.1  71931.1 
71971.1  71995.0 
71971.1  71517.0 
71971.1  71520.0 
71971.1  71931.2 
71972.1  71997.0 
71972.1  71517.0 
71972.1  71998.0 
71972.1  71520.0 
71972.1  71526.0 
71972.1  71532.0 
71972.1  71577.0 
71972.1  71999.4 
71972.1  71999.5 
71972.1  71999.6 
71972.1  71999.7 
71973.1  71529.0 
71973.1  71517.0 
71973.1  71520.0 
71974.0  71040.0 
71975.1  72000.1 
71976.1  72001.1 
71977.1  72002.1 
71978.1  72003.1 
71979.1  72004.1 
71980.1  72005.0 
71980.1  71517.0 
71980.1  71520.0 
71980.1  71526.0 
71981.1  72006.0 
71981.1  71517.0 
71981.1  71520.0 
71981.1  71526.0 
71982.1  72008.0 
71982.1  71517.0 
71982.1  71520.0 
71983.0  70105.0 
71984.1  71968.11 
71985.0  71052.0 
71986.0  71053.0 
71987.0  71054.0 
71988.0  71055.0 
71989.0  71056.0 
71991.1  72009.1 
71991.2  72010.1 
71992.1  72012.0 
71992.1  71517.0 
71992.1  71530.0 
71992.1  71521.0 
71992.1  71520.0 
71992.1  71526.0 
71992.1  71531.0 
71992.1  71532.0 
71992.1  71582.0 
71992.1  71583.0 
71992.1  71584.0 
71992.1  72013.1 
71992.1  72014.1 
71992.2  72015.1 
71992.3  72016.1 
71993.0  71060.0 
71995.0  71062.0 
71996.1  72017.0 
71996.1  71517.0 
71996.1  71530.0 
71996.1  71521.0 
71996.1  71520.0 
71996.1  71526.0 
71996.1  71531.0 
71996.1  71532.0 
71997.0  71064.0 
71998.0  71065.0 
71999.1  72018.1 
71999.2  72018.2 
71999.3  72018.3 
71999.4  72018.4 
71999.5  72018.5 
71999.6  72018.6 
71999.7  72018.7 
72000.1  72006.0 
72000.1  71517.0 
72000.1  71520.0 
72000.1  71526.0 
72001.1  72005.0 
72001.1  71517.0 
72001.1  71520.0 
72001.1  71526.0 
72002.1  72019.0 
72002.1  71517.0 
72002.1  71520.0 
72002.1  71526.0 
72003.1  72019.0 
72003.1  71517.0 
72003.1  71520.0 
72003.1  71526.0 
72004.1  72019.0 
72004.1  71517.0 
72004.1  71520.0 
72004.1  71526.0 
72005.0  71072.0 
72006.0  71073.0 
72008.0  71075.0 
72009.1  71985.0 
72009.1  71517.0 
72009.1  71986.0 
72009.1  71987.0 
72009.1  71520.0 
72009.1  71988.0 
72009.1  71518.0 
72009.1  71989.0 
72009.1  71521.0 
72009.1  71523.0 
72009.1  72021.0 
72009.1  71526.0 
72009.1  72022.1 
72010.1  71993.0 
72010.1  71517.0 
72010.1  71986.0 
72010.1  71987.0 
72010.1  71518.0 
72010.1  71520.0 
72010.1  71988.0 
72010.1  71521.0 
72010.1  71989.0 
72010.1  71523.0 
72010.1  72024.0 
72010.1  71526.0 
72010.1  71991.1 
72011.1  71993.0 
72011.1  71517.0 
72011.1  71986.0 
72011.1  71987.0 
72011.1  71518.0 
72011.1  71520.0 
72011.1  71988.0 
72011.1  71521.0 
72011.1  71989.0 
72011.1  71523.0 
72011.1  72025.0 
72011.1  71526.0 
72012.0  71079.0 
72013.1  72026.0 
72014.1  72027.1 
72015.1  72028.1 
72016.1  72029.1 
72017.0  71084.0 
72018.1  72030.0 
72018.1  71517.0 
72018.1  72031.0 
72018.1  71521.0 
72018.1  71520.0 
72018.1  72032.0 
72018.1  71526.0 
72018.1  72033.0 
72018.1  72034.0 
72018.1  71531.0 
72018.1  72035.0 
72018.1  72036.0 
72018.1  72037.0 
72018.1  71532.0 
72018.1  72038.0 
72018.1  72039.0 
72018.1  72040.0 
72018.1  72041.0 
72018.1  72042.0 
72018.1  72043.0 
72018.1  72044.0 
72018.1  72045.0 
72018.1  72046.0 
72018.1  72047.0 
72018.1  72048.0 
72018.1  72049.0 
72018.1  72050.0 
72018.1  72051.0 
72018.1  72052.0 
72018.1  72053.0 
72018.1  72054.0 
72018.1  72055.0 
72018.1  72056.0 
72018.1  72057.0 
72018.1  72058.0 
72018.1  72059.0 
72018.1  72060.0 
72018.1  72061.0 
72018.1  72062.0 
72018.1  72063.0 
72018.1  72064.0 
72018.1  72065.0 
72018.1  72066.0 
72018.1  72067.0 
72018.1  72068.0 
72018.1  72069.0 
72018.1  72070.0 
72018.1  72071.0 
72018.1  72072.0 
72018.1  72073.0 
72018.1  72074.0 
72018.1  72075.0 
72018.1  72076.0 
72018.1  72077.0 
72018.1  72078.0 
72018.1  72079.0 
72018.1  72080.0 
72018.1  72081.0 
72018.1  72082.0 
72018.1  72083.0 
72018.1  72084.0 
72018.1  72085.0 
72018.1  72086.0 
72018.1  72087.0 
72018.1  72088.0 
72018.1  72089.0 
72018.1  72090.0 
72018.1  72091.0 
72018.1  72092.0 
72018.1  72093.0 
72018.1  72094.0 
72018.1  72095.0 
72018.1  72096.0 
72018.1  72097.0 
72018.1  72098.0 
72018.1  72099.0 
72018.1  72100.0 
72018.1  72101.0 
72018.1  72102.0 
72018.1  72103.0 
72018.1  72104.0 
72018.1  72105.0 
72018.1  72106.0 
72018.1  72107.0 
72018.1  72108.0 
72018.1  72109.0 
72018.2  72110.0 
72018.2  72111.0 
72018.2  72112.0 
72018.2  72113.0 
72018.2  72114.0 
72018.2  72115.0 
72018.2  72116.0 
72018.2  72117.0 
72018.2  72118.0 
72018.2  72119.0 
72018.2  72120.0 
72018.2  72121.0 
72018.2  72122.0 
72018.2  72123.0 
72018.2  72124.0 
72018.2  72125.0 
72018.2  72126.0 
72018.2  72127.0 
72018.2  72128.0 
72018.2  72129.0 
72018.2  72130.0 
72018.2  72131.0 
72018.2  72132.0 
72018.2  72133.0 
72018.2  72134.0 
72018.2  72135.0 
72018.2  72136.0 
72018.2  72137.0 
72018.2  72138.0 
72018.2  72139.0 
72018.2  72140.0 
72018.2  72141.0 
72018.2  72142.0 
72018.2  72143.0 
72018.2  72144.0 
72018.2  72145.0 
72018.2  72146.0 
72018.2  72147.0 
72018.2  72148.0 
72018.2  72149.0 
72018.2  72150.0 
72018.2  72151.0 
72018.2  72152.0 
72018.2  72153.0 
72018.2  72154.0 
72018.2  72155.0 
72018.2  72156.0 
72018.2  72157.0 
72018.2  72158.0 
72018.2  72159.0 
72018.2  72160.0 
72018.2  72161.0 
72018.2  72162.0 
72018.2  72163.0 
72018.2  72164.0 
72018.2  72165.0 
72018.2  72166.0 
72018.2  72167.0 
72018.2  72168.0 
72018.2  72169.0 
72018.2  72170.0 
72018.2  72171.0 
72018.2  72172.0 
72018.2  72173.0 
72018.2  72174.0 
72018.2  72175.0 
72018.2  72176.0 
72018.2  72177.0 
72018.2  72178.0 
72018.2  72179.0 
72018.2  72180.0 
72018.2  72181.0 
72018.2  72182.0 
72018.2  72183.0 
72018.2  72184.0 
72018.2  72185.0 
72018.2  72186.0 
72018.2  72187.0 
72018.3  72188.0 
72018.3  72189.0 
72018.3  72190.0 
72018.3  72191.0 
72018.3  72192.0 
72018.3  72193.0 
72018.3  72194.0 
72018.3  72195.0 
72018.3  72196.0 
72018.3  72197.0 
72018.3  72198.0 
72018.3  72199.0 
72018.3  72200.0 
72018.3  72201.0 
72018.3  72202.0 
72018.3  72203.0 
72018.3  72204.0 
72018.3  72205.0 
72018.3  72206.0 
72018.3  72207.0 
72018.3  72208.0 
72018.3  72209.0 
72018.3  72210.0 
72018.3  72211.0 
72018.3  72212.0 
72018.3  72213.0 
72018.3  72214.0 
72018.3  72215.0 
72018.3  72216.0 
72018.3  72217.0 
72018.3  72218.0 
72018.3  72219.0 
72018.3  72220.0 
72018.3  72221.0 
72018.3  72222.0 
72018.3  72223.0 
72018.3  72224.0 
72018.3  72225.0 
72018.3  72226.0 
72018.3  72227.0 
72018.3  72228.0 
72018.3  72229.0 
72018.3  72230.0 
72018.3  72231.0 
72018.3  72232.0 
72018.3  72233.0 
72018.3  72234.0 
72018.3  72235.0 
72018.3  72236.0 
72018.3  72237.0 
72018.3  72238.0 
72018.3  72239.0 
72018.3  72240.0 
72018.3  72241.0 
72018.3  72242.0 
72018.3  72243.0 
72018.3  72244.0 
72018.3  72245.0 
72018.3  72246.0 
72018.3  72247.0 
72018.3  72248.0 
72018.3  72249.0 
72018.3  72250.0 
72018.3  72251.0 
72018.3  72252.0 
72018.3  72253.0 
72018.3  72254.0 
72018.3  72255.0 
72018.3  72256.0 
72018.3  72257.0 
72018.3  72258.0 
72018.3  72259.0 
72018.3  72260.0 
72018.3  72261.0 
72018.3  72262.0 
72018.3  72263.0 
72018.3  72264.0 
72018.3  72265.0 
72018.3  72266.0 
72018.4  72267.0 
72018.4  72268.0 
72018.4  72269.0 
72018.4  72270.0 
72018.4  72271.0 
72018.4  72272.0 
72018.4  72273.0 
72018.4  72274.0 
72018.4  72275.0 
72018.4  72276.0 
72018.4  72277.0 
72018.4  72278.0 
72018.4  72279.0 
72018.4  72280.0 
72018.4  72281.0 
72018.4  72282.0 
72018.4  72283.0 
72018.4  72284.0 
72018.4  72285.0 
72018.4  72286.0 
72018.4  72287.0 
72018.4  72288.0 
72018.4  72289.0 
72018.4  72290.0 
72018.4  72291.0 
72018.4  72292.0 
72018.4  72293.0 
72018.4  72294.0 
72018.4  72295.0 
72018.4  72296.0 
72018.4  72297.0 
72018.4  72298.0 
72018.4  72299.0 
72018.4  72300.0 
72018.4  72301.0 
72018.4  72302.0 
72018.4  72303.0 
72018.4  72304.0 
72018.4  72305.0 
72018.5  72306.0 
72018.5  72307.0 
72018.5  72308.0 
72018.5  72309.0 
72018.5  72310.0 
72018.5  72311.0 
72018.5  72312.0 
72018.5  72313.0 
72018.5  72314.0 
72018.5  72315.0 
72018.5  72316.0 
72018.5  72317.0 
72018.5  72318.0 
72018.5  72319.0 
72018.5  72320.0 
72018.5  72321.0 
72018.5  72322.0 
72018.5  72323.0 
72018.5  72324.0 
72018.5  72325.0 
72018.5  72326.0 
72018.5  72327.0 
72018.5  72328.0 
72018.5  72329.0 
72018.5  72330.0 
72018.5  72331.0 
72018.5  72332.0 
72018.5  72333.0 
72018.5  72334.0 
72018.5  72335.0 
72018.5  72336.0 
72018.5  72337.0 
72018.5  72338.0 
72018.5  72339.0 
72018.5  72340.0 
72018.5  72341.0 
72018.5  72342.0 
72018.5  72343.0 
72018.5  72344.0 
72018.5  72345.0 
72018.5  72346.0 
72018.5  72347.0 
72018.5  72348.0 
72018.5  72349.0 
72018.5  72350.0 
72018.5  72351.0 
72018.5  72352.0 
72018.5  72353.0 
72018.6  72354.0 
72018.6  72355.0 
72018.6  72356.0 
72018.6  72357.0 
72018.6  72358.0 
72018.6  72359.0 
72018.6  72360.0 
72018.6  72361.0 
72018.6  72362.0 
72018.6  72363.0 
72018.6  72364.0 
72018.6  72365.0 
72018.6  72366.0 
72018.6  72367.0 
72018.6  72368.0 
72018.6  72369.0 
72018.6  72370.0 
72018.6  72371.0 
72018.6  72372.0 
72018.6  72373.0 
72018.6  72374.0 
72018.6  72375.0 
72018.6  72376.0 
72018.6  72377.0 
72018.6  72378.0 
72018.6  72379.0 
72018.6  72380.0 
72018.7  72381.0 
72018.7  72382.0 
72018.7  72383.0 
72018.7  72384.0 
72018.7  72385.0 
72018.7  72386.0 
72018.7  72387.0 
72018.7  72388.0 
72018.7  72389.0 
72018.7  72390.0 
72018.7  72391.0 
72018.7  72392.0 
72018.7  72393.0 
72018.7  72394.0 
72018.7  72395.0 
72018.7  72396.0 
72018.7  72397.0 
72018.7  72398.0 
72018.7  72399.0 
72018.7  72400.0 
72018.7  72401.0 
72018.7  72402.0 
72018.7  72403.0 
72018.7  72404.0 
72018.7  72405.0 
72018.7  72406.0 
72018.7  72407.0 
72018.7  72408.0 
72018.7  72409.0 
72018.7  72410.0 
72018.7  72411.0 
72018.7  72412.0 
72018.7  72413.0 
72018.7  72414.0 
72018.7  72415.0 
72018.7  72416.0 
72018.7  72417.0 
72018.7  72418.0 
72018.7  72419.0 
72018.7  72420.0 
72018.7  72421.0 
72019.0  71086.0 
72020.1  72423.0 
72020.1  70579.0 
72020.1  70592.0 
72020.1  70583.0 
72020.1  70582.0 
72020.1  70588.0 
72020.1  70593.0 
72020.1  70594.0 
72020.1  70644.0 
72020.1  70645.0 
72020.1  70646.0 
72020.1  72424.1 
72020.1  72425.1 
72020.1  70639.0 
72020.1  70651.0 
72020.1  72426.1 
72022.1  72427.1 
72023.1  70590.1 
72027.1  72429.0 
72027.1  71517.0 
72027.1  71520.0 
72027.1  71526.0 
72027.1  71532.0 
72027.1  72430.1 
72028.1  72429.0 
72028.1  71517.0 
72028.1  71520.0 
72028.1  71526.0 
72028.1  71532.0 
72028.1  72432.1 
72029.1  72429.0 
72029.1  71517.0 
72029.1  71520.0 
72029.1  71526.0 
72029.1  71532.0 
72029.1  72434.1 
72030.0  71097.0 
72031.0  71098.0 
72032.0  71099.0 
72034.0  71101.0 
72035.0  71102.0 
72036.0  71103.0 
72037.0  71104.0 
72038.0  71105.0 
72039.0  71106.0 
72040.0  71107.0 
72041.0  71108.0 
72042.0  71109.0 
72043.0  71110.0 
72044.0  71111.0 
72045.0  71112.0 
72046.0  71113.0 
72047.0  71114.0 
72048.0  71115.0 
72049.0  71116.0 
72050.0  71117.0 
72051.0  71118.0 
72052.0  71119.0 
72053.0  71120.0 
72054.0  71121.0 
72055.0  71122.0 
72056.0  71123.0 
72057.0  71124.0 
72058.0  71125.0 
72059.0  71126.0 
72060.0  71127.0 
72061.0  71128.0 
72062.0  71129.0 
72063.0  71130.0 
72064.0  71131.0 
72065.0  71132.0 
72066.0  71133.0 
72067.0  71134.0 
72068.0  71135.0 
72069.0  71136.0 
72070.0  71137.0 
72071.0  71138.0 
72072.0  71139.0 
72073.0  71140.0 
72074.0  71141.0 
72075.0  71142.0 
72076.0  71143.0 
72077.0  71144.0 
72078.0  71145.0 
72079.0  71146.0 
72080.0  71147.0 
72081.0  71148.0 
72082.0  71149.0 
72083.0  71150.0 
72084.0  71151.0 
72085.0  71152.0 
72086.0  71153.0 
72087.0  71154.0 
72088.0  71155.0 
72089.0  71156.0 
72090.0  71157.0 
72091.0  71158.0 
72092.0  71159.0 
72093.0  71160.0 
72094.0  71161.0 
72095.0  71162.0 
72096.0  71163.0 
72097.0  71164.0 
72098.0  71165.0 
72099.0  71166.0 
72100.0  71167.0 
72101.0  71168.0 
72102.0  71169.0 
72103.0  71170.0 
72104.0  71171.0 
72105.0  71172.0 
72106.0  71173.0 
72107.0  71174.0 
72108.0  71175.0 
72109.0  71176.0 
72110.0  71177.0 
72111.0  71178.0 
72112.0  71179.0 
72113.0  71180.0 
72114.0  71181.0 
72115.0  71182.0 
72116.0  71183.0 
72117.0  71184.0 
72118.0  71185.0 
72119.0  71186.0 
72120.0  71187.0 
72121.0  71188.0 
72122.0  71189.0 
72123.0  71190.0 
72124.0  71191.0 
72125.0  71192.0 
72126.0  71193.0 
72127.0  71194.0 
72128.0  71195.0 
72129.0  71196.0 
72130.0  71197.0 
72131.0  71198.0 
72132.0  71199.0 
72133.0  71200.0 
72134.0  71201.0 
72135.0  71202.0 
72136.0  71203.0 
72137.0  71204.0 
72138.0  71205.0 
72139.0  71206.0 
72140.0  71207.0 
72141.0  71208.0 
72142.0  71209.0 
72143.0  71210.0 
72144.0  71211.0 
72145.0  71212.0 
72146.0  71213.0 
72147.0  71214.0 
72148.0  71215.0 
72149.0  71216.0 
72150.0  71217.0 
72151.0  71218.0 
72152.0  71219.0 
72153.0  71220.0 
72154.0  71221.0 
72155.0  71222.0 
72156.0  71223.0 
72157.0  71224.0 
72158.0  71225.0 
72159.0  71226.0 
72160.0  71227.0 
72161.0  71228.0 
72162.0  71229.0 
72163.0  71230.0 
72164.0  71231.0 
72165.0  71232.0 
72166.0  71233.0 
72167.0  71234.0 
72168.0  71235.0 
72169.0  71236.0 
72170.0  71237.0 
72171.0  71238.0 
72172.0  71239.0 
72173.0  71240.0 
72174.0  71241.0 
72175.0  71242.0 
72176.0  71243.0 
72177.0  71244.0 
72178.0  71245.0 
72179.0  71246.0 
72180.0  71247.0 
72181.0  71248.0 
72182.0  71249.0 
72183.0  71250.0 
72184.0  71251.0 
72185.0  71252.0 
72186.0  71253.0 
72187.0  71254.0 
72188.0  71255.0 
72189.0  71256.0 
72190.0  71257.0 
72191.0  71258.0 
72192.0  71259.0 
72193.0  71260.0 
72194.0  71261.0 
72195.0  71262.0 
72196.0  71263.0 
72197.0  71264.0 
72198.0  71265.0 
72199.0  71266.0 
72200.0  71267.0 
72201.0  71268.0 
72202.0  71269.0 
72203.0  71270.0 
72204.0  71271.0 
72205.0  71272.0 
72206.0  71273.0 
72207.0  71274.0 
72208.0  71275.0 
72209.0  71276.0 
72210.0  71277.0 
72211.0  71278.0 
72212.0  71279.0 
72213.0  71280.0 
72214.0  71281.0 
72215.0  71282.0 
72216.0  71283.0 
72217.0  71284.0 
72218.0  71285.0 
72219.0  71286.0 
72220.0  71287.0 
72221.0  71288.0 
72222.0  71289.0 
72223.0  71290.0 
72224.0  71291.0 
72225.0  71292.0 
72226.0  71293.0 
72227.0  71294.0 
72228.0  71295.0 
72229.0  71296.0 
72230.0  71297.0 
72231.0  71298.0 
72232.0  71299.0 
72233.0  71300.0 
72234.0  71301.0 
72235.0  71302.0 
72237.0  71304.0 
72238.0  71305.0 
72239.0  71306.0 
72240.0  71307.0 
72241.0  71308.0 
72242.0  71309.0 
72243.0  71310.0 
72244.0  71311.0 
72245.0  71312.0 
72246.0  71313.0 
72247.0  71314.0 
72248.0  71315.0 
72249.0  71316.0 
72250.0  71317.0 
72251.0  71318.0 
72252.0  71319.0 
72253.0  71320.0 
72254.0  71321.0 
72255.0  71322.0 
72256.0  71323.0 
72257.0  71324.0 
72258.0  71325.0 
72259.0  71326.0 
72260.0  71327.0 
72261.0  71328.0 
72262.0  71329.0 
72263.0  71330.0 
72264.0  71331.0 
72265.0  71332.0 
72266.0  71333.0 
72267.0  71334.0 
72268.0  71335.0 
72269.0  71336.0 
72270.0  71337.0 
72271.0  71338.0 
72272.0  71339.0 
72273.0  71340.0 
72274.0  71341.0 
72275.0  71342.0 
72276.0  71343.0 
72277.0  71344.0 
72278.0  71345.0 
72279.0  71346.0 
72280.0  71347.0 
72281.0  71348.0 
72282.0  71349.0 
72283.0  71350.0 
72284.0  71351.0 
72285.0  71352.0 
72286.0  71353.0 
72287.0  71354.0 
72288.0  71355.0 
72289.0  71356.0 
72290.0  71357.0 
72291.0  71358.0 
72292.0  71359.0 
72293.0  71360.0 
72294.0  71361.0 
72295.0  71362.0 
72296.0  71363.0 
72297.0  71364.0 
72298.0  71365.0 
72299.0  71366.0 
72300.0  71367.0 
72301.0  71368.0 
72302.0  71369.0 
72303.0  71370.0 
72304.0  71371.0 
72305.0  71372.0 
72306.0  71373.0 
72307.0  71374.0 
72308.0  71375.0 
72309.0  71376.0 
72310.0  71377.0 
72311.0  71378.0 
72312.0  71379.0 
72313.0  71380.0 
72314.0  71381.0 
72315.0  71382.0 
72316.0  71383.0 
72317.0  71384.0 
72318.0  71385.0 
72319.0  71386.0 
72320.0  71387.0 
72321.0  71388.0 
72322.0  71389.0 
72323.0  71390.0 
72324.0  71391.0 
72325.0  71392.0 
72326.0  71393.0 
72327.0  71394.0 
72328.0  71395.0 
72329.0  71396.0 
72330.0  71397.0 
72331.0  71398.0 
72332.0  71399.0 
72333.0  71400.0 
72334.0  71401.0 
72335.0  71402.0 
72336.0  71403.0 
72337.0  71404.0 
72338.0  71405.0 
72339.0  71406.0 
72340.0  71407.0 
72341.0  71408.0 
72342.0  71409.0 
72343.0  71410.0 
72344.0  71411.0 
72345.0  71412.0 
72346.0  71413.0 
72347.0  71414.0 
72348.0  71415.0 
72349.0  71416.0 
72350.0  71417.0 
72351.0  71418.0 
72352.0  71419.0 
72353.0  71420.0 
72354.0  71421.0 
72355.0  71422.0 
72356.0  71423.0 
72357.0  71424.0 
72358.0  71425.0 
72359.0  71426.0 
72360.0  71427.0 
72361.0  71428.0 
72362.0  71429.0 
72363.0  71430.0 
72364.0  71431.0 
72365.0  71432.0 
72366.0  71433.0 
72367.0  71434.0 
72368.0  71435.0 
72369.0  71436.0 
72370.0  71437.0 
72371.0  71438.0 
72372.0  71439.0 
72373.0  71440.0 
72374.0  71441.0 
72375.0  71442.0 
72376.0  71443.0 
72377.0  71444.0 
72378.0  71445.0 
72379.0  71446.0 
72380.0  71447.0 
72381.0  71448.0 
72382.0  71449.0 
72383.0  71450.0 
72384.0  71451.0 
72385.0  71452.0 
72386.0  71453.0 
72387.0  71454.0 
72388.0  71455.0 
72389.0  71456.0 
72390.0  71457.0 
72391.0  71458.0 
72392.0  71459.0 
72422.1  71052.0 
72422.1  70579.0 
72422.1  71053.0 
72422.1  71054.0 
72422.1  70582.0 
72422.1  71055.0 
72422.1  70580.0 
72422.1  71056.0 
72422.1  70583.0 
72422.1  70585.0 
72422.1  72435.0 
72422.1  70588.0 
72422.1  70993.3 
72423.0  70545.0 
72424.1  72436.1 
72425.1  72437.1 
72426.1  72438.1 
72427.1  72439.0 
72427.1  70579.0 
72427.1  70582.0 
72427.1  72440.3 
72429.0  71495.0 
72430.1  72441.0 
72432.1  72442.0 
72434.1  72443.0 
72436.1  71495.0 
72436.1  70579.0 
72436.1  70582.0 
72436.1  70588.0 
72436.1  70594.0 
72436.1  72445.1 
72437.1  72446.0 
72437.1  70579.0 
72437.1  70582.0 
72437.1  70588.0 
72437.1  72447.30 
72438.1  72446.0 
72438.1  70579.0 
72438.1  70582.0 
72438.1  70588.0 
72438.1  72448.30 
72439.0  70561.0 
72440.3  70993.3 
72445.1  72449.0 
72446.0  70568.0 
72447.29  70569.29 
72447.30  72450.1 
72447.31  71992.1 
72448.29  70570.29 
72448.30  72450.2 
72448.31  71992.2 
72450.3  71059.3 
71514.0  71515.0 
71515.0  71528.0 
71534.0  71535.0 
71535.0  71963.0 
71963.0  71973.0 
71969.0  71528.0 
71970.0  71992.0 
71971.0  71992.0 
71972.0  71996.0 
71973.0  71528.0 
71980.0  71535.0 
71981.0  71535.0 
71982.0  72007.0 
71992.0  72011.0 
71996.0  71534.0 
72000.0  71963.0 
72001.0  71963.0 
72002.0  71963.0 
72003.0  71963.0 
72004.0  71963.0 
72007.0  71535.0 
72009.0  72020.0 
72010.0  72023.0 
72011.0  71528.0 
72018.0  71996.0 
72020.0  72422.0 
72026.0  71992.0 
72027.0  72428.0 
72028.0  72431.0 
72029.0  72433.0 
72422.0  72023.0 
72427.0  72020.0 
72428.0  71992.0 
72431.0  71992.0 
72433.0  71992.0 
72436.0  72444.0 
72437.0  72020.0 
72438.0  72020.0 
72441.0  72428.0 
72442.0  72431.0 
72443.0  72433.0 
72444.0  72020.0 
72449.0  72444.0 
71533.1  71534.10 
72451.1  71534.10 
72452.1  71534.10 
