61916.1  61918.0 
61916.1  61919.0 
61916.1  61920.0 
61916.1  61921.0 
61916.1  61922.0 
61916.1  61923.0 
61916.1  61924.0 
61916.1  61925.0 
61916.1  61926.0 
61916.1  61927.0 
61916.1  61928.0 
61916.1  61929.0 
61917.1  61931.0 
61917.1  61919.0 
61917.1  61922.0 
61918.0  61898.0 
61919.0  61899.0 
61920.0  61900.0 
61921.0  61901.0 
61922.0  61902.0 
61923.0  61903.0 
61924.0  61904.0 
61925.0  61905.0 
61928.0  61908.0 
61930.1  61919.0 
61930.1  61932.0 
61930.1  61923.0 
61930.1  61922.0 
61930.1  61928.0 
61930.1  61933.0 
61930.1  61934.0 
61931.0  61911.0 
61932.0  61912.0 
61933.0  61913.0 
61934.0  61914.0 
61915.1  61916.1 
61936.1  61938.0 
61936.1  61939.0 
61936.1  61940.0 
61936.1  61941.0 
61936.1  61919.0 
61936.1  61942.0 
61936.1  61943.0 
61936.1  61944.0 
61936.1  61945.0 
61936.1  61923.0 
61936.1  61946.0 
61936.1  61947.0 
61936.1  61948.0 
61936.1  61949.0 
61936.1  61950.0 
61936.1  61951.0 
61936.1  61952.0 
61936.1  61953.0 
61936.1  61954.0 
61936.1  61955.0 
61936.1  61956.0 
61936.1  61957.0 
61936.1  61958.0 
61936.1  61959.0 
61936.1  61960.0 
61936.1  61922.0 
61936.1  61961.0 
61936.1  61962.0 
61936.1  61963.0 
61936.1  61964.0 
61936.1  61965.0 
61936.1  61966.0 
61936.1  61967.0 
61936.1  61968.0 
61936.1  61969.0 
61936.1  61970.0 
61936.1  61971.0 
61936.1  61972.0 
61936.1  61973.0 
61936.1  61974.0 
61936.1  61975.0 
61936.1  61976.0 
61936.1  61977.0 
61936.1  61978.0 
61936.1  61979.0 
61936.1  61928.0 
61936.1  61980.0 
61936.1  61981.0 
61936.1  61982.0 
61936.1  61983.0 
61936.1  61934.0 
61936.1  61984.0 
61936.1  61985.0 
61936.1  61986.0 
61936.1  61987.0 
61936.1  61988.0 
61936.1  61989.0 
61936.1  61990.0 
61936.1  61991.0 
61936.1  61992.0 
61936.1  61993.0 
61936.1  61994.0 
61936.1  61995.0 
61936.1  61996.0 
61936.1  61997.0 
61936.1  61998.0 
61936.1  61999.0 
61936.1  62000.0 
61936.1  62001.0 
61936.1  62002.0 
61936.1  62003.0 
61936.1  62004.0 
61936.1  62005.0 
61936.1  62006.0 
61936.1  62007.0 
61936.1  62008.0 
61936.1  62009.0 
61936.1  62010.0 
61936.1  62011.0 
61936.1  62012.0 
61936.1  62013.0 
61936.1  62014.0 
61936.1  62015.0 
61936.1  62016.0 
61936.1  62017.0 
61936.1  62018.0 
61936.1  62019.0 
61936.1  62020.0 
61936.1  62021.0 
61936.1  62022.0 
61936.1  62023.0 
61936.1  62024.0 
61936.1  62025.0 
61936.1  62026.0 
61936.1  62027.0 
61936.1  62028.0 
61936.1  62029.0 
61936.1  62030.0 
61936.1  62031.0 
61936.1  62032.0 
61936.1  62033.0 
61936.1  62034.0 
61936.1  62035.0 
61936.1  62036.0 
61936.1  62037.0 
61936.1  62038.0 
61936.1  62039.0 
61936.1  62040.0 
61936.1  62041.0 
61936.1  62042.0 
61936.1  62043.0 
61936.1  62044.0 
61936.1  62045.0 
61936.1  62046.0 
61936.1  62047.0 
61936.1  62048.0 
61936.1  62049.0 
61936.1  62050.0 
61936.1  62051.0 
61936.1  62052.0 
61936.1  62053.0 
61936.1  62054.0 
61936.1  62055.0 
61936.1  62056.0 
61936.1  62057.0 
61936.1  62058.0 
61936.1  62059.0 
61936.1  62060.0 
61936.1  62061.0 
61936.1  62062.0 
61936.1  62063.0 
61936.1  62064.0 
61936.1  62065.0 
61936.1  62066.0 
61936.1  62067.0 
61936.1  62068.0 
61936.1  62069.0 
61936.1  62070.0 
61936.1  62071.0 
61936.1  62072.0 
61936.1  62073.0 
61936.1  62074.0 
61936.1  62075.0 
61936.1  62076.0 
61936.1  62077.0 
61936.1  62078.0 
61936.1  62079.0 
61936.1  62080.0 
61936.1  62081.0 
61936.1  62082.0 
61936.1  62083.0 
61936.1  62084.0 
61936.1  62085.0 
61936.1  62086.0 
61936.1  62087.0 
61936.1  62088.0 
61936.1  62089.0 
61936.1  62090.0 
61936.1  62091.0 
61936.1  62092.0 
61936.1  62093.0 
61936.1  62094.0 
61936.1  62095.0 
61936.1  62096.0 
61936.1  62097.0 
61936.1  61933.0 
61936.1  62098.0 
61936.1  62099.0 
61936.1  62100.0 
61936.1  62101.1 
61936.1  62102.0 
61936.1  62103.0 
61936.1  62104.0 
61936.1  62105.0 
61936.1  62106.0 
61936.1  62107.0 
61936.2  62108.0 
61936.2  62109.0 
61936.2  62110.0 
61936.2  62111.0 
61936.2  62112.0 
61936.2  62113.0 
61936.2  62114.0 
61936.2  62115.0 
61936.2  62116.0 
61936.2  62117.0 
61936.2  62118.0 
61936.2  62119.0 
61936.2  62120.0 
61936.2  62121.0 
61936.2  62122.0 
61936.2  62123.0 
61936.2  62124.0 
61936.2  62125.0 
61936.2  62126.0 
61936.2  62127.0 
61936.2  62128.0 
61936.2  62129.0 
61936.2  62130.0 
61936.2  62131.0 
61936.2  62132.0 
61936.2  62133.0 
61936.2  62134.0 
61936.2  62135.0 
61936.2  62136.0 
61936.2  62137.0 
61936.2  62138.0 
61936.2  61920.0 
61936.2  62139.0 
61936.2  62140.0 
61936.2  62141.0 
61936.2  62142.0 
61936.2  62143.0 
61936.2  62144.0 
61936.2  62145.0 
61936.2  62146.0 
61936.2  62147.0 
61936.2  62148.0 
61936.2  62149.0 
61936.2  61925.0 
61936.2  62150.0 
61936.2  62151.0 
61936.2  62152.0 
61936.2  62153.0 
61936.2  62154.0 
61936.2  62155.0 
61936.2  62156.0 
61936.2  62157.0 
61936.2  62158.0 
61936.2  62159.0 
61936.2  62160.0 
61936.2  62161.0 
61936.2  62162.0 
61936.2  62163.0 
61936.2  62164.0 
61936.2  62165.0 
61936.2  62166.0 
61936.2  62167.0 
61936.2  62168.0 
61936.2  62169.0 
61936.2  62170.0 
61936.2  62171.0 
61936.2  62172.0 
61936.2  62173.0 
61936.2  62174.0 
61936.2  62175.0 
61936.2  62176.0 
61936.2  62177.0 
61936.2  62178.0 
61936.2  62179.0 
61936.2  62180.0 
61936.2  62181.0 
61936.2  62182.0 
61936.2  62183.0 
61936.2  62184.0 
61936.2  62185.0 
61936.2  62186.0 
61936.2  62187.0 
61936.2  62188.0 
61936.2  62189.0 
61936.2  62190.0 
61936.2  62191.0 
61936.2  62192.0 
61936.2  62193.0 
61936.2  62194.0 
61936.2  62195.0 
61936.2  62196.0 
61936.2  62197.0 
61936.2  62198.0 
61936.2  62199.0 
61936.2  62200.0 
61936.2  62201.0 
61936.2  62202.0 
61936.2  62203.0 
61936.2  62204.0 
61936.2  62205.0 
61936.2  62206.0 
61936.2  62207.0 
61936.2  62208.0 
61936.2  62209.0 
61936.2  62210.0 
61936.2  62211.0 
61936.2  62212.0 
61936.2  62213.0 
61936.2  62214.0 
61936.2  62215.0 
61936.2  62216.0 
61936.2  62217.0 
61936.2  62218.0 
61936.2  62219.0 
61936.2  62220.0 
61936.2  62221.0 
61936.2  62222.0 
61936.2  62223.0 
61936.2  62224.0 
61936.2  62225.0 
61936.2  62226.0 
61936.2  62227.0 
61936.2  62228.0 
61936.2  62229.0 
61936.2  62230.0 
61936.2  62231.0 
61936.2  62232.0 
61936.2  62233.0 
61936.2  62234.0 
61936.2  62235.0 
61936.2  62236.0 
61936.2  62237.0 
61936.2  62238.0 
61936.2  62239.0 
61936.2  62240.0 
61936.2  62241.0 
61936.2  62242.0 
61936.2  62243.0 
61936.2  62244.0 
61936.2  62245.0 
61936.2  62246.0 
61936.2  62247.0 
61936.2  62248.0 
61936.2  62249.0 
61936.2  62250.0 
61936.2  62251.0 
61936.2  62252.0 
61936.2  62253.0 
61936.2  62254.0 
61936.2  62255.0 
61936.2  62256.0 
61936.2  62257.0 
61936.2  62258.0 
61936.2  62259.0 
61936.2  62260.0 
61936.2  62261.0 
61936.2  62262.0 
61936.2  62263.0 
61936.2  62264.0 
61936.2  62265.0 
61936.2  62266.1 
61936.2  62267.0 
61936.2  62268.0 
61936.2  62269.0 
61936.2  62270.0 
61936.2  62271.0 
61936.2  62272.0 
61936.2  62273.0 
61936.2  62274.0 
61936.2  62275.0 
61936.2  62276.0 
61936.2  62277.0 
61936.2  62278.0 
61936.2  62279.0 
61936.2  62280.0 
61936.2  62281.11 
61936.2  62282.11 
61936.2  62283.0 
61936.2  62284.0 
61936.2  62285.0 
61936.2  62286.0 
61936.2  62287.0 
61936.2  62288.0 
61936.2  62289.0 
61936.2  62290.0 
61936.2  62291.0 
61936.2  62292.0 
61936.2  62293.0 
61936.2  62294.0 
61936.2  62295.0 
61936.3  62296.0 
61936.3  62297.0 
61936.3  62298.0 
61936.3  62299.0 
61936.3  62300.0 
61936.3  62301.0 
61936.3  62302.0 
61936.3  62303.0 
61936.3  62304.2 
61936.3  62305.0 
61936.3  62306.0 
61936.3  62307.0 
61936.3  62308.0 
61936.3  62309.0 
61936.3  62310.0 
61936.4  62311.0 
61936.4  62312.0 
61936.4  62313.0 
61936.4  62314.0 
61936.4  61915.1 
61936.5  62315.0 
61936.5  62316.0 
61936.5  62317.0 
61936.5  62318.0 
61936.5  62319.0 
61936.5  62320.1 
61936.5  62321.0 
61936.5  62322.22 
61936.5  62323.22 
61936.5  62324.0 
61936.5  62325.2 
61936.6  62326.0 
61936.6  62327.0 
61936.6  62328.0 
61936.6  62329.0 
61936.6  62330.0 
61936.6  62331.0 
61936.6  61924.0 
61936.6  61921.0 
61936.6  62332.0 
61936.6  62333.3 
61936.6  62334.0 
61936.6  62335.0 
61936.6  62336.0 
61936.6  62337.0 
61936.6  62338.0 
61936.6  62339.0 
61936.6  62340.0 
61936.6  62341.0 
61936.6  62342.11 
61936.6  62343.0 
61936.6  62344.0 
61936.7  62345.0 
61936.7  62346.0 
61936.7  62347.26 
61936.7  62348.0 
61936.7  62349.0 
61936.7  62350.1 
61936.7  62351.0 
61936.7  62352.0 
61936.7  62353.0 
61936.7  62354.0 
61936.7  62355.0 
61936.8  62356.0 
61936.8  62357.0 
61936.8  62358.0 
61936.8  62359.0 
61936.8  62360.0 
61936.9  62361.0 
61936.9  62362.0 
61936.9  62363.0 
61936.9  62304.5 
61936.10  62364.0 
61937.1  62366.0 
61937.1  61919.0 
61937.1  61932.0 
61937.1  61923.0 
61937.1  61922.0 
61937.1  61928.0 
61937.1  61933.0 
61937.1  61934.0 
61937.1  62367.1 
61937.1  62368.1 
61937.1  62369.1 
61938.0  60844.0 
61939.0  60845.0 
61940.0  60846.0 
61941.0  60847.0 
61942.0  60848.0 
61943.0  60849.0 
61944.0  60850.0 
61945.0  60851.0 
61946.0  60852.0 
61947.0  60853.0 
61948.0  60854.0 
61949.0  60855.0 
61950.0  60856.0 
61951.0  60857.0 
61952.0  60858.0 
61953.0  60859.0 
61954.0  60860.0 
61955.0  60861.0 
61956.0  60862.0 
61957.0  60863.0 
61958.0  60864.0 
61959.0  60865.0 
61960.0  60866.0 
61961.0  60867.0 
61962.0  60868.0 
61963.0  60869.0 
61964.0  60870.0 
61965.0  60871.0 
61966.0  60872.0 
61967.0  60873.0 
61968.0  60874.0 
61969.0  60875.0 
61970.0  60876.0 
61971.0  60877.0 
61972.0  60878.0 
61973.0  60879.0 
61974.0  60880.0 
61975.0  60881.0 
61976.0  60882.0 
61977.0  60883.0 
61978.0  60884.0 
61979.0  60885.0 
61980.0  60886.0 
61981.0  60887.0 
61982.0  60888.0 
61983.0  60889.0 
61984.0  60890.0 
61985.0  60891.0 
61986.0  60892.0 
61987.0  60893.0 
61988.0  60894.0 
61989.0  60895.0 
61990.0  60896.0 
61991.0  60897.0 
61992.0  60898.0 
61993.0  60899.0 
61994.0  60900.0 
61995.0  60901.0 
61996.0  60902.0 
61997.0  60903.0 
61998.0  60904.0 
61999.0  60905.0 
62000.0  60906.0 
62001.0  60907.0 
62002.0  60908.0 
62003.0  60909.0 
62004.0  60910.0 
62005.0  60911.0 
62006.0  60912.0 
62007.0  60913.0 
62008.0  60914.0 
62009.0  60915.0 
62010.0  60916.0 
62011.0  60917.0 
62012.0  60918.0 
62013.0  60919.0 
62014.0  60920.0 
62015.0  60921.0 
62016.0  60922.0 
62017.0  60923.0 
62018.0  60924.0 
62019.0  60925.0 
62020.0  60926.0 
62021.0  60927.0 
62022.0  60928.0 
62023.0  60929.0 
62024.0  60930.0 
62025.0  60931.0 
62026.0  60932.0 
62027.0  60933.0 
62028.0  60934.0 
62029.0  60935.0 
62030.0  60936.0 
62031.0  60937.0 
62032.0  60938.0 
62033.0  60939.0 
62034.0  60940.0 
62035.0  60941.0 
62036.0  60942.0 
62037.0  60943.0 
62038.0  60944.0 
62039.0  60945.0 
62040.0  60946.0 
62041.0  60947.0 
62042.0  60948.0 
62043.0  60949.0 
62044.0  60950.0 
62045.0  60951.0 
62046.0  60952.0 
62047.0  60953.0 
62048.0  60954.0 
62049.0  60955.0 
62050.0  60956.0 
62051.0  60957.0 
62052.0  60958.0 
62053.0  60959.0 
62054.0  60960.0 
62055.0  60961.0 
62056.0  60962.0 
62057.0  60963.0 
62058.0  60964.0 
62059.0  60965.0 
62060.0  60966.0 
62061.0  60967.0 
62062.0  60968.0 
62063.0  60969.0 
62064.0  60970.0 
62065.0  60971.0 
62066.0  60972.0 
62067.0  60973.0 
62068.0  60974.0 
62069.0  60975.0 
62070.0  60976.0 
62071.0  60977.0 
62072.0  60978.0 
62073.0  60979.0 
62074.0  60980.0 
62075.0  60981.0 
62076.0  60982.0 
62077.0  60983.0 
62078.0  60984.0 
62079.0  60985.0 
62080.0  60986.0 
62081.0  60987.0 
62082.0  60988.0 
62083.0  60989.0 
62084.0  60990.0 
62085.0  60991.0 
62086.0  60992.0 
62087.0  60993.0 
62088.0  60994.0 
62089.0  60995.0 
62090.0  60996.0 
62091.0  60997.0 
62092.0  60998.0 
62093.0  60999.0 
62094.0  61000.0 
62095.0  61001.0 
62096.0  61002.0 
62097.0  61003.0 
62098.0  61004.0 
62099.0  61005.0 
62100.0  61006.0 
62101.1  62370.13 
62102.0  61008.0 
62103.0  61009.0 
62104.0  61010.0 
62105.0  61011.0 
62106.0  61012.0 
62107.0  61013.0 
62108.0  61014.0 
62109.0  61015.0 
62110.0  61016.0 
62111.0  61017.0 
62112.0  61018.0 
62113.0  61019.0 
62114.0  61020.0 
62115.0  61021.0 
62116.0  61022.0 
62117.0  61023.0 
62118.0  61024.0 
62119.0  61025.0 
62120.0  61026.0 
62121.0  61027.0 
62122.0  61028.0 
62123.0  61029.0 
62124.0  61030.0 
62125.0  61031.0 
62126.0  61032.0 
62127.0  61033.0 
62128.0  61034.0 
62129.0  61035.0 
62130.0  61036.0 
62131.0  61037.0 
62132.0  61038.0 
62133.0  61039.0 
62134.0  61040.0 
62135.0  61041.0 
62136.0  61042.0 
62137.0  61043.0 
62138.0  61044.0 
62139.0  61045.0 
62140.0  61046.0 
62141.0  61047.0 
62142.0  61048.0 
62143.0  61049.0 
62144.0  61050.0 
62145.0  61051.0 
62146.0  61052.0 
62147.0  61053.0 
62148.0  61054.0 
62149.0  61055.0 
62151.0  61057.0 
62152.0  61058.0 
62153.0  61059.0 
62154.0  61060.0 
62155.0  61061.0 
62156.0  61062.0 
62157.0  61063.0 
62158.0  61064.0 
62159.0  61065.0 
62160.0  61066.0 
62161.0  61067.0 
62162.0  61068.0 
62163.0  61069.0 
62164.0  61070.0 
62165.0  61071.0 
62166.0  61072.0 
62167.0  61073.0 
62168.0  61074.0 
62169.0  61075.0 
62170.0  61076.0 
62171.0  61077.0 
62172.0  61078.0 
62173.0  61079.0 
62174.0  61080.0 
62175.0  61081.0 
62176.0  61082.0 
62177.0  61083.0 
62178.0  61084.0 
62179.0  61085.0 
62180.0  61086.0 
62181.0  61087.0 
62182.0  61088.0 
62183.0  61089.0 
62184.0  61090.0 
62185.0  61091.0 
62186.0  61092.0 
62187.0  61093.0 
62188.0  61094.0 
62189.0  61095.0 
62190.0  61096.0 
62191.0  61097.0 
62192.0  61098.0 
62193.0  61099.0 
62194.0  61100.0 
62195.0  61101.0 
62196.0  61102.0 
62197.0  61103.0 
62198.0  61104.0 
62199.0  61105.0 
62200.0  61106.0 
62201.0  61107.0 
62202.0  61108.0 
62203.0  61109.0 
62204.0  61110.0 
62205.0  61111.0 
62206.0  61112.0 
62207.0  61113.0 
62208.0  61114.0 
62209.0  61115.0 
62210.0  61116.0 
62211.0  61117.0 
62212.0  61118.0 
62213.0  61119.0 
62214.0  61120.0 
62215.0  61121.0 
62216.0  61122.0 
62217.0  61123.0 
62218.0  61124.0 
62219.0  61125.0 
62220.0  61126.0 
62221.0  61127.0 
62222.0  61128.0 
62223.0  61129.0 
62224.0  61130.0 
62225.0  61131.0 
62226.0  61132.0 
62227.0  61133.0 
62228.0  61134.0 
62229.0  61135.0 
62230.0  61136.0 
62231.0  61137.0 
62232.0  61138.0 
62233.0  61139.0 
62234.0  61140.0 
62235.0  61141.0 
62236.0  61142.0 
62237.0  61143.0 
62238.0  61144.0 
62239.0  61145.0 
62240.0  61146.0 
62241.0  61147.0 
62242.0  61148.0 
62243.0  61149.0 
62244.0  61150.0 
62245.0  61151.0 
62246.0  61152.0 
62247.0  61153.0 
62248.0  61154.0 
62249.0  61155.0 
62250.0  61156.0 
62251.0  61157.0 
62252.0  61158.0 
62253.0  61159.0 
62254.0  61160.0 
62255.0  61161.0 
62256.0  61162.0 
62257.0  61163.0 
62258.0  61164.0 
62259.0  61165.0 
62260.0  61166.0 
62261.0  61167.0 
62262.0  61168.0 
62263.0  61169.0 
62264.0  61170.0 
62265.0  61171.0 
62266.1  62370.11 
62267.0  61173.0 
62268.0  61174.0 
62269.0  61175.0 
62270.0  61176.0 
62271.0  61177.0 
62272.0  61178.0 
62273.0  61179.0 
62274.0  61180.0 
62275.0  61181.0 
62276.0  61182.0 
62277.0  61183.0 
62278.0  61184.0 
62279.0  61185.0 
62280.0  61186.0 
62281.9  62371.17 
62281.9  61187.9 
62281.10  62372.11 
62281.11  62370.12 
62282.9  62371.17 
62282.9  61188.9 
62282.10  62372.11 
62282.11  62370.12 
62283.0  61189.0 
62284.0  61190.0 
62285.0  61191.0 
62286.0  61192.0 
62287.0  61193.0 
62288.0  61194.0 
62289.0  61195.0 
62290.0  61196.0 
62291.0  61197.0 
62292.0  61198.0 
62293.0  61199.0 
62294.0  61200.0 
62295.0  61201.0 
62296.0  61202.0 
62297.0  61203.0 
62298.0  61204.0 
62299.0  61205.0 
62300.0  61206.0 
62301.0  61207.0 
62302.0  61208.0 
62303.0  61209.0 
62304.1  61936.1 
62304.2  61936.2 
62304.3  61936.3 
62304.4  61936.4 
62304.5  61936.8 
62304.6  61936.9 
62305.0  61211.0 
62306.0  61212.0 
62307.0  61213.0 
62308.0  61214.0 
62309.0  61215.0 
62310.0  61216.0 
62311.0  61217.0 
62312.0  61218.0 
62313.0  61219.0 
62314.0  61220.0 
62315.0  61221.0 
62316.0  61222.0 
62317.0  61223.0 
62318.0  61224.0 
62319.0  61225.0 
62320.1  62370.13 
62321.0  61227.0 
62322.18  62371.18 
62322.18  61228.18 
62322.19  62372.5 
62322.20  62372.12 
62322.21  62370.5 
62322.22  62370.13 
62322.23  61936.5 
62323.18  62371.18 
62323.18  61229.18 
62323.19  62372.7 
62323.20  62372.12 
62323.21  62370.7 
62323.22  62370.13 
62323.23  61936.7 
62324.0  61230.0 
62325.2  61231.2 
62326.0  61232.0 
62327.0  61233.0 
62328.0  61234.0 
62329.0  61235.0 
62330.0  61236.0 
62331.0  61237.0 
62332.0  61238.0 
62333.1  62373.1 
62333.2  62374.1 
62333.3  62375.1 
62334.0  61240.0 
62335.0  61241.0 
62336.0  61242.0 
62337.0  61243.0 
62338.0  61244.0 
62339.0  61245.0 
62340.0  61246.0 
62341.0  61247.0 
62342.9  61248.9 
62342.10  62372.6 
62342.11  62370.6 
62342.12  61936.6 
62343.0  61249.0 
62344.0  61250.0 
62345.0  61251.0 
62346.0  61252.0 
62347.20  62371.12 
62347.21  62371.14 
62347.22  62371.17 
62347.22  61253.22 
62347.23  62372.9 
62347.24  62372.11 
62347.25  62370.10 
62347.26  62370.12 
62348.0  61254.0 
62350.1  62376.1 
62351.0  61257.0 
62352.0  61258.0 
62354.0  61260.0 
62355.0  61261.0 
62356.0  61262.0 
62357.0  61263.0 
62358.0  61264.0 
62359.0  61265.0 
62360.0  61266.0 
62361.0  61271.0 
62362.0  61272.0 
62363.0  61273.0 
62364.0  61274.0 
62365.1  62378.0 
62365.1  61919.0 
62365.1  61932.0 
62365.1  61923.0 
62365.1  61922.0 
62365.1  61928.0 
62365.1  61933.0 
62365.1  61934.0 
62365.1  62379.1 
62365.1  62380.1 
62365.1  62381.1 
62365.1  62382.1 
62365.1  62383.1 
62366.0  61276.0 
62367.1  62384.1 
62368.1  62385.1 
62369.1  62386.1 
62370.1  61938.0 
62370.1  61939.0 
62370.1  61940.0 
62370.1  61941.0 
62370.1  61899.0 
62370.1  61942.0 
62370.1  61943.0 
62370.1  61944.0 
62370.1  61945.0 
62370.1  61903.0 
62370.1  61946.0 
62370.1  61947.0 
62370.1  61948.0 
62370.1  61949.0 
62370.1  61950.0 
62370.1  61951.0 
62370.1  61952.0 
62370.1  61953.0 
62370.1  61954.0 
62370.1  61955.0 
62370.1  61956.0 
62370.1  61957.0 
62370.1  61958.0 
62370.1  61959.0 
62370.1  61960.0 
62370.1  61902.0 
62370.1  61961.0 
62370.1  61962.0 
62370.1  61963.0 
62370.1  61964.0 
62370.1  61965.0 
62370.1  61966.0 
62370.1  61967.0 
62370.1  61968.0 
62370.1  61969.0 
62370.1  61970.0 
62370.1  61971.0 
62370.1  61972.0 
62370.1  61973.0 
62370.1  61974.0 
62370.1  61975.0 
62370.1  61976.0 
62370.1  61977.0 
62370.1  61978.0 
62370.1  61979.0 
62370.1  61908.0 
62370.1  61980.0 
62370.1  61981.0 
62370.1  61982.0 
62370.1  61983.0 
62370.1  61914.0 
62370.1  61984.0 
62370.1  61985.0 
62370.1  61986.0 
62370.1  61987.0 
62370.1  61988.0 
62370.1  61989.0 
62370.1  61990.0 
62370.1  61991.0 
62370.1  61992.0 
62370.1  61993.0 
62370.1  61994.0 
62370.1  61995.0 
62370.1  61996.0 
62370.1  61997.0 
62370.1  61998.0 
62370.1  61999.0 
62370.1  62000.0 
62370.1  62001.0 
62370.1  62002.0 
62370.1  62003.0 
62370.1  62004.0 
62370.1  62005.0 
62370.1  62006.0 
62370.1  62007.0 
62370.1  62008.0 
62370.1  62009.0 
62370.1  62010.0 
62370.1  62011.0 
62370.1  62012.0 
62370.1  62013.0 
62370.1  62014.0 
62370.1  62015.0 
62370.1  62016.0 
62370.1  62017.0 
62370.1  62018.0 
62370.1  62019.0 
62370.1  62020.0 
62370.1  62021.0 
62370.1  62022.0 
62370.1  62023.0 
62370.1  62024.0 
62370.1  62025.0 
62370.1  62026.0 
62370.1  62027.0 
62370.1  62028.0 
62370.1  62029.0 
62370.1  62030.0 
62370.1  62031.0 
62370.1  62032.0 
62370.1  62033.0 
62370.1  62034.0 
62370.1  62035.0 
62370.1  62036.0 
62370.1  62037.0 
62370.1  62038.0 
62370.1  62039.0 
62370.1  62040.0 
62370.1  62041.0 
62370.1  62042.0 
62370.1  62043.0 
62370.1  62044.0 
62370.1  62045.0 
62370.1  62046.0 
62370.1  62047.0 
62370.1  62048.0 
62370.1  62049.0 
62370.1  62050.0 
62370.1  62051.0 
62370.1  62052.0 
62370.1  62053.0 
62370.1  62054.0 
62370.1  62055.0 
62370.1  62056.0 
62370.1  62057.0 
62370.1  62058.0 
62370.1  62059.0 
62370.1  62060.0 
62370.1  62061.0 
62370.1  62062.0 
62370.1  62063.0 
62370.1  62064.0 
62370.1  62065.0 
62370.1  62066.0 
62370.1  62067.0 
62370.1  62068.0 
62370.1  62069.0 
62370.1  62070.0 
62370.1  62071.0 
62370.1  62072.0 
62370.1  62073.0 
62370.1  62074.0 
62370.1  62075.0 
62370.1  62076.0 
62370.1  62077.0 
62370.1  62078.0 
62370.1  62079.0 
62370.1  62080.0 
62370.1  62081.0 
62370.1  62082.0 
62370.1  62083.0 
62370.1  62084.0 
62370.1  62085.0 
62370.1  62086.0 
62370.1  62087.0 
62370.1  62088.0 
62370.1  62089.0 
62370.1  62090.0 
62370.1  62091.0 
62370.1  62092.0 
62370.1  62093.0 
62370.1  62094.0 
62370.1  62095.0 
62370.1  62096.0 
62370.1  62097.0 
62370.1  61913.0 
62370.1  62098.0 
62370.1  62099.0 
62370.1  62100.0 
62370.1  62388.1 
62370.1  62102.0 
62370.1  62103.0 
62370.1  62104.0 
62370.1  62105.0 
62370.1  62106.0 
62370.1  62107.0 
62370.2  62108.0 
62370.2  62109.0 
62370.2  62110.0 
62370.2  62111.0 
62370.2  62112.0 
62370.2  62113.0 
62370.2  62114.0 
62370.2  62115.0 
62370.2  62116.0 
62370.2  62117.0 
62370.2  62118.0 
62370.2  62119.0 
62370.2  62120.0 
62370.2  62121.0 
62370.2  62122.0 
62370.2  62123.0 
62370.2  62124.0 
62370.2  62125.0 
62370.2  62126.0 
62370.2  62127.0 
62370.2  62128.0 
62370.2  62129.0 
62370.2  62130.0 
62370.2  62131.0 
62370.2  62132.0 
62370.2  62133.0 
62370.2  62134.0 
62370.2  62135.0 
62370.2  62136.0 
62370.2  62137.0 
62370.2  62138.0 
62370.2  61900.0 
62370.2  62139.0 
62370.2  62140.0 
62370.2  62141.0 
62370.2  62142.0 
62370.2  62143.0 
62370.2  62144.0 
62370.2  62145.0 
62370.2  62146.0 
62370.2  62147.0 
62370.2  62148.0 
62370.2  62149.0 
62370.2  61905.0 
62370.2  62389.0 
62370.2  62151.0 
62370.2  62152.0 
62370.2  62153.0 
62370.2  62154.0 
62370.2  62155.0 
62370.2  62156.0 
62370.2  62157.0 
62370.2  62158.0 
62370.2  62159.0 
62370.2  62160.0 
62370.2  62161.0 
62370.2  62162.0 
62370.2  62163.0 
62370.2  62164.0 
62370.2  62165.0 
62370.2  62166.0 
62370.2  62167.0 
62370.2  62168.0 
62370.2  62169.0 
62370.2  62170.0 
62370.2  62171.0 
62370.2  62172.0 
62370.2  62173.0 
62370.2  62174.0 
62370.2  62175.0 
62370.2  62176.0 
62370.2  62177.0 
62370.2  62178.0 
62370.2  62179.0 
62370.2  62180.0 
62370.2  62181.0 
62370.2  62182.0 
62370.2  62183.0 
62370.2  62184.0 
62370.2  62185.0 
62370.2  62186.0 
62370.2  62187.0 
62370.2  62188.0 
62370.2  62189.0 
62370.2  62190.0 
62370.2  62191.0 
62370.2  62192.0 
62370.2  62193.0 
62370.2  62194.0 
62370.2  62195.0 
62370.2  62196.0 
62370.2  62197.0 
62370.2  62198.0 
62370.2  62199.0 
62370.2  62200.0 
62370.2  62201.0 
62370.2  62202.0 
62370.2  62203.0 
62370.2  62204.0 
62370.2  62205.0 
62370.2  62206.0 
62370.2  62207.0 
62370.2  62208.0 
62370.2  62209.0 
62370.2  62210.0 
62370.2  62211.0 
62370.2  62212.0 
62370.2  62213.0 
62370.2  62214.0 
62370.2  62215.0 
62370.2  62216.0 
62370.2  62217.0 
62370.2  62218.0 
62370.2  62219.0 
62370.2  62220.0 
62370.2  62221.0 
62370.2  62222.0 
62370.2  62223.0 
62370.2  62224.0 
62370.2  62225.0 
62370.2  62226.0 
62370.2  62227.0 
62370.2  62228.0 
62370.2  62229.0 
62370.2  62230.0 
62370.2  62231.0 
62370.2  62232.0 
62370.2  62233.0 
62370.2  62234.0 
62370.2  62235.0 
62370.2  62236.0 
62370.2  62237.0 
62370.2  62238.0 
62370.2  62239.0 
62370.2  62240.0 
62370.2  62241.0 
62370.2  62242.0 
62370.2  62243.0 
62370.2  62244.0 
62370.2  62245.0 
62370.2  62246.0 
62370.2  62247.0 
62370.2  62248.0 
62370.2  62249.0 
62370.2  62250.0 
62370.2  62251.0 
62370.2  62252.0 
62370.2  62253.0 
62370.2  62254.0 
62370.2  62255.0 
62370.2  62256.0 
62370.2  62257.0 
62370.2  62258.0 
62370.2  62259.0 
62370.2  62260.0 
62370.2  62261.0 
62370.2  62262.0 
62370.2  62263.0 
62370.2  62264.0 
62370.2  62265.0 
62370.2  62390.1 
62370.2  62267.0 
62370.2  62268.0 
62370.2  62269.0 
62370.2  62270.0 
62370.2  62271.0 
62370.2  62272.0 
62370.2  62273.0 
62370.2  62274.0 
62370.2  62275.0 
62370.2  62276.0 
62370.2  62277.0 
62370.2  62278.0 
62370.2  62279.0 
62370.2  62280.0 
62370.2  62281.10 
62370.2  62282.10 
62370.2  62283.0 
62370.2  62284.0 
62370.2  62285.0 
62370.2  62286.0 
62370.2  62287.0 
62370.2  62288.0 
62370.2  62289.0 
62370.2  62290.0 
62370.2  62291.0 
62370.2  62292.0 
62370.2  62293.0 
62370.2  62294.0 
62370.2  62295.0 
62370.3  62296.0 
62370.3  62297.0 
62370.3  62298.0 
62370.3  62299.0 
62370.3  62300.0 
62370.3  62301.0 
62370.3  62302.0 
62370.3  62303.0 
62370.3  62391.2 
62370.3  62305.0 
62370.3  62306.0 
62370.3  62307.0 
62370.3  62308.0 
62370.3  62309.0 
62370.3  62310.0 
62370.4  62311.0 
62370.4  62312.0 
62370.4  62313.0 
62370.4  62314.0 
62370.4  61895.1 
62370.5  62315.0 
62370.5  62316.0 
62370.5  62317.0 
62370.5  62318.0 
62370.5  62319.0 
62370.5  62392.1 
62370.5  62321.0 
62370.5  62322.20 
62370.5  62323.20 
62370.5  62324.0 
62370.5  62325.2 
62370.6  62326.0 
62370.6  62327.0 
62370.6  62328.0 
62370.6  62329.0 
62370.6  62330.0 
62370.6  62331.0 
62370.6  61904.0 
62370.6  61901.0 
62370.6  62332.0 
62370.6  62393.3 
62370.6  62334.0 
62370.6  62335.0 
62370.6  62336.0 
62370.6  62337.0 
62370.6  62338.0 
62370.6  62339.0 
62370.6  62340.0 
62370.6  62341.0 
62370.6  62342.10 
62370.6  62343.0 
62370.6  62344.0 
62370.7  62345.0 
62370.7  62346.0 
62370.7  62347.24 
62370.7  62348.0 
62370.7  62394.0 
62370.7  62395.1 
62370.7  62351.0 
62370.7  62352.0 
62370.7  62396.0 
62370.7  62354.0 
62370.7  62355.0 
62370.8  62356.0 
62370.8  62357.0 
62370.8  62358.0 
62370.8  62359.0 
62370.8  62360.0 
62370.9  62361.0 
62370.9  62362.0 
62370.9  62363.0 
62370.9  62391.5 
62370.10  62397.0 
62370.11  62398.0 
62370.12  62347.25 
62370.13  62399.1 
62371.12  62397.0 
62371.13  62400.0 
62371.14  61253.20 
62371.15  61210.10 
62371.16  61306.0 
62371.17  61253.21 
62371.18  62401.1 
62371.19  61210.11 
62371.19  60842.19 
62372.1  61938.0 
62372.1  61939.0 
62372.1  61940.0 
62372.1  61941.0 
62372.1  61879.0 
62372.1  61942.0 
62372.1  61943.0 
62372.1  61944.0 
62372.1  61945.0 
62372.1  61883.0 
62372.1  61946.0 
62372.1  61947.0 
62372.1  61948.0 
62372.1  61949.0 
62372.1  61950.0 
62372.1  61951.0 
62372.1  61952.0 
62372.1  61953.0 
62372.1  61954.0 
62372.1  61955.0 
62372.1  61956.0 
62372.1  61957.0 
62372.1  61958.0 
62372.1  61959.0 
62372.1  61960.0 
62372.1  61882.0 
62372.1  61961.0 
62372.1  61962.0 
62372.1  61963.0 
62372.1  61964.0 
62372.1  61965.0 
62372.1  61966.0 
62372.1  61967.0 
62372.1  61968.0 
62372.1  61969.0 
62372.1  61970.0 
62372.1  61971.0 
62372.1  61972.0 
62372.1  61973.0 
62372.1  61974.0 
62372.1  61975.0 
62372.1  61976.0 
62372.1  61977.0 
62372.1  61978.0 
62372.1  61979.0 
62372.1  61888.0 
62372.1  61980.0 
62372.1  61981.0 
62372.1  61982.0 
62372.1  61983.0 
62372.1  61894.0 
62372.1  61984.0 
62372.1  61985.0 
62372.1  61986.0 
62372.1  61987.0 
62372.1  61988.0 
62372.1  61989.0 
62372.1  61990.0 
62372.1  61991.0 
62372.1  61992.0 
62372.1  61993.0 
62372.1  61994.0 
62372.1  61995.0 
62372.1  61996.0 
62372.1  61997.0 
62372.1  61998.0 
62372.1  61999.0 
62372.1  62000.0 
62372.1  62001.0 
62372.1  62002.0 
62372.1  62003.0 
62372.1  62004.0 
62372.1  62005.0 
62372.1  62006.0 
62372.1  62007.0 
62372.1  62008.0 
62372.1  62009.0 
62372.1  62010.0 
62372.1  62011.0 
62372.1  62012.0 
62372.1  62013.0 
62372.1  62014.0 
62372.1  62015.0 
62372.1  62016.0 
62372.1  62017.0 
62372.1  62018.0 
62372.1  62019.0 
62372.1  62020.0 
62372.1  62021.0 
62372.1  62022.0 
62372.1  62023.0 
62372.1  62024.0 
62372.1  62025.0 
62372.1  62026.0 
62372.1  62027.0 
62372.1  62028.0 
62372.1  62029.0 
62372.1  62030.0 
62372.1  62031.0 
62372.1  62032.0 
62372.1  62033.0 
62372.1  62034.0 
62372.1  62035.0 
62372.1  62036.0 
62372.1  62037.0 
62372.1  62038.0 
62372.1  62039.0 
62372.1  62040.0 
62372.1  62041.0 
62372.1  62042.0 
62372.1  62043.0 
62372.1  62044.0 
62372.1  62045.0 
62372.1  62046.0 
62372.1  62047.0 
62372.1  62048.0 
62372.1  62049.0 
62372.1  62050.0 
62372.1  62051.0 
62372.1  62052.0 
62372.1  62053.0 
62372.1  62054.0 
62372.1  62055.0 
62372.1  62056.0 
62372.1  62057.0 
62372.1  62058.0 
62372.1  62059.0 
62372.1  62060.0 
62372.1  62061.0 
62372.1  62062.0 
62372.1  62063.0 
62372.1  62064.0 
62372.1  62065.0 
62372.1  62066.0 
62372.1  62067.0 
62372.1  62068.0 
62372.1  62069.0 
62372.1  62070.0 
62372.1  62071.0 
62372.1  62072.0 
62372.1  62073.0 
62372.1  62074.0 
62372.1  62075.0 
62372.1  62076.0 
62372.1  62077.0 
62372.1  62078.0 
62372.1  62079.0 
62372.1  62080.0 
62372.1  62081.0 
62372.1  62082.0 
62372.1  62083.0 
62372.1  62084.0 
62372.1  62085.0 
62372.1  62086.0 
62372.1  62087.0 
62372.1  62088.0 
62372.1  62089.0 
62372.1  62090.0 
62372.1  62091.0 
62372.1  62092.0 
62372.1  62093.0 
62372.1  62094.0 
62372.1  62095.0 
62372.1  62096.0 
62372.1  62097.0 
62372.1  61893.0 
62372.1  62098.0 
62372.1  62099.0 
62372.1  62100.0 
62372.1  62403.1 
62372.1  62102.0 
62372.1  62103.0 
62372.1  62104.0 
62372.1  62105.0 
62372.1  62106.0 
62372.1  62107.0 
62372.2  62108.0 
62372.2  62109.0 
62372.2  62110.0 
62372.2  62111.0 
62372.2  62112.0 
62372.2  62113.0 
62372.2  62114.0 
62372.2  62115.0 
62372.2  62116.0 
62372.2  62117.0 
62372.2  62118.0 
62372.2  62119.0 
62372.2  62120.0 
62372.2  62121.0 
62372.2  62122.0 
62372.2  62123.0 
62372.2  62124.0 
62372.2  62125.0 
62372.2  62126.0 
62372.2  62127.0 
62372.2  62128.0 
62372.2  62129.0 
62372.2  62130.0 
62372.2  62131.0 
62372.2  62132.0 
62372.2  62133.0 
62372.2  62134.0 
62372.2  62135.0 
62372.2  62136.0 
62372.2  62137.0 
62372.2  62138.0 
62372.2  61880.0 
62372.2  62139.0 
62372.2  62140.0 
62372.2  62141.0 
62372.2  62142.0 
62372.2  62143.0 
62372.2  62144.0 
62372.2  62145.0 
62372.2  62146.0 
62372.2  62147.0 
62372.2  62148.0 
62372.2  62149.0 
62372.2  61885.0 
62372.2  62404.0 
62372.2  62151.0 
62372.2  62152.0 
62372.2  62153.0 
62372.2  62154.0 
62372.2  62155.0 
62372.2  62156.0 
62372.2  62157.0 
62372.2  62158.0 
62372.2  62159.0 
62372.2  62160.0 
62372.2  62161.0 
62372.2  62162.0 
62372.2  62163.0 
62372.2  62164.0 
62372.2  62165.0 
62372.2  62166.0 
62372.2  62167.0 
62372.2  62168.0 
62372.2  62169.0 
62372.2  62170.0 
62372.2  62171.0 
62372.2  62172.0 
62372.2  62173.0 
62372.2  62174.0 
62372.2  62175.0 
62372.2  62176.0 
62372.2  62177.0 
62372.2  62178.0 
62372.2  62179.0 
62372.2  62180.0 
62372.2  62181.0 
62372.2  62182.0 
62372.2  62183.0 
62372.2  62184.0 
62372.2  62185.0 
62372.2  62186.0 
62372.2  62187.0 
62372.2  62188.0 
62372.2  62189.0 
62372.2  62190.0 
62372.2  62191.0 
62372.2  62192.0 
62372.2  62193.0 
62372.2  62194.0 
62372.2  62195.0 
62372.2  62196.0 
62372.2  62197.0 
62372.2  62198.0 
62372.2  62199.0 
62372.2  62200.0 
62372.2  62201.0 
62372.2  62202.0 
62372.2  62203.0 
62372.2  62204.0 
62372.2  62205.0 
62372.2  62206.0 
62372.2  62207.0 
62372.2  62208.0 
62372.2  62209.0 
62372.2  62210.0 
62372.2  62211.0 
62372.2  62212.0 
62372.2  62213.0 
62372.2  62214.0 
62372.2  62215.0 
62372.2  62216.0 
62372.2  62217.0 
62372.2  62218.0 
62372.2  62219.0 
62372.2  62220.0 
62372.2  62221.0 
62372.2  62222.0 
62372.2  62223.0 
62372.2  62224.0 
62372.2  62225.0 
62372.2  62226.0 
62372.2  62227.0 
62372.2  62228.0 
62372.2  62229.0 
62372.2  62230.0 
62372.2  62231.0 
62372.2  62232.0 
62372.2  62233.0 
62372.2  62234.0 
62372.2  62235.0 
62372.2  62236.0 
62372.2  62237.0 
62372.2  62238.0 
62372.2  62239.0 
62372.2  62240.0 
62372.2  62241.0 
62372.2  62242.0 
62372.2  62243.0 
62372.2  62244.0 
62372.2  62245.0 
62372.2  62246.0 
62372.2  62247.0 
62372.2  62248.0 
62372.2  62249.0 
62372.2  62250.0 
62372.2  62251.0 
62372.2  62252.0 
62372.2  62253.0 
62372.2  62254.0 
62372.2  62255.0 
62372.2  62256.0 
62372.2  62257.0 
62372.2  62258.0 
62372.2  62259.0 
62372.2  62260.0 
62372.2  62261.0 
62372.2  62262.0 
62372.2  62263.0 
62372.2  62264.0 
62372.2  62265.0 
62372.2  62405.1 
62372.2  62267.0 
62372.2  62268.0 
62372.2  62269.0 
62372.2  62270.0 
62372.2  62271.0 
62372.2  62272.0 
62372.2  62273.0 
62372.2  62274.0 
62372.2  62275.0 
62372.2  62276.0 
62372.2  62277.0 
62372.2  62278.0 
62372.2  62279.0 
62372.2  62280.0 
62372.2  62281.9 
62372.2  62282.9 
62372.2  62283.0 
62372.2  62284.0 
62372.2  62285.0 
62372.2  62286.0 
62372.2  62287.0 
62372.2  62288.0 
62372.2  62289.0 
62372.2  62290.0 
62372.2  62291.0 
62372.2  62292.0 
62372.2  62293.0 
62372.2  62294.0 
62372.2  62295.0 
62372.3  62296.0 
62372.3  62297.0 
62372.3  62298.0 
62372.3  62299.0 
62372.3  62300.0 
62372.3  62301.0 
62372.3  62302.0 
62372.3  62303.0 
62372.3  62406.2 
62372.3  62305.0 
62372.3  62306.0 
62372.3  62307.0 
62372.3  62308.0 
62372.3  62309.0 
62372.3  62310.0 
62372.4  62311.0 
62372.4  62312.0 
62372.4  62313.0 
62372.4  62314.0 
62372.4  61875.1 
62372.5  62315.0 
62372.5  62316.0 
62372.5  62317.0 
62372.5  62318.0 
62372.5  62319.0 
62372.5  62407.1 
62372.5  62321.0 
62372.5  62322.18 
62372.5  62323.18 
62372.5  62324.0 
62372.5  62325.2 
62372.6  62326.0 
62372.6  62327.0 
62372.6  62328.0 
62372.6  62329.0 
62372.6  62330.0 
62372.6  62331.0 
62372.6  61884.0 
62372.6  61881.0 
62372.6  62332.0 
62372.6  62408.3 
62372.6  62334.0 
62372.6  62335.0 
62372.6  62336.0 
62372.6  62337.0 
62372.6  62338.0 
62372.6  62339.0 
62372.6  62340.0 
62372.6  62341.0 
62372.6  62342.9 
62372.6  62343.0 
62372.6  62344.0 
62372.7  62345.0 
62372.7  62346.0 
62372.7  62347.22 
62372.7  62348.0 
62372.7  62409.0 
62372.7  62410.1 
62372.7  62351.0 
62372.7  62352.0 
62372.7  62411.0 
62372.7  62354.0 
62372.7  62355.0 
62372.8  62356.0 
62372.8  62357.0 
62372.8  62358.0 
62372.8  62359.0 
62372.8  62360.0 
62372.9  62361.0 
62372.9  62362.0 
62372.9  62363.0 
62372.9  62406.5 
62372.10  62398.0 
62372.11  62347.23 
62372.12  62412.1 
62373.1  62413.0 
62373.1  61919.0 
62373.1  62414.0 
62373.1  62415.0 
62373.1  61922.0 
62373.1  62416.0 
62373.1  61920.0 
62373.1  62417.0 
62373.1  61923.0 
62373.1  61925.0 
62373.1  62418.0 
62373.1  61928.0 
62373.1  62419.2 
62374.1  62421.0 
62374.1  61919.0 
62374.1  62414.0 
62374.1  62415.0 
62374.1  61920.0 
62374.1  61922.0 
62374.1  62416.0 
62374.1  61923.0 
62374.1  62417.0 
62374.1  61925.0 
62374.1  62422.0 
62374.1  61928.0 
62374.1  62333.1 
62375.1  62423.0 
62375.1  61919.0 
62375.1  61922.0 
62375.1  62333.2 
62376.1  62425.0 
62376.1  61919.0 
62376.1  62426.0 
62376.1  61922.0 
62376.1  61928.0 
62376.1  61934.0 
62376.1  61979.0 
62376.1  62427.5 
62376.1  62427.6 
62376.1  62427.7 
62377.1  61931.0 
62377.1  61919.0 
62377.1  61922.0 
62378.0  61287.0 
62379.1  62428.1 
62380.1  62429.1 
62381.1  62430.1 
62382.1  62431.1 
62383.1  62432.1 
62384.1  62433.0 
62384.1  61919.0 
62384.1  61922.0 
62384.1  61928.0 
62385.1  62434.0 
62385.1  61919.0 
62385.1  61922.0 
62385.1  61928.0 
62386.1  62436.0 
62386.1  61919.0 
62386.1  61922.0 
62387.1  62366.0 
62387.1  61899.0 
62387.1  61912.0 
62387.1  61903.0 
62387.1  61902.0 
62387.1  61908.0 
62387.1  61913.0 
62387.1  61914.0 
62387.1  62438.1 
62387.1  62439.1 
62387.1  62440.1 
62388.1  62372.12 
62390.1  62372.10 
62391.1  62370.1 
62391.2  62370.2 
62391.3  62370.3 
62391.4  62370.4 
62391.5  62370.8 
62391.6  62370.9 
62391.7  62370.10 
62391.8  62370.13 
62392.1  62372.12 
62393.1  62441.1 
62393.2  62442.1 
62393.3  62443.1 
62395.1  62444.1 
62397.0  57505.0 
62398.0  61306.0 
62399.1  62370.10 
62400.0  60331.0 
62401.1  62371.14 
62402.1  62366.0 
62402.1  61879.0 
62402.1  61892.0 
62402.1  61883.0 
62402.1  61882.0 
62402.1  61888.0 
62402.1  61893.0 
62402.1  61894.0 
62402.1  62446.1 
62402.1  62447.1 
62402.1  62448.1 
62403.1  62371.18 
62405.1  62371.16 
62406.1  62372.1 
62406.2  62372.2 
62406.3  62372.3 
62406.4  62372.4 
62406.5  62372.8 
62406.6  62372.9 
62406.7  62372.12 
62407.1  62371.18 
62408.1  62449.1 
62408.2  62450.1 
62408.3  62451.1 
62410.1  62452.1 
62412.1  62372.9 
62413.0  61309.0 
62414.0  61310.0 
62415.0  61311.0 
62416.0  61312.0 
62417.0  61313.0 
62419.1  62453.1 
62419.2  62454.1 
62420.1  62456.0 
62420.1  61919.0 
62420.1  61932.0 
62420.1  61923.0 
62420.1  61922.0 
62420.1  61928.0 
62420.1  61933.0 
62420.1  61934.0 
62420.1  61984.0 
62420.1  61985.0 
62420.1  61986.0 
62420.1  62457.1 
62420.1  62458.1 
62420.2  62459.1 
62420.3  62460.1 
62421.0  61317.0 
62423.0  61319.0 
62424.1  62461.0 
62424.1  61919.0 
62424.1  61932.0 
62424.1  61923.0 
62424.1  61922.0 
62424.1  61928.0 
62424.1  61933.0 
62424.1  61934.0 
62425.0  61321.0 
62426.0  61322.0 
62427.1  62462.1 
62427.2  62462.2 
62427.3  62462.3 
62427.4  62462.4 
62427.5  62462.5 
62427.6  62462.6 
62427.7  62462.7 
62428.1  62434.0 
62428.1  61919.0 
62428.1  61922.0 
62428.1  61928.0 
62429.1  62433.0 
62429.1  61919.0 
62429.1  61922.0 
62429.1  61928.0 
62430.1  62463.0 
62430.1  61919.0 
62430.1  61922.0 
62430.1  61928.0 
62431.1  62463.0 
62431.1  61919.0 
62431.1  61922.0 
62431.1  61928.0 
62432.1  62463.0 
62432.1  61919.0 
62432.1  61922.0 
62432.1  61928.0 
62433.0  61329.0 
62434.0  61330.0 
62436.0  61332.0 
62437.1  62378.0 
62437.1  61899.0 
62437.1  61912.0 
62437.1  61903.0 
62437.1  61902.0 
62437.1  61908.0 
62437.1  61913.0 
62437.1  61914.0 
62437.1  62465.1 
62437.1  62466.1 
62437.1  62467.1 
62437.1  62468.1 
62437.1  62469.1 
62438.1  62470.1 
62439.1  62471.1 
62440.1  62472.1 
62441.1  62413.0 
62441.1  61919.0 
62441.1  62414.0 
62441.1  62415.0 
62441.1  61922.0 
62441.1  62416.0 
62441.1  61920.0 
62441.1  62417.0 
62441.1  61923.0 
62441.1  61925.0 
62441.1  62474.0 
62441.1  61928.0 
62441.1  62475.2 
62442.1  62421.0 
62442.1  61919.0 
62442.1  62414.0 
62442.1  62415.0 
62442.1  61920.0 
62442.1  61922.0 
62442.1  62416.0 
62442.1  61923.0 
62442.1  62417.0 
62442.1  61925.0 
62442.1  62477.0 
62442.1  61928.0 
62442.1  62393.1 
62443.1  62423.0 
62443.1  61919.0 
62443.1  61922.0 
62443.1  62393.2 
62444.1  62425.0 
62444.1  61899.0 
62444.1  62426.0 
62444.1  61902.0 
62444.1  61908.0 
62444.1  61914.0 
62444.1  61979.0 
62444.1  62479.3 
62444.1  62479.4 
62444.1  62479.5 
62444.1  62479.6 
62444.1  62479.7 
62445.1  62378.0 
62445.1  61879.0 
62445.1  61892.0 
62445.1  61883.0 
62445.1  61882.0 
62445.1  61888.0 
62445.1  61893.0 
62445.1  61894.0 
62445.1  62481.1 
62445.1  62482.1 
62445.1  62483.1 
62445.1  62484.1 
62445.1  62485.1 
62446.1  62486.1 
62447.1  62487.1 
62448.1  62488.1 
62449.1  62413.0 
62449.1  61919.0 
62449.1  62414.0 
62449.1  62415.0 
62449.1  61922.0 
62449.1  62416.0 
62449.1  61920.0 
62449.1  62417.0 
62449.1  61923.0 
62449.1  61925.0 
62449.1  62490.0 
62449.1  61928.0 
62449.1  62491.2 
62450.1  62421.0 
62450.1  61919.0 
62450.1  62414.0 
62450.1  62415.0 
62450.1  61920.0 
62450.1  61922.0 
62450.1  62416.0 
62450.1  61923.0 
62450.1  62417.0 
62450.1  61925.0 
62450.1  62493.0 
62450.1  61928.0 
62450.1  62408.1 
62451.1  62423.0 
62451.1  61919.0 
62451.1  61922.0 
62451.1  62408.2 
62452.1  62425.0 
62452.1  61879.0 
62452.1  62426.0 
62452.1  61882.0 
62452.1  61888.0 
62452.1  61894.0 
62452.1  61979.0 
62452.1  62495.6 
62452.1  62495.7 
62453.1  62413.0 
62453.1  61919.0 
62453.1  62414.0 
62453.1  62415.0 
62453.1  61922.0 
62453.1  62416.0 
62453.1  61920.0 
62453.1  62417.0 
62453.1  61923.0 
62453.1  61925.0 
62453.1  62497.0 
62453.1  61928.0 
62453.1  62498.1 
62454.1  62421.0 
62454.1  61919.0 
62454.1  62414.0 
62454.1  62415.0 
62454.1  61920.0 
62454.1  61922.0 
62454.1  62416.0 
62454.1  61923.0 
62454.1  62417.0 
62454.1  61925.0 
62454.1  62499.0 
62454.1  61928.0 
62454.1  62419.1 
62455.1  62421.0 
62455.1  61919.0 
62455.1  62414.0 
62455.1  62415.0 
62455.1  61920.0 
62455.1  61922.0 
62455.1  62416.0 
62455.1  61923.0 
62455.1  62417.0 
62455.1  61925.0 
62455.1  62500.0 
62455.1  61928.0 
62456.0  61344.0 
62457.1  62501.0 
62458.1  62502.1 
62459.1  62503.1 
62460.1  62504.1 
62461.0  61349.0 
62462.1  62505.0 
62462.1  61919.0 
62462.1  62506.0 
62462.1  61923.0 
62462.1  61922.0 
62462.1  62507.0 
62462.1  61928.0 
62462.1  62508.0 
62462.1  62509.0 
62462.1  61933.0 
62462.1  62510.0 
62462.1  62511.0 
62462.1  62512.0 
62462.1  61934.0 
62462.1  62513.0 
62462.1  62514.0 
62462.1  62515.0 
62462.1  62516.0 
62462.1  62517.0 
62462.1  62518.0 
62462.1  62519.0 
62462.1  62520.0 
62462.1  62521.0 
62462.1  62522.0 
62462.1  62523.0 
62462.1  62524.0 
62462.1  62525.0 
62462.1  62526.0 
62462.1  62527.0 
62462.1  62528.0 
62462.1  62529.0 
62462.1  62530.0 
62462.1  62531.0 
62462.1  62532.0 
62462.1  62533.0 
62462.1  62534.0 
62462.1  62535.0 
62462.1  62536.0 
62462.1  62537.0 
62462.1  62538.0 
62462.1  62539.0 
62462.1  62540.0 
62462.1  62541.0 
62462.1  62542.0 
62462.1  62543.0 
62462.1  62544.0 
62462.1  62545.0 
62462.1  62546.0 
62462.1  62547.0 
62462.1  62548.0 
62462.1  62549.0 
62462.1  62550.0 
62462.1  62551.0 
62462.1  62552.0 
62462.1  62553.0 
62462.1  62554.0 
62462.1  62555.0 
62462.1  62556.0 
62462.1  62557.0 
62462.1  62558.0 
62462.1  62559.0 
62462.1  62560.0 
62462.1  62561.0 
62462.1  62562.0 
62462.1  62563.0 
62462.1  62564.0 
62462.1  62565.0 
62462.1  62566.0 
62462.1  62567.0 
62462.1  62568.0 
62462.1  62569.0 
62462.1  62570.0 
62462.1  62571.0 
62462.1  62572.0 
62462.1  62573.0 
62462.1  62574.0 
62462.1  62575.0 
62462.1  62576.0 
62462.1  62577.0 
62462.1  62578.0 
62462.1  62579.0 
62462.1  62580.0 
62462.1  62581.0 
62462.1  62582.0 
62462.1  62583.0 
62462.1  62584.0 
62462.2  62585.0 
62462.2  62586.0 
62462.2  62587.0 
62462.2  62588.0 
62462.2  62589.0 
62462.2  62590.0 
62462.2  62591.0 
62462.2  62592.0 
62462.2  62593.0 
62462.2  62594.0 
62462.2  62595.0 
62462.2  62596.0 
62462.2  62597.0 
62462.2  62598.0 
62462.2  62599.0 
62462.2  62600.0 
62462.2  62601.0 
62462.2  62602.0 
62462.2  62603.0 
62462.2  62604.0 
62462.2  62605.0 
62462.2  62606.0 
62462.2  62607.0 
62462.2  62608.0 
62462.2  62609.0 
62462.2  62610.0 
62462.2  62611.0 
62462.2  62612.0 
62462.2  62613.0 
62462.2  62614.0 
62462.2  62615.0 
62462.2  62616.0 
62462.2  62617.0 
62462.2  62618.0 
62462.2  62619.0 
62462.2  62620.0 
62462.2  62621.0 
62462.2  62622.0 
62462.2  62623.0 
62462.2  62624.0 
62462.2  62625.0 
62462.2  62626.0 
62462.2  62627.0 
62462.2  62628.0 
62462.2  62629.0 
62462.2  62630.0 
62462.2  62631.0 
62462.2  62632.0 
62462.2  62633.0 
62462.2  62634.0 
62462.2  62635.0 
62462.2  62636.0 
62462.2  62637.0 
62462.2  62638.0 
62462.2  62639.0 
62462.2  62640.0 
62462.2  62641.0 
62462.2  62642.0 
62462.2  62643.0 
62462.2  62644.0 
62462.2  62645.0 
62462.2  62646.0 
62462.2  62647.0 
62462.2  62648.0 
62462.2  62649.0 
62462.2  62650.0 
62462.2  62651.0 
62462.2  62652.0 
62462.2  62653.0 
62462.2  62654.0 
62462.2  62655.0 
62462.2  62656.0 
62462.2  62657.0 
62462.2  62658.0 
62462.2  62659.0 
62462.2  62660.0 
62462.2  62661.0 
62462.2  62662.0 
62462.3  62663.0 
62462.3  62664.0 
62462.3  62665.0 
62462.3  62666.0 
62462.3  62667.0 
62462.3  62668.0 
62462.3  62669.0 
62462.3  62670.0 
62462.3  62671.0 
62462.3  62672.0 
62462.3  62673.0 
62462.3  62674.0 
62462.3  62675.0 
62462.3  62676.0 
62462.3  62677.0 
62462.3  62678.0 
62462.3  62679.0 
62462.3  62680.0 
62462.3  62681.0 
62462.3  62682.0 
62462.3  62683.0 
62462.3  62684.0 
62462.3  62685.0 
62462.3  62686.0 
62462.3  62687.0 
62462.3  62688.0 
62462.3  62689.0 
62462.3  62690.0 
62462.3  62691.0 
62462.3  62692.0 
62462.3  62693.0 
62462.3  62694.0 
62462.3  62695.0 
62462.3  62696.0 
62462.3  62697.0 
62462.3  62698.0 
62462.3  62699.0 
62462.3  62700.0 
62462.3  62701.0 
62462.3  62702.0 
62462.3  62703.0 
62462.3  62704.0 
62462.3  62705.0 
62462.3  62706.0 
62462.3  62707.0 
62462.3  62708.0 
62462.3  62709.0 
62462.3  62710.0 
62462.3  62711.0 
62462.3  62712.0 
62462.3  62713.0 
62462.3  62714.0 
62462.3  62715.0 
62462.3  62716.0 
62462.3  62717.0 
62462.3  62718.0 
62462.3  62719.0 
62462.3  62720.0 
62462.3  62721.0 
62462.3  62722.0 
62462.3  62723.0 
62462.3  62724.0 
62462.3  62725.0 
62462.3  62726.0 
62462.3  62727.0 
62462.3  62728.0 
62462.3  62729.0 
62462.3  62730.0 
62462.3  62731.0 
62462.3  62732.0 
62462.3  62733.0 
62462.3  62734.0 
62462.3  62735.0 
62462.3  62736.0 
62462.3  62737.0 
62462.3  62738.0 
62462.3  62739.0 
62462.3  62740.0 
62462.3  62741.0 
62462.4  62742.0 
62462.4  62743.0 
62462.4  62744.0 
62462.4  62745.0 
62462.4  62746.0 
62462.4  62747.0 
62462.4  62748.0 
62462.4  62749.0 
62462.4  62750.0 
62462.4  62751.0 
62462.4  62752.0 
62462.4  62753.0 
62462.4  62754.0 
62462.4  62755.0 
62462.4  62756.0 
62462.4  62757.0 
62462.4  62758.0 
62462.4  62759.0 
62462.4  62760.0 
62462.4  62761.0 
62462.4  62762.0 
62462.4  62763.0 
62462.4  62764.0 
62462.4  62765.0 
62462.4  62766.0 
62462.4  62767.0 
62462.4  62768.0 
62462.4  62769.0 
62462.4  62770.0 
62462.4  62771.0 
62462.4  62772.0 
62462.4  62773.0 
62462.4  62774.0 
62462.4  62775.0 
62462.4  62776.0 
62462.4  62777.0 
62462.4  62778.0 
62462.4  62779.0 
62462.4  62780.0 
62462.5  62781.0 
62462.5  62782.0 
62462.5  62783.0 
62462.5  62784.0 
62462.5  62785.0 
62462.5  62786.0 
62462.5  62787.0 
62462.5  62788.0 
62462.5  62789.0 
62462.5  62790.0 
62462.5  62791.0 
62462.5  62792.0 
62462.5  62793.0 
62462.5  62794.0 
62462.5  62795.0 
62462.5  62796.0 
62462.5  62797.0 
62462.5  62798.0 
62462.5  62799.0 
62462.5  62800.0 
62462.5  62801.0 
62462.5  62802.0 
62462.5  62803.0 
62462.5  62804.0 
62462.5  62805.0 
62462.5  62806.0 
62462.5  62807.0 
62462.5  62808.0 
62462.5  62809.0 
62462.5  62810.0 
62462.5  62811.0 
62462.5  62812.0 
62462.5  62813.0 
62462.5  62814.0 
62462.5  62815.0 
62462.5  62816.0 
62462.5  62817.0 
62462.5  62818.0 
62462.5  62819.0 
62462.5  62820.0 
62462.5  62821.0 
62462.5  62822.0 
62462.5  62823.0 
62462.5  62824.0 
62462.5  62825.0 
62462.5  62826.0 
62462.5  62827.0 
62462.5  62828.0 
62462.6  62829.0 
62462.6  62830.0 
62462.6  62831.0 
62462.6  62832.0 
62462.6  62833.0 
62462.6  62834.0 
62462.6  62835.0 
62462.6  62836.0 
62462.6  62837.0 
62462.6  62838.0 
62462.6  62839.0 
62462.6  62840.0 
62462.6  62841.0 
62462.6  62842.0 
62462.6  62843.0 
62462.6  62844.0 
62462.6  62845.0 
62462.6  62846.0 
62462.6  62847.0 
62462.6  62848.0 
62462.6  62849.0 
62462.6  62850.0 
62462.6  62851.0 
62462.6  62852.0 
62462.6  62853.0 
62462.6  62854.0 
62462.6  62855.0 
62462.7  62856.0 
62462.7  62857.0 
62462.7  62858.0 
62462.7  62859.0 
62462.7  62860.0 
62462.7  62861.0 
62462.7  62862.0 
62462.7  62863.0 
62462.7  62864.0 
62462.7  62865.0 
62462.7  62866.0 
62462.7  62867.0 
62462.7  62868.0 
62462.7  62869.0 
62462.7  62870.0 
62462.7  62871.0 
62462.7  62872.0 
62462.7  62873.0 
62462.7  62874.0 
62462.7  62875.0 
62462.7  62876.0 
62462.7  62877.0 
62462.7  62878.0 
62462.7  62879.0 
62462.7  62880.0 
62462.7  62881.0 
62462.7  62882.0 
62462.7  62883.0 
62462.7  62884.0 
62462.7  62885.0 
62462.7  62886.0 
62462.7  62887.0 
62462.7  62888.0 
62462.7  62889.0 
62462.7  62890.0 
62462.7  62891.0 
62462.7  62892.0 
62462.7  62893.0 
62462.7  62894.0 
62462.7  62895.0 
62462.7  62896.0 
62463.0  61351.0 
62464.1  61911.0 
62464.1  61899.0 
62464.1  61902.0 
62465.1  62897.1 
62466.1  62898.1 
62467.1  62899.1 
62468.1  62900.1 
62469.1  62901.1 
62470.1  62433.0 
62470.1  61899.0 
62470.1  61902.0 
62470.1  61908.0 
62471.1  62434.0 
62471.1  61899.0 
62471.1  61902.0 
62471.1  61908.0 
62472.1  62436.0 
62472.1  61899.0 
62472.1  61902.0 
62473.1  61910.1 
62475.1  62903.1 
62475.2  62904.1 
62476.1  62456.0 
62476.1  61919.0 
62476.1  61932.0 
62476.1  61923.0 
62476.1  61922.0 
62476.1  61928.0 
62476.1  61933.0 
62476.1  61934.0 
62476.1  61984.0 
62476.1  61985.0 
62476.1  61986.0 
62476.1  62906.1 
62476.1  62907.1 
62476.2  62908.1 
62476.3  62909.1 
62478.1  62461.0 
62478.1  61899.0 
62478.1  61912.0 
62478.1  61903.0 
62478.1  61902.0 
62478.1  61908.0 
62478.1  61913.0 
62478.1  61914.0 
62479.1  62910.1 
62479.2  62910.2 
62479.3  62910.3 
62479.4  62910.4 
62479.5  62910.5 
62479.6  62910.6 
62479.7  62910.7 
62480.1  61891.0 
62480.1  61879.0 
62480.1  61882.0 
62481.1  62911.1 
62482.1  62912.1 
62483.1  62913.1 
62484.1  62914.1 
62485.1  62915.1 
62486.1  62433.0 
62486.1  61879.0 
62486.1  61882.0 
62486.1  61888.0 
62487.1  62434.0 
62487.1  61879.0 
62487.1  61882.0 
62487.1  61888.0 
62488.1  62436.0 
62488.1  61879.0 
62488.1  61882.0 
62489.1  61890.1 
62491.1  62917.1 
62491.2  62918.1 
62492.1  62456.0 
62492.1  61919.0 
62492.1  61932.0 
62492.1  61923.0 
62492.1  61922.0 
62492.1  61928.0 
62492.1  61933.0 
62492.1  61934.0 
62492.1  61984.0 
62492.1  61985.0 
62492.1  61986.0 
62492.1  62920.1 
62492.1  62921.1 
62492.2  62922.1 
62492.3  62923.1 
62494.1  62461.0 
62494.1  61879.0 
62494.1  61892.0 
62494.1  61883.0 
62494.1  61882.0 
62494.1  61888.0 
62494.1  61893.0 
62494.1  61894.0 
62495.1  62924.1 
62495.2  62924.2 
62495.3  62924.3 
62495.4  62924.4 
62495.5  62924.5 
62495.6  62924.6 
62495.7  62924.7 
62496.1  62926.0 
62496.1  61899.0 
62496.1  61912.0 
62496.1  61903.0 
62496.1  61902.0 
62496.1  61908.0 
62496.1  61913.0 
62496.1  61914.0 
62496.1  61984.0 
62496.1  61985.0 
62496.1  61986.0 
62496.1  62927.1 
62496.1  62928.1 
62496.1  61979.0 
62496.1  61991.0 
62496.1  62929.1 
62498.1  62930.1 
62502.1  62932.0 
62502.1  61919.0 
62502.1  61922.0 
62502.1  61928.0 
62502.1  61934.0 
62502.1  62933.1 
62503.1  62932.0 
62503.1  61919.0 
62503.1  61922.0 
62503.1  61928.0 
62503.1  61934.0 
62503.1  62935.1 
62504.1  62932.0 
62504.1  61919.0 
62504.1  61922.0 
62504.1  61928.0 
62504.1  61934.0 
62504.1  62937.1 
62505.0  61377.0 
62506.0  61378.0 
62507.0  61379.0 
62509.0  61381.0 
62510.0  61382.0 
62511.0  61383.0 
62512.0  61384.0 
62513.0  61385.0 
62514.0  61386.0 
62515.0  61387.0 
62516.0  61388.0 
62517.0  61389.0 
62518.0  61390.0 
62519.0  61391.0 
62520.0  61392.0 
62521.0  61393.0 
62522.0  61394.0 
62523.0  61395.0 
62524.0  61396.0 
62525.0  61397.0 
62526.0  61398.0 
62527.0  61399.0 
62528.0  61400.0 
62529.0  61401.0 
62530.0  61402.0 
62531.0  61403.0 
62532.0  61404.0 
62533.0  61405.0 
62534.0  61406.0 
62535.0  61407.0 
62536.0  61408.0 
62537.0  61409.0 
62538.0  61410.0 
62539.0  61411.0 
62540.0  61412.0 
62541.0  61413.0 
62542.0  61414.0 
62543.0  61415.0 
62544.0  61416.0 
62545.0  61417.0 
62546.0  61418.0 
62547.0  61419.0 
62548.0  61420.0 
62549.0  61421.0 
62550.0  61422.0 
62551.0  61423.0 
62552.0  61424.0 
62553.0  61425.0 
62554.0  61426.0 
62555.0  61427.0 
62556.0  61428.0 
62557.0  61429.0 
62558.0  61430.0 
62559.0  61431.0 
62560.0  61432.0 
62561.0  61433.0 
62562.0  61434.0 
62563.0  61435.0 
62564.0  61436.0 
62565.0  61437.0 
62566.0  61438.0 
62567.0  61439.0 
62568.0  61440.0 
62569.0  61441.0 
62570.0  61442.0 
62571.0  61443.0 
62572.0  61444.0 
62573.0  61445.0 
62574.0  61446.0 
62575.0  61447.0 
62576.0  61448.0 
62577.0  61449.0 
62578.0  61450.0 
62579.0  61451.0 
62580.0  61452.0 
62581.0  61453.0 
62582.0  61454.0 
62583.0  61455.0 
62584.0  61456.0 
62585.0  61457.0 
62586.0  61458.0 
62587.0  61459.0 
62588.0  61460.0 
62589.0  61461.0 
62590.0  61462.0 
62591.0  61463.0 
62592.0  61464.0 
62593.0  61465.0 
62594.0  61466.0 
62595.0  61467.0 
62596.0  61468.0 
62597.0  61469.0 
62598.0  61470.0 
62599.0  61471.0 
62600.0  61472.0 
62601.0  61473.0 
62602.0  61474.0 
62603.0  61475.0 
62604.0  61476.0 
62605.0  61477.0 
62606.0  61478.0 
62607.0  61479.0 
62608.0  61480.0 
62609.0  61481.0 
62610.0  61482.0 
62611.0  61483.0 
62612.0  61484.0 
62613.0  61485.0 
62614.0  61486.0 
62615.0  61487.0 
62616.0  61488.0 
62617.0  61489.0 
62618.0  61490.0 
62619.0  61491.0 
62620.0  61492.0 
62621.0  61493.0 
62622.0  61494.0 
62623.0  61495.0 
62624.0  61496.0 
62625.0  61497.0 
62626.0  61498.0 
62627.0  61499.0 
62628.0  61500.0 
62629.0  61501.0 
62630.0  61502.0 
62631.0  61503.0 
62632.0  61504.0 
62633.0  61505.0 
62634.0  61506.0 
62635.0  61507.0 
62636.0  61508.0 
62637.0  61509.0 
62638.0  61510.0 
62639.0  61511.0 
62640.0  61512.0 
62641.0  61513.0 
62642.0  61514.0 
62643.0  61515.0 
62644.0  61516.0 
62645.0  61517.0 
62646.0  61518.0 
62647.0  61519.0 
62648.0  61520.0 
62649.0  61521.0 
62650.0  61522.0 
62651.0  61523.0 
62652.0  61524.0 
62653.0  61525.0 
62654.0  61526.0 
62655.0  61527.0 
62656.0  61528.0 
62657.0  61529.0 
62658.0  61530.0 
62659.0  61531.0 
62660.0  61532.0 
62661.0  61533.0 
62662.0  61534.0 
62663.0  61535.0 
62664.0  61536.0 
62665.0  61537.0 
62666.0  61538.0 
62667.0  61539.0 
62668.0  61540.0 
62669.0  61541.0 
62670.0  61542.0 
62671.0  61543.0 
62672.0  61544.0 
62673.0  61545.0 
62674.0  61546.0 
62675.0  61547.0 
62676.0  61548.0 
62677.0  61549.0 
62678.0  61550.0 
62679.0  61551.0 
62680.0  61552.0 
62681.0  61553.0 
62682.0  61554.0 
62683.0  61555.0 
62684.0  61556.0 
62685.0  61557.0 
62686.0  61558.0 
62687.0  61559.0 
62688.0  61560.0 
62689.0  61561.0 
62690.0  61562.0 
62691.0  61563.0 
62692.0  61564.0 
62693.0  61565.0 
62694.0  61566.0 
62695.0  61567.0 
62696.0  61568.0 
62697.0  61569.0 
62698.0  61570.0 
62699.0  61571.0 
62700.0  61572.0 
62701.0  61573.0 
62702.0  61574.0 
62703.0  61575.0 
62704.0  61576.0 
62705.0  61577.0 
62706.0  61578.0 
62707.0  61579.0 
62708.0  61580.0 
62709.0  61581.0 
62710.0  61582.0 
62712.0  61584.0 
62713.0  61585.0 
62714.0  61586.0 
62715.0  61587.0 
62716.0  61588.0 
62717.0  61589.0 
62718.0  61590.0 
62719.0  61591.0 
62720.0  61592.0 
62721.0  61593.0 
62722.0  61594.0 
62723.0  61595.0 
62724.0  61596.0 
62725.0  61597.0 
62726.0  61598.0 
62727.0  61599.0 
62728.0  61600.0 
62729.0  61601.0 
62730.0  61602.0 
62731.0  61603.0 
62732.0  61604.0 
62733.0  61605.0 
62734.0  61606.0 
62735.0  61607.0 
62736.0  61608.0 
62737.0  61609.0 
62738.0  61610.0 
62739.0  61611.0 
62740.0  61612.0 
62741.0  61613.0 
62742.0  61614.0 
62743.0  61615.0 
62744.0  61616.0 
62745.0  61617.0 
62746.0  61618.0 
62747.0  61619.0 
62748.0  61620.0 
62749.0  61621.0 
62750.0  61622.0 
62751.0  61623.0 
62752.0  61624.0 
62753.0  61625.0 
62754.0  61626.0 
62755.0  61627.0 
62756.0  61628.0 
62757.0  61629.0 
62758.0  61630.0 
62759.0  61631.0 
62760.0  61632.0 
62761.0  61633.0 
62762.0  61634.0 
62763.0  61635.0 
62764.0  61636.0 
62765.0  61637.0 
62766.0  61638.0 
62767.0  61639.0 
62768.0  61640.0 
62769.0  61641.0 
62770.0  61642.0 
62771.0  61643.0 
62772.0  61644.0 
62773.0  61645.0 
62774.0  61646.0 
62775.0  61647.0 
62776.0  61648.0 
62777.0  61649.0 
62778.0  61650.0 
62779.0  61651.0 
62780.0  61652.0 
62781.0  61653.0 
62782.0  61654.0 
62783.0  61655.0 
62784.0  61656.0 
62785.0  61657.0 
62786.0  61658.0 
62787.0  61659.0 
62788.0  61660.0 
62789.0  61661.0 
62790.0  61662.0 
62791.0  61663.0 
62792.0  61664.0 
62793.0  61665.0 
62794.0  61666.0 
62795.0  61667.0 
62796.0  61668.0 
62797.0  61669.0 
62798.0  61670.0 
62799.0  61671.0 
62800.0  61672.0 
62801.0  61673.0 
62802.0  61674.0 
62803.0  61675.0 
62804.0  61676.0 
62805.0  61677.0 
62806.0  61678.0 
62807.0  61679.0 
62808.0  61680.0 
62809.0  61681.0 
62810.0  61682.0 
62811.0  61683.0 
62812.0  61684.0 
62813.0  61685.0 
62814.0  61686.0 
62815.0  61687.0 
62816.0  61688.0 
62817.0  61689.0 
62818.0  61690.0 
62819.0  61691.0 
62820.0  61692.0 
62821.0  61693.0 
62822.0  61694.0 
62823.0  61695.0 
62824.0  61696.0 
62825.0  61697.0 
62826.0  61698.0 
62827.0  61699.0 
62828.0  61700.0 
62829.0  61701.0 
62830.0  61702.0 
62831.0  61703.0 
62832.0  61704.0 
62833.0  61705.0 
62834.0  61706.0 
62835.0  61707.0 
62836.0  61708.0 
62837.0  61709.0 
62838.0  61710.0 
62839.0  61711.0 
62840.0  61712.0 
62841.0  61713.0 
62842.0  61714.0 
62843.0  61715.0 
62844.0  61716.0 
62845.0  61717.0 
62846.0  61718.0 
62847.0  61719.0 
62848.0  61720.0 
62849.0  61721.0 
62850.0  61722.0 
62851.0  61723.0 
62852.0  61724.0 
62853.0  61725.0 
62854.0  61726.0 
62855.0  61727.0 
62856.0  61728.0 
62857.0  61729.0 
62858.0  61730.0 
62859.0  61731.0 
62860.0  61732.0 
62861.0  61733.0 
62862.0  61734.0 
62863.0  61735.0 
62864.0  61736.0 
62865.0  61737.0 
62866.0  61738.0 
62867.0  61739.0 
62897.1  62434.0 
62897.1  61899.0 
62897.1  61902.0 
62897.1  61908.0 
62898.1  62433.0 
62898.1  61899.0 
62898.1  61902.0 
62898.1  61908.0 
62899.1  62463.0 
62899.1  61899.0 
62899.1  61902.0 
62899.1  61908.0 
62900.1  62463.0 
62900.1  61899.0 
62900.1  61902.0 
62900.1  61908.0 
62901.1  62463.0 
62901.1  61899.0 
62901.1  61902.0 
62901.1  61908.0 
62903.1  62413.0 
62903.1  61919.0 
62903.1  62414.0 
62903.1  62415.0 
62903.1  61922.0 
62903.1  62416.0 
62903.1  61920.0 
62903.1  62417.0 
62903.1  61923.0 
62903.1  61925.0 
62903.1  62939.0 
62903.1  61928.0 
62903.1  62940.1 
62904.1  62421.0 
62904.1  61919.0 
62904.1  62414.0 
62904.1  62415.0 
62904.1  61920.0 
62904.1  61922.0 
62904.1  62416.0 
62904.1  61923.0 
62904.1  62417.0 
62904.1  61925.0 
62904.1  62941.0 
62904.1  61928.0 
62904.1  62475.1 
62905.1  62421.0 
62905.1  61919.0 
62905.1  62414.0 
62905.1  62415.0 
62905.1  61920.0 
62905.1  61922.0 
62905.1  62416.0 
62905.1  61923.0 
62905.1  62417.0 
62905.1  61925.0 
62905.1  62942.0 
62905.1  61928.0 
62906.1  62943.0 
62907.1  62944.1 
62908.1  62945.1 
62909.1  62946.1 
62910.1  62505.0 
62910.1  61899.0 
62910.1  62506.0 
62910.1  61903.0 
62910.1  61902.0 
62910.1  62507.0 
62910.1  61908.0 
62910.1  62947.0 
62910.1  62509.0 
62910.1  61913.0 
62910.1  62510.0 
62910.1  62511.0 
62910.1  62512.0 
62910.1  61914.0 
62910.1  62513.0 
62910.1  62514.0 
62910.1  62515.0 
62910.1  62516.0 
62910.1  62517.0 
62910.1  62518.0 
62910.1  62519.0 
62910.1  62520.0 
62910.1  62521.0 
62910.1  62522.0 
62910.1  62523.0 
62910.1  62524.0 
62910.1  62525.0 
62910.1  62526.0 
62910.1  62527.0 
62910.1  62528.0 
62910.1  62529.0 
62910.1  62530.0 
62910.1  62531.0 
62910.1  62532.0 
62910.1  62533.0 
62910.1  62534.0 
62910.1  62535.0 
62910.1  62536.0 
62910.1  62537.0 
62910.1  62538.0 
62910.1  62539.0 
62910.1  62540.0 
62910.1  62541.0 
62910.1  62542.0 
62910.1  62543.0 
62910.1  62544.0 
62910.1  62545.0 
62910.1  62546.0 
62910.1  62547.0 
62910.1  62548.0 
62910.1  62549.0 
62910.1  62550.0 
62910.1  62551.0 
62910.1  62552.0 
62910.1  62553.0 
62910.1  62554.0 
62910.1  62555.0 
62910.1  62556.0 
62910.1  62557.0 
62910.1  62558.0 
62910.1  62559.0 
62910.1  62560.0 
62910.1  62561.0 
62910.1  62562.0 
62910.1  62563.0 
62910.1  62564.0 
62910.1  62565.0 
62910.1  62566.0 
62910.1  62567.0 
62910.1  62568.0 
62910.1  62569.0 
62910.1  62570.0 
62910.1  62571.0 
62910.1  62572.0 
62910.1  62573.0 
62910.1  62574.0 
62910.1  62575.0 
62910.1  62576.0 
62910.1  62577.0 
62910.1  62578.0 
62910.1  62579.0 
62910.1  62580.0 
62910.1  62581.0 
62910.1  62582.0 
62910.1  62583.0 
62910.1  62584.0 
62910.2  62585.0 
62910.2  62586.0 
62910.2  62587.0 
62910.2  62588.0 
62910.2  62589.0 
62910.2  62590.0 
62910.2  62591.0 
62910.2  62592.0 
62910.2  62593.0 
62910.2  62594.0 
62910.2  62595.0 
62910.2  62596.0 
62910.2  62597.0 
62910.2  62598.0 
62910.2  62599.0 
62910.2  62600.0 
62910.2  62601.0 
62910.2  62602.0 
62910.2  62603.0 
62910.2  62604.0 
62910.2  62605.0 
62910.2  62606.0 
62910.2  62607.0 
62910.2  62608.0 
62910.2  62609.0 
62910.2  62610.0 
62910.2  62611.0 
62910.2  62612.0 
62910.2  62613.0 
62910.2  62614.0 
62910.2  62615.0 
62910.2  62616.0 
62910.2  62617.0 
62910.2  62618.0 
62910.2  62619.0 
62910.2  62620.0 
62910.2  62621.0 
62910.2  62622.0 
62910.2  62623.0 
62910.2  62624.0 
62910.2  62625.0 
62910.2  62626.0 
62910.2  62627.0 
62910.2  62628.0 
62910.2  62629.0 
62910.2  62630.0 
62910.2  62631.0 
62910.2  62632.0 
62910.2  62633.0 
62910.2  62634.0 
62910.2  62635.0 
62910.2  62636.0 
62910.2  62637.0 
62910.2  62638.0 
62910.2  62639.0 
62910.2  62640.0 
62910.2  62641.0 
62910.2  62642.0 
62910.2  62643.0 
62910.2  62644.0 
62910.2  62645.0 
62910.2  62646.0 
62910.2  62647.0 
62910.2  62648.0 
62910.2  62649.0 
62910.2  62650.0 
62910.2  62651.0 
62910.2  62652.0 
62910.2  62653.0 
62910.2  62654.0 
62910.2  62655.0 
62910.2  62656.0 
62910.2  62657.0 
62910.2  62658.0 
62910.2  62659.0 
62910.2  62660.0 
62910.2  62661.0 
62910.2  62662.0 
62910.3  62663.0 
62910.3  62664.0 
62910.3  62665.0 
62910.3  62666.0 
62910.3  62667.0 
62910.3  62668.0 
62910.3  62669.0 
62910.3  62670.0 
62910.3  62671.0 
62910.3  62672.0 
62910.3  62673.0 
62910.3  62674.0 
62910.3  62675.0 
62910.3  62676.0 
62910.3  62677.0 
62910.3  62678.0 
62910.3  62679.0 
62910.3  62680.0 
62910.3  62681.0 
62910.3  62682.0 
62910.3  62683.0 
62910.3  62684.0 
62910.3  62685.0 
62910.3  62686.0 
62910.3  62687.0 
62910.3  62688.0 
62910.3  62689.0 
62910.3  62690.0 
62910.3  62691.0 
62910.3  62692.0 
62910.3  62693.0 
62910.3  62694.0 
62910.3  62695.0 
62910.3  62696.0 
62910.3  62697.0 
62910.3  62698.0 
62910.3  62699.0 
62910.3  62700.0 
62910.3  62701.0 
62910.3  62702.0 
62910.3  62703.0 
62910.3  62704.0 
62910.3  62705.0 
62910.3  62706.0 
62910.3  62707.0 
62910.3  62708.0 
62910.3  62709.0 
62910.3  62710.0 
62910.3  62948.0 
62910.3  62712.0 
62910.3  62713.0 
62910.3  62714.0 
62910.3  62715.0 
62910.3  62716.0 
62910.3  62717.0 
62910.3  62718.0 
62910.3  62719.0 
62910.3  62720.0 
62910.3  62721.0 
62910.3  62722.0 
62910.3  62723.0 
62910.3  62724.0 
62910.3  62725.0 
62910.3  62726.0 
62910.3  62727.0 
62910.3  62728.0 
62910.3  62729.0 
62910.3  62730.0 
62910.3  62731.0 
62910.3  62732.0 
62910.3  62733.0 
62910.3  62734.0 
62910.3  62735.0 
62910.3  62736.0 
62910.3  62737.0 
62910.3  62738.0 
62910.3  62739.0 
62910.3  62740.0 
62910.3  62741.0 
62910.4  62742.0 
62910.4  62743.0 
62910.4  62744.0 
62910.4  62745.0 
62910.4  62746.0 
62910.4  62747.0 
62910.4  62748.0 
62910.4  62749.0 
62910.4  62750.0 
62910.4  62751.0 
62910.4  62752.0 
62910.4  62753.0 
62910.4  62754.0 
62910.4  62755.0 
62910.4  62756.0 
62910.4  62757.0 
62910.4  62758.0 
62910.4  62759.0 
62910.4  62760.0 
62910.4  62761.0 
62910.4  62762.0 
62910.4  62763.0 
62910.4  62764.0 
62910.4  62765.0 
62910.4  62766.0 
62910.4  62767.0 
62910.4  62768.0 
62910.4  62769.0 
62910.4  62770.0 
62910.4  62771.0 
62910.4  62772.0 
62910.4  62773.0 
62910.4  62774.0 
62910.4  62775.0 
62910.4  62776.0 
62910.4  62777.0 
62910.4  62778.0 
62910.4  62779.0 
62910.4  62780.0 
62910.5  62781.0 
62910.5  62782.0 
62910.5  62783.0 
62910.5  62784.0 
62910.5  62785.0 
62910.5  62786.0 
62910.5  62787.0 
62910.5  62788.0 
62910.5  62789.0 
62910.5  62790.0 
62910.5  62791.0 
62910.5  62792.0 
62910.5  62793.0 
62910.5  62794.0 
62910.5  62795.0 
62910.5  62796.0 
62910.5  62797.0 
62910.5  62798.0 
62910.5  62799.0 
62910.5  62800.0 
62910.5  62801.0 
62910.5  62802.0 
62910.5  62803.0 
62910.5  62804.0 
62910.5  62805.0 
62910.5  62806.0 
62910.5  62807.0 
62910.5  62808.0 
62910.5  62809.0 
62910.5  62810.0 
62910.5  62811.0 
62910.5  62812.0 
62910.5  62813.0 
62910.5  62814.0 
62910.5  62815.0 
62910.5  62816.0 
62910.5  62817.0 
62910.5  62818.0 
62910.5  62819.0 
62910.5  62820.0 
62910.5  62821.0 
62910.5  62822.0 
62910.5  62823.0 
62910.5  62824.0 
62910.5  62825.0 
62910.5  62826.0 
62910.5  62827.0 
62910.5  62828.0 
62910.6  62829.0 
62910.6  62830.0 
62910.6  62831.0 
62910.6  62832.0 
62910.6  62833.0 
62910.6  62834.0 
62910.6  62835.0 
62910.6  62836.0 
62910.6  62837.0 
62910.6  62838.0 
62910.6  62839.0 
62910.6  62840.0 
62910.6  62841.0 
62910.6  62842.0 
62910.6  62843.0 
62910.6  62844.0 
62910.6  62845.0 
62910.6  62846.0 
62910.6  62847.0 
62910.6  62848.0 
62910.6  62849.0 
62910.6  62850.0 
62910.6  62851.0 
62910.6  62852.0 
62910.6  62853.0 
62910.6  62854.0 
62910.6  62855.0 
62910.7  62856.0 
62910.7  62857.0 
62910.7  62858.0 
62910.7  62859.0 
62910.7  62860.0 
62910.7  62861.0 
62910.7  62862.0 
62910.7  62863.0 
62910.7  62864.0 
62910.7  62865.0 
62910.7  62866.0 
62910.7  62867.0 
62910.7  62949.0 
62910.7  62950.0 
62910.7  62951.0 
62910.7  62952.0 
62910.7  62953.0 
62910.7  62954.0 
62910.7  62955.0 
62910.7  62956.0 
62910.7  62957.0 
62910.7  62958.0 
62910.7  62959.0 
62910.7  62960.0 
62910.7  62961.0 
62910.7  62962.0 
62910.7  62963.0 
62910.7  62964.0 
62910.7  62965.0 
62910.7  62966.0 
62910.7  62967.0 
62910.7  62968.0 
62910.7  62969.0 
62910.7  62970.0 
62910.7  62971.0 
62910.7  62972.0 
62910.7  62973.0 
62910.7  62974.0 
62910.7  62975.0 
62910.7  62976.0 
62910.7  62977.0 
62911.1  62434.0 
62911.1  61879.0 
62911.1  61882.0 
62911.1  61888.0 
62912.1  62433.0 
62912.1  61879.0 
62912.1  61882.0 
62912.1  61888.0 
62913.1  62463.0 
62913.1  61879.0 
62913.1  61882.0 
62913.1  61888.0 
62914.1  62463.0 
62914.1  61879.0 
62914.1  61882.0 
62914.1  61888.0 
62915.1  62463.0 
62915.1  61879.0 
62915.1  61882.0 
62915.1  61888.0 
62917.1  62413.0 
62917.1  61919.0 
62917.1  62414.0 
62917.1  62415.0 
62917.1  61922.0 
62917.1  62416.0 
62917.1  61920.0 
62917.1  62417.0 
62917.1  61923.0 
62917.1  61925.0 
62917.1  62979.0 
62917.1  61928.0 
62917.1  62980.1 
62918.1  62421.0 
62918.1  61919.0 
62918.1  62414.0 
62918.1  62415.0 
62918.1  61920.0 
62918.1  61922.0 
62918.1  62416.0 
62918.1  61923.0 
62918.1  62417.0 
62918.1  61925.0 
62918.1  62982.0 
62918.1  61928.0 
62918.1  62491.1 
62919.1  62421.0 
62919.1  61919.0 
62919.1  62414.0 
62919.1  62415.0 
62919.1  61920.0 
62919.1  61922.0 
62919.1  62416.0 
62919.1  61923.0 
62919.1  62417.0 
62919.1  61925.0 
62919.1  62983.0 
62919.1  61928.0 
62920.1  62984.0 
62921.1  62985.1 
62922.1  62986.1 
62923.1  62987.1 
62924.1  62505.0 
62924.1  61879.0 
62924.1  62506.0 
62924.1  61883.0 
62924.1  61882.0 
62924.1  62507.0 
62924.1  61888.0 
62924.1  62988.0 
62924.1  62509.0 
62924.1  61893.0 
62924.1  62510.0 
62924.1  62511.0 
62924.1  62512.0 
62924.1  61894.0 
62924.1  62513.0 
62924.1  62514.0 
62924.1  62515.0 
62924.1  62516.0 
62924.1  62517.0 
62924.1  62518.0 
62924.1  62519.0 
62924.1  62520.0 
62924.1  62521.0 
62924.1  62522.0 
62924.1  62523.0 
62924.1  62524.0 
62924.1  62525.0 
62924.1  62526.0 
62924.1  62527.0 
62924.1  62528.0 
62924.1  62529.0 
62924.1  62530.0 
62924.1  62531.0 
62924.1  62532.0 
62924.1  62533.0 
62924.1  62534.0 
62924.1  62535.0 
62924.1  62536.0 
62924.1  62537.0 
62924.1  62538.0 
62924.1  62539.0 
62924.1  62540.0 
62924.1  62541.0 
62924.1  62542.0 
62924.1  62543.0 
62924.1  62544.0 
62924.1  62545.0 
62924.1  62546.0 
62924.1  62547.0 
62924.1  62548.0 
62924.1  62549.0 
62924.1  62550.0 
62924.1  62551.0 
62924.1  62552.0 
62924.1  62553.0 
62924.1  62554.0 
62924.1  62555.0 
62924.1  62556.0 
62924.1  62557.0 
62924.1  62558.0 
62924.1  62559.0 
62924.1  62560.0 
62924.1  62561.0 
62924.1  62562.0 
62924.1  62563.0 
62924.1  62564.0 
62924.1  62565.0 
62924.1  62566.0 
62924.1  62567.0 
62924.1  62568.0 
62924.1  62569.0 
62924.1  62570.0 
62924.1  62571.0 
62924.1  62572.0 
62924.1  62573.0 
62924.1  62574.0 
62924.1  62575.0 
62924.1  62576.0 
62924.1  62577.0 
62924.1  62578.0 
62924.1  62579.0 
62924.1  62580.0 
62924.1  62581.0 
62924.1  62582.0 
62924.1  62583.0 
62924.1  62584.0 
62924.2  62585.0 
62924.2  62586.0 
62924.2  62587.0 
62924.2  62588.0 
62924.2  62589.0 
62924.2  62590.0 
62924.2  62591.0 
62924.2  62592.0 
62924.2  62593.0 
62924.2  62594.0 
62924.2  62595.0 
62924.2  62596.0 
62924.2  62597.0 
62924.2  62598.0 
62924.2  62599.0 
62924.2  62600.0 
62924.2  62601.0 
62924.2  62602.0 
62924.2  62603.0 
62924.2  62604.0 
62924.2  62605.0 
62924.2  62606.0 
62924.2  62607.0 
62924.2  62608.0 
62924.2  62609.0 
62924.2  62610.0 
62924.2  62611.0 
62924.2  62612.0 
62924.2  62613.0 
62924.2  62614.0 
62924.2  62615.0 
62924.2  62616.0 
62924.2  62617.0 
62924.2  62618.0 
62924.2  62619.0 
62924.2  62620.0 
62924.2  62621.0 
62924.2  62622.0 
62924.2  62623.0 
62924.2  62624.0 
62924.2  62625.0 
62924.2  62626.0 
62924.2  62627.0 
62924.2  62628.0 
62924.2  62629.0 
62924.2  62630.0 
62924.2  62631.0 
62924.2  62632.0 
62924.2  62633.0 
62924.2  62634.0 
62924.2  62635.0 
62924.2  62636.0 
62924.2  62637.0 
62924.2  62638.0 
62924.2  62639.0 
62924.2  62640.0 
62924.2  62641.0 
62924.2  62642.0 
62924.2  62643.0 
62924.2  62644.0 
62924.2  62645.0 
62924.2  62646.0 
62924.2  62647.0 
62924.2  62648.0 
62924.2  62649.0 
62924.2  62650.0 
62924.2  62651.0 
62924.2  62652.0 
62924.2  62653.0 
62924.2  62654.0 
62924.2  62655.0 
62924.2  62656.0 
62924.2  62657.0 
62924.2  62658.0 
62924.2  62659.0 
62924.2  62660.0 
62924.2  62661.0 
62924.2  62662.0 
62924.3  62663.0 
62924.3  62664.0 
62924.3  62665.0 
62924.3  62666.0 
62924.3  62667.0 
62924.3  62668.0 
62924.3  62669.0 
62924.3  62670.0 
62924.3  62671.0 
62924.3  62672.0 
62924.3  62673.0 
62924.3  62674.0 
62924.3  62675.0 
62924.3  62676.0 
62924.3  62677.0 
62924.3  62678.0 
62924.3  62679.0 
62924.3  62680.0 
62924.3  62681.0 
62924.3  62682.0 
62924.3  62683.0 
62924.3  62684.0 
62924.3  62685.0 
62924.3  62686.0 
62924.3  62687.0 
62924.3  62688.0 
62924.3  62689.0 
62924.3  62690.0 
62924.3  62691.0 
62924.3  62692.0 
62924.3  62693.0 
62924.3  62694.0 
62924.3  62695.0 
62924.3  62696.0 
62924.3  62697.0 
62924.3  62698.0 
62924.3  62699.0 
62924.3  62700.0 
62924.3  62701.0 
62924.3  62702.0 
62924.3  62703.0 
62924.3  62704.0 
62924.3  62705.0 
62924.3  62706.0 
62924.3  62707.0 
62924.3  62708.0 
62924.3  62709.0 
62924.3  62710.0 
62924.3  62989.0 
62924.3  62712.0 
62924.3  62713.0 
62924.3  62714.0 
62924.3  62715.0 
62924.3  62716.0 
62924.3  62717.0 
62924.3  62718.0 
62924.3  62719.0 
62924.3  62720.0 
62924.3  62721.0 
62924.3  62722.0 
62924.3  62723.0 
62924.3  62724.0 
62924.3  62725.0 
62924.3  62726.0 
62924.3  62727.0 
62924.3  62728.0 
62924.3  62729.0 
62924.3  62730.0 
62924.3  62731.0 
62924.3  62732.0 
62924.3  62733.0 
62924.3  62734.0 
62924.3  62735.0 
62924.3  62736.0 
62924.3  62737.0 
62924.3  62738.0 
62924.3  62739.0 
62924.3  62740.0 
62924.3  62741.0 
62924.4  62742.0 
62924.4  62743.0 
62924.4  62744.0 
62924.4  62745.0 
62924.4  62746.0 
62924.4  62747.0 
62924.4  62748.0 
62924.4  62749.0 
62924.4  62750.0 
62924.4  62751.0 
62924.4  62752.0 
62924.4  62753.0 
62924.4  62754.0 
62924.4  62755.0 
62924.4  62756.0 
62924.4  62757.0 
62924.4  62758.0 
62924.4  62759.0 
62924.4  62760.0 
62924.4  62761.0 
62924.4  62762.0 
62924.4  62763.0 
62924.4  62764.0 
62924.4  62765.0 
62924.4  62766.0 
62924.4  62767.0 
62924.4  62768.0 
62924.4  62769.0 
62924.4  62770.0 
62924.4  62771.0 
62924.4  62772.0 
62924.4  62773.0 
62924.4  62774.0 
62924.4  62775.0 
62924.4  62776.0 
62924.4  62777.0 
62924.4  62778.0 
62924.4  62779.0 
62924.4  62780.0 
62924.5  62781.0 
62924.5  62782.0 
62924.5  62783.0 
62924.5  62784.0 
62924.5  62785.0 
62924.5  62786.0 
62924.5  62787.0 
62924.5  62788.0 
62924.5  62789.0 
62924.5  62790.0 
62924.5  62791.0 
62924.5  62792.0 
62924.5  62793.0 
62924.5  62794.0 
62924.5  62795.0 
62924.5  62796.0 
62924.5  62797.0 
62924.5  62798.0 
62924.5  62799.0 
62924.5  62800.0 
62924.5  62801.0 
62924.5  62802.0 
62924.5  62803.0 
62924.5  62804.0 
62924.5  62805.0 
62924.5  62806.0 
62924.5  62807.0 
62924.5  62808.0 
62924.5  62809.0 
62924.5  62810.0 
62924.5  62811.0 
62924.5  62812.0 
62924.5  62813.0 
62924.5  62814.0 
62924.5  62815.0 
62924.5  62816.0 
62924.5  62817.0 
62924.5  62818.0 
62924.5  62819.0 
62924.5  62820.0 
62924.5  62821.0 
62924.5  62822.0 
62924.5  62823.0 
62924.5  62824.0 
62924.5  62825.0 
62924.5  62826.0 
62924.5  62827.0 
62924.5  62828.0 
62924.6  62829.0 
62924.6  62830.0 
62924.6  62831.0 
62924.6  62832.0 
62924.6  62833.0 
62924.6  62834.0 
62924.6  62835.0 
62924.6  62836.0 
62924.6  62837.0 
62924.6  62838.0 
62924.6  62839.0 
62924.6  62840.0 
62924.6  62841.0 
62924.6  62842.0 
62924.6  62843.0 
62924.6  62844.0 
62924.6  62845.0 
62924.6  62846.0 
62924.6  62847.0 
62924.6  62848.0 
62924.6  62849.0 
62924.6  62850.0 
62924.6  62851.0 
62924.6  62852.0 
62924.6  62853.0 
62924.6  62854.0 
62924.6  62855.0 
62924.7  62856.0 
62924.7  62857.0 
62924.7  62858.0 
62924.7  62859.0 
62924.7  62860.0 
62924.7  62861.0 
62924.7  62862.0 
62924.7  62863.0 
62924.7  62864.0 
62924.7  62865.0 
62924.7  62866.0 
62924.7  62867.0 
62924.7  62990.0 
62924.7  62991.0 
62924.7  62992.0 
62924.7  62993.0 
62924.7  62994.0 
62924.7  62995.0 
62924.7  62996.0 
62924.7  62997.0 
62924.7  62998.0 
62924.7  62999.0 
62924.7  63000.0 
62924.7  63001.0 
62924.7  63002.0 
62924.7  63003.0 
62924.7  63004.0 
62924.7  63005.0 
62924.7  63006.0 
62924.7  63007.0 
62924.7  63008.0 
62924.7  63009.0 
62924.7  63010.0 
62924.7  63011.0 
62924.7  63012.0 
62924.7  63013.0 
62924.7  63014.0 
62924.7  63015.0 
62924.7  63016.0 
62924.7  63017.0 
62924.7  63018.0 
62925.1  62413.0 
62925.1  61899.0 
62925.1  62414.0 
62925.1  62415.0 
62925.1  61902.0 
62925.1  62416.0 
62925.1  61900.0 
62925.1  62417.0 
62925.1  61903.0 
62925.1  61905.0 
62925.1  63019.0 
62925.1  61908.0 
62925.1  62393.3 
62926.0  61784.0 
62927.1  63020.1 
62928.1  63021.1 
62929.1  63022.1 
62930.1  63023.0 
62930.1  61899.0 
62930.1  61902.0 
62930.1  62393.3 
62932.0  61790.0 
62933.1  63024.0 
62935.1  63025.0 
62937.1  63026.0 
62938.1  62926.0 
62938.1  61879.0 
62938.1  61892.0 
62938.1  61883.0 
62938.1  61882.0 
62938.1  61888.0 
62938.1  61893.0 
62938.1  61894.0 
62938.1  61984.0 
62938.1  61985.0 
62938.1  61986.0 
62938.1  63028.1 
62938.1  63029.1 
62938.1  61979.0 
62938.1  61991.0 
62938.1  63030.1 
62940.1  63031.1 
62944.1  62932.0 
62944.1  61919.0 
62944.1  61922.0 
62944.1  61928.0 
62944.1  61934.0 
62944.1  63033.1 
62945.1  62932.0 
62945.1  61919.0 
62945.1  61922.0 
62945.1  61928.0 
62945.1  61934.0 
62945.1  63035.1 
62946.1  62932.0 
62946.1  61919.0 
62946.1  61922.0 
62946.1  61928.0 
62946.1  61934.0 
62946.1  63037.1 
62978.1  61784.0 
62978.1  60825.0 
62978.1  60838.0 
62978.1  60829.0 
62978.1  60828.0 
62978.1  60834.0 
62978.1  60839.0 
62978.1  60840.0 
62978.1  60890.0 
62978.1  60891.0 
62978.1  60892.0 
62978.1  63039.1 
62978.1  63040.1 
62978.1  60885.0 
62978.1  60897.0 
62978.1  63041.1 
62980.1  63042.1 
62981.1  60836.1 
62985.1  62932.0 
62985.1  61919.0 
62985.1  61922.0 
62985.1  61928.0 
62985.1  61934.0 
62985.1  63044.1 
62986.1  62932.0 
62986.1  61919.0 
62986.1  61922.0 
62986.1  61928.0 
62986.1  61934.0 
62986.1  63046.1 
62987.1  62932.0 
62987.1  61919.0 
62987.1  61922.0 
62987.1  61928.0 
62987.1  61934.0 
62987.1  63048.1 
63020.1  62932.0 
63020.1  61899.0 
63020.1  61902.0 
63020.1  61908.0 
63020.1  61914.0 
63020.1  63050.1 
63021.1  63051.0 
63021.1  61899.0 
63021.1  61902.0 
63021.1  61908.0 
63021.1  63052.20 
63022.1  63051.0 
63022.1  61899.0 
63022.1  61902.0 
63022.1  61908.0 
63022.1  63053.20 
63023.0  61841.0 
63027.1  62413.0 
63027.1  61879.0 
63027.1  62414.0 
63027.1  62415.0 
63027.1  61882.0 
63027.1  62416.0 
63027.1  61880.0 
63027.1  62417.0 
63027.1  61883.0 
63027.1  61885.0 
63027.1  63054.0 
63027.1  61888.0 
63027.1  62408.3 
63028.1  63055.1 
63029.1  63056.1 
63030.1  63057.1 
63031.1  63023.0 
63031.1  61879.0 
63031.1  61882.0 
63031.1  62408.3 
63033.1  63058.0 
63035.1  63059.0 
63037.1  63060.0 
63038.1  61309.0 
63038.1  60825.0 
63038.1  61310.0 
63038.1  61311.0 
63038.1  60828.0 
63038.1  61312.0 
63038.1  60826.0 
63038.1  61313.0 
63038.1  60829.0 
63038.1  60831.0 
63038.1  63061.0 
63038.1  60834.0 
63038.1  61239.3 
63039.1  63062.1 
63040.1  63063.1 
63041.1  63064.1 
63042.1  61841.0 
63042.1  60825.0 
63042.1  60828.0 
63042.1  63065.3 
63044.1  63066.0 
63046.1  63067.0 
63048.1  63068.0 
63050.1  63069.0 
63051.0  61858.0 
63052.18  61859.18 
63052.19  62492.1 
63052.20  62476.1 
63052.21  62420.1 
63053.18  61860.18 
63053.19  62492.2 
63053.20  62476.2 
63053.21  62420.2 
63055.1  62932.0 
63055.1  61879.0 
63055.1  61882.0 
63055.1  61888.0 
63055.1  61894.0 
63055.1  63071.1 
63056.1  63051.0 
63056.1  61879.0 
63056.1  61882.0 
63056.1  61888.0 
63056.1  63052.19 
63057.1  63051.0 
63057.1  61879.0 
63057.1  61882.0 
63057.1  61888.0 
63057.1  63053.19 
63062.1  61790.0 
63062.1  60825.0 
63062.1  60828.0 
63062.1  60834.0 
63062.1  60840.0 
63062.1  63073.1 
63063.1  61858.0 
63063.1  60825.0 
63063.1  60828.0 
63063.1  60834.0 
63063.1  61859.18 
63064.1  61858.0 
63064.1  60825.0 
63064.1  60828.0 
63064.1  60834.0 
63064.1  61860.18 
63065.3  61239.3 
63071.1  63074.0 
63073.1  63075.0 
61916.0  61917.0 
61917.0  61930.0 
61936.0  61937.0 
61937.0  62365.0 
62365.0  62377.0 
62370.0  62387.0 
62372.0  62402.0 
62373.0  61930.0 
62374.0  62420.0 
62375.0  62420.0 
62376.0  62424.0 
62377.0  61930.0 
62384.0  61937.0 
62385.0  61937.0 
62386.0  62435.0 
62387.0  62437.0 
62402.0  62445.0 
62420.0  62455.0 
62424.0  61936.0 
62428.0  62365.0 
62429.0  62365.0 
62430.0  62365.0 
62431.0  62365.0 
62432.0  62365.0 
62435.0  61937.0 
62437.0  62464.0 
62441.0  62473.0 
62442.0  62476.0 
62443.0  62476.0 
62444.0  62478.0 
62445.0  62480.0 
62449.0  62489.0 
62450.0  62492.0 
62451.0  62492.0 
62452.0  62494.0 
62453.0  62496.0 
62454.0  62473.0 
62455.0  61930.0 
62462.0  62424.0 
62464.0  62473.0 
62470.0  62387.0 
62471.0  62387.0 
62472.0  62902.0 
62476.0  62905.0 
62478.0  62370.0 
62480.0  62489.0 
62486.0  62402.0 
62487.0  62402.0 
62488.0  62916.0 
62492.0  62919.0 
62494.0  62372.0 
62496.0  62925.0 
62501.0  62420.0 
62502.0  62931.0 
62503.0  62934.0 
62504.0  62936.0 
62897.0  62437.0 
62898.0  62437.0 
62899.0  62437.0 
62900.0  62437.0 
62901.0  62437.0 
62902.0  62387.0 
62903.0  62938.0 
62904.0  62489.0 
62905.0  62473.0 
62910.0  62478.0 
62911.0  62445.0 
62912.0  62445.0 
62913.0  62445.0 
62914.0  62445.0 
62915.0  62445.0 
62916.0  62402.0 
62917.0  62978.0 
62918.0  62981.0 
62919.0  62489.0 
62924.0  62494.0 
62925.0  62473.0 
62930.0  62496.0 
62931.0  62420.0 
62934.0  62420.0 
62936.0  62420.0 
62938.0  63027.0 
62943.0  62476.0 
62944.0  63032.0 
62945.0  63034.0 
62946.0  63036.0 
62978.0  63038.0 
62984.0  62492.0 
62985.0  63043.0 
62986.0  63045.0 
62987.0  63047.0 
63020.0  63049.0 
63021.0  62496.0 
63022.0  62496.0 
63024.0  62931.0 
63025.0  62934.0 
63026.0  62936.0 
63027.0  62489.0 
63031.0  62938.0 
63032.0  62476.0 
63034.0  62476.0 
63036.0  62476.0 
63038.0  62981.0 
63042.0  62978.0 
63043.0  62492.0 
63045.0  62492.0 
63047.0  62492.0 
63049.0  62496.0 
63055.0  63070.0 
63056.0  62938.0 
63057.0  62938.0 
63058.0  63032.0 
63059.0  63034.0 
63060.0  63036.0 
63062.0  63072.0 
63063.0  62978.0 
63064.0  62978.0 
63066.0  63043.0 
63067.0  63045.0 
63068.0  63047.0 
63069.0  63049.0 
63070.0  62938.0 
63072.0  62978.0 
63074.0  63070.0 
63075.0  63072.0 
61935.1  61936.10 
63076.1  61936.10 
