43896
43890
43921
43922
43891
43892
43893
43894
43914
43915
43916
43917
43918
43919
43920
43923
17334
17338
17339
17336
17335
17337
0
0
0
0
0
0
0
0
0
0
53625
53474
53479
53475
53477
53623
0
0
0
0
0
0
0
0
0
0
24829
0
0
0
0
0
0
0
0
0
0
0
0
0
0
0
55112
55012
55110
55015
55013
55014
0
0
0
0
0
0
0
0
0
0
17227
17269
17270
17330
17328
17326
17324
17229
17233
17302
17271
17272
17273
17287
17288
17300
7631
0
0
0
0
0
0
0
0
0
0
0
0
0
0
0
39272
39235
39271
39241
39240
39242
39261
0
0
0
0
0
0
0
0
0
22269
22426
22429
22431
22433
22270
22279
22268
22280
22428
22430
22432
22434
22423
0
0
26670
0
0
0
0
0
0
0
0
0
0
0
0
0
0
0
50670
50678
50680
50671
50676
50681
50682
50668
50677
50679
50667
50669
0
0
0
0
18002
18071
18072
18239
18130
18222
18221
18155
18140
18131
18226
18129
18128
18124
18123
18122
22896
21725
21770
21808
22837
22838
22889
22891
22898
21769
21771
21792
21794
21890
0
0
11797
11685
11687
11692
11720
11786
11792
11793
11795
11796
11684
11737
11683
11950
11951
11949
15867
0
0
0
0
0
0
0
0
0
0
0
0
0
0
0
9214
9218
9219
9216
9215
9217
0
0
0
0
0
0
0
0
0
0
15113
0
0
0
0
0
0
0
0
0
0
0
0
0
0
0
41829
41840
41841
41842
41844
41833
41838
41850
41851
41852
41830
41839
41843
41831
41832
0
45106
45099
45104
45105
45103
8
45102
45101
0
0
0
0
0
0
0
0
25240
0
0
0
0
0
0
0
0
0
0
0
0
0
0
0
30750
30547
30751
30752
30733
30830
30829
30827
30826
30825
30824
30823
30822
30821
30805
30831
24946
0
0
0
0
0
0
0
0
0
0
0
0
0
0
0
39760
39764
39765
39762
39761
39763
0
0
0
0
0
0
0
0
0
0
34826
32719
32722
32751
32754
32755
32766
34825
0
0
0
0
0
0
0
0
49871
49873
49907
50009
50008
49872
49906
50007
0
0
0
0
0
0
0
0
24181
0
0
0
0
0
0
0
0
0
0
0
0
0
0
0
31390
30892
31613
31614
31615
30891
31270
31259
31260
31261
31262
31263
31264
31265
31266
31267
26670
26669
24486
26376
26388
26381
26582
26590
26588
26658
26594
26666
26654
26580
26596
26380
17352
17289
17351
17297
17307
17347
0
0
0
0
0
0
0
0
0
0
29384
29381
27834
29515
29514
29513
0
0
0
0
0
0
0
0
0
0
29463
29385
28023
29386
29464
29465
29466
29468
29469
29470
29482
29483
28024
0
0
0
31476
31483
31481
31479
31480
31482
31484
31485
31486
31487
31488
31489
31475
31506
31507
31491
52430
52311
52310
52364
52452
52434
52433
52432
52431
52404
52366
52365
52363
52360
52359
52358
6540
6544
6545
6542
6541
6543
0
0
0
0
0
0
0
0
0
0
41468
41464
41463
41465
41466
41505
41506
41469
41508
41513
41514
41515
41507
41509
41510
41511
21394
21398
21399
21396
21395
21397
0
0
0
0
0
0
0
0
0
0
23644
0
0
0
0
0
0
0
0
0
0
0
0
0
0
0
13679
13597
13678
13670
13677
13608
13620
13671
0
0
0
0
0
0
0
0
21878
0
0
0
0
0
0
0
0
0
0
0
0
0
0
0
29817
29893
29918
29917
29916
29915
29914
29905
29903
29901
29899
29897
29895
29919
29891
29889
29856
29838
29855
29841
29839
29840
0
0
0
0
0
0
0
0
0
0
9629
9630
9631
9632
9717
9718
9719
9720
0
0
0
0
0
0
0
0
12480
12481
12475
12476
12479
12536
12477
12523
0
0
0
0
0
0
0
0
21077
21078
21080
21079
21224
21211
21212
21213
21214
21215
21216
21217
21218
21219
21220
21221
7993
7992
7977
7978
7979
7987
7988
7991
7994
0
0
0
0
0
0
0
8358
8414
8412
8405
8399
8397
8390
8416
8415
8406
8395
8394
8393
8392
8391
8388
19412
19411
19475
19540
19473
19470
19468
19461
19456
19441
19438
19416
19418
19421
19428
19410
44616
44615
44598
44599
44600
44620
44654
44668
0
0
0
0
0
0
0
0
30757
30758
30759
30760
30761
30762
30763
0
0
0
0
0
0
0
0
0
50319
50320
50321
50344
50345
50347
50349
50353
50354
50346
50348
50350
50351
50352
0
0
40848
40822
40847
40826
40842
40845
0
0
0
0
0
0
0
0
0
0
24702
0
0
0
0
0
0
0
0
0
0
0
0
0
0
0
39681
39680
39643
39641
39626
39642
39635
39634
39633
39628
39694
39640
39648
39644
0
0
20373
0
0
0
0
0
0
0
0
0
0
0
0
0
0
0
14523
0
0
0
0
0
0
0
0
0
0
0
0
0
0
0
21848
21852
21853
21850
21849
21851
0
0
0
0
0
0
0
0
0
0
14593
0
0
0
0
0
0
0
0
0
0
0
0
0
0
0
32721
32845
32830
32832
32834
32836
32838
32840
32842
32843
32827
32847
32849
32851
32853
32855
30256
30268
31579
31720
31719
31586
31585
31584
31583
31582
31580
31577
30260
30258
30259
30257
31527
31529
31531
31533
31530
31532
31534
31526
31528
0
0
0
0
0
0
0
17682
17673
17769
17770
17710
17842
17832
17833
17834
17835
17836
17837
17838
17839
17840
17841
24938
0
0
0
0
0
0
0
0
0
0
0
0
0
0
0
22610
0
0
0
0
0
0
0
0
0
0
0
0
0
0
0
27617
27643
27641
27639
27637
27635
27647
27649
27651
27653
27791
27807
27809
27816
27818
27654
24623
0
0
0
0
0
0
0
0
0
0
0
0
0
0
0
14247
0
0
0
0
0
0
0
0
0
0
0
0
0
0
0
15042
0
0
0
0
0
0
0
0
0
0
0
0
0
0
0
24166
0
0
0
0
0
0
0
0
0
0
0
0
0
0
0
8005
8015
8016
7999
8006
8162
8164
8165
8166
8167
8168
8169
8170
0
0
0
18668
18671
18712
18670
18669
18711
0
0
0
0
0
0
0
0
0
0
6880
6881
6882
6883
6920
6921
6922
6923
0
0
0
0
0
0
0
0
35875
35879
35880
35877
35876
35878
0
0
0
0
0
0
0
0
0
0
19574
19078
19065
19081
19064
19073
19066
19077
19103
19479
19480
19483
19074
19490
0
0
23791
0
0
0
0
0
0
0
0
0
0
0
0
0
0
0
55030
55034
55035
55032
55031
55033
0
0
0
0
0
0
0
0
0
0
25154
0
0
0
0
0
0
0
0
0
0
0
0
0
0
0
10152
10073
10156
10157
10137
10149
10142
10114
10103
10102
10101
10096
10089
10088
10087
10151
49959
49950
49951
49952
49953
49954
49955
49956
49957
49958
0
0
0
0
0
0
31473
31422
31474
31616
31617
31575
31590
31589
31588
31587
31581
31576
31392
31574
31573
31572
39785
39583
39784
39637
39636
39627
39624
39701
39702
39709
0
0
0
0
0
0
42187
42191
42192
42189
42188
42190
0
0
0
0
0
0
0
0
0
0
47029
46972
46549
46970
46939
46996
46682
46994
46990
46986
46980
46974
46965
46962
46960
46958
36248
36252
36253
36250
36249
36251
0
0
0
0
0
0
0
0
0
0
38191
38195
38196
38193
38192
38194
0
0
0
0
0
0
0
0
0
0
37211
37215
37216
37213
37212
37214
0
0
0
0
0
0
0
0
0
0
25245
0
0
0
0
0
0
0
0
0
0
0
0
0
0
0
45443
45411
45442
45412
45420
45426
45437
45441
45447
45448
45449
45424
45423
45425
45440
0
42528
42532
42533
42530
42529
42531
0
0
0
0
0
0
0
0
0
0
46536
46798
46784
46827
46826
46797
46796
46795
46794
46793
46790
46828
46782
46779
46778
46767
28229
27891
28242
28243
27614
27663
27753
27874
29110
29112
0
0
0
0
0
0
20373
20375
20378
20372
20374
20376
20377
20888
20840
20794
20411
20701
20396
20385
20387
20382
21936
22023
22024
21935
21774
22475
22038
22039
22040
22041
22042
22043
22159
22467
22468
22469
6456
6457
6458
6468
6470
6472
6474
6479
6475
6476
6451
6450
6452
6453
6454
6455
22286
22326
22332
22308
22310
22312
22314
22285
22321
22325
22328
22330
22317
22337
22339
22341
6430
6420
6424
6421
6422
6423
6427
0
0
0
0
0
0
0
0
0
15071
0
0
0
0
0
0
0
0
0
0
0
0
0
0
0
20843
0
0
0
0
0
0
0
0
0
0
0
0
0
0
0
11802
11803
11804
11805
11806
11855
11839
11854
11853
11850
11849
11848
11847
11846
11845
11844
12484
12456
12485
12483
12493
12491
12494
12495
12496
12497
12499
12500
12513
12514
12515
12516
22439
22446
22466
22438
22445
22465
0
0
0
0
0
0
0
0
0
0
24169
0
0
0
0
0
0
0
0
0
0
0
0
0
0
0
38929
38839
38928
38890
38840
38861
0
0
0
0
0
0
0
0
0
0
43576
43482
43573
43483
43484
43510
43485
43502
0
0
0
0
0
0
0
0
10115
10134
10135
9945
10243
10270
10244
10245
10246
10247
10248
10249
10250
10251
10252
10253
51660
51657
51659
51658
51665
51670
51663
51662
51664
51671
0
0
0
0
0
0
53516
53490
53515
53499
53613
53498
53500
53508
53600
53615
0
0
0
0
0
0
20891
0
0
0
0
0
0
0
0
0
0
0
0
0
0
0
42163
42171
42175
42177
42178
42180
42186
42193
42164
42170
42174
42176
0
0
0
0
25496
0
0
0
0
0
0
0
0
0
0
0
0
0
0
0
29368
29377
29369
29394
29390
29362
29376
29393
29375
29373
29380
29396
29404
29407
29391
29363
22881
0
0
0
0
0
0
0
0
0
0
0
0
0
0
0
14450
0
0
0
0
0
0
0
0
0
0
0
0
0
0
0
18208
18207
0
0
0
0
0
0
0
0
0
0
0
0
0
0
27941
27662
27659
27705
27739
27744
27748
27660
0
0
0
0
0
0
0
0
44684
44688
44689
44686
44685
44687
0
0
0
0
0
0
0
0
0
0
44563
44559
44558
44560
44561
44591
44609
44611
44564
44630
44651
44652
44653
44612
44625
44626
24175
0
0
0
0
0
0
0
0
0
0
0
0
0
0
0
48363
47417
48431
47411
48195
48178
48194
48193
48192
48191
48190
48189
48188
48187
48186
48185
29015
28248
29016
29017
28241
28405
28323
28317
28310
28302
28280
28271
28253
28249
28135
28409
27655
27819
29050
27947
27658
28236
28234
29049
27945
27656
29051
28235
27946
27657
27840
27839
23586
23601
23599
23594
23592
23590
23589
23588
23587
23591
23593
23600
23595
0
0
0
18157
18168
18179
18176
18171
18166
18163
18164
18169
18161
18172
18160
18177
18165
18162
18167
27885
27875
27880
27661
27888
29052
27878
29053
0
0
0
0
0
0
0
0
32064
32066
32067
32068
32059
32065
32058
32060
32061
32062
32063
0
0
0
0
0
19727
19154
19155
19156
19157
19162
19280
19532
19539
0
0
0
0
0
0
0
48473
48472
48587
47397
48470
48585
48471
48586
47398
48469
48584
48583
48468
48467
48582
0
54038
53932
53964
54040
54008
54021
54022
54023
54025
54044
0
0
0
0
0
0
7673
7677
7722
7732
7731
7730
7729
7728
7727
7726
7725
7724
7723
7735
7721
7720
35871
35842
35815
35844
35814
35841
35865
35849
35848
35847
35846
35843
35867
35866
35864
35863
10743
10747
10748
10745
10744
10746
0
0
0
0
0
0
0
0
0
0
46801
46803
46804
46805
46802
46806
0
0
0
0
0
0
0
0
0
0
9590
9594
9595
9592
9677
9678
9591
9593
9680
9679
9682
9681
9635
9763
9752
9753
24491
0
0
0
0
0
0
0
0
0
0
0
0
0
0
0
17687
17686
17672
17773
17774
17759
17760
0
0
0
0
0
0
0
0
0
14836
0
0
0
0
0
0
0
0
0
0
0
0
0
0
0
29454
29273
29453
29339
29320
29338
29337
29336
29335
29334
29333
29332
29331
29330
29329
29328
10067
9968
9973
9969
9971
10065
0
0
0
0
0
0
0
0
0
0
24178
0
0
0
0
0
0
0
0
0
0
0
0
0
0
0
30541
30264
30542
30543
30434
30448
30447
30446
30445
30444
30443
30442
30439
30438
30437
30436
53568
53547
53481
53495
53480
53523
53572
53571
53570
53555
53545
53526
53525
53524
53522
53521
10331
10352
10338
10339
10344
10347
10350
10336
10334
10351
10385
10373
10384
10383
10382
10381
23732
0
0
0
0
0
0
0
0
0
0
0
0
0
0
0
16426
15843
15844
15847
15867
15845
15846
15869
16169
16340
16391
16375
15981
15914
16135
15890
6102
6101
6114
6103
6104
6098
6099
6113
6100
6241
6231
6240
6239
6238
6237
6236
53970
53974
53975
53972
53971
53973
0
0
0
0
0
0
0
0
0
0
19637
19058
19061
19059
19060
19146
0
0
0
0
0
0
0
0
0
0
8733
8737
8738
8735
8734
8736
0
0
0
0
0
0
0
0
0
0
5627
5624
5623
7
5625
5582
9
3
5580
5579
343
346
335
353
372
373
25656
0
0
0
0
0
0
0
0
0
0
0
0
0
0
0
23549
0
0
0
0
0
0
0
0
0
0
0
0
0
0
0
54685
54689
54690
54687
54686
54688
0
0
0
0
0
0
0
0
0
0
6418
6414
6419
6417
6416
6415
0
0
0
0
0
0
0
0
0
0
52351
52355
52356
52353
52352
52354
0
0
0
0
0
0
0
0
0
0
51344
51348
51349
51346
51345
51347
0
0
0
0
0
0
0
0
0
0
32391
32441
32466
32465
32464
32463
32462
32453
32451
32449
32447
32445
32443
32488
32439
32437
49986
49826
49877
49879
49948
49949
0
0
0
0
0
0
0
0
0
0
20411
0
0
0
0
0
0
0
0
0
0
0
0
0
0
0
45096
45020
45094
45021
45022
45088
45090
0
0
0
0
0
0
0
0
0
35857
35812
35856
35816
35823
35850
0
0
0
0
0
0
0
0
0
0
8899
8900
8901
8902
8903
8941
8952
8949
8948
8947
8946
8945
8944
8943
8942
8955
28274
27611
28848
28273
27615
29452
28331
28330
28042
28593
28595
28594
28596
29230
29220
29221
47399
47402
48606
47401
47400
48590
0
0
0
0
0
0
0
0
0
0
23545
0
0
0
0
0
0
0
0
0
0
0
0
0
0
0
53145
53144
53128
53142
53143
53139
53129
53138
53140
53141
53146
0
0
0
0
0
17685
17684
17667
17668
17771
17772
17674
17755
17756
17761
17762
0
0
0
0
0
24626
0
0
0
0
0
0
0
0
0
0
0
0
0
0
0
43895
43912
43910
43905
43913
43911
43909
43908
43907
43906
43904
43903
43902
43901
43900
43899
47927
47928
47929
47930
47931
47932
47933
0
0
0
0
0
0
0
0
0
12929
12857
12928
12880
12879
12881
12898
12901
0
0
0
0
0
0
0
0
9624
9711
9712
9625
9626
9628
9713
9714
0
0
0
0
0
0
0
0
24917
0
0
0
0
0
0
0
0
0
0
0
0
0
0
0
10741
10662
10740
10707
10710
10729
0
0
0
0
0
0
0
0
0
0
14018
0
0
0
0
0
0
0
0
0
0
0
0
0
0
0
8885
8895
8896
8884
9042
9044
9045
9046
9047
9048
9049
9050
8898
8897
0
0
20797
0
0
0
0
0
0
0
0
0
0
0
0
0
0
0
24620
0
0
0
0
0
0
0
0
0
0
0
0
0
0
0
55100
55010
55099
55037
55105
55038
55039
55111
0
0
0
0
0
0
0
0
24693
0
0
0
0
0
0
0
0
0
0
0
0
0
0
0
32746
32494
32631
32664
32632
32634
32635
32637
32638
32640
32641
32643
32644
32646
32647
32649
54704
54699
54698
54700
54701
54705
0
0
0
0
0
0
0
0
0
0
15264
0
0
0
0
0
0
0
0
0
0
0
0
0
0
0
26982
26986
26987
26984
26983
26985
0
0
0
0
0
0
0
0
0
0
15004
0
0
0
0
0
0
0
0
0
0
0
0
0
0
0
52766
52768
52779
52793
52794
52815
52816
52817
52818
52765
52788
52764
52767
52795
0
0
6533
6459
6532
6460
6502
6549
6868
6871
6870
6873
6866
6872
6461
6660
6644
6645
46891
46837
46679
46848
46678
46764
46831
46833
46765
46834
46832
46883
46882
46881
46880
46879
10330
10028
10332
10333
9938
10029
10309
9937
9939
10054
10056
10060
10061
10062
10055
10057
27833
28265
28264
28246
28318
28316
28315
28556
28549
28547
28270
28269
28268
28267
28266
28263
48634
48366
48579
48577
48557
48433
48474
0
0
0
0
0
0
0
0
0
13688
13692
13693
13690
13689
13691
0
0
0
0
0
0
0
0
0
0
29020
29244
29047
29043
29037
29035
29039
29031
29029
29028
29041
29045
29032
29044
29040
29046
21878
21846
21830
21834
21847
21838
21835
21840
21857
21812
21837
21821
21839
21836
21833
21813
46202
45835
46144
45837
46135
46137
46139
46141
46143
0
0
0
0
0
0
0
19450
19054
19449
19448
19071
19224
19317
19318
19319
19070
19158
19072
19104
0
0
0
15866
0
0
0
0
0
0
0
0
0
0
0
0
0
0
0
20701
0
0
0
0
0
0
0
0
0
0
0
0
0
0
0
28973
27956
28976
28977
27948
28427
27640
28341
28345
28349
28763
28753
28445
28441
28436
28354
44671
44596
44670
44597
44614
44663
44662
44669
0
0
0
0
0
0
0
0
40434
40343
40433
40352
40351
40353
40367
0
0
0
0
0
0
0
0
0
49829
49833
49834
49831
49830
49832
0
0
0
0
0
0
0
0
0
0
8728
8730
8868
8822
8825
8826
8829
8839
8840
8862
8863
8817
8871
8874
8875
8876
26379
0
0
0
0
0
0
0
0
0
0
0
0
0
0
0
19222
19220
19476
19223
19562
19550
19477
19444
19409
19327
19326
19325
19324
19322
19285
19284
6879
6918
6919
6886
7030
7056
7055
7054
7053
7052
7051
7050
7049
7048
7046
7041
32720
32774
32798
32796
32794
32792
32790
32788
32786
32784
32782
32780
32778
32776
32772
32795
7267
7180
7266
7223
7269
7226
7225
7222
7220
7219
7217
7250
7260
7270
7206
7268
9596
9683
9684
9597
9598
9685
9686
0
0
0
0
0
0
0
0
0
8367
8366
8347
8365
8361
8348
8362
8363
8364
8370
0
0
0
0
0
0
14672
0
0
0
0
0
0
0
0
0
0
0
0
0
0
0
25192
0
0
0
0
0
0
0
0
0
0
0
0
0
0
0
5627
0
0
0
0
0
0
0
0
0
0
0
0
0
0
0
25649
0
0
0
0
0
0
0
0
0
0
0
0
0
0
0
45954
45754
45953
45790
45892
46022
46023
45789
45791
45794
45872
0
0
0
0
0
25429
0
0
0
0
0
0
0
0
0
0
0
0
0
0
0
32749
32954
33021
33406
33400
33401
33402
33403
33404
33405
33399
33407
33408
33409
33410
33411
7974
7976
8018
8019
8022
7985
8003
8011
8012
8025
8027
7975
7995
8008
8017
8021
24172
0
0
0
0
0
0
0
0
0
0
0
0
0
0
0
