17625.1  17627.0 
17625.1  17628.0 
17625.1  17629.0 
17625.1  17630.0 
17625.1  17631.0 
17625.1  17632.0 
17625.1  17633.0 
17625.1  17634.0 
17625.1  17635.0 
17625.1  17636.0 
17625.1  17637.0 
17625.1  17638.0 
17625.1  17639.0 
17625.1  17640.0 
17625.1  17641.0 
17625.1  17642.0 
17625.1  17643.0 
17625.1  17644.0 
17625.1  17645.0 
17625.1  17646.0 
17625.1  17647.0 
17625.1  17648.0 
17625.1  17649.0 
17625.1  17650.0 
17625.1  17651.0 
17625.1  17652.0 
17625.1  17653.0 
17625.1  17654.0 
17625.1  17655.0 
17625.1  17656.0 
17625.1  17657.0 
17625.1  17658.0 
17625.1  17659.0 
17625.1  17660.0 
17625.1  17661.0 
17625.1  17662.0 
17625.1  17663.0 
17625.1  17664.0 
17625.1  17665.0 
17625.1  17666.0 
17625.1  17667.0 
17625.1  17668.0 
17625.1  17669.0 
17625.1  17670.0 
17625.1  17671.0 
17625.1  17672.0 
17625.1  17673.0 
17625.1  17674.0 
17625.1  17675.0 
17625.1  17676.0 
17625.1  17677.0 
17625.1  17678.0 
17625.1  17679.0 
17625.1  17680.0 
17625.1  17681.0 
17625.1  17682.0 
17625.1  17683.0 
17625.1  17684.0 
17625.1  17685.0 
17625.1  17686.0 
17625.1  17687.0 
17625.1  17688.0 
17625.1  17689.0 
17625.1  17690.0 
17625.1  17691.0 
17625.1  17692.0 
17625.1  17693.0 
17625.1  17694.0 
17625.1  17695.0 
17625.1  17696.0 
17625.1  17697.0 
17625.1  17698.0 
17625.1  17699.0 
17625.1  17700.0 
17625.1  17701.0 
17625.1  17702.0 
17625.1  17703.0 
17625.1  17704.0 
17625.1  17705.0 
17625.1  17706.0 
17625.1  17707.0 
17625.1  17708.0 
17625.1  17709.0 
17625.1  17710.0 
17625.1  17711.0 
17625.1  17712.0 
17625.1  17713.0 
17625.1  17714.0 
17625.1  17715.0 
17625.1  17716.0 
17625.1  17717.0 
17625.1  17718.0 
17625.1  17719.0 
17625.1  17720.0 
17625.1  17721.0 
17625.1  17722.0 
17625.1  17723.0 
17625.1  17724.0 
17625.1  17725.0 
17625.1  17726.0 
17625.1  17727.0 
17625.1  17728.0 
17625.1  17729.0 
17625.1  17730.0 
17625.1  17731.0 
17625.1  17732.0 
17625.1  17733.0 
17625.1  17734.0 
17625.1  17735.0 
17625.1  17736.0 
17625.1  17737.0 
17625.1  17738.0 
17625.1  17739.0 
17625.1  17740.0 
17625.1  17741.0 
17625.1  17742.0 
17625.1  17743.0 
17625.1  17744.0 
17625.1  17745.0 
17625.1  17746.0 
17625.1  17747.0 
17625.1  17748.0 
17625.1  17749.0 
17625.1  17750.0 
17625.1  17751.0 
17625.1  17752.0 
17625.1  17753.0 
17625.1  17754.0 
17625.1  17755.0 
17625.1  17756.0 
17625.1  17757.0 
17625.1  17758.0 
17625.1  17759.0 
17625.1  17760.0 
17625.1  17761.0 
17625.1  17762.0 
17625.1  17763.0 
17625.1  17764.0 
17625.1  17765.0 
17625.1  17766.0 
17625.1  17767.0 
17625.1  17768.0 
17625.1  17769.0 
17625.1  17770.0 
17625.1  17771.0 
17625.1  17772.0 
17625.1  17773.0 
17625.1  17774.0 
17625.1  17775.0 
17625.1  17776.0 
17625.1  17777.0 
17625.1  17778.0 
17625.1  17779.0 
17625.1  17780.0 
17625.1  17781.0 
17625.1  17782.0 
17625.1  17783.0 
17625.1  17784.0 
17625.1  17785.0 
17625.1  17786.0 
17625.1  17787.0 
17625.1  17788.0 
17625.1  17789.0 
17625.1  17790.0 
17625.1  17791.0 
17625.1  17792.0 
17625.1  17793.0 
17625.1  17794.0 
17625.1  17795.0 
17625.1  17796.1 
17625.1  17797.0 
17625.1  17798.0 
17625.1  17799.0 
17625.1  17800.0 
17625.1  17801.0 
17625.1  17802.0 
17625.2  17803.0 
17625.2  17804.0 
17625.2  17805.0 
17625.2  17806.0 
17625.2  17807.0 
17625.2  17808.0 
17625.2  17809.0 
17625.2  17810.0 
17625.2  17811.0 
17625.2  17812.0 
17625.2  17813.0 
17625.2  17814.0 
17625.2  17815.0 
17625.2  17816.0 
17625.2  17817.0 
17625.2  17818.0 
17625.2  17819.0 
17625.2  17820.0 
17625.2  17821.0 
17625.2  17822.0 
17625.2  17823.0 
17625.2  17824.0 
17625.2  17825.0 
17625.2  17826.0 
17625.2  17827.0 
17625.2  17828.0 
17625.2  17829.0 
17625.2  17830.0 
17625.2  17831.0 
17625.2  17832.0 
17625.2  17833.0 
17625.2  17834.0 
17625.2  17835.0 
17625.2  17836.0 
17625.2  17837.0 
17625.2  17838.0 
17625.2  17839.0 
17625.2  17840.0 
17625.2  17841.0 
17625.2  17842.0 
17625.2  17843.0 
17625.2  17844.0 
17625.2  17845.0 
17625.2  17846.0 
17625.2  17847.0 
17625.2  17848.0 
17625.2  17849.0 
17625.2  17850.0 
17625.2  17851.0 
17625.2  17852.0 
17625.2  17853.0 
17625.2  17854.0 
17625.2  17855.0 
17625.2  17856.0 
17625.2  17857.0 
17625.2  17858.0 
17625.2  17859.0 
17625.2  17860.0 
17625.2  17861.0 
17625.2  17862.0 
17625.2  17863.0 
17625.2  17864.0 
17625.2  17865.0 
17625.2  17866.0 
17625.2  17867.0 
17625.2  17868.0 
17625.2  17869.0 
17625.2  17870.0 
17625.2  17871.0 
17625.2  17872.0 
17625.2  17873.0 
17625.2  17874.0 
17625.2  17875.0 
17625.2  17876.0 
17625.2  17877.0 
17625.2  17878.0 
17625.2  17879.0 
17625.2  17880.0 
17625.2  17881.0 
17625.2  17882.0 
17625.2  17883.0 
17625.2  17884.0 
17625.2  17885.0 
17625.2  17886.0 
17625.2  17887.0 
17625.2  17888.0 
17625.2  17889.0 
17625.2  17890.0 
17625.2  17891.0 
17625.2  17892.0 
17625.2  17893.0 
17625.2  17894.0 
17625.2  17895.0 
17625.2  17896.0 
17625.2  17897.0 
17625.2  17898.0 
17625.2  17899.0 
17625.2  17900.0 
17625.2  17901.0 
17625.2  17902.0 
17625.2  17903.0 
17625.2  17904.0 
17625.2  17905.0 
17625.2  17906.0 
17625.2  17907.0 
17625.2  17908.0 
17625.2  17909.0 
17625.2  17910.0 
17625.2  17911.0 
17625.2  17912.0 
17625.2  17913.0 
17625.2  17914.0 
17625.2  17915.0 
17625.2  17916.0 
17625.2  17917.0 
17625.2  17918.0 
17625.2  17919.0 
17625.2  17920.0 
17625.2  17921.0 
17625.2  17922.0 
17625.2  17923.0 
17625.2  17924.0 
17625.2  17925.0 
17625.2  17926.0 
17625.2  17927.0 
17625.2  17928.0 
17625.2  17929.0 
17625.2  17930.0 
17625.2  17931.0 
17625.2  17932.0 
17625.2  17933.0 
17625.2  17934.0 
17625.2  17935.0 
17625.2  17936.0 
17625.2  17937.0 
17625.2  17938.0 
17625.2  17939.0 
17625.2  17940.0 
17625.2  17941.0 
17625.2  17942.0 
17625.2  17943.0 
17625.2  17944.0 
17625.2  17945.0 
17625.2  17946.0 
17625.2  17947.0 
17625.2  17948.0 
17625.2  17949.0 
17625.2  17950.0 
17625.2  17951.0 
17625.2  17952.0 
17625.2  17953.0 
17625.2  17954.0 
17625.2  17955.0 
17625.2  17956.0 
17625.2  17957.0 
17625.2  17958.0 
17625.2  17959.0 
17625.2  17960.0 
17625.2  17961.0 
17625.2  17962.0 
17625.2  17963.1 
17625.2  17964.0 
17625.2  17965.0 
17625.2  17966.0 
17625.2  17967.0 
17625.2  17968.0 
17625.2  17969.0 
17625.2  17970.0 
17625.2  17971.0 
17625.2  17972.0 
17625.2  17973.0 
17625.2  17974.0 
17625.2  17975.0 
17625.2  17976.0 
17625.2  17977.0 
17625.2  17978.16 
17625.2  17979.16 
17625.2  17980.0 
17625.2  17981.0 
17625.2  17982.0 
17625.2  17983.0 
17625.2  17984.0 
17625.2  17985.0 
17625.2  17986.0 
17625.2  17987.0 
17625.2  17988.0 
17625.2  17989.0 
17625.2  17990.0 
17625.2  17991.0 
17625.2  17992.0 
17625.3  17993.0 
17625.3  17994.0 
17625.3  17995.0 
17625.3  17996.0 
17625.3  17997.0 
17625.3  17998.0 
17625.3  17999.0 
17625.3  18000.0 
17625.3  18001.2 
17625.3  18002.0 
17625.3  18003.0 
17625.3  18004.0 
17625.3  18005.0 
17625.3  18006.0 
17625.3  18007.0 
17625.4  18008.0 
17625.4  18009.0 
17625.4  18010.0 
17625.4  18011.0 
17625.4  321.1 
17625.5  18012.0 
17625.5  18013.0 
17625.5  18014.0 
17625.5  18015.0 
17625.5  18016.0 
17625.5  18017.1 
17625.5  18018.0 
17625.5  18019.32 
17625.5  18020.32 
17625.5  18021.0 
17625.5  18022.0 
17625.6  18023.0 
17625.6  18024.0 
17625.6  18025.0 
17625.6  18026.0 
17625.6  18027.0 
17625.6  18028.0 
17625.6  18029.0 
17625.6  18030.0 
17625.6  18031.0 
17625.6  18032.3 
17625.6  18033.0 
17625.6  18034.0 
17625.6  18035.0 
17625.6  18036.0 
17625.6  18037.0 
17625.6  18038.0 
17625.6  18039.0 
17625.6  18040.0 
17625.6  18041.16 
17625.6  18042.0 
17625.6  18043.0 
17625.7  18044.0 
17625.7  18045.0 
17625.7  18046.38 
17625.7  18047.0 
17625.7  18048.0 
17625.7  18049.1 
17625.7  18050.0 
17625.7  18051.0 
17625.7  18052.0 
17625.7  18053.0 
17625.7  18054.0 
17625.8  18055.0 
17625.8  18056.0 
17625.8  18057.0 
17625.8  18058.0 
17625.8  18059.0 
17625.9  18060.0 
17625.9  18061.0 
17625.9  18062.0 
17625.9  18001.5 
17625.10  18063.0 
17625.11  18064.0 
17626.1  18066.0 
17626.1  17631.0 
17626.1  18067.0 
17626.1  17636.0 
17626.1  17652.0 
17626.1  17672.0 
17626.1  17792.0 
17626.1  17677.0 
17626.1  18068.1 
17626.1  18069.1 
17626.1  18070.1 
17627.0  16689.0 
17628.0  16690.0 
17629.0  16691.0 
17630.0  16692.0 
17631.0  16693.0 
17632.0  16694.0 
17633.0  16695.0 
17634.0  16696.0 
17635.0  16697.0 
17636.0  16698.0 
17637.0  16699.0 
17638.0  16700.0 
17639.0  16701.0 
17640.0  16702.0 
17641.0  16703.0 
17642.0  16704.0 
17643.0  16705.0 
17644.0  16706.0 
17645.0  16707.0 
17646.0  16708.0 
17647.0  16709.0 
17648.0  16710.0 
17649.0  16711.0 
17650.0  16712.0 
17651.0  16713.0 
17652.0  16714.0 
17653.0  16715.0 
17654.0  16716.0 
17655.0  16717.0 
17656.0  16718.0 
17657.0  16719.0 
17658.0  16720.0 
17659.0  16721.0 
17660.0  16722.0 
17661.0  16723.0 
17662.0  16724.0 
17663.0  16725.0 
17664.0  16726.0 
17665.0  16727.0 
17666.0  16728.0 
17667.0  16729.0 
17668.0  16730.0 
17669.0  16731.0 
17670.0  16732.0 
17671.0  16733.0 
17672.0  16734.0 
17673.0  16735.0 
17674.0  16736.0 
17675.0  16737.0 
17676.0  16738.0 
17677.0  16739.0 
17678.0  16740.0 
17679.0  16741.0 
17680.0  16742.0 
17681.0  16743.0 
17682.0  16744.0 
17683.0  16745.0 
17684.0  16746.0 
17685.0  16747.0 
17686.0  16748.0 
17687.0  16749.0 
17688.0  16750.0 
17689.0  16751.0 
17690.0  16752.0 
17691.0  16753.0 
17692.0  16754.0 
17693.0  16755.0 
17694.0  16756.0 
17695.0  16757.0 
17696.0  16758.0 
17697.0  16759.0 
17698.0  16760.0 
17699.0  16761.0 
17700.0  16762.0 
17701.0  16763.0 
17702.0  16764.0 
17703.0  16765.0 
17704.0  16766.0 
17705.0  16767.0 
17706.0  16768.0 
17707.0  16769.0 
17708.0  16770.0 
17709.0  16771.0 
17710.0  16772.0 
17711.0  16773.0 
17712.0  16774.0 
17713.0  16775.0 
17714.0  16776.0 
17715.0  16777.0 
17716.0  16778.0 
17717.0  16779.0 
17718.0  16780.0 
17719.0  16781.0 
17720.0  16782.0 
17721.0  16783.0 
17722.0  16784.0 
17723.0  16785.0 
17724.0  16786.0 
17725.0  16787.0 
17726.0  16788.0 
17727.0  16789.0 
17728.0  16790.0 
17729.0  16791.0 
17730.0  16792.0 
17731.0  16793.0 
17732.0  16794.0 
17733.0  16795.0 
17734.0  16796.0 
17735.0  16797.0 
17736.0  16798.0 
17737.0  16799.0 
17738.0  16800.0 
17739.0  16801.0 
17740.0  16802.0 
17741.0  16803.0 
17742.0  16804.0 
17743.0  16805.0 
17744.0  16806.0 
17745.0  16807.0 
17746.0  16808.0 
17747.0  16809.0 
17748.0  16810.0 
17749.0  16811.0 
17750.0  16812.0 
17751.0  16813.0 
17752.0  16814.0 
17753.0  16815.0 
17754.0  16816.0 
17755.0  16817.0 
17756.0  16818.0 
17757.0  16819.0 
17758.0  16820.0 
17759.0  16821.0 
17760.0  16822.0 
17761.0  16823.0 
17762.0  16824.0 
17763.0  16825.0 
17764.0  16826.0 
17765.0  16827.0 
17766.0  16828.0 
17767.0  16829.0 
17768.0  16830.0 
17769.0  16831.0 
17770.0  16832.0 
17771.0  16833.0 
17772.0  16834.0 
17773.0  16835.0 
17774.0  16836.0 
17775.0  16837.0 
17776.0  16838.0 
17777.0  16839.0 
17778.0  16840.0 
17779.0  16841.0 
17780.0  16842.0 
17781.0  16843.0 
17782.0  16844.0 
17783.0  16845.0 
17784.0  16846.0 
17785.0  16847.0 
17786.0  16848.0 
17787.0  16849.0 
17788.0  16850.0 
17789.0  16851.0 
17790.0  16852.0 
17791.0  16853.0 
17792.0  16854.0 
17793.0  16855.0 
17794.0  16856.0 
17795.0  16857.0 
17796.1  18071.14 
17797.0  16859.0 
17798.0  16860.0 
17799.0  16861.0 
17800.0  16862.0 
17801.0  16863.0 
17802.0  16864.0 
17803.0  16865.0 
17804.0  16866.0 
17805.0  16867.0 
17806.0  16868.0 
17807.0  16869.0 
17808.0  16870.0 
17809.0  16871.0 
17810.0  16872.0 
17811.0  16873.0 
17812.0  16874.0 
17813.0  16875.0 
17814.0  16876.0 
17815.0  16877.0 
17816.0  16878.0 
17817.0  16879.0 
17818.0  16880.0 
17819.0  16881.0 
17820.0  16882.0 
17821.0  16883.0 
17822.0  16884.0 
17823.0  16885.0 
17824.0  16886.0 
17825.0  16887.0 
17826.0  16888.0 
17827.0  16889.0 
17828.0  16890.0 
17829.0  16891.0 
17830.0  16892.0 
17831.0  16893.0 
17832.0  16894.0 
17833.0  16895.0 
17834.0  16896.0 
17835.0  16897.0 
17836.0  16898.0 
17837.0  16899.0 
17838.0  16900.0 
17839.0  16901.0 
17840.0  16902.0 
17841.0  16903.0 
17842.0  16904.0 
17843.0  16905.0 
17844.0  16906.0 
17845.0  16907.0 
17846.0  16908.0 
17848.0  16910.0 
17849.0  16911.0 
17850.0  16912.0 
17851.0  16913.0 
17852.0  16914.0 
17853.0  16915.0 
17854.0  16916.0 
17855.0  16917.0 
17856.0  16918.0 
17857.0  16919.0 
17858.0  16920.0 
17859.0  16921.0 
17860.0  16922.0 
17861.0  16923.0 
17862.0  16924.0 
17863.0  16925.0 
17864.0  16926.0 
17865.0  16927.0 
17866.0  16928.0 
17867.0  16929.0 
17868.0  16930.0 
17869.0  16931.0 
17870.0  16932.0 
17871.0  16933.0 
17872.0  16934.0 
17873.0  16935.0 
17874.0  16936.0 
17875.0  16937.0 
17876.0  16938.0 
17877.0  16939.0 
17878.0  16940.0 
17879.0  16941.0 
17880.0  16942.0 
17881.0  16943.0 
17882.0  16944.0 
17883.0  16945.0 
17884.0  16946.0 
17885.0  16947.0 
17886.0  16948.0 
17887.0  16949.0 
17888.0  16950.0 
17889.0  16951.0 
17890.0  16952.0 
17891.0  16953.0 
17892.0  16954.0 
17893.0  16955.0 
17894.0  16956.0 
17895.0  16957.0 
17896.0  16958.0 
17897.0  16959.0 
17898.0  16960.0 
17899.0  16961.0 
17900.0  16962.0 
17901.0  16963.0 
17902.0  16964.0 
17903.0  16965.0 
17904.0  16966.0 
17905.0  16967.0 
17906.0  16968.0 
17907.0  16969.0 
17908.0  16970.0 
17909.0  16971.0 
17910.0  16972.0 
17911.0  16973.0 
17912.0  16974.0 
17913.0  16975.0 
17914.0  16976.0 
17915.0  16977.0 
17916.0  16978.0 
17917.0  16979.0 
17918.0  16980.0 
17919.0  16981.0 
17920.0  16982.0 
17921.0  16983.0 
17922.0  16984.0 
17923.0  16985.0 
17924.0  16986.0 
17925.0  16987.0 
17926.0  16988.0 
17927.0  16989.0 
17928.0  16990.0 
17929.0  16991.0 
17930.0  16992.0 
17931.0  16993.0 
17932.0  16994.0 
17933.0  16995.0 
17934.0  16996.0 
17935.0  16997.0 
17936.0  16998.0 
17937.0  16999.0 
17938.0  17000.0 
17939.0  17001.0 
17940.0  17002.0 
17941.0  17003.0 
17942.0  17004.0 
17943.0  17005.0 
17944.0  17006.0 
17945.0  17007.0 
17946.0  17008.0 
17947.0  17009.0 
17948.0  17010.0 
17949.0  17011.0 
17950.0  17012.0 
17951.0  17013.0 
17952.0  17014.0 
17953.0  17015.0 
17954.0  17016.0 
17955.0  17017.0 
17956.0  17018.0 
17957.0  17019.0 
17958.0  17020.0 
17959.0  17021.0 
17960.0  17022.0 
17961.0  17023.0 
17962.0  17024.0 
17963.1  18071.12 
17964.0  17026.0 
17965.0  17027.0 
17966.0  17028.0 
17967.0  17029.0 
17968.0  17030.0 
17969.0  17031.0 
17970.0  17032.0 
17971.0  17033.0 
17972.0  17034.0 
17973.0  17035.0 
17974.0  17036.0 
17975.0  17037.0 
17976.0  17038.0 
17977.0  17039.0 
17978.16  18071.13 
17978.16  17040.16 
17979.16  18071.13 
17979.16  17041.16 
17980.0  17042.0 
17981.0  17043.0 
17982.0  17044.0 
17983.0  17045.0 
17984.0  17046.0 
17985.0  17047.0 
17986.0  17048.0 
17987.0  17049.0 
17988.0  17050.0 
17989.0  17051.0 
17990.0  17052.0 
17991.0  17053.0 
17992.0  17054.0 
17993.0  17055.0 
17994.0  17056.0 
17995.0  17057.0 
17996.0  17058.0 
17997.0  17059.0 
17998.0  17060.0 
17999.0  17061.0 
18000.0  17062.0 
18001.1  17625.1 
18001.2  17625.2 
18001.3  17625.3 
18001.4  17625.4 
18001.5  17625.8 
18001.6  17625.9 
18001.7  17625.10 
18002.0  17064.0 
18003.0  17065.0 
18004.0  17066.0 
18005.0  17067.0 
18006.0  17068.0 
18007.0  17069.0 
18008.0  17070.0 
18009.0  17071.0 
18010.0  17072.0 
18011.0  17073.0 
18012.0  17074.0 
18013.0  17075.0 
18014.0  17076.0 
18015.0  17077.0 
18016.0  17078.0 
18017.1  18071.14 
18018.0  17080.0 
18019.32  18071.14 
18019.32  17081.32 
18019.33  17625.5 
18020.32  18071.14 
18020.32  17082.32 
18020.33  17625.7 
18021.0  17083.0 
18022.0  17084.0 
18023.0  17085.0 
18024.0  17086.0 
18025.0  17087.0 
18026.0  17088.0 
18027.0  17089.0 
18028.0  17090.0 
18029.0  17091.0 
18030.0  17092.0 
18031.0  17093.0 
18032.1  18072.1 
18032.2  18073.1 
18032.3  18074.1 
18033.0  17095.0 
18034.0  17096.0 
18035.0  17097.0 
18036.0  17098.0 
18037.0  17099.0 
18038.0  17100.0 
18039.0  17101.0 
18040.0  17102.0 
18041.16  17103.16 
18041.17  17625.6 
18042.0  17104.0 
18043.0  17105.0 
18044.0  17106.0 
18045.0  17107.0 
18046.37  18071.11 
18046.38  18071.13 
18046.38  17108.38 
18047.0  17109.0 
18049.1  18075.1 
18050.0  17112.0 
18051.0  17113.0 
18053.0  17115.0 
18054.0  17116.0 
18055.0  17117.0 
18056.0  17118.0 
18057.0  17119.0 
18058.0  17120.0 
18059.0  17121.0 
18060.0  17122.0 
18061.0  17123.0 
18062.0  17124.0 
18063.0  17148.0 
18064.0  17125.0 
18065.1  18077.0 
18065.1  17631.0 
18065.1  18067.0 
18065.1  17636.0 
18065.1  17652.0 
18065.1  17672.0 
18065.1  17792.0 
18065.1  17677.0 
18065.1  18078.1 
18065.1  18079.1 
18065.1  18080.1 
18065.1  18081.1 
18065.1  18082.1 
18066.0  17127.0 
18067.0  17128.0 
18068.1  18083.1 
18069.1  18084.1 
18070.1  18085.1 
18071.11  17148.0 
18071.12  17149.0 
18071.13  17108.37 
18071.14  18086.1 
18071.15  17063.8 
18071.15  16687.15 
18072.1  18088.0 
18072.1  17631.0 
18072.1  18089.0 
18072.1  18090.0 
18072.1  17652.0 
18072.1  18091.0 
18072.1  17834.0 
18072.1  18092.0 
18072.1  17636.0 
18072.1  17846.0 
18072.1  18093.0 
18072.1  17672.0 
18072.1  18094.2 
18073.1  18096.0 
18073.1  17631.0 
18073.1  18089.0 
18073.1  18090.0 
18073.1  17834.0 
18073.1  17652.0 
18073.1  18091.0 
18073.1  17636.0 
18073.1  18092.0 
18073.1  17846.0 
18073.1  18097.0 
18073.1  17672.0 
18073.1  18032.1 
18074.1  18098.0 
18074.1  17631.0 
18074.1  17652.0 
18074.1  18032.2 
18075.1  18100.0 
18075.1  17631.0 
18075.1  18101.0 
18075.1  17652.0 
18075.1  17672.0 
18075.1  17677.0 
18075.1  17671.0 
18075.1  18102.2 
18075.1  18102.3 
18075.1  18102.4 
18075.1  18102.5 
18075.1  18102.6 
18075.1  18102.7 
18076.1  18103.0 
18076.1  17631.0 
18076.1  17652.0 
18077.0  17138.0 
18078.1  18104.1 
18079.1  18105.1 
18080.1  18106.1 
18081.1  18107.1 
18082.1  18108.1 
18083.1  18109.0 
18083.1  17631.0 
18083.1  17652.0 
18083.1  17672.0 
18084.1  18110.0 
18084.1  17631.0 
18084.1  17652.0 
18084.1  17672.0 
18085.1  18112.0 
18085.1  17631.0 
18085.1  17652.0 
18086.1  18071.11 
18087.1  17631.0 
18087.1  18067.0 
18087.1  17636.0 
18087.1  17652.0 
18087.1  17672.0 
18087.1  17792.0 
18087.1  17677.0 
18088.0  17152.0 
18089.0  17153.0 
18090.0  17154.0 
18091.0  17155.0 
18092.0  17156.0 
18094.1  18113.1 
18094.2  18114.1 
18095.1  18116.0 
18095.1  17631.0 
18095.1  18067.0 
18095.1  17636.0 
18095.1  17652.0 
18095.1  17672.0 
18095.1  17792.0 
18095.1  17677.0 
18095.1  17678.0 
18095.1  17679.0 
18095.1  17680.0 
18095.1  18117.1 
18095.1  18118.1 
18095.2  18119.1 
18095.3  18120.1 
18096.0  17160.0 
18098.0  17162.0 
18099.1  18121.0 
18099.1  17631.0 
18099.1  18067.0 
18099.1  17636.0 
18099.1  17652.0 
18099.1  17672.0 
18099.1  17792.0 
18099.1  17677.0 
18100.0  17164.0 
18101.0  17165.0 
18102.1  18122.1 
18102.2  18122.2 
18102.3  18122.3 
18102.4  18122.4 
18102.5  18122.5 
18102.6  18122.6 
18102.7  18122.7 
18103.0  17167.0 
18104.1  18110.0 
18104.1  17631.0 
18104.1  17652.0 
18104.1  17672.0 
18105.1  18109.0 
18105.1  17631.0 
18105.1  17652.0 
18105.1  17672.0 
18106.1  18123.0 
18106.1  17631.0 
18106.1  17652.0 
18106.1  17672.0 
18107.1  18123.0 
18107.1  17631.0 
18107.1  17652.0 
18107.1  17672.0 
18108.1  18123.0 
18108.1  17631.0 
18108.1  17652.0 
18108.1  17672.0 
18109.0  17173.0 
18110.0  17174.0 
18112.0  17176.0 
18113.1  18088.0 
18113.1  17631.0 
18113.1  18089.0 
18113.1  18090.0 
18113.1  17652.0 
18113.1  18091.0 
18113.1  17834.0 
18113.1  18092.0 
18113.1  17636.0 
18113.1  17846.0 
18113.1  18125.0 
18113.1  17672.0 
18113.1  18126.1 
18114.1  18096.0 
18114.1  17631.0 
18114.1  18089.0 
18114.1  18090.0 
18114.1  17834.0 
18114.1  17652.0 
18114.1  18091.0 
18114.1  17636.0 
18114.1  18092.0 
18114.1  17846.0 
18114.1  18128.0 
18114.1  17672.0 
18114.1  18094.1 
18115.1  18096.0 
18115.1  17631.0 
18115.1  18089.0 
18115.1  18090.0 
18115.1  17834.0 
18115.1  17652.0 
18115.1  18091.0 
18115.1  17636.0 
18115.1  18092.0 
18115.1  17846.0 
18115.1  18129.0 
18115.1  17672.0 
18116.0  17180.0 
18117.1  18130.0 
18118.1  18131.1 
18119.1  18132.1 
18120.1  18133.1 
18121.0  17185.0 
18122.1  18134.0 
18122.1  17631.0 
18122.1  18135.0 
18122.1  17636.0 
18122.1  17652.0 
18122.1  18136.0 
18122.1  17672.0 
18122.1  18137.0 
18122.1  18138.0 
18122.1  17792.0 
18122.1  18139.0 
18122.1  18140.0 
18122.1  18141.0 
18122.1  17677.0 
18122.1  18142.0 
18122.1  18143.0 
18122.1  18144.0 
18122.1  18145.0 
18122.1  18146.0 
18122.1  18147.0 
18122.1  18148.0 
18122.1  18149.0 
18122.1  18150.0 
18122.1  18151.0 
18122.1  18152.0 
18122.1  18153.0 
18122.1  18154.0 
18122.1  18155.0 
18122.1  18156.0 
18122.1  18157.0 
18122.1  18158.0 
18122.1  18159.0 
18122.1  18160.0 
18122.1  18161.0 
18122.1  18162.0 
18122.1  18163.0 
18122.1  18164.0 
18122.1  18165.0 
18122.1  18166.0 
18122.1  18167.0 
18122.1  18168.0 
18122.1  18169.0 
18122.1  18170.0 
18122.1  18171.0 
18122.1  18172.0 
18122.1  18173.0 
18122.1  18174.0 
18122.1  18175.0 
18122.1  18176.0 
18122.1  18177.0 
18122.1  18178.0 
18122.1  18179.0 
18122.1  18180.0 
18122.1  18181.0 
18122.1  18182.0 
18122.1  18183.0 
18122.1  18184.0 
18122.1  18185.0 
18122.1  18186.0 
18122.1  18187.0 
18122.1  18188.0 
18122.1  18189.0 
18122.1  18190.0 
18122.1  18191.0 
18122.1  18192.0 
18122.1  18193.0 
18122.1  18194.0 
18122.1  18195.0 
18122.1  18196.0 
18122.1  18197.0 
18122.1  18198.0 
18122.1  18199.0 
18122.1  18200.0 
18122.1  18201.0 
18122.1  18202.0 
18122.1  18203.0 
18122.1  18204.0 
18122.1  18205.0 
18122.1  18206.0 
18122.1  18207.0 
18122.1  18208.0 
18122.1  18209.0 
18122.1  18210.0 
18122.1  18211.0 
18122.1  18212.0 
18122.1  18213.0 
18122.2  18214.0 
18122.2  18215.0 
18122.2  18216.0 
18122.2  18217.0 
18122.2  18218.0 
18122.2  18219.0 
18122.2  18220.0 
18122.2  18221.0 
18122.2  18222.0 
18122.2  18223.0 
18122.2  18224.0 
18122.2  18225.0 
18122.2  18226.0 
18122.2  18227.0 
18122.2  18228.0 
18122.2  18229.0 
18122.2  18230.0 
18122.2  18231.0 
18122.2  18232.0 
18122.2  18233.0 
18122.2  18234.0 
18122.2  18235.0 
18122.2  18236.0 
18122.2  18237.0 
18122.2  18238.0 
18122.2  18239.0 
18122.2  18240.0 
18122.2  18241.0 
18122.2  18242.0 
18122.2  18243.0 
18122.2  18244.0 
18122.2  18245.0 
18122.2  18246.0 
18122.2  18247.0 
18122.2  18248.0 
18122.2  18249.0 
18122.2  18250.0 
18122.2  18251.0 
18122.2  18252.0 
18122.2  18253.0 
18122.2  18254.0 
18122.2  18255.0 
18122.2  18256.0 
18122.2  18257.0 
18122.2  18258.0 
18122.2  18259.0 
18122.2  18260.0 
18122.2  18261.0 
18122.2  18262.0 
18122.2  18263.0 
18122.2  18264.0 
18122.2  18265.0 
18122.2  18266.0 
18122.2  18267.0 
18122.2  18268.0 
18122.2  18269.0 
18122.2  18270.0 
18122.2  18271.0 
18122.2  18272.0 
18122.2  18273.0 
18122.2  18274.0 
18122.2  18275.0 
18122.2  18276.0 
18122.2  18277.0 
18122.2  18278.0 
18122.2  18279.0 
18122.2  18280.0 
18122.2  18281.0 
18122.2  18282.0 
18122.2  18283.0 
18122.2  18284.0 
18122.2  18285.0 
18122.2  18286.0 
18122.2  18287.0 
18122.2  18288.0 
18122.2  18289.0 
18122.2  18290.0 
18122.2  18291.0 
18122.2  18292.0 
18122.2  18293.0 
18122.2  18294.0 
18122.2  18295.0 
18122.2  18296.0 
18122.2  18297.0 
18122.3  18298.0 
18122.3  18299.0 
18122.3  18300.0 
18122.3  18301.0 
18122.3  18302.0 
18122.3  18303.0 
18122.3  18304.0 
18122.3  18305.0 
18122.3  18306.0 
18122.3  18307.0 
18122.3  18308.0 
18122.3  18309.0 
18122.3  18310.0 
18122.3  18311.0 
18122.3  18312.0 
18122.3  18313.0 
18122.3  18314.0 
18122.3  18315.0 
18122.3  18316.0 
18122.3  18317.0 
18122.3  18318.0 
18122.3  18319.0 
18122.3  18320.0 
18122.3  18321.0 
18122.3  18322.0 
18122.3  18323.0 
18122.3  18324.0 
18122.3  18325.0 
18122.3  18326.0 
18122.3  18327.0 
18122.3  18328.0 
18122.3  18329.0 
18122.3  18330.0 
18122.3  18331.0 
18122.3  18332.0 
18122.3  18333.0 
18122.3  18334.0 
18122.3  18335.0 
18122.3  18336.0 
18122.3  18337.0 
18122.3  18338.0 
18122.3  18339.0 
18122.3  18340.0 
18122.3  18341.0 
18122.3  18342.0 
18122.3  18343.0 
18122.3  18344.0 
18122.3  18345.0 
18122.3  18346.0 
18122.3  18347.0 
18122.3  18348.0 
18122.3  18349.0 
18122.3  18350.0 
18122.3  18351.0 
18122.3  18352.0 
18122.3  18353.0 
18122.3  18354.0 
18122.3  18355.0 
18122.3  18356.0 
18122.3  18357.0 
18122.3  18358.0 
18122.3  18359.0 
18122.3  18360.0 
18122.3  18361.0 
18122.3  18362.0 
18122.3  18363.0 
18122.3  18364.0 
18122.3  18365.0 
18122.3  18366.0 
18122.3  18367.0 
18122.4  18368.0 
18122.4  18369.0 
18122.4  18370.0 
18122.4  18371.0 
18122.4  18372.0 
18122.4  18373.0 
18122.4  18374.0 
18122.4  18375.0 
18122.4  18376.0 
18122.4  18377.0 
18122.4  18378.0 
18122.4  18379.0 
18122.4  18380.0 
18122.4  18381.0 
18122.4  18382.0 
18122.4  18383.0 
18122.4  18384.0 
18122.4  18385.0 
18122.4  18386.0 
18122.4  18387.0 
18122.4  18388.0 
18122.4  18389.0 
18122.4  18390.0 
18122.4  18391.0 
18122.4  18392.0 
18122.4  18393.0 
18122.4  18394.0 
18122.4  18395.0 
18122.4  18396.0 
18122.4  18397.0 
18122.4  18398.0 
18122.4  18399.0 
18122.4  18400.0 
18122.4  18401.0 
18122.4  18402.0 
18122.4  18403.0 
18122.4  18404.0 
18122.4  18405.0 
18122.4  18406.0 
18122.5  18407.0 
18122.5  18408.0 
18122.5  18409.0 
18122.5  18410.0 
18122.5  18411.0 
18122.5  18412.0 
18122.5  18413.0 
18122.5  18414.0 
18122.5  18415.0 
18122.5  18416.0 
18122.5  18417.0 
18122.5  18418.0 
18122.5  18419.0 
18122.5  18420.0 
18122.5  18421.0 
18122.5  18422.0 
18122.5  18423.0 
18122.5  18424.0 
18122.5  18425.0 
18122.5  18426.0 
18122.5  18427.0 
18122.5  18428.0 
18122.5  18429.0 
18122.5  18430.0 
18122.5  18431.0 
18122.5  18432.0 
18122.5  18433.0 
18122.5  18434.0 
18122.5  18435.0 
18122.5  18436.0 
18122.5  18437.0 
18122.5  18438.0 
18122.5  18439.0 
18122.5  18440.0 
18122.5  18441.0 
18122.5  18442.0 
18122.5  18443.0 
18122.5  18444.0 
18122.5  18445.0 
18122.5  18446.0 
18122.5  18447.0 
18122.5  18448.0 
18122.5  18449.0 
18122.5  18450.0 
18122.5  18451.0 
18122.5  18452.0 
18122.5  18453.0 
18122.5  18454.0 
18122.6  18455.0 
18122.6  18456.0 
18122.6  18457.0 
18122.6  18458.0 
18122.6  18459.0 
18122.6  18460.0 
18122.6  18461.0 
18122.6  18462.0 
18122.6  18463.0 
18122.6  18464.0 
18122.6  18465.0 
18122.6  18466.0 
18122.6  18467.0 
18122.6  18468.0 
18122.6  18469.0 
18122.6  18470.0 
18122.6  18471.0 
18122.6  18472.0 
18122.6  18473.0 
18122.6  18474.0 
18122.6  18475.0 
18122.6  18476.0 
18122.6  18477.0 
18122.6  18478.0 
18122.6  18479.0 
18122.6  18480.0 
18122.6  18481.0 
18122.6  18482.0 
18122.6  18483.0 
18122.6  18484.0 
18122.7  18485.0 
18122.7  18486.0 
18122.7  18487.0 
18122.7  18488.0 
18122.7  18489.0 
18122.7  18490.0 
18122.7  18491.0 
18122.7  18492.0 
18122.7  18493.0 
18122.7  18494.0 
18122.7  18495.0 
18122.7  18496.0 
18122.7  18497.0 
18122.7  18498.0 
18122.7  18499.0 
18122.7  18500.0 
18122.7  18501.0 
18122.7  18502.0 
18122.7  18503.0 
18122.7  18504.0 
18122.7  18505.0 
18122.7  18506.0 
18122.7  18507.0 
18122.7  18508.0 
18122.7  18509.0 
18122.7  18510.0 
18122.7  18511.0 
18122.7  18512.0 
18122.7  18513.0 
18122.7  18514.0 
18122.7  18515.0 
18122.7  18516.0 
18122.7  18517.0 
18122.7  18518.0 
18122.7  18519.0 
18122.7  18520.0 
18122.7  18521.0 
18122.7  18522.0 
18122.7  18523.0 
18122.7  18524.0 
18122.7  18525.0 
18122.7  18526.0 
18122.7  18527.0 
18122.7  18528.0 
18122.7  18529.0 
18122.7  18530.0 
18122.7  18531.0 
18123.0  17187.0 
18124.1  18533.0 
18124.1  16693.0 
18124.1  17128.0 
18124.1  16698.0 
18124.1  16714.0 
18124.1  16734.0 
18124.1  16854.0 
18124.1  16739.0 
18124.1  16740.0 
18124.1  16741.0 
18124.1  16742.0 
18124.1  18534.1 
18124.1  18535.1 
18124.1  16733.0 
18124.1  16747.0 
18124.1  18536.1 
18126.1  18537.1 
18127.1  17151.1 
18131.1  18539.0 
18131.1  17631.0 
18131.1  17652.0 
18131.1  17672.0 
18131.1  17677.0 
18131.1  18540.1 
18132.1  18539.0 
18132.1  17631.0 
18132.1  17652.0 
18132.1  17672.0 
18132.1  17677.0 
18132.1  18542.1 
18133.1  18539.0 
18133.1  17631.0 
18133.1  17652.0 
18133.1  17672.0 
18133.1  17677.0 
18133.1  18544.1 
18134.0  17198.0 
18135.0  17199.0 
18136.0  17200.0 
18138.0  17202.0 
18139.0  17203.0 
18140.0  17204.0 
18141.0  17205.0 
18142.0  17206.0 
18143.0  17207.0 
18144.0  17208.0 
18145.0  17209.0 
18146.0  17210.0 
18147.0  17211.0 
18148.0  17212.0 
18149.0  17213.0 
18150.0  17214.0 
18151.0  17215.0 
18152.0  17216.0 
18153.0  17217.0 
18154.0  17218.0 
18155.0  17219.0 
18156.0  17220.0 
18157.0  17221.0 
18158.0  17222.0 
18159.0  17223.0 
18160.0  17224.0 
18161.0  17225.0 
18162.0  17226.0 
18163.0  17227.0 
18164.0  17228.0 
18165.0  17229.0 
18166.0  17230.0 
18167.0  17231.0 
18168.0  17232.0 
18169.0  17233.0 
18170.0  17234.0 
18171.0  17235.0 
18172.0  17236.0 
18173.0  17237.0 
18174.0  17238.0 
18175.0  17239.0 
18176.0  17240.0 
18177.0  17241.0 
18178.0  17242.0 
18179.0  17243.0 
18180.0  17244.0 
18181.0  17245.0 
18182.0  17246.0 
18183.0  17247.0 
18184.0  17248.0 
18185.0  17249.0 
18186.0  17250.0 
18187.0  17251.0 
18188.0  17252.0 
18189.0  17253.0 
18190.0  17254.0 
18191.0  17255.0 
18192.0  17256.0 
18193.0  17257.0 
18194.0  17258.0 
18195.0  17259.0 
18196.0  17260.0 
18197.0  17261.0 
18198.0  17262.0 
18199.0  17263.0 
18200.0  17264.0 
18201.0  17265.0 
18202.0  17266.0 
18203.0  17267.0 
18204.0  17268.0 
18205.0  17269.0 
18206.0  17270.0 
18207.0  17271.0 
18208.0  17272.0 
18209.0  17273.0 
18210.0  17274.0 
18211.0  17275.0 
18212.0  17276.0 
18213.0  17277.0 
18214.0  17278.0 
18215.0  17279.0 
18216.0  17280.0 
18217.0  17281.0 
18218.0  17282.0 
18219.0  17283.0 
18220.0  17284.0 
18221.0  17285.0 
18222.0  17286.0 
18223.0  17287.0 
18224.0  17288.0 
18225.0  17289.0 
18226.0  17290.0 
18227.0  17291.0 
18228.0  17292.0 
18229.0  17293.0 
18230.0  17294.0 
18231.0  17295.0 
18232.0  17296.0 
18233.0  17297.0 
18234.0  17298.0 
18235.0  17299.0 
18236.0  17300.0 
18237.0  17301.0 
18238.0  17302.0 
18239.0  17303.0 
18240.0  17304.0 
18241.0  17305.0 
18242.0  17306.0 
18243.0  17307.0 
18244.0  17308.0 
18245.0  17309.0 
18246.0  17310.0 
18247.0  17311.0 
18248.0  17312.0 
18249.0  17313.0 
18250.0  17314.0 
18251.0  17315.0 
18252.0  17316.0 
18253.0  17317.0 
18254.0  17318.0 
18255.0  17319.0 
18256.0  17320.0 
18257.0  17321.0 
18258.0  17322.0 
18259.0  17323.0 
18260.0  17324.0 
18261.0  17325.0 
18262.0  17326.0 
18263.0  17327.0 
18264.0  17328.0 
18265.0  17329.0 
18266.0  17330.0 
18267.0  17331.0 
18268.0  17332.0 
18269.0  17333.0 
18270.0  17334.0 
18271.0  17335.0 
18272.0  17336.0 
18273.0  17337.0 
18274.0  17338.0 
18275.0  17339.0 
18276.0  17340.0 
18277.0  17341.0 
18278.0  17342.0 
18279.0  17343.0 
18280.0  17344.0 
18281.0  17345.0 
18282.0  17346.0 
18283.0  17347.0 
18284.0  17348.0 
18285.0  17349.0 
18286.0  17350.0 
18287.0  17351.0 
18288.0  17352.0 
18289.0  17353.0 
18290.0  17354.0 
18291.0  17355.0 
18292.0  17356.0 
18293.0  17357.0 
18294.0  17358.0 
18295.0  17359.0 
18296.0  17360.0 
18297.0  17361.0 
18298.0  17362.0 
18299.0  17363.0 
18300.0  17364.0 
18301.0  17365.0 
18302.0  17366.0 
18303.0  17367.0 
18304.0  17368.0 
18305.0  17369.0 
18306.0  17370.0 
18307.0  17371.0 
18308.0  17372.0 
18309.0  17373.0 
18310.0  17374.0 
18311.0  17375.0 
18312.0  17376.0 
18313.0  17377.0 
18314.0  17378.0 
18315.0  17379.0 
18316.0  17380.0 
18317.0  17381.0 
18318.0  17382.0 
18319.0  17383.0 
18320.0  17384.0 
18321.0  17385.0 
18322.0  17386.0 
18323.0  17387.0 
18324.0  17388.0 
18325.0  17389.0 
18326.0  17390.0 
18327.0  17391.0 
18328.0  17392.0 
18329.0  17393.0 
18330.0  17394.0 
18332.0  17396.0 
18333.0  17397.0 
18334.0  17398.0 
18335.0  17399.0 
18336.0  17400.0 
18337.0  17401.0 
18338.0  17402.0 
18339.0  17403.0 
18340.0  17404.0 
18341.0  17405.0 
18342.0  17406.0 
18343.0  17407.0 
18344.0  17408.0 
18345.0  17409.0 
18346.0  17410.0 
18347.0  17411.0 
18348.0  17412.0 
18349.0  17413.0 
18350.0  17414.0 
18351.0  17415.0 
18352.0  17416.0 
18353.0  17417.0 
18354.0  17418.0 
18355.0  17419.0 
18356.0  17420.0 
18357.0  17421.0 
18358.0  17422.0 
18359.0  17423.0 
18360.0  17424.0 
18361.0  17425.0 
18362.0  17426.0 
18363.0  17427.0 
18364.0  17428.0 
18365.0  17429.0 
18366.0  17430.0 
18367.0  17431.0 
18368.0  17432.0 
18369.0  17433.0 
18370.0  17434.0 
18371.0  17435.0 
18372.0  17436.0 
18373.0  17437.0 
18374.0  17438.0 
18375.0  17439.0 
18376.0  17440.0 
18377.0  17441.0 
18378.0  17442.0 
18379.0  17443.0 
18380.0  17444.0 
18381.0  17445.0 
18382.0  17446.0 
18383.0  17447.0 
18384.0  17448.0 
18385.0  17449.0 
18386.0  17450.0 
18387.0  17451.0 
18388.0  17452.0 
18389.0  17453.0 
18390.0  17454.0 
18391.0  17455.0 
18392.0  17456.0 
18393.0  17457.0 
18394.0  17458.0 
18395.0  17459.0 
18396.0  17460.0 
18397.0  17461.0 
18398.0  17462.0 
18399.0  17463.0 
18400.0  17464.0 
18401.0  17465.0 
18402.0  17466.0 
18403.0  17467.0 
18404.0  17468.0 
18405.0  17469.0 
18406.0  17470.0 
18407.0  17471.0 
18408.0  17472.0 
18409.0  17473.0 
18410.0  17474.0 
18411.0  17475.0 
18412.0  17476.0 
18413.0  17477.0 
18414.0  17478.0 
18415.0  17479.0 
18416.0  17480.0 
18417.0  17481.0 
18418.0  17482.0 
18419.0  17483.0 
18420.0  17484.0 
18421.0  17485.0 
18422.0  17486.0 
18423.0  17487.0 
18424.0  17488.0 
18425.0  17489.0 
18426.0  17490.0 
18427.0  17491.0 
18428.0  17492.0 
18429.0  17493.0 
18430.0  17494.0 
18431.0  17495.0 
18432.0  17496.0 
18433.0  17497.0 
18434.0  17498.0 
18435.0  17499.0 
18436.0  17500.0 
18437.0  17501.0 
18438.0  17502.0 
18439.0  17503.0 
18440.0  17504.0 
18441.0  17505.0 
18442.0  17506.0 
18443.0  17507.0 
18444.0  17508.0 
18445.0  17509.0 
18446.0  17510.0 
18447.0  17511.0 
18448.0  17512.0 
18449.0  17513.0 
18450.0  17514.0 
18451.0  17515.0 
18452.0  17516.0 
18453.0  17517.0 
18454.0  17518.0 
18455.0  17519.0 
18456.0  17520.0 
18457.0  17521.0 
18458.0  17522.0 
18459.0  17523.0 
18460.0  17524.0 
18461.0  17525.0 
18462.0  17526.0 
18463.0  17527.0 
18464.0  17528.0 
18465.0  17529.0 
18466.0  17530.0 
18467.0  17531.0 
18468.0  17532.0 
18469.0  17533.0 
18470.0  17534.0 
18471.0  17535.0 
18472.0  17536.0 
18473.0  17537.0 
18474.0  17538.0 
18475.0  17539.0 
18476.0  17540.0 
18477.0  17541.0 
18478.0  17542.0 
18479.0  17543.0 
18480.0  17544.0 
18481.0  17545.0 
18482.0  17546.0 
18483.0  17547.0 
18484.0  17548.0 
18485.0  17549.0 
18486.0  17550.0 
18487.0  17551.0 
18488.0  17552.0 
18489.0  17553.0 
18490.0  17554.0 
18491.0  17555.0 
18492.0  17556.0 
18493.0  17557.0 
18494.0  17558.0 
18495.0  17559.0 
18496.0  17560.0 
18497.0  17561.0 
18498.0  17562.0 
18499.0  17563.0 
18500.0  17564.0 
18501.0  17565.0 
18502.0  17566.0 
18532.1  17152.0 
18532.1  16693.0 
18532.1  17153.0 
18532.1  17154.0 
18532.1  16714.0 
18532.1  17155.0 
18532.1  16896.0 
18532.1  17156.0 
18532.1  16698.0 
18532.1  16908.0 
18532.1  18545.0 
18532.1  16734.0 
18532.1  17094.3 
18533.0  16656.0 
18534.1  18546.1 
18535.1  18547.1 
18536.1  18548.1 
18537.1  18549.0 
18537.1  16693.0 
18537.1  16714.0 
18537.1  18550.3 
18539.0  17605.0 
18540.1  18551.0 
18542.1  18552.0 
18544.1  18553.0 
18546.1  17605.0 
18546.1  16693.0 
18546.1  16714.0 
18546.1  16734.0 
18546.1  16739.0 
18546.1  18555.1 
18547.1  18556.0 
18547.1  16693.0 
18547.1  16714.0 
18547.1  16734.0 
18547.1  18557.7 
18548.1  18556.0 
18548.1  16693.0 
18548.1  16714.0 
18548.1  16734.0 
18548.1  18558.11 
18549.0  16672.0 
18550.3  17094.3 
18555.1  18559.0 
18556.0  16679.0 
18557.6  16680.6 
18557.7  18560.1 
18558.10  16681.10 
18558.11  18560.2 
18558.12  18095.2 
18560.3  17159.3 
17625.0  17626.0 
17626.0  18065.0 
18065.0  18076.0 
18072.0  18087.0 
18073.0  18095.0 
18074.0  18095.0 
18075.0  18099.0 
18076.0  18087.0 
18083.0  17626.0 
18084.0  17626.0 
18085.0  18111.0 
18095.0  18115.0 
18099.0  17625.0 
18104.0  18065.0 
18105.0  18065.0 
18106.0  18065.0 
18107.0  18065.0 
18108.0  18065.0 
18111.0  17626.0 
18113.0  18124.0 
18114.0  18127.0 
18115.0  18087.0 
18122.0  18099.0 
18124.0  18532.0 
18130.0  18095.0 
18131.0  18538.0 
18132.0  18541.0 
18133.0  18543.0 
18532.0  18127.0 
18537.0  18124.0 
18538.0  18095.0 
18541.0  18095.0 
18543.0  18095.0 
18546.0  18554.0 
18547.0  18124.0 
18548.0  18124.0 
18551.0  18538.0 
18552.0  18541.0 
18553.0  18543.0 
18554.0  18124.0 
18559.0  18554.0 
17624.1  17625.11 
18561.1  17625.11 
18562.1  17625.11 
