23322.1  23324.0 
23322.1  23325.0 
23322.1  23326.0 
23322.1  23327.0 
23322.1  23328.0 
23322.1  23329.0 
23322.1  23330.0 
23322.1  23331.0 
23322.1  23332.0 
23322.1  23333.0 
23322.1  23334.0 
23322.1  23335.0 
23323.1  23337.0 
23323.1  23325.0 
23323.1  23328.0 
23324.0  21377.0 
23325.0  21378.0 
23326.0  21379.0 
23327.0  21380.0 
23328.0  21381.0 
23329.0  21382.0 
23330.0  21383.0 
23331.0  21384.0 
23334.0  21387.0 
23335.0  35.0 
23336.1  23325.0 
23336.1  23338.0 
23336.1  23329.0 
23336.1  23328.0 
23336.1  23334.0 
23336.1  23339.0 
23336.1  23340.0 
23337.0  21390.0 
23338.0  21391.0 
23339.0  21392.0 
23340.0  21393.0 
23321.1  23322.1 
23322.0  23323.0 
23323.0  23336.0 
