36161.1  36163.0 
36161.1  36164.0 
36161.1  36165.0 
36161.1  36166.0 
36161.1  36167.0 
36161.1  36168.0 
36161.1  36169.0 
36161.1  36170.0 
36161.1  36171.0 
36161.1  36172.0 
36161.1  36173.0 
36161.1  36174.0 
36162.1  36176.0 
36162.1  36164.0 
36162.1  36167.0 
36163.0  36143.0 
36164.0  36144.0 
36165.0  36145.0 
36166.0  36146.0 
36167.0  36147.0 
36168.0  36148.0 
36169.0  36149.0 
36170.0  36150.0 
36173.0  36153.0 
36174.0  355.0 
36175.1  36164.0 
36175.1  36177.0 
36175.1  36168.0 
36175.1  36167.0 
36175.1  36173.0 
36175.1  36178.0 
36175.1  36179.0 
36176.0  36156.0 
36177.0  36157.0 
36178.0  36158.0 
36179.0  36159.0 
36160.1  36161.1 
36181.1  36183.0 
36181.1  36184.0 
36181.1  36185.0 
36181.1  36186.0 
36181.1  36164.0 
36181.1  36187.0 
36181.1  36188.0 
36181.1  36189.0 
36181.1  36190.0 
36181.1  36168.0 
36181.1  36191.0 
36181.1  36192.0 
36181.1  36193.0 
36181.1  36194.0 
36181.1  36195.0 
36181.1  36196.0 
36181.1  36197.0 
36181.1  36198.0 
36181.1  36199.0 
36181.1  36200.0 
36181.1  36201.0 
36181.1  36202.0 
36181.1  36203.0 
36181.1  36204.0 
36181.1  36205.0 
36181.1  36167.0 
36181.1  36206.0 
36181.1  36207.0 
36181.1  36208.0 
36181.1  36209.0 
36181.1  36210.0 
36181.1  36211.0 
36181.1  36212.0 
36181.1  36213.0 
36181.1  36214.0 
36181.1  36215.0 
36181.1  36216.0 
36181.1  36217.0 
36181.1  36218.0 
36181.1  36219.0 
36181.1  36220.0 
36181.1  36221.0 
36181.1  36222.0 
36181.1  36223.0 
36181.1  36224.0 
36181.1  36173.0 
36181.1  36225.0 
36181.1  36226.0 
36181.1  36227.0 
36181.1  36228.0 
36181.1  36179.0 
36181.1  36229.0 
36181.1  36230.0 
36181.1  36231.0 
36181.1  36232.0 
36181.1  36233.0 
36181.1  36234.0 
36181.1  36235.0 
36181.1  36236.0 
36181.1  36237.0 
36181.1  36238.0 
36181.1  36239.0 
36181.1  36240.0 
36181.1  36241.0 
36181.1  36242.0 
36181.1  36243.0 
36181.1  36244.0 
36181.1  36245.0 
36181.1  36246.0 
36181.1  36247.0 
36181.1  36248.0 
36181.1  36249.0 
36181.1  36250.0 
36181.1  36251.0 
36181.1  36252.0 
36181.1  36253.0 
36181.1  36254.0 
36181.1  36255.0 
36181.1  36256.0 
36181.1  36257.0 
36181.1  36258.0 
36181.1  36259.0 
36181.1  36260.0 
36181.1  36261.0 
36181.1  36262.0 
36181.1  36263.0 
36181.1  36264.0 
36181.1  36265.0 
36181.1  36266.0 
36181.1  36267.0 
36181.1  36268.0 
36181.1  36269.0 
36181.1  36270.0 
36181.1  36271.0 
36181.1  36272.0 
36181.1  36273.0 
36181.1  36274.0 
36181.1  36275.0 
36181.1  36276.0 
36181.1  36277.0 
36181.1  36278.0 
36181.1  36279.0 
36181.1  36280.0 
36181.1  36281.0 
36181.1  36282.0 
36181.1  36283.0 
36181.1  36284.0 
36181.1  36285.0 
36181.1  36286.0 
36181.1  36287.0 
36181.1  36288.0 
36181.1  36289.0 
36181.1  36290.0 
36181.1  36291.0 
36181.1  36292.0 
36181.1  36293.0 
36181.1  36294.0 
36181.1  36295.0 
36181.1  36296.0 
36181.1  36297.0 
36181.1  36298.0 
36181.1  36299.0 
36181.1  36300.0 
36181.1  36301.0 
36181.1  36302.0 
36181.1  36303.0 
36181.1  36304.0 
36181.1  36305.0 
36181.1  36306.0 
36181.1  36307.0 
36181.1  36308.0 
36181.1  36309.0 
36181.1  36310.0 
36181.1  36311.0 
36181.1  36312.0 
36181.1  36313.0 
36181.1  36314.0 
36181.1  36315.0 
36181.1  36316.0 
36181.1  36317.0 
36181.1  36318.0 
36181.1  36319.0 
36181.1  36320.0 
36181.1  36321.0 
36181.1  36322.0 
36181.1  36323.0 
36181.1  36324.0 
36181.1  36325.0 
36181.1  36326.0 
36181.1  36327.0 
36181.1  36328.0 
36181.1  36329.0 
36181.1  36330.0 
36181.1  36331.0 
36181.1  36332.0 
36181.1  36333.0 
36181.1  36334.0 
36181.1  36335.0 
36181.1  36336.0 
36181.1  36337.0 
36181.1  36338.0 
36181.1  36339.0 
36181.1  36340.0 
36181.1  36341.0 
36181.1  36342.0 
36181.1  36178.0 
36181.1  36343.0 
36181.1  36344.0 
36181.1  36345.0 
36181.1  36346.1 
36181.1  36347.0 
36181.1  36348.0 
36181.1  36349.0 
36181.1  36350.0 
36181.1  36351.0 
36181.1  36352.0 
36181.2  36353.0 
36181.2  36354.0 
36181.2  36355.0 
36181.2  36356.0 
36181.2  36357.0 
36181.2  36358.0 
36181.2  36359.0 
36181.2  36360.0 
36181.2  36361.0 
36181.2  36362.0 
36181.2  36363.0 
36181.2  36364.0 
36181.2  36365.0 
36181.2  36366.0 
36181.2  36367.0 
36181.2  36368.0 
36181.2  36369.0 
36181.2  36370.0 
36181.2  36371.0 
36181.2  36372.0 
36181.2  36373.0 
36181.2  36374.0 
36181.2  36375.0 
36181.2  36376.0 
36181.2  36377.0 
36181.2  36378.0 
36181.2  36379.0 
36181.2  36380.0 
36181.2  36381.0 
36181.2  36382.0 
36181.2  36383.0 
36181.2  36165.0 
36181.2  36384.0 
36181.2  36385.0 
36181.2  36386.0 
36181.2  36387.0 
36181.2  36388.0 
36181.2  36389.0 
36181.2  36390.0 
36181.2  36391.0 
36181.2  36392.0 
36181.2  36393.0 
36181.2  36394.0 
36181.2  36170.0 
36181.2  36395.0 
36181.2  36396.0 
36181.2  36397.0 
36181.2  36398.0 
36181.2  36399.0 
36181.2  36400.0 
36181.2  36401.0 
36181.2  36402.0 
36181.2  36403.0 
36181.2  36404.0 
36181.2  36405.0 
36181.2  36406.0 
36181.2  36407.0 
36181.2  36408.0 
36181.2  36409.0 
36181.2  36410.0 
36181.2  36411.0 
36181.2  36412.0 
36181.2  36413.0 
36181.2  36414.0 
36181.2  36415.0 
36181.2  36416.0 
36181.2  36417.0 
36181.2  36418.0 
36181.2  36419.0 
36181.2  36420.0 
36181.2  36421.0 
36181.2  36422.0 
36181.2  36423.0 
36181.2  36424.0 
36181.2  36425.0 
36181.2  36426.0 
36181.2  36427.0 
36181.2  36428.0 
36181.2  36429.0 
36181.2  36430.0 
36181.2  36431.0 
36181.2  36432.0 
36181.2  36433.0 
36181.2  36434.0 
36181.2  36435.0 
36181.2  36436.0 
36181.2  36437.0 
36181.2  36438.0 
36181.2  36439.0 
36181.2  36440.0 
36181.2  36441.0 
36181.2  36442.0 
36181.2  36443.0 
36181.2  36444.0 
36181.2  36445.0 
36181.2  36446.0 
36181.2  36447.0 
36181.2  36448.0 
36181.2  36449.0 
36181.2  36450.0 
36181.2  36451.0 
36181.2  36452.0 
36181.2  36453.0 
36181.2  36454.0 
36181.2  36455.0 
36181.2  36456.0 
36181.2  36457.0 
36181.2  36458.0 
36181.2  36459.0 
36181.2  36460.0 
36181.2  36461.0 
36181.2  36462.0 
36181.2  36463.0 
36181.2  36464.0 
36181.2  36465.0 
36181.2  36466.0 
36181.2  36467.0 
36181.2  36468.0 
36181.2  36469.0 
36181.2  36470.0 
36181.2  36471.0 
36181.2  36472.0 
36181.2  36473.0 
36181.2  36474.0 
36181.2  36475.0 
36181.2  36476.0 
36181.2  36477.0 
36181.2  36478.0 
36181.2  36479.0 
36181.2  36480.0 
36181.2  36481.0 
36181.2  36482.0 
36181.2  36483.0 
36181.2  36484.0 
36181.2  36485.0 
36181.2  36486.0 
36181.2  36487.0 
36181.2  36488.0 
36181.2  36489.0 
36181.2  36490.0 
36181.2  36491.0 
36181.2  36492.0 
36181.2  36493.0 
36181.2  36494.0 
36181.2  36495.0 
36181.2  36496.0 
36181.2  36497.0 
36181.2  36498.0 
36181.2  36499.0 
36181.2  36500.0 
36181.2  36501.0 
36181.2  36502.0 
36181.2  36503.0 
36181.2  36504.0 
36181.2  36505.0 
36181.2  36506.0 
36181.2  36507.0 
36181.2  36508.0 
36181.2  36509.0 
36181.2  36510.0 
36181.2  36511.1 
36181.2  36512.0 
36181.2  36513.0 
36181.2  36514.0 
36181.2  36515.0 
36181.2  36516.0 
36181.2  36517.0 
36181.2  36518.0 
36181.2  36519.0 
36181.2  36520.0 
36181.2  36521.0 
36181.2  36522.0 
36181.2  36523.0 
36181.2  36524.0 
36181.2  36525.0 
36181.2  36526.39 
36181.2  36527.39 
36181.2  36528.0 
36181.2  36529.0 
36181.2  36530.0 
36181.2  36531.0 
36181.2  36532.0 
36181.2  36533.0 
36181.2  36534.0 
36181.2  36535.0 
36181.2  36536.0 
36181.2  36537.0 
36181.2  36538.0 
36181.2  36539.0 
36181.2  36540.0 
36181.3  36541.0 
36181.3  36542.0 
36181.3  36543.0 
36181.3  36544.0 
36181.3  36545.0 
36181.3  36546.0 
36181.3  36547.0 
36181.3  36548.0 
36181.3  36549.2 
36181.3  36550.0 
36181.3  36551.0 
36181.3  36552.0 
36181.3  36553.0 
36181.3  36554.0 
36181.3  36555.0 
36181.4  36556.0 
36181.4  36557.0 
36181.4  36558.0 
36181.4  36559.0 
36181.4  36160.1 
36181.5  36560.0 
36181.5  36561.0 
36181.5  36562.0 
36181.5  36563.0 
36181.5  36564.0 
36181.5  36565.1 
36181.5  36566.0 
36181.5  36567.78 
36181.5  36568.78 
36181.5  36569.0 
36181.5  36570.0 
36181.6  36571.0 
36181.6  36572.0 
36181.6  36573.0 
36181.6  36574.0 
36181.6  36575.0 
36181.6  36576.0 
36181.6  36169.0 
36181.6  36166.0 
36181.6  36577.0 
36181.6  36578.3 
36181.6  36579.0 
36181.6  36580.0 
36181.6  36581.0 
36181.6  36582.0 
36181.6  36583.0 
36181.6  36584.0 
36181.6  36585.0 
36181.6  36586.0 
36181.6  36587.39 
36181.6  36588.0 
36181.6  36589.0 
36181.7  36590.0 
36181.7  36591.0 
36181.7  36592.93 
36181.7  36593.0 
36181.7  36594.0 
36181.7  36595.1 
36181.7  36596.0 
36181.7  36597.0 
36181.7  36598.0 
36181.7  36599.0 
36181.7  36600.0 
36181.8  36601.0 
36181.8  36602.0 
36181.8  36603.0 
36181.8  36604.0 
36181.8  36605.0 
36181.9  36606.0 
36181.9  36607.0 
36181.9  36608.0 
36181.9  36549.5 
36181.10  36609.0 
36182.1  36611.0 
36182.1  36164.0 
36182.1  36177.0 
36182.1  36168.0 
36182.1  36167.0 
36182.1  36173.0 
36182.1  36178.0 
36182.1  36179.0 
36182.1  36612.1 
36182.1  36613.1 
36182.1  36614.1 
36183.0  35225.0 
36184.0  35226.0 
36185.0  35227.0 
36186.0  35228.0 
36187.0  35229.0 
36188.0  35230.0 
36189.0  35231.0 
36190.0  35232.0 
36191.0  35233.0 
36192.0  35234.0 
36193.0  35235.0 
36194.0  35236.0 
36195.0  35237.0 
36196.0  35238.0 
36197.0  35239.0 
36198.0  35240.0 
36199.0  35241.0 
36200.0  35242.0 
36201.0  35243.0 
36202.0  35244.0 
36203.0  35245.0 
36204.0  35246.0 
36205.0  35247.0 
36206.0  35248.0 
36207.0  35249.0 
36208.0  35250.0 
36209.0  35251.0 
36210.0  35252.0 
36211.0  35253.0 
36212.0  35254.0 
36213.0  35255.0 
36214.0  35256.0 
36215.0  35257.0 
36216.0  35258.0 
36217.0  35259.0 
36218.0  35260.0 
36219.0  35261.0 
36220.0  35262.0 
36221.0  35263.0 
36222.0  35264.0 
36223.0  35265.0 
36224.0  35266.0 
36225.0  35267.0 
36226.0  35268.0 
36227.0  35269.0 
36228.0  35270.0 
36229.0  35271.0 
36230.0  35272.0 
36231.0  35273.0 
36232.0  35274.0 
36233.0  35275.0 
36234.0  35276.0 
36235.0  35277.0 
36236.0  35278.0 
36237.0  35279.0 
36238.0  35280.0 
36239.0  35281.0 
36240.0  35282.0 
36241.0  35283.0 
36242.0  35284.0 
36243.0  35285.0 
36244.0  35286.0 
36245.0  35287.0 
36246.0  35288.0 
36247.0  35289.0 
36248.0  35290.0 
36249.0  35291.0 
36250.0  35292.0 
36251.0  35293.0 
36252.0  35294.0 
36253.0  35295.0 
36254.0  35296.0 
36255.0  35297.0 
36256.0  35298.0 
36257.0  35299.0 
36258.0  35300.0 
36259.0  35301.0 
36260.0  35302.0 
36261.0  35303.0 
36262.0  35304.0 
36263.0  35305.0 
36264.0  35306.0 
36265.0  35307.0 
36266.0  35308.0 
36267.0  35309.0 
36268.0  35310.0 
36269.0  35311.0 
36270.0  35312.0 
36271.0  35313.0 
36272.0  35314.0 
36273.0  35315.0 
36274.0  35316.0 
36275.0  35317.0 
36276.0  35318.0 
36277.0  35319.0 
36278.0  35320.0 
36279.0  35321.0 
36280.0  35322.0 
36281.0  35323.0 
36282.0  35324.0 
36283.0  35325.0 
36284.0  35326.0 
36285.0  35327.0 
36286.0  35328.0 
36287.0  35329.0 
36288.0  35330.0 
36289.0  35331.0 
36290.0  35332.0 
36291.0  35333.0 
36292.0  35334.0 
36293.0  35335.0 
36294.0  35336.0 
36295.0  35337.0 
36296.0  35338.0 
36297.0  35339.0 
36298.0  35340.0 
36299.0  35341.0 
36300.0  35342.0 
36301.0  35343.0 
36302.0  35344.0 
36303.0  35345.0 
36304.0  35346.0 
36305.0  35347.0 
36306.0  35348.0 
36307.0  35349.0 
36308.0  35350.0 
36309.0  35351.0 
36310.0  35352.0 
36311.0  35353.0 
36312.0  35354.0 
36313.0  35355.0 
36314.0  35356.0 
36315.0  35357.0 
36316.0  35358.0 
36317.0  35359.0 
36318.0  35360.0 
36319.0  35361.0 
36320.0  35362.0 
36321.0  35363.0 
36322.0  35364.0 
36323.0  35365.0 
36324.0  35366.0 
36325.0  35367.0 
36326.0  35368.0 
36327.0  35369.0 
36328.0  35370.0 
36329.0  35371.0 
36330.0  35372.0 
36331.0  35373.0 
36332.0  35374.0 
36333.0  35375.0 
36334.0  35376.0 
36335.0  35377.0 
36336.0  35378.0 
36337.0  35379.0 
36338.0  35380.0 
36339.0  35381.0 
36340.0  35382.0 
36341.0  35383.0 
36342.0  35384.0 
36343.0  35385.0 
36344.0  35386.0 
36345.0  35387.0 
36346.1  36615.13 
36347.0  35389.0 
36348.0  35390.0 
36349.0  35391.0 
36350.0  35392.0 
36351.0  35393.0 
36352.0  35394.0 
36353.0  35395.0 
36354.0  35396.0 
36355.0  35397.0 
36356.0  35398.0 
36357.0  35399.0 
36358.0  35400.0 
36359.0  35401.0 
36360.0  35402.0 
36361.0  35403.0 
36362.0  35404.0 
36363.0  35405.0 
36364.0  35406.0 
36365.0  35407.0 
36366.0  35408.0 
36367.0  35409.0 
36368.0  35410.0 
36369.0  35411.0 
36370.0  35412.0 
36371.0  35413.0 
36372.0  35414.0 
36373.0  35415.0 
36374.0  35416.0 
36375.0  35417.0 
36376.0  35418.0 
36377.0  35419.0 
36378.0  35420.0 
36379.0  35421.0 
36380.0  35422.0 
36381.0  35423.0 
36382.0  35424.0 
36383.0  35425.0 
36384.0  35426.0 
36385.0  35427.0 
36386.0  35428.0 
36387.0  35429.0 
36388.0  35430.0 
36389.0  35431.0 
36390.0  35432.0 
36391.0  35433.0 
36392.0  35434.0 
36393.0  35435.0 
36394.0  35436.0 
36396.0  35438.0 
36397.0  35439.0 
36398.0  35440.0 
36399.0  35441.0 
36400.0  35442.0 
36401.0  35443.0 
36402.0  35444.0 
36403.0  35445.0 
36404.0  35446.0 
36405.0  35447.0 
36406.0  35448.0 
36407.0  35449.0 
36408.0  35450.0 
36409.0  35451.0 
36410.0  35452.0 
36411.0  35453.0 
36412.0  35454.0 
36413.0  35455.0 
36414.0  35456.0 
36415.0  35457.0 
36416.0  35458.0 
36417.0  35459.0 
36418.0  35460.0 
36419.0  35461.0 
36420.0  35462.0 
36421.0  35463.0 
36422.0  35464.0 
36423.0  35465.0 
36424.0  35466.0 
36425.0  35467.0 
36426.0  35468.0 
36427.0  35469.0 
36428.0  35470.0 
36429.0  35471.0 
36430.0  35472.0 
36431.0  35473.0 
36432.0  35474.0 
36433.0  35475.0 
36434.0  35476.0 
36435.0  35477.0 
36436.0  35478.0 
36437.0  35479.0 
36438.0  35480.0 
36439.0  35481.0 
36440.0  35482.0 
36441.0  35483.0 
36442.0  35484.0 
36443.0  35485.0 
36444.0  35486.0 
36445.0  35487.0 
36446.0  35488.0 
36447.0  35489.0 
36448.0  35490.0 
36449.0  35491.0 
36450.0  35492.0 
36451.0  35493.0 
36452.0  35494.0 
36453.0  35495.0 
36454.0  35496.0 
36455.0  35497.0 
36456.0  35498.0 
36457.0  35499.0 
36458.0  35500.0 
36459.0  35501.0 
36460.0  35502.0 
36461.0  35503.0 
36462.0  35504.0 
36463.0  35505.0 
36464.0  35506.0 
36465.0  35507.0 
36466.0  35508.0 
36467.0  35509.0 
36468.0  35510.0 
36469.0  35511.0 
36470.0  35512.0 
36471.0  35513.0 
36472.0  35514.0 
36473.0  35515.0 
36474.0  35516.0 
36475.0  35517.0 
36476.0  35518.0 
36477.0  35519.0 
36478.0  35520.0 
36479.0  35521.0 
36480.0  35522.0 
36481.0  35523.0 
36482.0  35524.0 
36483.0  35525.0 
36484.0  35526.0 
36485.0  35527.0 
36486.0  35528.0 
36487.0  35529.0 
36488.0  35530.0 
36489.0  35531.0 
36490.0  35532.0 
36491.0  35533.0 
36492.0  35534.0 
36493.0  35535.0 
36494.0  35536.0 
36495.0  35537.0 
36496.0  35538.0 
36497.0  35539.0 
36498.0  35540.0 
36499.0  35541.0 
36500.0  35542.0 
36501.0  35543.0 
36502.0  35544.0 
36503.0  35545.0 
36504.0  35546.0 
36505.0  35547.0 
36506.0  35548.0 
36507.0  35549.0 
36508.0  35550.0 
36509.0  35551.0 
36510.0  35552.0 
36511.1  36615.11 
36512.0  35554.0 
36513.0  35555.0 
36514.0  35556.0 
36515.0  35557.0 
36516.0  35558.0 
36517.0  35559.0 
36518.0  35560.0 
36519.0  35561.0 
36520.0  35562.0 
36521.0  35563.0 
36522.0  35564.0 
36523.0  35565.0 
36524.0  35566.0 
36525.0  35567.0 
36526.38  36616.13 
36526.38  35568.38 
36526.39  36615.12 
36527.38  36616.13 
36527.38  35569.38 
36527.39  36615.12 
36528.0  35570.0 
36529.0  35571.0 
36530.0  35572.0 
36531.0  35573.0 
36532.0  35574.0 
36533.0  35575.0 
36534.0  35576.0 
36535.0  35577.0 
36536.0  35578.0 
36537.0  35579.0 
36538.0  35580.0 
36539.0  35581.0 
36540.0  35582.0 
36541.0  35583.0 
36542.0  35584.0 
36543.0  35585.0 
36544.0  35586.0 
36545.0  35587.0 
36546.0  35588.0 
36547.0  35589.0 
36548.0  35590.0 
36549.1  36181.1 
36549.2  36181.2 
36549.3  36181.3 
36549.4  36181.4 
36549.5  36181.8 
36549.6  36181.9 
36550.0  35592.0 
36551.0  35593.0 
36552.0  35594.0 
36553.0  35595.0 
36554.0  35596.0 
36555.0  35597.0 
36556.0  35598.0 
36557.0  35599.0 
36558.0  35600.0 
36559.0  35601.0 
36560.0  35602.0 
36561.0  35603.0 
36562.0  35604.0 
36563.0  35605.0 
36564.0  35606.0 
36565.1  36615.13 
36566.0  35608.0 
36567.76  36616.14 
36567.76  35609.76 
36567.77  36615.5 
36567.78  36615.13 
36567.79  36181.5 
36568.76  36616.14 
36568.76  35610.76 
36568.77  36615.7 
36568.78  36615.13 
36568.79  36181.7 
36569.0  35611.0 
36570.0  35612.0 
36571.0  35613.0 
36572.0  35614.0 
36573.0  35615.0 
36574.0  35616.0 
36575.0  35617.0 
36576.0  35618.0 
36577.0  35619.0 
36578.1  36617.1 
36578.2  36618.1 
36578.3  36619.1 
36579.0  35621.0 
36580.0  35622.0 
36581.0  35623.0 
36582.0  35624.0 
36583.0  35625.0 
36584.0  35626.0 
36585.0  35627.0 
36586.0  35628.0 
36587.38  35629.38 
36587.39  36615.6 
36587.40  36181.6 
36588.0  35630.0 
36589.0  35631.0 
36590.0  35632.0 
36591.0  35633.0 
36592.90  36616.11 
36592.91  36616.13 
36592.91  35634.91 
36592.92  36615.10 
36592.93  36615.12 
36593.0  35635.0 
36595.1  36620.1 
36596.0  35638.0 
36597.0  35639.0 
36599.0  35641.0 
36600.0  35642.0 
36601.0  35643.0 
36602.0  35644.0 
36603.0  35645.0 
36604.0  35646.0 
36605.0  35647.0 
36606.0  35648.0 
36607.0  35649.0 
36608.0  35650.0 
36609.0  35652.0 
36610.1  36622.0 
36610.1  36164.0 
36610.1  36177.0 
36610.1  36168.0 
36610.1  36167.0 
36610.1  36173.0 
36610.1  36178.0 
36610.1  36179.0 
36610.1  36623.1 
36610.1  36624.1 
36610.1  36625.1 
36610.1  36626.1 
36610.1  36627.1 
36611.0  35654.0 
36612.1  36628.1 
36613.1  36629.1 
36614.1  36630.1 
36615.1  36183.0 
36615.1  36184.0 
36615.1  36185.0 
36615.1  36186.0 
36615.1  36144.0 
36615.1  36187.0 
36615.1  36188.0 
36615.1  36189.0 
36615.1  36190.0 
36615.1  36148.0 
36615.1  36191.0 
36615.1  36192.0 
36615.1  36193.0 
36615.1  36194.0 
36615.1  36195.0 
36615.1  36196.0 
36615.1  36197.0 
36615.1  36198.0 
36615.1  36199.0 
36615.1  36200.0 
36615.1  36201.0 
36615.1  36202.0 
36615.1  36203.0 
36615.1  36204.0 
36615.1  36205.0 
36615.1  36147.0 
36615.1  36206.0 
36615.1  36207.0 
36615.1  36208.0 
36615.1  36209.0 
36615.1  36210.0 
36615.1  36211.0 
36615.1  36212.0 
36615.1  36213.0 
36615.1  36214.0 
36615.1  36215.0 
36615.1  36216.0 
36615.1  36217.0 
36615.1  36218.0 
36615.1  36219.0 
36615.1  36220.0 
36615.1  36221.0 
36615.1  36222.0 
36615.1  36223.0 
36615.1  36224.0 
36615.1  36153.0 
36615.1  36225.0 
36615.1  36226.0 
36615.1  36227.0 
36615.1  36228.0 
36615.1  36159.0 
36615.1  36229.0 
36615.1  36230.0 
36615.1  36231.0 
36615.1  36232.0 
36615.1  36233.0 
36615.1  36234.0 
36615.1  36235.0 
36615.1  36236.0 
36615.1  36237.0 
36615.1  36238.0 
36615.1  36239.0 
36615.1  36240.0 
36615.1  36241.0 
36615.1  36242.0 
36615.1  36243.0 
36615.1  36244.0 
36615.1  36245.0 
36615.1  36246.0 
36615.1  36247.0 
36615.1  36248.0 
36615.1  36249.0 
36615.1  36250.0 
36615.1  36251.0 
36615.1  36252.0 
36615.1  36253.0 
36615.1  36254.0 
36615.1  36255.0 
36615.1  36256.0 
36615.1  36257.0 
36615.1  36258.0 
36615.1  36259.0 
36615.1  36260.0 
36615.1  36261.0 
36615.1  36262.0 
36615.1  36263.0 
36615.1  36264.0 
36615.1  36265.0 
36615.1  36266.0 
36615.1  36267.0 
36615.1  36268.0 
36615.1  36269.0 
36615.1  36270.0 
36615.1  36271.0 
36615.1  36272.0 
36615.1  36273.0 
36615.1  36274.0 
36615.1  36275.0 
36615.1  36276.0 
36615.1  36277.0 
36615.1  36278.0 
36615.1  36279.0 
36615.1  36280.0 
36615.1  36281.0 
36615.1  36282.0 
36615.1  36283.0 
36615.1  36284.0 
36615.1  36285.0 
36615.1  36286.0 
36615.1  36287.0 
36615.1  36288.0 
36615.1  36289.0 
36615.1  36290.0 
36615.1  36291.0 
36615.1  36292.0 
36615.1  36293.0 
36615.1  36294.0 
36615.1  36295.0 
36615.1  36296.0 
36615.1  36297.0 
36615.1  36298.0 
36615.1  36299.0 
36615.1  36300.0 
36615.1  36301.0 
36615.1  36302.0 
36615.1  36303.0 
36615.1  36304.0 
36615.1  36305.0 
36615.1  36306.0 
36615.1  36307.0 
36615.1  36308.0 
36615.1  36309.0 
36615.1  36310.0 
36615.1  36311.0 
36615.1  36312.0 
36615.1  36313.0 
36615.1  36314.0 
36615.1  36315.0 
36615.1  36316.0 
36615.1  36317.0 
36615.1  36318.0 
36615.1  36319.0 
36615.1  36320.0 
36615.1  36321.0 
36615.1  36322.0 
36615.1  36323.0 
36615.1  36324.0 
36615.1  36325.0 
36615.1  36326.0 
36615.1  36327.0 
36615.1  36328.0 
36615.1  36329.0 
36615.1  36330.0 
36615.1  36331.0 
36615.1  36332.0 
36615.1  36333.0 
36615.1  36334.0 
36615.1  36335.0 
36615.1  36336.0 
36615.1  36337.0 
36615.1  36338.0 
36615.1  36339.0 
36615.1  36340.0 
36615.1  36341.0 
36615.1  36342.0 
36615.1  36158.0 
36615.1  36343.0 
36615.1  36344.0 
36615.1  36345.0 
36615.1  36632.1 
36615.1  36347.0 
36615.1  36348.0 
36615.1  36349.0 
36615.1  36350.0 
36615.1  36351.0 
36615.1  36352.0 
36615.2  36353.0 
36615.2  36354.0 
36615.2  36355.0 
36615.2  36356.0 
36615.2  36357.0 
36615.2  36358.0 
36615.2  36359.0 
36615.2  36360.0 
36615.2  36361.0 
36615.2  36362.0 
36615.2  36363.0 
36615.2  36364.0 
36615.2  36365.0 
36615.2  36366.0 
36615.2  36367.0 
36615.2  36368.0 
36615.2  36369.0 
36615.2  36370.0 
36615.2  36371.0 
36615.2  36372.0 
36615.2  36373.0 
36615.2  36374.0 
36615.2  36375.0 
36615.2  36376.0 
36615.2  36377.0 
36615.2  36378.0 
36615.2  36379.0 
36615.2  36380.0 
36615.2  36381.0 
36615.2  36382.0 
36615.2  36383.0 
36615.2  36145.0 
36615.2  36384.0 
36615.2  36385.0 
36615.2  36386.0 
36615.2  36387.0 
36615.2  36388.0 
36615.2  36389.0 
36615.2  36390.0 
36615.2  36391.0 
36615.2  36392.0 
36615.2  36393.0 
36615.2  36394.0 
36615.2  36150.0 
36615.2  36633.0 
36615.2  36396.0 
36615.2  36397.0 
36615.2  36398.0 
36615.2  36399.0 
36615.2  36400.0 
36615.2  36401.0 
36615.2  36402.0 
36615.2  36403.0 
36615.2  36404.0 
36615.2  36405.0 
36615.2  36406.0 
36615.2  36407.0 
36615.2  36408.0 
36615.2  36409.0 
36615.2  36410.0 
36615.2  36411.0 
36615.2  36412.0 
36615.2  36413.0 
36615.2  36414.0 
36615.2  36415.0 
36615.2  36416.0 
36615.2  36417.0 
36615.2  36418.0 
36615.2  36419.0 
36615.2  36420.0 
36615.2  36421.0 
36615.2  36422.0 
36615.2  36423.0 
36615.2  36424.0 
36615.2  36425.0 
36615.2  36426.0 
36615.2  36427.0 
36615.2  36428.0 
36615.2  36429.0 
36615.2  36430.0 
36615.2  36431.0 
36615.2  36432.0 
36615.2  36433.0 
36615.2  36434.0 
36615.2  36435.0 
36615.2  36436.0 
36615.2  36437.0 
36615.2  36438.0 
36615.2  36439.0 
36615.2  36440.0 
36615.2  36441.0 
36615.2  36442.0 
36615.2  36443.0 
36615.2  36444.0 
36615.2  36445.0 
36615.2  36446.0 
36615.2  36447.0 
36615.2  36448.0 
36615.2  36449.0 
36615.2  36450.0 
36615.2  36451.0 
36615.2  36452.0 
36615.2  36453.0 
36615.2  36454.0 
36615.2  36455.0 
36615.2  36456.0 
36615.2  36457.0 
36615.2  36458.0 
36615.2  36459.0 
36615.2  36460.0 
36615.2  36461.0 
36615.2  36462.0 
36615.2  36463.0 
36615.2  36464.0 
36615.2  36465.0 
36615.2  36466.0 
36615.2  36467.0 
36615.2  36468.0 
36615.2  36469.0 
36615.2  36470.0 
36615.2  36471.0 
36615.2  36472.0 
36615.2  36473.0 
36615.2  36474.0 
36615.2  36475.0 
36615.2  36476.0 
36615.2  36477.0 
36615.2  36478.0 
36615.2  36479.0 
36615.2  36480.0 
36615.2  36481.0 
36615.2  36482.0 
36615.2  36483.0 
36615.2  36484.0 
36615.2  36485.0 
36615.2  36486.0 
36615.2  36487.0 
36615.2  36488.0 
36615.2  36489.0 
36615.2  36490.0 
36615.2  36491.0 
36615.2  36492.0 
36615.2  36493.0 
36615.2  36494.0 
36615.2  36495.0 
36615.2  36496.0 
36615.2  36497.0 
36615.2  36498.0 
36615.2  36499.0 
36615.2  36500.0 
36615.2  36501.0 
36615.2  36502.0 
36615.2  36503.0 
36615.2  36504.0 
36615.2  36505.0 
36615.2  36506.0 
36615.2  36507.0 
36615.2  36508.0 
36615.2  36509.0 
36615.2  36510.0 
36615.2  36634.1 
36615.2  36512.0 
36615.2  36513.0 
36615.2  36514.0 
36615.2  36515.0 
36615.2  36516.0 
36615.2  36517.0 
36615.2  36518.0 
36615.2  36519.0 
36615.2  36520.0 
36615.2  36521.0 
36615.2  36522.0 
36615.2  36523.0 
36615.2  36524.0 
36615.2  36525.0 
36615.2  36526.38 
36615.2  36527.38 
36615.2  36528.0 
36615.2  36529.0 
36615.2  36530.0 
36615.2  36531.0 
36615.2  36532.0 
36615.2  36533.0 
36615.2  36534.0 
36615.2  36535.0 
36615.2  36536.0 
36615.2  36537.0 
36615.2  36538.0 
36615.2  36539.0 
36615.2  36540.0 
36615.3  36541.0 
36615.3  36542.0 
36615.3  36543.0 
36615.3  36544.0 
36615.3  36545.0 
36615.3  36546.0 
36615.3  36547.0 
36615.3  36548.0 
36615.3  36635.2 
36615.3  36550.0 
36615.3  36551.0 
36615.3  36552.0 
36615.3  36553.0 
36615.3  36554.0 
36615.3  36555.0 
36615.4  36556.0 
36615.4  36557.0 
36615.4  36558.0 
36615.4  36559.0 
36615.4  36140.1 
36615.5  36560.0 
36615.5  36561.0 
36615.5  36562.0 
36615.5  36563.0 
36615.5  36564.0 
36615.5  36636.1 
36615.5  36566.0 
36615.5  36567.76 
36615.5  36568.76 
36615.5  36569.0 
36615.5  36570.0 
36615.6  36571.0 
36615.6  36572.0 
36615.6  36573.0 
36615.6  36574.0 
36615.6  36575.0 
36615.6  36576.0 
36615.6  36149.0 
36615.6  36146.0 
36615.6  36577.0 
36615.6  36637.3 
36615.6  36579.0 
36615.6  36580.0 
36615.6  36581.0 
36615.6  36582.0 
36615.6  36583.0 
36615.6  36584.0 
36615.6  36585.0 
36615.6  36586.0 
36615.6  36587.38 
36615.6  36588.0 
36615.6  36589.0 
36615.7  36590.0 
36615.7  36591.0 
36615.7  36592.91 
36615.7  36593.0 
36615.7  36638.0 
36615.7  36639.1 
36615.7  36596.0 
36615.7  36597.0 
36615.7  36640.0 
36615.7  36599.0 
36615.7  36600.0 
36615.8  36601.0 
36615.8  36602.0 
36615.8  36603.0 
36615.8  36604.0 
36615.8  36605.0 
36615.9  36606.0 
36615.9  36607.0 
36615.9  36608.0 
36615.9  36635.5 
36615.10  36641.0 
36615.11  36642.0 
36615.12  36592.92 
36615.13  36643.1 
36616.12  36642.0 
36616.13  35634.90 
36616.14  36644.1 
36616.14  35223.14 
36617.1  36645.0 
36617.1  36164.0 
36617.1  36646.0 
36617.1  36647.0 
36617.1  36167.0 
36617.1  36648.0 
36617.1  36165.0 
36617.1  36649.0 
36617.1  36168.0 
36617.1  36170.0 
36617.1  36650.0 
36617.1  36173.0 
36617.1  36651.2 
36618.1  36653.0 
36618.1  36164.0 
36618.1  36646.0 
36618.1  36647.0 
36618.1  36165.0 
36618.1  36167.0 
36618.1  36648.0 
36618.1  36168.0 
36618.1  36649.0 
36618.1  36170.0 
36618.1  36654.0 
36618.1  36173.0 
36618.1  36578.1 
36619.1  36655.0 
36619.1  36164.0 
36619.1  36167.0 
36619.1  36578.2 
36620.1  36657.0 
36620.1  36164.0 
36620.1  36658.0 
36620.1  36167.0 
36620.1  36173.0 
36620.1  36179.0 
36620.1  36224.0 
36620.1  36659.1 
36620.1  36659.2 
36620.1  36659.3 
36620.1  36659.4 
36620.1  36659.5 
36620.1  36659.6 
36620.1  36659.7 
36621.1  36176.0 
36621.1  36164.0 
36621.1  36167.0 
36622.0  35664.0 
36623.1  36660.1 
36624.1  36661.1 
36625.1  36662.1 
36626.1  36663.1 
36627.1  36664.1 
36628.1  36665.0 
36628.1  36164.0 
36628.1  36167.0 
36628.1  36173.0 
36629.1  36666.0 
36629.1  36164.0 
36629.1  36167.0 
36629.1  36173.0 
36630.1  36668.0 
36630.1  36164.0 
36630.1  36167.0 
36631.1  36611.0 
36631.1  36144.0 
36631.1  36157.0 
36631.1  36148.0 
36631.1  36147.0 
36631.1  36153.0 
36631.1  36158.0 
36631.1  36159.0 
36631.1  36670.1 
36631.1  36671.1 
36631.1  36672.1 
36632.1  36616.14 
36634.1  36616.12 
36635.1  36615.1 
36635.2  36615.2 
36635.3  36615.3 
36635.4  36615.4 
36635.5  36615.8 
36635.6  36615.9 
36635.7  36615.10 
36635.8  36615.13 
36636.1  36616.14 
36637.1  36673.1 
36637.2  36674.1 
36637.3  36675.1 
36639.1  36676.1 
36641.0  35651.0 
36642.0  34728.0 
36643.1  36615.10 
36644.1  36616.11 
36645.0  35674.0 
36646.0  35675.0 
36647.0  35676.0 
36648.0  35677.0 
36649.0  35678.0 
36651.1  36677.1 
36651.2  36678.1 
36652.1  36680.0 
36652.1  36164.0 
36652.1  36177.0 
36652.1  36168.0 
36652.1  36167.0 
36652.1  36173.0 
36652.1  36178.0 
36652.1  36179.0 
36652.1  36229.0 
36652.1  36230.0 
36652.1  36231.0 
36652.1  36681.1 
36652.1  36682.1 
36652.2  36683.1 
36652.3  36684.1 
36653.0  35682.0 
36655.0  35684.0 
36656.1  36685.0 
36656.1  36164.0 
36656.1  36177.0 
36656.1  36168.0 
36656.1  36167.0 
36656.1  36173.0 
36656.1  36178.0 
36656.1  36179.0 
36657.0  35686.0 
36658.0  35687.0 
36659.1  36686.1 
36659.2  36686.2 
36659.3  36686.3 
36659.4  36686.4 
36659.5  36686.5 
36659.6  36686.6 
36659.7  36686.7 
36660.1  36666.0 
36660.1  36164.0 
36660.1  36167.0 
36660.1  36173.0 
36661.1  36665.0 
36661.1  36164.0 
36661.1  36167.0 
36661.1  36173.0 
36662.1  36687.0 
36662.1  36164.0 
36662.1  36167.0 
36662.1  36173.0 
36663.1  36687.0 
36663.1  36164.0 
36663.1  36167.0 
36663.1  36173.0 
36664.1  36687.0 
36664.1  36164.0 
36664.1  36167.0 
36664.1  36173.0 
36665.0  35694.0 
36666.0  35695.0 
36668.0  35697.0 
36669.1  36622.0 
36669.1  36144.0 
36669.1  36157.0 
36669.1  36148.0 
36669.1  36147.0 
36669.1  36153.0 
36669.1  36158.0 
36669.1  36159.0 
36669.1  36689.1 
36669.1  36690.1 
36669.1  36691.1 
36669.1  36692.1 
36669.1  36693.1 
36670.1  36694.1 
36671.1  36695.1 
36672.1  36696.1 
36673.1  36645.0 
36673.1  36164.0 
36673.1  36646.0 
36673.1  36647.0 
36673.1  36167.0 
36673.1  36648.0 
36673.1  36165.0 
36673.1  36649.0 
36673.1  36168.0 
36673.1  36170.0 
36673.1  36698.0 
36673.1  36173.0 
36673.1  36699.2 
36674.1  36653.0 
36674.1  36164.0 
36674.1  36646.0 
36674.1  36647.0 
36674.1  36165.0 
36674.1  36167.0 
36674.1  36648.0 
36674.1  36168.0 
36674.1  36649.0 
36674.1  36170.0 
36674.1  36701.0 
36674.1  36173.0 
36674.1  36637.1 
36675.1  36655.0 
36675.1  36164.0 
36675.1  36167.0 
36675.1  36637.2 
36676.1  36657.0 
36676.1  36144.0 
36676.1  36658.0 
36676.1  36147.0 
36676.1  36153.0 
36676.1  36159.0 
36676.1  36224.0 
36676.1  36703.1 
36676.1  36703.2 
36676.1  36703.3 
36676.1  36703.4 
36676.1  36703.5 
36676.1  36703.6 
36676.1  36703.7 
36677.1  36645.0 
36677.1  36164.0 
36677.1  36646.0 
36677.1  36647.0 
36677.1  36167.0 
36677.1  36648.0 
36677.1  36165.0 
36677.1  36649.0 
36677.1  36168.0 
36677.1  36170.0 
36677.1  36705.0 
36677.1  36173.0 
36677.1  36706.1 
36678.1  36653.0 
36678.1  36164.0 
36678.1  36646.0 
36678.1  36647.0 
36678.1  36165.0 
36678.1  36167.0 
36678.1  36648.0 
36678.1  36168.0 
36678.1  36649.0 
36678.1  36170.0 
36678.1  36707.0 
36678.1  36173.0 
36678.1  36651.1 
36679.1  36653.0 
36679.1  36164.0 
36679.1  36646.0 
36679.1  36647.0 
36679.1  36165.0 
36679.1  36167.0 
36679.1  36648.0 
36679.1  36168.0 
36679.1  36649.0 
36679.1  36170.0 
36679.1  36708.0 
36679.1  36173.0 
36680.0  35701.0 
36681.1  36709.0 
36682.1  36710.1 
36683.1  36711.1 
36684.1  36712.1 
36685.0  35706.0 
36686.1  36713.0 
36686.1  36164.0 
36686.1  36714.0 
36686.1  36168.0 
36686.1  36167.0 
36686.1  36715.0 
36686.1  36173.0 
36686.1  36716.0 
36686.1  36717.0 
36686.1  36178.0 
36686.1  36718.0 
36686.1  36719.0 
36686.1  36720.0 
36686.1  36179.0 
36686.1  36721.0 
36686.1  36722.0 
36686.1  36723.0 
36686.1  36724.0 
36686.1  36725.0 
36686.1  36726.0 
36686.1  36727.0 
36686.1  36728.0 
36686.1  36729.0 
36686.1  36730.0 
36686.1  36731.0 
36686.1  36732.0 
36686.1  36733.0 
36686.1  36734.0 
36686.1  36735.0 
36686.1  36736.0 
36686.1  36737.0 
36686.1  36738.0 
36686.1  36739.0 
36686.1  36740.0 
36686.1  36741.0 
36686.1  36742.0 
36686.1  36743.0 
36686.1  36744.0 
36686.1  36745.0 
36686.1  36746.0 
36686.1  36747.0 
36686.1  36748.0 
36686.1  36749.0 
36686.1  36750.0 
36686.1  36751.0 
36686.1  36752.0 
36686.1  36753.0 
36686.1  36754.0 
36686.1  36755.0 
36686.1  36756.0 
36686.1  36757.0 
36686.1  36758.0 
36686.1  36759.0 
36686.1  36760.0 
36686.1  36761.0 
36686.1  36762.0 
36686.1  36763.0 
36686.1  36764.0 
36686.1  36765.0 
36686.1  36766.0 
36686.1  36767.0 
36686.1  36768.0 
36686.1  36769.0 
36686.1  36770.0 
36686.1  36771.0 
36686.1  36772.0 
36686.1  36773.0 
36686.1  36774.0 
36686.1  36775.0 
36686.1  36776.0 
36686.1  36777.0 
36686.1  36778.0 
36686.1  36779.0 
36686.1  36780.0 
36686.1  36781.0 
36686.1  36782.0 
36686.1  36783.0 
36686.1  36784.0 
36686.1  36785.0 
36686.1  36786.0 
36686.1  36787.0 
36686.1  36788.0 
36686.1  36789.0 
36686.1  36790.0 
36686.1  36791.0 
36686.1  36792.0 
36686.2  36793.0 
36686.2  36794.0 
36686.2  36795.0 
36686.2  36796.0 
36686.2  36797.0 
36686.2  36798.0 
36686.2  36799.0 
36686.2  36800.0 
36686.2  36801.0 
36686.2  36802.0 
36686.2  36803.0 
36686.2  36804.0 
36686.2  36805.0 
36686.2  36806.0 
36686.2  36807.0 
36686.2  36808.0 
36686.2  36809.0 
36686.2  36810.0 
36686.2  36811.0 
36686.2  36812.0 
36686.2  36813.0 
36686.2  36814.0 
36686.2  36815.0 
36686.2  36816.0 
36686.2  36817.0 
36686.2  36818.0 
36686.2  36819.0 
36686.2  36820.0 
36686.2  36821.0 
36686.2  36822.0 
36686.2  36823.0 
36686.2  36824.0 
36686.2  36825.0 
36686.2  36826.0 
36686.2  36827.0 
36686.2  36828.0 
36686.2  36829.0 
36686.2  36830.0 
36686.2  36831.0 
36686.2  36832.0 
36686.2  36833.0 
36686.2  36834.0 
36686.2  36835.0 
36686.2  36836.0 
36686.2  36837.0 
36686.2  36838.0 
36686.2  36839.0 
36686.2  36840.0 
36686.2  36841.0 
36686.2  36842.0 
36686.2  36843.0 
36686.2  36844.0 
36686.2  36845.0 
36686.2  36846.0 
36686.2  36847.0 
36686.2  36848.0 
36686.2  36849.0 
36686.2  36850.0 
36686.2  36851.0 
36686.2  36852.0 
36686.2  36853.0 
36686.2  36854.0 
36686.2  36855.0 
36686.2  36856.0 
36686.2  36857.0 
36686.2  36858.0 
36686.2  36859.0 
36686.2  36860.0 
36686.2  36861.0 
36686.2  36862.0 
36686.2  36863.0 
36686.2  36864.0 
36686.2  36865.0 
36686.2  36866.0 
36686.2  36867.0 
36686.2  36868.0 
36686.2  36869.0 
36686.2  36870.0 
36686.2  36871.0 
36686.2  36872.0 
36686.2  36873.0 
36686.2  36874.0 
36686.2  36875.0 
36686.2  36876.0 
36686.3  36877.0 
36686.3  36878.0 
36686.3  36879.0 
36686.3  36880.0 
36686.3  36881.0 
36686.3  36882.0 
36686.3  36883.0 
36686.3  36884.0 
36686.3  36885.0 
36686.3  36886.0 
36686.3  36887.0 
36686.3  36888.0 
36686.3  36889.0 
36686.3  36890.0 
36686.3  36891.0 
36686.3  36892.0 
36686.3  36893.0 
36686.3  36894.0 
36686.3  36895.0 
36686.3  36896.0 
36686.3  36897.0 
36686.3  36898.0 
36686.3  36899.0 
36686.3  36900.0 
36686.3  36901.0 
36686.3  36902.0 
36686.3  36903.0 
36686.3  36904.0 
36686.3  36905.0 
36686.3  36906.0 
36686.3  36907.0 
36686.3  36908.0 
36686.3  36909.0 
36686.3  36910.0 
36686.3  36911.0 
36686.3  36912.0 
36686.3  36913.0 
36686.3  36914.0 
36686.3  36915.0 
36686.3  36916.0 
36686.3  36917.0 
36686.3  36918.0 
36686.3  36919.0 
36686.3  36920.0 
36686.3  36921.0 
36686.3  36922.0 
36686.3  36923.0 
36686.3  36924.0 
36686.3  36925.0 
36686.3  36926.0 
36686.3  36927.0 
36686.3  36928.0 
36686.3  36929.0 
36686.3  36930.0 
36686.3  36931.0 
36686.3  36932.0 
36686.3  36933.0 
36686.3  36934.0 
36686.3  36935.0 
36686.3  36936.0 
36686.3  36937.0 
36686.3  36938.0 
36686.3  36939.0 
36686.3  36940.0 
36686.3  36941.0 
36686.3  36942.0 
36686.3  36943.0 
36686.3  36944.0 
36686.3  36945.0 
36686.3  36946.0 
36686.4  36947.0 
36686.4  36948.0 
36686.4  36949.0 
36686.4  36950.0 
36686.4  36951.0 
36686.4  36952.0 
36686.4  36953.0 
36686.4  36954.0 
36686.4  36955.0 
36686.4  36956.0 
36686.4  36957.0 
36686.4  36958.0 
36686.4  36959.0 
36686.4  36960.0 
36686.4  36961.0 
36686.4  36962.0 
36686.4  36963.0 
36686.4  36964.0 
36686.4  36965.0 
36686.4  36966.0 
36686.4  36967.0 
36686.4  36968.0 
36686.4  36969.0 
36686.4  36970.0 
36686.4  36971.0 
36686.4  36972.0 
36686.4  36973.0 
36686.4  36974.0 
36686.4  36975.0 
36686.4  36976.0 
36686.4  36977.0 
36686.4  36978.0 
36686.4  36979.0 
36686.4  36980.0 
36686.4  36981.0 
36686.4  36982.0 
36686.4  36983.0 
36686.4  36984.0 
36686.4  36985.0 
36686.5  36986.0 
36686.5  36987.0 
36686.5  36988.0 
36686.5  36989.0 
36686.5  36990.0 
36686.5  36991.0 
36686.5  36992.0 
36686.5  36993.0 
36686.5  36994.0 
36686.5  36995.0 
36686.5  36996.0 
36686.5  36997.0 
36686.5  36998.0 
36686.5  36999.0 
36686.5  37000.0 
36686.5  37001.0 
36686.5  37002.0 
36686.5  37003.0 
36686.5  37004.0 
36686.5  37005.0 
36686.5  37006.0 
36686.5  37007.0 
36686.5  37008.0 
36686.5  37009.0 
36686.5  37010.0 
36686.5  37011.0 
36686.5  37012.0 
36686.5  37013.0 
36686.5  37014.0 
36686.5  37015.0 
36686.5  37016.0 
36686.5  37017.0 
36686.5  37018.0 
36686.5  37019.0 
36686.5  37020.0 
36686.5  37021.0 
36686.5  37022.0 
36686.5  37023.0 
36686.5  37024.0 
36686.5  37025.0 
36686.5  37026.0 
36686.5  37027.0 
36686.5  37028.0 
36686.5  37029.0 
36686.5  37030.0 
36686.5  37031.0 
36686.5  37032.0 
36686.5  37033.0 
36686.6  37034.0 
36686.6  37035.0 
36686.6  37036.0 
36686.6  37037.0 
36686.6  37038.0 
36686.6  37039.0 
36686.6  37040.0 
36686.6  37041.0 
36686.6  37042.0 
36686.6  37043.0 
36686.6  37044.0 
36686.6  37045.0 
36686.6  37046.0 
36686.6  37047.0 
36686.6  37048.0 
36686.6  37049.0 
36686.6  37050.0 
36686.6  37051.0 
36686.6  37052.0 
36686.6  37053.0 
36686.6  37054.0 
36686.6  37055.0 
36686.6  37056.0 
36686.6  37057.0 
36686.6  37058.0 
36686.6  37059.0 
36686.6  37060.0 
36686.6  37061.0 
36686.6  37062.0 
36686.6  37063.0 
36686.7  37064.0 
36686.7  37065.0 
36686.7  37066.0 
36686.7  37067.0 
36686.7  37068.0 
36686.7  37069.0 
36686.7  37070.0 
36686.7  37071.0 
36686.7  37072.0 
36686.7  37073.0 
36686.7  37074.0 
36686.7  37075.0 
36686.7  37076.0 
36686.7  37077.0 
36686.7  37078.0 
36686.7  37079.0 
36686.7  37080.0 
36686.7  37081.0 
36686.7  37082.0 
36686.7  37083.0 
36686.7  37084.0 
36686.7  37085.0 
36686.7  37086.0 
36686.7  37087.0 
36686.7  37088.0 
36686.7  37089.0 
36686.7  37090.0 
36686.7  37091.0 
36686.7  37092.0 
36686.7  37093.0 
36686.7  37094.0 
36686.7  37095.0 
36686.7  37096.0 
36686.7  37097.0 
36686.7  37098.0 
36686.7  37099.0 
36686.7  37100.0 
36686.7  37101.0 
36686.7  37102.0 
36686.7  37103.0 
36686.7  37104.0 
36686.7  37105.0 
36686.7  37106.0 
36686.7  37107.0 
36686.7  37108.0 
36686.7  37109.0 
36686.7  37110.0 
36687.0  35708.0 
36688.1  36156.0 
36688.1  36144.0 
36688.1  36147.0 
36689.1  37111.1 
36690.1  37112.1 
36691.1  37113.1 
36692.1  37114.1 
36693.1  37115.1 
36694.1  36665.0 
36694.1  36144.0 
36694.1  36147.0 
36694.1  36153.0 
36695.1  36666.0 
36695.1  36144.0 
36695.1  36147.0 
36695.1  36153.0 
36696.1  36668.0 
36696.1  36144.0 
36696.1  36147.0 
36697.1  36155.1 
36699.1  37117.1 
36699.2  37118.1 
36700.1  36680.0 
36700.1  36164.0 
36700.1  36177.0 
36700.1  36168.0 
36700.1  36167.0 
36700.1  36173.0 
36700.1  36178.0 
36700.1  36179.0 
36700.1  36229.0 
36700.1  36230.0 
36700.1  36231.0 
36700.1  37120.1 
36700.1  37121.1 
36700.2  37122.1 
36700.3  37123.1 
36702.1  36685.0 
36702.1  36144.0 
36702.1  36157.0 
36702.1  36148.0 
36702.1  36147.0 
36702.1  36153.0 
36702.1  36158.0 
36702.1  36159.0 
36703.1  37124.1 
36703.2  37124.2 
36703.3  37124.3 
36703.4  37124.4 
36703.5  37124.5 
36703.6  37124.6 
36703.7  37124.7 
36704.1  37126.0 
36704.1  36144.0 
36704.1  36157.0 
36704.1  36148.0 
36704.1  36147.0 
36704.1  36153.0 
36704.1  36158.0 
36704.1  36159.0 
36704.1  36229.0 
36704.1  36230.0 
36704.1  36231.0 
36704.1  37127.1 
36704.1  37128.1 
36704.1  36224.0 
36704.1  36236.0 
36704.1  37129.1 
36706.1  37130.1 
36710.1  37132.0 
36710.1  36164.0 
36710.1  36167.0 
36710.1  36173.0 
36710.1  36179.0 
36710.1  37133.1 
36711.1  37132.0 
36711.1  36164.0 
36711.1  36167.0 
36711.1  36173.0 
36711.1  36179.0 
36711.1  37135.1 
36712.1  37132.0 
36712.1  36164.0 
36712.1  36167.0 
36712.1  36173.0 
36712.1  36179.0 
36712.1  37137.1 
36713.0  35719.0 
36714.0  35720.0 
36715.0  35721.0 
36717.0  35723.0 
36718.0  35724.0 
36719.0  35725.0 
36720.0  35726.0 
36721.0  35727.0 
36722.0  35728.0 
36723.0  35729.0 
36724.0  35730.0 
36725.0  35731.0 
36726.0  35732.0 
36727.0  35733.0 
36728.0  35734.0 
36729.0  35735.0 
36730.0  35736.0 
36731.0  35737.0 
36732.0  35738.0 
36733.0  35739.0 
36734.0  35740.0 
36735.0  35741.0 
36736.0  35742.0 
36737.0  35743.0 
36738.0  35744.0 
36739.0  35745.0 
36740.0  35746.0 
36741.0  35747.0 
36742.0  35748.0 
36743.0  35749.0 
36744.0  35750.0 
36745.0  35751.0 
36746.0  35752.0 
36747.0  35753.0 
36748.0  35754.0 
36749.0  35755.0 
36750.0  35756.0 
36751.0  35757.0 
36752.0  35758.0 
36753.0  35759.0 
36754.0  35760.0 
36755.0  35761.0 
36756.0  35762.0 
36757.0  35763.0 
36758.0  35764.0 
36759.0  35765.0 
36760.0  35766.0 
36761.0  35767.0 
36762.0  35768.0 
36763.0  35769.0 
36764.0  35770.0 
36765.0  35771.0 
36766.0  35772.0 
36767.0  35773.0 
36768.0  35774.0 
36769.0  35775.0 
36770.0  35776.0 
36771.0  35777.0 
36772.0  35778.0 
36773.0  35779.0 
36774.0  35780.0 
36775.0  35781.0 
36776.0  35782.0 
36777.0  35783.0 
36778.0  35784.0 
36779.0  35785.0 
36780.0  35786.0 
36781.0  35787.0 
36782.0  35788.0 
36783.0  35789.0 
36784.0  35790.0 
36785.0  35791.0 
36786.0  35792.0 
36787.0  35793.0 
36788.0  35794.0 
36789.0  35795.0 
36790.0  35796.0 
36791.0  35797.0 
36792.0  35798.0 
36793.0  35799.0 
36794.0  35800.0 
36795.0  35801.0 
36796.0  35802.0 
36797.0  35803.0 
36798.0  35804.0 
36799.0  35805.0 
36800.0  35806.0 
36801.0  35807.0 
36802.0  35808.0 
36803.0  35809.0 
36804.0  35810.0 
36805.0  35811.0 
36806.0  35812.0 
36807.0  35813.0 
36808.0  35814.0 
36809.0  35815.0 
36810.0  35816.0 
36811.0  35817.0 
36812.0  35818.0 
36813.0  35819.0 
36814.0  35820.0 
36815.0  35821.0 
36816.0  35822.0 
36817.0  35823.0 
36818.0  35824.0 
36819.0  35825.0 
36820.0  35826.0 
36821.0  35827.0 
36822.0  35828.0 
36823.0  35829.0 
36824.0  35830.0 
36825.0  35831.0 
36826.0  35832.0 
36827.0  35833.0 
36828.0  35834.0 
36829.0  35835.0 
36830.0  35836.0 
36831.0  35837.0 
36832.0  35838.0 
36833.0  35839.0 
36834.0  35840.0 
36835.0  35841.0 
36836.0  35842.0 
36837.0  35843.0 
36838.0  35844.0 
36839.0  35845.0 
36840.0  35846.0 
36841.0  35847.0 
36842.0  35848.0 
36843.0  35849.0 
36844.0  35850.0 
36845.0  35851.0 
36846.0  35852.0 
36847.0  35853.0 
36848.0  35854.0 
36849.0  35855.0 
36850.0  35856.0 
36851.0  35857.0 
36852.0  35858.0 
36853.0  35859.0 
36854.0  35860.0 
36855.0  35861.0 
36856.0  35862.0 
36857.0  35863.0 
36858.0  35864.0 
36859.0  35865.0 
36860.0  35866.0 
36861.0  35867.0 
36862.0  35868.0 
36863.0  35869.0 
36864.0  35870.0 
36865.0  35871.0 
36866.0  35872.0 
36867.0  35873.0 
36868.0  35874.0 
36869.0  35875.0 
36870.0  35876.0 
36871.0  35877.0 
36872.0  35878.0 
36873.0  35879.0 
36874.0  35880.0 
36875.0  35881.0 
36876.0  35882.0 
36877.0  35883.0 
36878.0  35884.0 
36879.0  35885.0 
36880.0  35886.0 
36881.0  35887.0 
36882.0  35888.0 
36883.0  35889.0 
36884.0  35890.0 
36885.0  35891.0 
36886.0  35892.0 
36887.0  35893.0 
36888.0  35894.0 
36889.0  35895.0 
36890.0  35896.0 
36891.0  35897.0 
36892.0  35898.0 
36893.0  35899.0 
36894.0  35900.0 
36895.0  35901.0 
36896.0  35902.0 
36897.0  35903.0 
36898.0  35904.0 
36899.0  35905.0 
36900.0  35906.0 
36901.0  35907.0 
36902.0  35908.0 
36903.0  35909.0 
36904.0  35910.0 
36905.0  35911.0 
36906.0  35912.0 
36907.0  35913.0 
36908.0  35914.0 
36909.0  35915.0 
36911.0  35917.0 
36912.0  35918.0 
36913.0  35919.0 
36914.0  35920.0 
36915.0  35921.0 
36916.0  35922.0 
36917.0  35923.0 
36918.0  35924.0 
36919.0  35925.0 
36920.0  35926.0 
36921.0  35927.0 
36922.0  35928.0 
36923.0  35929.0 
36924.0  35930.0 
36925.0  35931.0 
36926.0  35932.0 
36927.0  35933.0 
36928.0  35934.0 
36929.0  35935.0 
36930.0  35936.0 
36931.0  35937.0 
36932.0  35938.0 
36933.0  35939.0 
36934.0  35940.0 
36935.0  35941.0 
36936.0  35942.0 
36937.0  35943.0 
36938.0  35944.0 
36939.0  35945.0 
36940.0  35946.0 
36941.0  35947.0 
36942.0  35948.0 
36943.0  35949.0 
36944.0  35950.0 
36945.0  35951.0 
36946.0  35952.0 
36947.0  35953.0 
36948.0  35954.0 
36949.0  35955.0 
36950.0  35956.0 
36951.0  35957.0 
36952.0  35958.0 
36953.0  35959.0 
36954.0  35960.0 
36955.0  35961.0 
36956.0  35962.0 
36957.0  35963.0 
36958.0  35964.0 
36959.0  35965.0 
36960.0  35966.0 
36961.0  35967.0 
36962.0  35968.0 
36963.0  35969.0 
36964.0  35970.0 
36965.0  35971.0 
36966.0  35972.0 
36967.0  35973.0 
36968.0  35974.0 
36969.0  35975.0 
36970.0  35976.0 
36971.0  35977.0 
36972.0  35978.0 
36973.0  35979.0 
36974.0  35980.0 
36975.0  35981.0 
36976.0  35982.0 
36977.0  35983.0 
36978.0  35984.0 
36979.0  35985.0 
36980.0  35986.0 
36981.0  35987.0 
36982.0  35988.0 
36983.0  35989.0 
36984.0  35990.0 
36985.0  35991.0 
36986.0  35992.0 
36987.0  35993.0 
36988.0  35994.0 
36989.0  35995.0 
36990.0  35996.0 
36991.0  35997.0 
36992.0  35998.0 
36993.0  35999.0 
36994.0  36000.0 
36995.0  36001.0 
36996.0  36002.0 
36997.0  36003.0 
36998.0  36004.0 
36999.0  36005.0 
37000.0  36006.0 
37001.0  36007.0 
37002.0  36008.0 
37003.0  36009.0 
37004.0  36010.0 
37005.0  36011.0 
37006.0  36012.0 
37007.0  36013.0 
37008.0  36014.0 
37009.0  36015.0 
37010.0  36016.0 
37011.0  36017.0 
37012.0  36018.0 
37013.0  36019.0 
37014.0  36020.0 
37015.0  36021.0 
37016.0  36022.0 
37017.0  36023.0 
37018.0  36024.0 
37019.0  36025.0 
37020.0  36026.0 
37021.0  36027.0 
37022.0  36028.0 
37023.0  36029.0 
37024.0  36030.0 
37025.0  36031.0 
37026.0  36032.0 
37027.0  36033.0 
37028.0  36034.0 
37029.0  36035.0 
37030.0  36036.0 
37031.0  36037.0 
37032.0  36038.0 
37033.0  36039.0 
37034.0  36040.0 
37035.0  36041.0 
37036.0  36042.0 
37037.0  36043.0 
37038.0  36044.0 
37039.0  36045.0 
37040.0  36046.0 
37041.0  36047.0 
37042.0  36048.0 
37043.0  36049.0 
37044.0  36050.0 
37045.0  36051.0 
37046.0  36052.0 
37047.0  36053.0 
37048.0  36054.0 
37049.0  36055.0 
37050.0  36056.0 
37051.0  36057.0 
37052.0  36058.0 
37053.0  36059.0 
37054.0  36060.0 
37055.0  36061.0 
37056.0  36062.0 
37057.0  36063.0 
37058.0  36064.0 
37059.0  36065.0 
37060.0  36066.0 
37061.0  36067.0 
37062.0  36068.0 
37063.0  36069.0 
37064.0  36070.0 
37065.0  36071.0 
37066.0  36072.0 
37067.0  36073.0 
37068.0  36074.0 
37069.0  36075.0 
37070.0  36076.0 
37071.0  36077.0 
37072.0  36078.0 
37073.0  36079.0 
37074.0  36080.0 
37075.0  36081.0 
37076.0  36082.0 
37077.0  36083.0 
37078.0  36084.0 
37079.0  36085.0 
37080.0  36086.0 
37081.0  36087.0 
37111.1  36666.0 
37111.1  36144.0 
37111.1  36147.0 
37111.1  36153.0 
37112.1  36665.0 
37112.1  36144.0 
37112.1  36147.0 
37112.1  36153.0 
37113.1  36687.0 
37113.1  36144.0 
37113.1  36147.0 
37113.1  36153.0 
37114.1  36687.0 
37114.1  36144.0 
37114.1  36147.0 
37114.1  36153.0 
37115.1  36687.0 
37115.1  36144.0 
37115.1  36147.0 
37115.1  36153.0 
37117.1  36645.0 
37117.1  36164.0 
37117.1  36646.0 
37117.1  36647.0 
37117.1  36167.0 
37117.1  36648.0 
37117.1  36165.0 
37117.1  36649.0 
37117.1  36168.0 
37117.1  36170.0 
37117.1  37139.0 
37117.1  36173.0 
37117.1  37140.1 
37118.1  36653.0 
37118.1  36164.0 
37118.1  36646.0 
37118.1  36647.0 
37118.1  36165.0 
37118.1  36167.0 
37118.1  36648.0 
37118.1  36168.0 
37118.1  36649.0 
37118.1  36170.0 
37118.1  37142.0 
37118.1  36173.0 
37118.1  36699.1 
37119.1  36653.0 
37119.1  36164.0 
37119.1  36646.0 
37119.1  36647.0 
37119.1  36165.0 
37119.1  36167.0 
37119.1  36648.0 
37119.1  36168.0 
37119.1  36649.0 
37119.1  36170.0 
37119.1  37143.0 
37119.1  36173.0 
37120.1  37144.0 
37121.1  37145.1 
37122.1  37146.1 
37123.1  37147.1 
37124.1  36713.0 
37124.1  36144.0 
37124.1  36714.0 
37124.1  36148.0 
37124.1  36147.0 
37124.1  36715.0 
37124.1  36153.0 
37124.1  37148.0 
37124.1  36717.0 
37124.1  36158.0 
37124.1  36718.0 
37124.1  36719.0 
37124.1  36720.0 
37124.1  36159.0 
37124.1  36721.0 
37124.1  36722.0 
37124.1  36723.0 
37124.1  36724.0 
37124.1  36725.0 
37124.1  36726.0 
37124.1  36727.0 
37124.1  36728.0 
37124.1  36729.0 
37124.1  36730.0 
37124.1  36731.0 
37124.1  36732.0 
37124.1  36733.0 
37124.1  36734.0 
37124.1  36735.0 
37124.1  36736.0 
37124.1  36737.0 
37124.1  36738.0 
37124.1  36739.0 
37124.1  36740.0 
37124.1  36741.0 
37124.1  36742.0 
37124.1  36743.0 
37124.1  36744.0 
37124.1  36745.0 
37124.1  36746.0 
37124.1  36747.0 
37124.1  36748.0 
37124.1  36749.0 
37124.1  36750.0 
37124.1  36751.0 
37124.1  36752.0 
37124.1  36753.0 
37124.1  36754.0 
37124.1  36755.0 
37124.1  36756.0 
37124.1  36757.0 
37124.1  36758.0 
37124.1  36759.0 
37124.1  36760.0 
37124.1  36761.0 
37124.1  36762.0 
37124.1  36763.0 
37124.1  36764.0 
37124.1  36765.0 
37124.1  36766.0 
37124.1  36767.0 
37124.1  36768.0 
37124.1  36769.0 
37124.1  36770.0 
37124.1  36771.0 
37124.1  36772.0 
37124.1  36773.0 
37124.1  36774.0 
37124.1  36775.0 
37124.1  36776.0 
37124.1  36777.0 
37124.1  36778.0 
37124.1  36779.0 
37124.1  36780.0 
37124.1  36781.0 
37124.1  36782.0 
37124.1  36783.0 
37124.1  36784.0 
37124.1  36785.0 
37124.1  36786.0 
37124.1  36787.0 
37124.1  36788.0 
37124.1  36789.0 
37124.1  36790.0 
37124.1  36791.0 
37124.1  36792.0 
37124.2  36793.0 
37124.2  36794.0 
37124.2  36795.0 
37124.2  36796.0 
37124.2  36797.0 
37124.2  36798.0 
37124.2  36799.0 
37124.2  36800.0 
37124.2  36801.0 
37124.2  36802.0 
37124.2  36803.0 
37124.2  36804.0 
37124.2  36805.0 
37124.2  36806.0 
37124.2  36807.0 
37124.2  36808.0 
37124.2  36809.0 
37124.2  36810.0 
37124.2  36811.0 
37124.2  36812.0 
37124.2  36813.0 
37124.2  36814.0 
37124.2  36815.0 
37124.2  36816.0 
37124.2  36817.0 
37124.2  36818.0 
37124.2  36819.0 
37124.2  36820.0 
37124.2  36821.0 
37124.2  36822.0 
37124.2  36823.0 
37124.2  36824.0 
37124.2  36825.0 
37124.2  36826.0 
37124.2  36827.0 
37124.2  36828.0 
37124.2  36829.0 
37124.2  36830.0 
37124.2  36831.0 
37124.2  36832.0 
37124.2  36833.0 
37124.2  36834.0 
37124.2  36835.0 
37124.2  36836.0 
37124.2  36837.0 
37124.2  36838.0 
37124.2  36839.0 
37124.2  36840.0 
37124.2  36841.0 
37124.2  36842.0 
37124.2  36843.0 
37124.2  36844.0 
37124.2  36845.0 
37124.2  36846.0 
37124.2  36847.0 
37124.2  36848.0 
37124.2  36849.0 
37124.2  36850.0 
37124.2  36851.0 
37124.2  36852.0 
37124.2  36853.0 
37124.2  36854.0 
37124.2  36855.0 
37124.2  36856.0 
37124.2  36857.0 
37124.2  36858.0 
37124.2  36859.0 
37124.2  36860.0 
37124.2  36861.0 
37124.2  36862.0 
37124.2  36863.0 
37124.2  36864.0 
37124.2  36865.0 
37124.2  36866.0 
37124.2  36867.0 
37124.2  36868.0 
37124.2  36869.0 
37124.2  36870.0 
37124.2  36871.0 
37124.2  36872.0 
37124.2  36873.0 
37124.2  36874.0 
37124.2  36875.0 
37124.2  36876.0 
37124.3  36877.0 
37124.3  36878.0 
37124.3  36879.0 
37124.3  36880.0 
37124.3  36881.0 
37124.3  36882.0 
37124.3  36883.0 
37124.3  36884.0 
37124.3  36885.0 
37124.3  36886.0 
37124.3  36887.0 
37124.3  36888.0 
37124.3  36889.0 
37124.3  36890.0 
37124.3  36891.0 
37124.3  36892.0 
37124.3  36893.0 
37124.3  36894.0 
37124.3  36895.0 
37124.3  36896.0 
37124.3  36897.0 
37124.3  36898.0 
37124.3  36899.0 
37124.3  36900.0 
37124.3  36901.0 
37124.3  36902.0 
37124.3  36903.0 
37124.3  36904.0 
37124.3  36905.0 
37124.3  36906.0 
37124.3  36907.0 
37124.3  36908.0 
37124.3  36909.0 
37124.3  37149.0 
37124.3  36911.0 
37124.3  36912.0 
37124.3  36913.0 
37124.3  36914.0 
37124.3  36915.0 
37124.3  36916.0 
37124.3  36917.0 
37124.3  36918.0 
37124.3  36919.0 
37124.3  36920.0 
37124.3  36921.0 
37124.3  36922.0 
37124.3  36923.0 
37124.3  36924.0 
37124.3  36925.0 
37124.3  36926.0 
37124.3  36927.0 
37124.3  36928.0 
37124.3  36929.0 
37124.3  36930.0 
37124.3  36931.0 
37124.3  36932.0 
37124.3  36933.0 
37124.3  36934.0 
37124.3  36935.0 
37124.3  36936.0 
37124.3  36937.0 
37124.3  36938.0 
37124.3  36939.0 
37124.3  36940.0 
37124.3  36941.0 
37124.3  36942.0 
37124.3  36943.0 
37124.3  36944.0 
37124.3  36945.0 
37124.3  36946.0 
37124.4  36947.0 
37124.4  36948.0 
37124.4  36949.0 
37124.4  36950.0 
37124.4  36951.0 
37124.4  36952.0 
37124.4  36953.0 
37124.4  36954.0 
37124.4  36955.0 
37124.4  36956.0 
37124.4  36957.0 
37124.4  36958.0 
37124.4  36959.0 
37124.4  36960.0 
37124.4  36961.0 
37124.4  36962.0 
37124.4  36963.0 
37124.4  36964.0 
37124.4  36965.0 
37124.4  36966.0 
37124.4  36967.0 
37124.4  36968.0 
37124.4  36969.0 
37124.4  36970.0 
37124.4  36971.0 
37124.4  36972.0 
37124.4  36973.0 
37124.4  36974.0 
37124.4  36975.0 
37124.4  36976.0 
37124.4  36977.0 
37124.4  36978.0 
37124.4  36979.0 
37124.4  36980.0 
37124.4  36981.0 
37124.4  36982.0 
37124.4  36983.0 
37124.4  36984.0 
37124.4  36985.0 
37124.5  36986.0 
37124.5  36987.0 
37124.5  36988.0 
37124.5  36989.0 
37124.5  36990.0 
37124.5  36991.0 
37124.5  36992.0 
37124.5  36993.0 
37124.5  36994.0 
37124.5  36995.0 
37124.5  36996.0 
37124.5  36997.0 
37124.5  36998.0 
37124.5  36999.0 
37124.5  37000.0 
37124.5  37001.0 
37124.5  37002.0 
37124.5  37003.0 
37124.5  37004.0 
37124.5  37005.0 
37124.5  37006.0 
37124.5  37007.0 
37124.5  37008.0 
37124.5  37009.0 
37124.5  37010.0 
37124.5  37011.0 
37124.5  37012.0 
37124.5  37013.0 
37124.5  37014.0 
37124.5  37015.0 
37124.5  37016.0 
37124.5  37017.0 
37124.5  37018.0 
37124.5  37019.0 
37124.5  37020.0 
37124.5  37021.0 
37124.5  37022.0 
37124.5  37023.0 
37124.5  37024.0 
37124.5  37025.0 
37124.5  37026.0 
37124.5  37027.0 
37124.5  37028.0 
37124.5  37029.0 
37124.5  37030.0 
37124.5  37031.0 
37124.5  37032.0 
37124.5  37033.0 
37124.6  37034.0 
37124.6  37035.0 
37124.6  37036.0 
37124.6  37037.0 
37124.6  37038.0 
37124.6  37039.0 
37124.6  37040.0 
37124.6  37041.0 
37124.6  37042.0 
37124.6  37043.0 
37124.6  37044.0 
37124.6  37045.0 
37124.6  37046.0 
37124.6  37047.0 
37124.6  37048.0 
37124.6  37049.0 
37124.6  37050.0 
37124.6  37051.0 
37124.6  37052.0 
37124.6  37053.0 
37124.6  37054.0 
37124.6  37055.0 
37124.6  37056.0 
37124.6  37057.0 
37124.6  37058.0 
37124.6  37059.0 
37124.6  37060.0 
37124.6  37061.0 
37124.6  37062.0 
37124.6  37063.0 
37124.7  37064.0 
37124.7  37065.0 
37124.7  37066.0 
37124.7  37067.0 
37124.7  37068.0 
37124.7  37069.0 
37124.7  37070.0 
37124.7  37071.0 
37124.7  37072.0 
37124.7  37073.0 
37124.7  37074.0 
37124.7  37075.0 
37124.7  37076.0 
37124.7  37077.0 
37124.7  37078.0 
37124.7  37079.0 
37124.7  37080.0 
37124.7  37081.0 
37124.7  37150.0 
37124.7  37151.0 
37124.7  37152.0 
37124.7  37153.0 
37124.7  37154.0 
37124.7  37155.0 
37124.7  37156.0 
37124.7  37157.0 
37124.7  37158.0 
37124.7  37159.0 
37124.7  37160.0 
37124.7  37161.0 
37124.7  37162.0 
37124.7  37163.0 
37124.7  37164.0 
37124.7  37165.0 
37124.7  37166.0 
37124.7  37167.0 
37124.7  37168.0 
37124.7  37169.0 
37124.7  37170.0 
37124.7  37171.0 
37124.7  37172.0 
37124.7  37173.0 
37124.7  37174.0 
37124.7  37175.0 
37124.7  37176.0 
37124.7  37177.0 
37124.7  37178.0 
37125.1  36645.0 
37125.1  36144.0 
37125.1  36646.0 
37125.1  36647.0 
37125.1  36147.0 
37125.1  36648.0 
37125.1  36145.0 
37125.1  36649.0 
37125.1  36148.0 
37125.1  36150.0 
37125.1  37179.0 
37125.1  36153.0 
37125.1  36637.3 
37126.0  35174.0 
37127.1  37180.1 
37128.1  37181.1 
37129.1  37182.1 
37130.1  37183.0 
37130.1  36144.0 
37130.1  36147.0 
37130.1  36637.3 
37132.0  36123.0 
37133.1  37184.0 
37135.1  37185.0 
37137.1  37186.0 
37138.1  37126.0 
37138.1  35206.0 
37138.1  35219.0 
37138.1  35210.0 
37138.1  35209.0 
37138.1  35215.0 
37138.1  35220.0 
37138.1  35221.0 
37138.1  35271.0 
37138.1  35272.0 
37138.1  35273.0 
37138.1  37188.1 
37138.1  37189.1 
37138.1  35266.0 
37138.1  35278.0 
37138.1  37190.1 
37140.1  37191.1 
37141.1  35217.1 
37145.1  37132.0 
37145.1  36164.0 
37145.1  36167.0 
37145.1  36173.0 
37145.1  36179.0 
37145.1  37193.1 
37146.1  37132.0 
37146.1  36164.0 
37146.1  36167.0 
37146.1  36173.0 
37146.1  36179.0 
37146.1  37195.1 
37147.1  37132.0 
37147.1  36164.0 
37147.1  36167.0 
37147.1  36173.0 
37147.1  36179.0 
37147.1  37197.1 
37180.1  37132.0 
37180.1  36144.0 
37180.1  36147.0 
37180.1  36153.0 
37180.1  36159.0 
37180.1  37199.1 
37181.1  37200.0 
37181.1  36144.0 
37181.1  36147.0 
37181.1  36153.0 
37181.1  37201.41 
37182.1  37200.0 
37182.1  36144.0 
37182.1  36147.0 
37182.1  36153.0 
37182.1  37202.6 
37183.0  35190.0 
37187.1  35674.0 
37187.1  35206.0 
37187.1  35675.0 
37187.1  35676.0 
37187.1  35209.0 
37187.1  35677.0 
37187.1  35207.0 
37187.1  35678.0 
37187.1  35210.0 
37187.1  35212.0 
37187.1  37203.0 
37187.1  35215.0 
37187.1  35620.3 
37188.1  37204.1 
37189.1  37205.1 
37190.1  37206.1 
37191.1  37183.0 
37191.1  35206.0 
37191.1  35209.0 
37191.1  37207.3 
37193.1  37208.0 
37195.1  37209.0 
37197.1  37210.0 
37199.1  37211.0 
37200.0  35197.0 
37201.39  35198.39 
37201.40  37212.1 
37201.41  36700.1 
37201.42  36652.1 
37202.4  35199.4 
37202.5  37212.2 
37202.6  36700.2 
37202.7  36652.2 
37204.1  36123.0 
37204.1  35206.0 
37204.1  35209.0 
37204.1  35215.0 
37204.1  35221.0 
37204.1  37214.1 
37205.1  37200.0 
37205.1  35206.0 
37205.1  35209.0 
37205.1  35215.0 
37205.1  37201.40 
37206.1  37200.0 
37206.1  35206.0 
37206.1  35209.0 
37206.1  35215.0 
37206.1  37202.5 
37207.3  35620.3 
37212.3  35681.3 
37214.1  37215.0 
36161.0  36162.0 
36162.0  36175.0 
36181.0  36182.0 
36182.0  36610.0 
36610.0  36621.0 
36615.0  36631.0 
36617.0  36175.0 
36618.0  36652.0 
36619.0  36652.0 
36620.0  36656.0 
36621.0  36175.0 
36628.0  36182.0 
36629.0  36182.0 
36630.0  36667.0 
36631.0  36669.0 
36652.0  36679.0 
36656.0  36181.0 
36660.0  36610.0 
36661.0  36610.0 
36662.0  36610.0 
36663.0  36610.0 
36664.0  36610.0 
36667.0  36182.0 
36669.0  36688.0 
36673.0  36697.0 
36674.0  36700.0 
36675.0  36700.0 
36676.0  36702.0 
36677.0  36704.0 
36678.0  36697.0 
36679.0  36175.0 
36686.0  36656.0 
36688.0  36697.0 
36694.0  36631.0 
36695.0  36631.0 
36696.0  37116.0 
36700.0  37119.0 
36702.0  36615.0 
36704.0  37125.0 
36709.0  36652.0 
36710.0  37131.0 
36711.0  37134.0 
36712.0  37136.0 
37111.0  36669.0 
37112.0  36669.0 
37113.0  36669.0 
37114.0  36669.0 
37115.0  36669.0 
37116.0  36631.0 
37117.0  37138.0 
37118.0  37141.0 
37119.0  36697.0 
37124.0  36702.0 
37125.0  36697.0 
37130.0  36704.0 
37131.0  36652.0 
37134.0  36652.0 
37136.0  36652.0 
37138.0  37187.0 
37144.0  36700.0 
37145.0  37192.0 
37146.0  37194.0 
37147.0  37196.0 
37180.0  37198.0 
37181.0  36704.0 
37182.0  36704.0 
37184.0  37131.0 
37185.0  37134.0 
37186.0  37136.0 
37187.0  37141.0 
37191.0  37138.0 
37192.0  36700.0 
37194.0  36700.0 
37196.0  36700.0 
37198.0  36704.0 
37204.0  37213.0 
37205.0  37138.0 
37206.0  37138.0 
37208.0  37192.0 
37209.0  37194.0 
37210.0  37196.0 
37211.0  37198.0 
37213.0  37138.0 
37215.0  37213.0 
36180.1  36181.10 
