56117.1  56119.0 
56117.1  56120.0 
56117.1  56121.0 
56117.1  56122.0 
56117.1  56123.0 
56117.1  56124.0 
56117.1  56125.0 
56117.1  56126.0 
56117.1  56127.0 
56117.1  56128.0 
56117.1  56129.0 
56117.1  56130.0 
56118.1  56132.0 
56118.1  56120.0 
56118.1  56123.0 
56119.0  55185.0 
56120.0  55186.0 
56121.0  55187.0 
56122.0  55188.0 
56123.0  55189.0 
56124.0  55190.0 
56125.0  55191.0 
56126.0  55192.0 
56129.0  55195.0 
56131.1  56120.0 
56131.1  56133.0 
56131.1  56124.0 
56131.1  56123.0 
56131.1  56129.0 
56131.1  56134.0 
56131.1  56135.0 
56132.0  55198.0 
56133.0  55199.0 
56134.0  55200.0 
56135.0  55201.0 
56116.1  56117.1 
56137.1  56139.0 
56137.1  56140.0 
56137.1  56141.0 
56137.1  56142.0 
56137.1  56120.0 
56137.1  56143.0 
56137.1  56144.0 
56137.1  56145.0 
56137.1  56146.0 
56137.1  56124.0 
56137.1  56147.0 
56137.1  56148.0 
56137.1  56149.0 
56137.1  56150.0 
56137.1  56151.0 
56137.1  56152.0 
56137.1  56153.0 
56137.1  56154.0 
56137.1  56155.0 
56137.1  56156.0 
56137.1  56157.0 
56137.1  56158.0 
56137.1  56159.0 
56137.1  56160.0 
56137.1  56161.0 
56137.1  56123.0 
56137.1  56162.0 
56137.1  56163.0 
56137.1  56164.0 
56137.1  56165.0 
56137.1  56166.0 
56137.1  56167.0 
56137.1  56168.0 
56137.1  56169.0 
56137.1  56170.0 
56137.1  56171.0 
56137.1  56172.0 
56137.1  56173.0 
56137.1  56174.0 
56137.1  56175.0 
56137.1  56176.0 
56137.1  56177.0 
56137.1  56178.0 
56137.1  56179.0 
56137.1  56180.0 
56137.1  56129.0 
56137.1  56181.0 
56137.1  56182.0 
56137.1  56183.0 
56137.1  56184.0 
56137.1  56135.0 
56137.1  56185.0 
56137.1  56186.0 
56137.1  56187.0 
56137.1  56188.0 
56137.1  56189.0 
56137.1  56190.0 
56137.1  56191.0 
56137.1  56192.0 
56137.1  56193.0 
56137.1  56194.0 
56137.1  56195.0 
56137.1  56196.0 
56137.1  56197.0 
56137.1  56198.0 
56137.1  56199.0 
56137.1  56200.0 
56137.1  56201.0 
56137.1  56202.0 
56137.1  56203.0 
56137.1  56204.0 
56137.1  56205.0 
56137.1  56206.0 
56137.1  56207.0 
56137.1  56208.0 
56137.1  56209.0 
56137.1  56210.0 
56137.1  56211.0 
56137.1  56212.0 
56137.1  56213.0 
56137.1  56214.0 
56137.1  56215.0 
56137.1  56216.0 
56137.1  56217.0 
56137.1  56218.0 
56137.1  56219.0 
56137.1  56220.0 
56137.1  56221.0 
56137.1  56222.0 
56137.1  56223.0 
56137.1  56224.0 
56137.1  56225.0 
56137.1  56226.0 
56137.1  56227.0 
56137.1  56228.0 
56137.1  56229.0 
56137.1  56230.0 
56137.1  56231.0 
56137.1  56232.0 
56137.1  56233.0 
56137.1  56234.0 
56137.1  56235.0 
56137.1  56236.0 
56137.1  56237.0 
56137.1  56238.0 
56137.1  56239.0 
56137.1  56240.0 
56137.1  56241.0 
56137.1  56242.0 
56137.1  56243.0 
56137.1  56244.0 
56137.1  56245.0 
56137.1  56246.0 
56137.1  56247.0 
56137.1  56248.0 
56137.1  56249.0 
56137.1  56250.0 
56137.1  56251.0 
56137.1  56252.0 
56137.1  56253.0 
56137.1  56254.0 
56137.1  56255.0 
56137.1  56256.0 
56137.1  56257.0 
56137.1  56258.0 
56137.1  56259.0 
56137.1  56260.0 
56137.1  56261.0 
56137.1  56262.0 
56137.1  56263.0 
56137.1  56264.0 
56137.1  56265.0 
56137.1  56266.0 
56137.1  56267.0 
56137.1  56268.0 
56137.1  56269.0 
56137.1  56270.0 
56137.1  56271.0 
56137.1  56272.0 
56137.1  56273.0 
56137.1  56274.0 
56137.1  56275.0 
56137.1  56276.0 
56137.1  56277.0 
56137.1  56278.0 
56137.1  56279.0 
56137.1  56280.0 
56137.1  56281.0 
56137.1  56282.0 
56137.1  56283.0 
56137.1  56284.0 
56137.1  56285.0 
56137.1  56286.0 
56137.1  56287.0 
56137.1  56288.0 
56137.1  56289.0 
56137.1  56290.0 
56137.1  56291.0 
56137.1  56292.0 
56137.1  56293.0 
56137.1  56294.0 
56137.1  56295.0 
56137.1  56296.0 
56137.1  56297.0 
56137.1  56298.0 
56137.1  56134.0 
56137.1  56299.0 
56137.1  56300.0 
56137.1  56301.0 
56137.1  56302.1 
56137.1  56303.0 
56137.1  56304.0 
56137.1  56305.0 
56137.1  56306.0 
56137.1  56307.0 
56137.1  56308.0 
56137.2  56309.0 
56137.2  56310.0 
56137.2  56311.0 
56137.2  56312.0 
56137.2  56313.0 
56137.2  56314.0 
56137.2  56315.0 
56137.2  56316.0 
56137.2  56317.0 
56137.2  56318.0 
56137.2  56319.0 
56137.2  56320.0 
56137.2  56321.0 
56137.2  56322.0 
56137.2  56323.0 
56137.2  56324.0 
56137.2  56325.0 
56137.2  56326.0 
56137.2  56327.0 
56137.2  56328.0 
56137.2  56329.0 
56137.2  56330.0 
56137.2  56331.0 
56137.2  56332.0 
56137.2  56333.0 
56137.2  56334.0 
56137.2  56335.0 
56137.2  56336.0 
56137.2  56337.0 
56137.2  56338.0 
56137.2  56339.0 
56137.2  56121.0 
56137.2  56340.0 
56137.2  56341.0 
56137.2  56342.0 
56137.2  56343.0 
56137.2  56344.0 
56137.2  56345.0 
56137.2  56346.0 
56137.2  56347.0 
56137.2  56348.0 
56137.2  56349.0 
56137.2  56350.0 
56137.2  56126.0 
56137.2  56351.0 
56137.2  56352.0 
56137.2  56353.0 
56137.2  56354.0 
56137.2  56355.0 
56137.2  56356.0 
56137.2  56357.0 
56137.2  56358.0 
56137.2  56359.0 
56137.2  56360.0 
56137.2  56361.0 
56137.2  56362.0 
56137.2  56363.0 
56137.2  56364.0 
56137.2  56365.0 
56137.2  56366.0 
56137.2  56367.0 
56137.2  56368.0 
56137.2  56369.0 
56137.2  56370.0 
56137.2  56371.0 
56137.2  56372.0 
56137.2  56373.0 
56137.2  56374.0 
56137.2  56375.0 
56137.2  56376.0 
56137.2  56377.0 
56137.2  56378.0 
56137.2  56379.0 
56137.2  56380.0 
56137.2  56381.0 
56137.2  56382.0 
56137.2  56383.0 
56137.2  56384.0 
56137.2  56385.0 
56137.2  56386.0 
56137.2  56387.0 
56137.2  56388.0 
56137.2  56389.0 
56137.2  56390.0 
56137.2  56391.0 
56137.2  56392.0 
56137.2  56393.0 
56137.2  56394.0 
56137.2  56395.0 
56137.2  56396.0 
56137.2  56397.0 
56137.2  56398.0 
56137.2  56399.0 
56137.2  56400.0 
56137.2  56401.0 
56137.2  56402.0 
56137.2  56403.0 
56137.2  56404.0 
56137.2  56405.0 
56137.2  56406.0 
56137.2  56407.0 
56137.2  56408.0 
56137.2  56409.0 
56137.2  56410.0 
56137.2  56411.0 
56137.2  56412.0 
56137.2  56413.0 
56137.2  56414.0 
56137.2  56415.0 
56137.2  56416.0 
56137.2  56417.0 
56137.2  56418.0 
56137.2  56419.0 
56137.2  56420.0 
56137.2  56421.0 
56137.2  56422.0 
56137.2  56423.0 
56137.2  56424.0 
56137.2  56425.0 
56137.2  56426.0 
56137.2  56427.0 
56137.2  56428.0 
56137.2  56429.0 
56137.2  56430.0 
56137.2  56431.0 
56137.2  56432.0 
56137.2  56433.0 
56137.2  56434.0 
56137.2  56435.0 
56137.2  56436.0 
56137.2  56437.0 
56137.2  56438.0 
56137.2  56439.0 
56137.2  56440.0 
56137.2  56441.0 
56137.2  56442.0 
56137.2  56443.0 
56137.2  56444.0 
56137.2  56445.0 
56137.2  56446.0 
56137.2  56447.0 
56137.2  56448.0 
56137.2  56449.0 
56137.2  56450.0 
56137.2  56451.0 
56137.2  56452.0 
56137.2  56453.0 
56137.2  56454.0 
56137.2  56455.0 
56137.2  56456.0 
56137.2  56457.0 
56137.2  56458.0 
56137.2  56459.0 
56137.2  56460.0 
56137.2  56461.0 
56137.2  56462.0 
56137.2  56463.0 
56137.2  56464.0 
56137.2  56465.0 
56137.2  56466.0 
56137.2  56467.1 
56137.2  56468.0 
56137.2  56469.0 
56137.2  56470.0 
56137.2  56471.0 
56137.2  56472.0 
56137.2  56473.0 
56137.2  56474.0 
56137.2  56475.0 
56137.2  56476.0 
56137.2  56477.0 
56137.2  56478.0 
56137.2  56479.0 
56137.2  56480.0 
56137.2  56481.0 
56137.2  56482.2 
56137.2  56483.2 
56137.2  56484.0 
56137.2  56485.0 
56137.2  56486.0 
56137.2  56487.0 
56137.2  56488.0 
56137.2  56489.0 
56137.2  56490.0 
56137.2  56491.0 
56137.2  56492.0 
56137.2  56493.0 
56137.2  56494.0 
56137.2  56495.0 
56137.2  56496.0 
56137.3  56497.0 
56137.3  56498.0 
56137.3  56499.0 
56137.3  56500.0 
56137.3  56501.0 
56137.3  56502.0 
56137.3  56503.0 
56137.3  56504.0 
56137.3  56505.2 
56137.3  56506.0 
56137.3  56507.0 
56137.3  56508.0 
56137.3  56509.0 
56137.3  56510.0 
56137.3  56511.0 
56137.4  56512.0 
56137.4  56513.0 
56137.4  56514.0 
56137.4  56515.0 
56137.4  56116.1 
56137.5  56516.0 
56137.5  56517.0 
56137.5  56518.0 
56137.5  56519.0 
56137.5  56520.0 
56137.5  56521.1 
56137.5  56522.0 
56137.5  56523.4 
56137.5  56524.4 
56137.5  56525.0 
56137.5  56526.2 
56137.6  56527.0 
56137.6  56528.0 
56137.6  56529.0 
56137.6  56530.0 
56137.6  56531.0 
56137.6  56532.0 
56137.6  56125.0 
56137.6  56122.0 
56137.6  56533.0 
56137.6  56534.3 
56137.6  56535.0 
56137.6  56536.0 
56137.6  56537.0 
56137.6  56538.0 
56137.6  56539.0 
56137.6  56540.0 
56137.6  56541.0 
56137.6  56542.0 
56137.6  56543.2 
56137.6  56544.0 
56137.6  56545.0 
56137.7  56546.0 
56137.7  56547.0 
56137.7  56548.5 
56137.7  56549.0 
56137.7  56550.0 
56137.7  56551.1 
56137.7  56552.0 
56137.7  56553.0 
56137.7  56554.0 
56137.7  56555.0 
56137.7  56556.0 
56137.8  56557.0 
56137.8  56558.0 
56137.8  56559.0 
56137.8  56560.0 
56137.8  56561.0 
56137.9  56562.0 
56137.9  56563.0 
56137.9  56564.0 
56137.9  56505.5 
56137.10  56565.0 
56138.1  56567.0 
56138.1  56120.0 
56138.1  56133.0 
56138.1  56124.0 
56138.1  56123.0 
56138.1  56129.0 
56138.1  56134.0 
56138.1  56135.0 
56138.1  56568.1 
56138.1  56569.1 
56138.1  56570.1 
56139.0  55205.0 
56140.0  55206.0 
56141.0  55207.0 
56142.0  55208.0 
56143.0  55209.0 
56144.0  55210.0 
56145.0  55211.0 
56146.0  55212.0 
56147.0  55213.0 
56148.0  55214.0 
56149.0  55215.0 
56150.0  55216.0 
56151.0  55217.0 
56152.0  55218.0 
56153.0  55219.0 
56154.0  55220.0 
56155.0  55221.0 
56156.0  55222.0 
56157.0  55223.0 
56158.0  55224.0 
56159.0  55225.0 
56160.0  55226.0 
56161.0  55227.0 
56162.0  55228.0 
56163.0  55229.0 
56164.0  55230.0 
56165.0  55231.0 
56166.0  55232.0 
56167.0  55233.0 
56168.0  55234.0 
56169.0  55235.0 
56170.0  55236.0 
56171.0  55237.0 
56172.0  55238.0 
56173.0  55239.0 
56174.0  55240.0 
56175.0  55241.0 
56176.0  55242.0 
56177.0  55243.0 
56178.0  55244.0 
56179.0  55245.0 
56180.0  55246.0 
56181.0  55247.0 
56182.0  55248.0 
56183.0  55249.0 
56184.0  55250.0 
56185.0  55251.0 
56186.0  55252.0 
56187.0  55253.0 
56188.0  55254.0 
56189.0  55255.0 
56190.0  55256.0 
56191.0  55257.0 
56192.0  55258.0 
56193.0  55259.0 
56194.0  55260.0 
56195.0  55261.0 
56196.0  55262.0 
56197.0  55263.0 
56198.0  55264.0 
56199.0  55265.0 
56200.0  55266.0 
56201.0  55267.0 
56202.0  55268.0 
56203.0  55269.0 
56204.0  55270.0 
56205.0  55271.0 
56206.0  55272.0 
56207.0  55273.0 
56208.0  55274.0 
56209.0  55275.0 
56210.0  55276.0 
56211.0  55277.0 
56212.0  55278.0 
56213.0  55279.0 
56214.0  55280.0 
56215.0  55281.0 
56216.0  55282.0 
56217.0  55283.0 
56218.0  55284.0 
56219.0  55285.0 
56220.0  55286.0 
56221.0  55287.0 
56222.0  55288.0 
56223.0  55289.0 
56224.0  55290.0 
56225.0  55291.0 
56226.0  55292.0 
56227.0  55293.0 
56228.0  55294.0 
56229.0  55295.0 
56230.0  55296.0 
56231.0  55297.0 
56232.0  55298.0 
56233.0  55299.0 
56234.0  55300.0 
56235.0  55301.0 
56236.0  55302.0 
56237.0  55303.0 
56238.0  55304.0 
56239.0  55305.0 
56240.0  55306.0 
56241.0  55307.0 
56242.0  55308.0 
56243.0  55309.0 
56244.0  55310.0 
56245.0  55311.0 
56246.0  55312.0 
56247.0  55313.0 
56248.0  55314.0 
56249.0  55315.0 
56250.0  55316.0 
56251.0  55317.0 
56252.0  55318.0 
56253.0  55319.0 
56254.0  55320.0 
56255.0  55321.0 
56256.0  55322.0 
56257.0  55323.0 
56258.0  55324.0 
56259.0  55325.0 
56260.0  55326.0 
56261.0  55327.0 
56262.0  55328.0 
56263.0  55329.0 
56264.0  55330.0 
56265.0  55331.0 
56266.0  55332.0 
56267.0  55333.0 
56268.0  55334.0 
56269.0  55335.0 
56270.0  55336.0 
56271.0  55337.0 
56272.0  55338.0 
56273.0  55339.0 
56274.0  55340.0 
56275.0  55341.0 
56276.0  55342.0 
56277.0  55343.0 
56278.0  55344.0 
56279.0  55345.0 
56280.0  55346.0 
56281.0  55347.0 
56282.0  55348.0 
56283.0  55349.0 
56284.0  55350.0 
56285.0  55351.0 
56286.0  55352.0 
56287.0  55353.0 
56288.0  55354.0 
56289.0  55355.0 
56290.0  55356.0 
56291.0  55357.0 
56292.0  55358.0 
56293.0  55359.0 
56294.0  55360.0 
56295.0  55361.0 
56296.0  55362.0 
56297.0  55363.0 
56298.0  55364.0 
56299.0  55365.0 
56300.0  55366.0 
56301.0  55367.0 
56302.1  56571.13 
56303.0  55369.0 
56304.0  55370.0 
56305.0  55371.0 
56306.0  55372.0 
56307.0  55373.0 
56308.0  55374.0 
56309.0  55375.0 
56310.0  55376.0 
56311.0  55377.0 
56312.0  55378.0 
56313.0  55379.0 
56314.0  55380.0 
56315.0  55381.0 
56316.0  55382.0 
56317.0  55383.0 
56318.0  55384.0 
56319.0  55385.0 
56320.0  55386.0 
56321.0  55387.0 
56322.0  55388.0 
56323.0  55389.0 
56324.0  55390.0 
56325.0  55391.0 
56326.0  55392.0 
56327.0  55393.0 
56328.0  55394.0 
56329.0  55395.0 
56330.0  55396.0 
56331.0  55397.0 
56332.0  55398.0 
56333.0  55399.0 
56334.0  55400.0 
56335.0  55401.0 
56336.0  55402.0 
56337.0  55403.0 
56338.0  55404.0 
56339.0  55405.0 
56340.0  55406.0 
56341.0  55407.0 
56342.0  55408.0 
56343.0  55409.0 
56344.0  55410.0 
56345.0  55411.0 
56346.0  55412.0 
56347.0  55413.0 
56348.0  55414.0 
56349.0  55415.0 
56350.0  55416.0 
56352.0  55418.0 
56353.0  55419.0 
56354.0  55420.0 
56355.0  55421.0 
56356.0  55422.0 
56357.0  55423.0 
56358.0  55424.0 
56359.0  55425.0 
56360.0  55426.0 
56361.0  55427.0 
56362.0  55428.0 
56363.0  55430.0 
56364.0  55429.0 
56365.0  55431.0 
56366.0  55432.0 
56367.0  55433.0 
56368.0  55434.0 
56369.0  55435.0 
56370.0  55436.0 
56371.0  55437.0 
56372.0  55438.0 
56373.0  55439.0 
56374.0  55440.0 
56375.0  55441.0 
56376.0  55442.0 
56377.0  55443.0 
56378.0  55444.0 
56379.0  55445.0 
56380.0  55446.0 
56381.0  55447.0 
56382.0  55448.0 
56383.0  55449.0 
56384.0  55450.0 
56385.0  55451.0 
56386.0  55452.0 
56387.0  55453.0 
56388.0  55454.0 
56389.0  55455.0 
56390.0  55456.0 
56391.0  55457.0 
56392.0  55458.0 
56393.0  55459.0 
56394.0  55460.0 
56395.0  55461.0 
56396.0  55462.0 
56397.0  55463.0 
56398.0  55464.0 
56399.0  55465.0 
56400.0  55466.0 
56401.0  55467.0 
56402.0  55468.0 
56403.0  55469.0 
56404.0  55470.0 
56405.0  55471.0 
56406.0  55472.0 
56407.0  55473.0 
56408.0  55474.0 
56409.0  55475.0 
56410.0  55476.0 
56411.0  55477.0 
56412.0  55478.0 
56413.0  55479.0 
56414.0  55480.0 
56415.0  55481.0 
56416.0  55482.0 
56417.0  55483.0 
56418.0  55484.0 
56419.0  55485.0 
56420.0  55486.0 
56421.0  55487.0 
56422.0  55488.0 
56423.0  55489.0 
56424.0  55490.0 
56425.0  55491.0 
56426.0  55492.0 
56427.0  55493.0 
56428.0  55494.0 
56429.0  55495.0 
56430.0  55496.0 
56431.0  55497.0 
56432.0  55498.0 
56433.0  55499.0 
56434.0  55500.0 
56435.0  55501.0 
56436.0  55502.0 
56437.0  55503.0 
56438.0  55504.0 
56439.0  55505.0 
56440.0  55506.0 
56441.0  55507.0 
56442.0  55508.0 
56443.0  55509.0 
56444.0  55510.0 
56445.0  55511.0 
56446.0  55512.0 
56447.0  55513.0 
56448.0  55514.0 
56449.0  55515.0 
56450.0  55516.0 
56451.0  55517.0 
56452.0  55518.0 
56453.0  55519.0 
56454.0  55520.0 
56455.0  55521.0 
56456.0  55522.0 
56457.0  55523.0 
56458.0  55524.0 
56459.0  55525.0 
56460.0  55526.0 
56461.0  55527.0 
56462.0  55528.0 
56463.0  55529.0 
56464.0  55530.0 
56465.0  55531.0 
56466.0  55532.0 
56467.1  56571.11 
56468.0  55534.0 
56469.0  55535.0 
56470.0  55536.0 
56471.0  55537.0 
56472.0  55538.0 
56473.0  55539.0 
56474.0  55540.0 
56475.0  55541.0 
56476.0  55542.0 
56477.0  55543.0 
56478.0  55544.0 
56479.0  55545.0 
56480.0  55546.0 
56481.0  55547.0 
56482.2  56571.12 
56482.2  55548.2 
56483.2  56571.12 
56483.2  55549.2 
56484.0  55550.0 
56485.0  55551.0 
56486.0  55552.0 
56487.0  55553.0 
56488.0  55554.0 
56489.0  55555.0 
56490.0  55556.0 
56491.0  55557.0 
56492.0  55558.0 
56493.0  55559.0 
56494.0  55560.0 
56495.0  55561.0 
56496.0  55562.0 
56497.0  55563.0 
56498.0  55564.0 
56499.0  55565.0 
56500.0  55566.0 
56501.0  55567.0 
56502.0  55568.0 
56503.0  55569.0 
56504.0  55570.0 
56505.1  56137.1 
56505.2  56137.2 
56505.3  56137.3 
56505.4  56137.4 
56505.5  56137.8 
56505.6  56137.9 
56506.0  55572.0 
56507.0  55573.0 
56508.0  55574.0 
56509.0  55575.0 
56510.0  55576.0 
56511.0  55577.0 
56512.0  55578.0 
56513.0  55579.0 
56514.0  55580.0 
56515.0  55581.0 
56516.0  55582.0 
56517.0  55583.0 
56518.0  55584.0 
56519.0  55585.0 
56520.0  55586.0 
56521.1  56571.13 
56522.0  55588.0 
56523.4  56571.13 
56523.4  55589.4 
56523.5  56137.5 
56524.4  56571.13 
56524.4  55590.4 
56524.5  56137.7 
56525.0  55591.0 
56526.2  55592.2 
56527.0  55593.0 
56528.0  55594.0 
56529.0  55595.0 
56530.0  55596.0 
56531.0  55597.0 
56532.0  55598.0 
56533.0  55599.0 
56534.1  56572.1 
56534.2  56573.1 
56534.3  56574.1 
56535.0  55601.0 
56536.0  55602.0 
56537.0  55603.0 
56538.0  55604.0 
56539.0  55605.0 
56540.0  55606.0 
56541.0  55607.0 
56542.0  55608.0 
56543.2  55609.2 
56543.3  56137.6 
56544.0  55610.0 
56545.0  55611.0 
56546.0  55612.0 
56547.0  55613.0 
56548.4  56571.10 
56548.5  56571.12 
56548.5  55614.5 
56549.0  55615.0 
56551.1  56575.1 
56552.0  55618.0 
56553.0  55619.0 
56555.0  55621.0 
56556.0  55622.0 
56557.0  55623.0 
56558.0  55624.0 
56559.0  55625.0 
56560.0  55626.0 
56561.0  55627.0 
56562.0  55628.0 
56563.0  55629.0 
56564.0  55630.0 
56565.0  55631.0 
56566.1  56577.0 
56566.1  56120.0 
56566.1  56133.0 
56566.1  56124.0 
56566.1  56123.0 
56566.1  56129.0 
56566.1  56134.0 
56566.1  56135.0 
56566.1  56578.1 
56566.1  56579.1 
56566.1  56580.1 
56566.1  56581.1 
56566.1  56582.1 
56567.0  55633.0 
56568.1  56583.1 
56569.1  56584.1 
56570.1  56585.1 
56571.11  55654.0 
56571.12  55614.4 
56571.13  56586.1 
56571.13  55203.13 
56572.1  56587.0 
56572.1  56120.0 
56572.1  56588.0 
56572.1  56589.0 
56572.1  56123.0 
56572.1  56590.0 
56572.1  56121.0 
56572.1  56591.0 
56572.1  56124.0 
56572.1  56126.0 
56572.1  56592.0 
56572.1  56129.0 
56572.1  56593.2 
56573.1  56595.0 
56573.1  56120.0 
56573.1  56588.0 
56573.1  56589.0 
56573.1  56121.0 
56573.1  56123.0 
56573.1  56590.0 
56573.1  56124.0 
56573.1  56591.0 
56573.1  56126.0 
56573.1  56596.0 
56573.1  56129.0 
56573.1  56534.1 
56574.1  56597.0 
56574.1  56120.0 
56574.1  56123.0 
56574.1  56534.2 
56575.1  56599.0 
56575.1  56120.0 
56575.1  56600.0 
56575.1  56123.0 
56575.1  56129.0 
56575.1  56135.0 
56575.1  56180.0 
56575.1  56601.2 
56575.1  56601.3 
56575.1  56601.4 
56575.1  56601.5 
56575.1  56601.6 
56575.1  56601.7 
56576.1  56132.0 
56576.1  56120.0 
56576.1  56123.0 
56577.0  55643.0 
56578.1  56602.1 
56579.1  56603.1 
56580.1  56604.1 
56581.1  56605.1 
56582.1  56606.1 
56583.1  56607.0 
56583.1  56120.0 
56583.1  56123.0 
56583.1  56129.0 
56584.1  56608.0 
56584.1  56120.0 
56584.1  56123.0 
56584.1  56129.0 
56585.1  56610.0 
56585.1  56120.0 
56585.1  56123.0 
56586.1  56571.10 
56587.0  55656.0 
56588.0  55657.0 
56589.0  55658.0 
56590.0  55659.0 
56591.0  55660.0 
56593.1  56611.1 
56593.2  56612.1 
56594.1  56614.0 
56594.1  56120.0 
56594.1  56133.0 
56594.1  56124.0 
56594.1  56123.0 
56594.1  56129.0 
56594.1  56134.0 
56594.1  56135.0 
56594.1  56185.0 
56594.1  56186.0 
56594.1  56187.0 
56594.1  56615.1 
56594.1  56616.1 
56594.2  56617.1 
56594.3  56618.1 
56595.0  55664.0 
56597.0  55666.0 
56598.1  56619.0 
56598.1  56120.0 
56598.1  56133.0 
56598.1  56124.0 
56598.1  56123.0 
56598.1  56129.0 
56598.1  56134.0 
56598.1  56135.0 
56599.0  55668.0 
56600.0  55669.0 
56601.1  56620.1 
56601.2  56620.2 
56601.3  56620.3 
56601.4  56620.4 
56601.5  56620.5 
56601.6  56620.6 
56601.7  56620.7 
56602.1  56608.0 
56602.1  56120.0 
56602.1  56123.0 
56602.1  56129.0 
56603.1  56607.0 
56603.1  56120.0 
56603.1  56123.0 
56603.1  56129.0 
56604.1  56621.0 
56604.1  56120.0 
56604.1  56123.0 
56604.1  56129.0 
56605.1  56621.0 
56605.1  56120.0 
56605.1  56123.0 
56605.1  56129.0 
56606.1  56621.0 
56606.1  56120.0 
56606.1  56123.0 
56606.1  56129.0 
56607.0  55676.0 
56608.0  55677.0 
56610.0  55679.0 
56611.1  56587.0 
56611.1  56120.0 
56611.1  56588.0 
56611.1  56589.0 
56611.1  56123.0 
56611.1  56590.0 
56611.1  56121.0 
56611.1  56591.0 
56611.1  56124.0 
56611.1  56126.0 
56611.1  56623.0 
56611.1  56129.0 
56611.1  56624.1 
56612.1  56595.0 
56612.1  56120.0 
56612.1  56588.0 
56612.1  56589.0 
56612.1  56121.0 
56612.1  56123.0 
56612.1  56590.0 
56612.1  56124.0 
56612.1  56591.0 
56612.1  56126.0 
56612.1  56626.0 
56612.1  56129.0 
56612.1  56593.1 
56613.1  56595.0 
56613.1  56120.0 
56613.1  56588.0 
56613.1  56589.0 
56613.1  56121.0 
56613.1  56123.0 
56613.1  56590.0 
56613.1  56124.0 
56613.1  56591.0 
56613.1  56126.0 
56613.1  56627.0 
56613.1  56129.0 
56614.0  55683.0 
56615.1  56628.0 
56616.1  56629.1 
56617.1  56630.1 
56618.1  56631.1 
56619.0  55688.0 
56620.1  56632.0 
56620.1  56120.0 
56620.1  56633.0 
56620.1  56124.0 
56620.1  56123.0 
56620.1  56634.0 
56620.1  56129.0 
56620.1  56635.0 
56620.1  56636.0 
56620.1  56134.0 
56620.1  56637.0 
56620.1  56638.0 
56620.1  56639.0 
56620.1  56135.0 
56620.1  56640.0 
56620.1  56641.0 
56620.1  56642.0 
56620.1  56643.0 
56620.1  56644.0 
56620.1  56645.0 
56620.1  56646.0 
56620.1  56647.0 
56620.1  56648.0 
56620.1  56649.0 
56620.1  56650.0 
56620.1  56651.0 
56620.1  56652.0 
56620.1  56653.0 
56620.1  56654.0 
56620.1  56655.0 
56620.1  56656.0 
56620.1  56657.0 
56620.1  56658.0 
56620.1  56659.0 
56620.1  56660.0 
56620.1  56661.0 
56620.1  56662.0 
56620.1  56663.0 
56620.1  56664.0 
56620.1  56665.0 
56620.1  56666.0 
56620.1  56667.0 
56620.1  56668.0 
56620.1  56669.0 
56620.1  56670.0 
56620.1  56671.0 
56620.1  56672.0 
56620.1  56673.0 
56620.1  56674.0 
56620.1  56675.0 
56620.1  56676.0 
56620.1  56677.0 
56620.1  56678.0 
56620.1  56679.0 
56620.1  56680.0 
56620.1  56681.0 
56620.1  56682.0 
56620.1  56683.0 
56620.1  56684.0 
56620.1  56685.0 
56620.1  56686.0 
56620.1  56687.0 
56620.1  56688.0 
56620.1  56689.0 
56620.1  56690.0 
56620.1  56691.0 
56620.1  56692.0 
56620.1  56693.0 
56620.1  56694.0 
56620.1  56695.0 
56620.1  56696.0 
56620.1  56697.0 
56620.1  56698.0 
56620.1  56699.0 
56620.1  56700.0 
56620.1  56701.0 
56620.1  56702.0 
56620.1  56703.0 
56620.1  56704.0 
56620.1  56705.0 
56620.1  56706.0 
56620.1  56707.0 
56620.1  56708.0 
56620.1  56709.0 
56620.1  56710.0 
56620.1  56711.0 
56620.2  56712.0 
56620.2  56713.0 
56620.2  56714.0 
56620.2  56715.0 
56620.2  56716.0 
56620.2  56717.0 
56620.2  56718.0 
56620.2  56719.0 
56620.2  56720.0 
56620.2  56721.0 
56620.2  56722.0 
56620.2  56723.0 
56620.2  56724.0 
56620.2  56725.0 
56620.2  56726.0 
56620.2  56727.0 
56620.2  56728.0 
56620.2  56729.0 
56620.2  56730.0 
56620.2  56731.0 
56620.2  56732.0 
56620.2  56733.0 
56620.2  56734.0 
56620.2  56735.0 
56620.2  56736.0 
56620.2  56737.0 
56620.2  56738.0 
56620.2  56739.0 
56620.2  56740.0 
56620.2  56741.0 
56620.2  56742.0 
56620.2  56743.0 
56620.2  56744.0 
56620.2  56745.0 
56620.2  56746.0 
56620.2  56747.0 
56620.2  56748.0 
56620.2  56749.0 
56620.2  56750.0 
56620.2  56751.0 
56620.2  56752.0 
56620.2  56753.0 
56620.2  56754.0 
56620.2  56755.0 
56620.2  56756.0 
56620.2  56757.0 
56620.2  56758.0 
56620.2  56759.0 
56620.2  56760.0 
56620.2  56761.0 
56620.2  56762.0 
56620.2  56763.0 
56620.2  56764.0 
56620.2  56765.0 
56620.2  56766.0 
56620.2  56767.0 
56620.2  56768.0 
56620.2  56769.0 
56620.2  56770.0 
56620.2  56771.0 
56620.2  56772.0 
56620.2  56773.0 
56620.2  56774.0 
56620.2  56775.0 
56620.2  56776.0 
56620.2  56777.0 
56620.2  56778.0 
56620.2  56779.0 
56620.2  56780.0 
56620.2  56781.0 
56620.2  56782.0 
56620.2  56783.0 
56620.2  56784.0 
56620.2  56785.0 
56620.2  56786.0 
56620.2  56787.0 
56620.2  56788.0 
56620.2  56789.0 
56620.3  56790.0 
56620.3  56791.0 
56620.3  56792.0 
56620.3  56793.0 
56620.3  56794.0 
56620.3  56795.0 
56620.3  56796.0 
56620.3  56797.0 
56620.3  56798.0 
56620.3  56799.0 
56620.3  56800.0 
56620.3  56801.0 
56620.3  56802.0 
56620.3  56803.0 
56620.3  56804.0 
56620.3  56805.0 
56620.3  56806.0 
56620.3  56807.0 
56620.3  56808.0 
56620.3  56809.0 
56620.3  56810.0 
56620.3  56811.0 
56620.3  56812.0 
56620.3  56813.0 
56620.3  56814.0 
56620.3  56815.0 
56620.3  56816.0 
56620.3  56817.0 
56620.3  56818.0 
56620.3  56819.0 
56620.3  56820.0 
56620.3  56821.0 
56620.3  56822.0 
56620.3  56823.0 
56620.3  56824.0 
56620.3  56825.0 
56620.3  56826.0 
56620.3  56827.0 
56620.3  56828.0 
56620.3  56829.0 
56620.3  56830.0 
56620.3  56831.0 
56620.3  56832.0 
56620.3  56833.0 
56620.3  56834.0 
56620.3  56835.0 
56620.3  56836.0 
56620.3  56837.0 
56620.3  56838.0 
56620.3  56839.0 
56620.3  56840.0 
56620.3  56841.0 
56620.3  56842.0 
56620.3  56843.0 
56620.3  56844.0 
56620.3  56845.0 
56620.3  56846.0 
56620.3  56847.0 
56620.3  56848.0 
56620.3  56849.0 
56620.3  56850.0 
56620.3  56851.0 
56620.3  56852.0 
56620.3  56853.0 
56620.3  56854.0 
56620.3  56855.0 
56620.3  56856.0 
56620.3  56857.0 
56620.3  56858.0 
56620.3  56859.0 
56620.3  56860.0 
56620.3  56861.0 
56620.3  56862.0 
56620.3  56863.0 
56620.3  56864.0 
56620.3  56865.0 
56620.3  56866.0 
56620.3  56867.0 
56620.3  56868.0 
56620.4  56869.0 
56620.4  56870.0 
56620.4  56871.0 
56620.4  56872.0 
56620.4  56873.0 
56620.4  56874.0 
56620.4  56875.0 
56620.4  56876.0 
56620.4  56877.0 
56620.4  56878.0 
56620.4  56879.0 
56620.4  56880.0 
56620.4  56881.0 
56620.4  56882.0 
56620.4  56883.0 
56620.4  56884.0 
56620.4  56885.0 
56620.4  56886.0 
56620.4  56887.0 
56620.4  56888.0 
56620.4  56889.0 
56620.4  56890.0 
56620.4  56891.0 
56620.4  56892.0 
56620.4  56893.0 
56620.4  56894.0 
56620.4  56895.0 
56620.4  56896.0 
56620.4  56897.0 
56620.4  56898.0 
56620.4  56899.0 
56620.4  56900.0 
56620.4  56901.0 
56620.4  56902.0 
56620.4  56903.0 
56620.4  56904.0 
56620.4  56905.0 
56620.4  56906.0 
56620.4  56907.0 
56620.5  56908.0 
56620.5  56909.0 
56620.5  56910.0 
56620.5  56911.0 
56620.5  56912.0 
56620.5  56913.0 
56620.5  56914.0 
56620.5  56915.0 
56620.5  56916.0 
56620.5  56917.0 
56620.5  56918.0 
56620.5  56919.0 
56620.5  56920.0 
56620.5  56921.0 
56620.5  56922.0 
56620.5  56923.0 
56620.5  56924.0 
56620.5  56925.0 
56620.5  56926.0 
56620.5  56927.0 
56620.5  56928.0 
56620.5  56929.0 
56620.5  56930.0 
56620.5  56931.0 
56620.5  56932.0 
56620.5  56933.0 
56620.5  56934.0 
56620.5  56935.0 
56620.5  56936.0 
56620.5  56937.0 
56620.5  56938.0 
56620.5  56939.0 
56620.5  56940.0 
56620.5  56941.0 
56620.5  56942.0 
56620.5  56943.0 
56620.5  56944.0 
56620.5  56945.0 
56620.5  56946.0 
56620.5  56947.0 
56620.5  56948.0 
56620.5  56949.0 
56620.5  56950.0 
56620.5  56951.0 
56620.5  56952.0 
56620.5  56953.0 
56620.5  56954.0 
56620.5  56955.0 
56620.6  56956.0 
56620.6  56957.0 
56620.6  56958.0 
56620.6  56959.0 
56620.6  56960.0 
56620.6  56961.0 
56620.6  56962.0 
56620.6  56963.0 
56620.6  56964.0 
56620.6  56965.0 
56620.6  56966.0 
56620.6  56967.0 
56620.6  56968.0 
56620.6  56969.0 
56620.6  56970.0 
56620.6  56971.0 
56620.6  56972.0 
56620.6  56973.0 
56620.6  56974.0 
56620.6  56975.0 
56620.6  56976.0 
56620.6  56977.0 
56620.6  56978.0 
56620.6  56979.0 
56620.6  56980.0 
56620.6  56981.0 
56620.6  56982.0 
56620.7  56983.0 
56620.7  56984.0 
56620.7  56985.0 
56620.7  56986.0 
56620.7  56987.0 
56620.7  56988.0 
56620.7  56989.0 
56620.7  56990.0 
56620.7  56991.0 
56620.7  56992.0 
56620.7  56993.0 
56620.7  56994.0 
56620.7  56995.0 
56620.7  56996.0 
56620.7  56997.0 
56620.7  56998.0 
56620.7  56999.0 
56620.7  57000.0 
56620.7  57001.0 
56620.7  57002.0 
56620.7  57003.0 
56620.7  57004.0 
56620.7  57005.0 
56620.7  57006.0 
56620.7  57007.0 
56620.7  57008.0 
56620.7  57009.0 
56620.7  57010.0 
56620.7  57011.0 
56620.7  57012.0 
56620.7  57013.0 
56620.7  57014.0 
56620.7  57015.0 
56620.7  57016.0 
56620.7  57017.0 
56620.7  57018.0 
56620.7  57019.0 
56620.7  57020.0 
56620.7  57021.0 
56620.7  57022.0 
56620.7  57023.0 
56621.0  55690.0 
56622.1  57025.0 
56622.1  55186.0 
56622.1  55199.0 
56622.1  55190.0 
56622.1  55189.0 
56622.1  55195.0 
56622.1  55200.0 
56622.1  55201.0 
56622.1  55251.0 
56622.1  55252.0 
56622.1  55253.0 
56622.1  57026.1 
56622.1  57027.1 
56622.1  55246.0 
56622.1  55258.0 
56622.1  57028.1 
56624.1  57029.1 
56625.1  55197.1 
56629.1  57031.0 
56629.1  56120.0 
56629.1  56123.0 
56629.1  56129.0 
56629.1  56135.0 
56629.1  57032.1 
56630.1  57031.0 
56630.1  56120.0 
56630.1  56123.0 
56630.1  56129.0 
56630.1  56135.0 
56630.1  57034.1 
56631.1  57031.0 
56631.1  56120.0 
56631.1  56123.0 
56631.1  56129.0 
56631.1  56135.0 
56631.1  57036.1 
56632.0  55701.0 
56633.0  55702.0 
56634.0  55703.0 
56636.0  55705.0 
56637.0  55706.0 
56638.0  55707.0 
56639.0  55708.0 
56640.0  55709.0 
56641.0  55710.0 
56642.0  55711.0 
56643.0  55712.0 
56644.0  55713.0 
56645.0  55714.0 
56646.0  55715.0 
56647.0  55716.0 
56648.0  55717.0 
56649.0  55718.0 
56650.0  55719.0 
56651.0  55720.0 
56652.0  55721.0 
56653.0  55722.0 
56654.0  55723.0 
56655.0  55724.0 
56656.0  55725.0 
56657.0  55726.0 
56658.0  55727.0 
56659.0  55728.0 
56660.0  55729.0 
56661.0  55730.0 
56662.0  55731.0 
56663.0  55732.0 
56664.0  55733.0 
56665.0  55734.0 
56666.0  55735.0 
56667.0  55736.0 
56668.0  55737.0 
56669.0  55738.0 
56670.0  55739.0 
56671.0  55740.0 
56672.0  55741.0 
56673.0  55742.0 
56674.0  55743.0 
56675.0  55744.0 
56676.0  55745.0 
56677.0  55746.0 
56678.0  55747.0 
56679.0  55748.0 
56680.0  55749.0 
56681.0  55750.0 
56682.0  55751.0 
56683.0  55752.0 
56684.0  55753.0 
56685.0  55754.0 
56686.0  55755.0 
56687.0  55756.0 
56688.0  55757.0 
56689.0  55758.0 
56690.0  55759.0 
56691.0  55760.0 
56692.0  55761.0 
56693.0  55762.0 
56694.0  55763.0 
56695.0  55764.0 
56696.0  55765.0 
56697.0  55766.0 
56698.0  55767.0 
56699.0  55768.0 
56700.0  55769.0 
56701.0  55770.0 
56702.0  55771.0 
56703.0  55772.0 
56704.0  55773.0 
56705.0  55774.0 
56706.0  55775.0 
56707.0  55776.0 
56708.0  55777.0 
56709.0  55778.0 
56710.0  55779.0 
56711.0  55780.0 
56712.0  55781.0 
56713.0  55782.0 
56714.0  55783.0 
56715.0  55784.0 
56716.0  55785.0 
56717.0  55786.0 
56718.0  55787.0 
56719.0  55788.0 
56720.0  55789.0 
56721.0  55790.0 
56722.0  55791.0 
56723.0  55792.0 
56724.0  55793.0 
56725.0  55794.0 
56726.0  55795.0 
56727.0  55796.0 
56728.0  55797.0 
56729.0  55798.0 
56730.0  55799.0 
56731.0  55800.0 
56732.0  55801.0 
56733.0  55802.0 
56734.0  55803.0 
56735.0  55804.0 
56736.0  55805.0 
56737.0  55806.0 
56738.0  55807.0 
56739.0  55808.0 
56740.0  55809.0 
56741.0  55810.0 
56742.0  55811.0 
56743.0  55812.0 
56744.0  55813.0 
56745.0  55814.0 
56746.0  55815.0 
56747.0  55816.0 
56748.0  55817.0 
56749.0  55818.0 
56750.0  55819.0 
56751.0  55820.0 
56752.0  55821.0 
56753.0  55822.0 
56754.0  55823.0 
56755.0  55824.0 
56756.0  55825.0 
56757.0  55826.0 
56758.0  55827.0 
56759.0  55828.0 
56760.0  55829.0 
56761.0  55830.0 
56762.0  55831.0 
56763.0  55832.0 
56764.0  55833.0 
56765.0  55834.0 
56766.0  55835.0 
56767.0  55836.0 
56768.0  55837.0 
56769.0  55838.0 
56770.0  55839.0 
56771.0  55840.0 
56772.0  55841.0 
56773.0  55842.0 
56774.0  55843.0 
56775.0  55844.0 
56776.0  55845.0 
56777.0  55846.0 
56778.0  55847.0 
56779.0  55848.0 
56780.0  55849.0 
56781.0  55850.0 
56782.0  55851.0 
56783.0  55852.0 
56784.0  55853.0 
56785.0  55854.0 
56786.0  55855.0 
56787.0  55856.0 
56788.0  55857.0 
56789.0  55858.0 
56790.0  55859.0 
56791.0  55860.0 
56792.0  55861.0 
56793.0  55862.0 
56794.0  55863.0 
56795.0  55864.0 
56796.0  55865.0 
56797.0  55866.0 
56798.0  55867.0 
56799.0  55868.0 
56800.0  55869.0 
56801.0  55870.0 
56802.0  55871.0 
56803.0  55872.0 
56804.0  55873.0 
56805.0  55874.0 
56806.0  55875.0 
56807.0  55876.0 
56808.0  55877.0 
56809.0  55878.0 
56810.0  55879.0 
56811.0  55880.0 
56812.0  55881.0 
56813.0  55882.0 
56814.0  55883.0 
56815.0  55884.0 
56816.0  55885.0 
56817.0  55886.0 
56818.0  55887.0 
56819.0  55888.0 
56820.0  55889.0 
56821.0  55890.0 
56822.0  55891.0 
56823.0  55892.0 
56824.0  55893.0 
56825.0  55894.0 
56826.0  55895.0 
56827.0  55896.0 
56828.0  55897.0 
56829.0  55898.0 
56830.0  55899.0 
56831.0  55900.0 
56832.0  55901.0 
56833.0  55902.0 
56834.0  55903.0 
56835.0  55904.0 
56836.0  55905.0 
56837.0  55906.0 
56839.0  55908.0 
56840.0  55909.0 
56841.0  55910.0 
56842.0  55911.0 
56843.0  55912.0 
56844.0  55913.0 
56845.0  55914.0 
56846.0  55915.0 
56847.0  55916.0 
56848.0  55917.0 
56849.0  55918.0 
56850.0  55919.0 
56851.0  55920.0 
56852.0  55921.0 
56853.0  55922.0 
56854.0  55923.0 
56855.0  55924.0 
56856.0  55925.0 
56857.0  55926.0 
56858.0  55927.0 
56859.0  55928.0 
56860.0  55929.0 
56861.0  55930.0 
56862.0  55931.0 
56863.0  55932.0 
56864.0  55933.0 
56865.0  55934.0 
56866.0  55935.0 
56867.0  55936.0 
56868.0  55937.0 
56869.0  55938.0 
56870.0  55939.0 
56871.0  55940.0 
56872.0  55941.0 
56873.0  55942.0 
56874.0  55943.0 
56875.0  55944.0 
56876.0  55945.0 
56877.0  55946.0 
56878.0  55947.0 
56879.0  55948.0 
56880.0  55949.0 
56881.0  55950.0 
56882.0  55951.0 
56883.0  55952.0 
56884.0  55953.0 
56885.0  55954.0 
56886.0  55955.0 
56887.0  55956.0 
56888.0  55957.0 
56889.0  55958.0 
56890.0  55959.0 
56891.0  55960.0 
56892.0  55961.0 
56893.0  55962.0 
56894.0  55963.0 
56895.0  55964.0 
56896.0  55965.0 
56897.0  55966.0 
56898.0  55967.0 
56899.0  55968.0 
56900.0  55969.0 
56901.0  55970.0 
56902.0  55971.0 
56903.0  55972.0 
56904.0  55973.0 
56905.0  55974.0 
56906.0  55975.0 
56907.0  55976.0 
56908.0  55977.0 
56909.0  55978.0 
56910.0  55979.0 
56911.0  55980.0 
56912.0  55981.0 
56913.0  55982.0 
56914.0  55983.0 
56915.0  55984.0 
56916.0  55985.0 
56917.0  55986.0 
56918.0  55987.0 
56919.0  55988.0 
56920.0  55989.0 
56921.0  55990.0 
56922.0  55991.0 
56923.0  55992.0 
56924.0  55993.0 
56925.0  55994.0 
56926.0  55995.0 
56927.0  55996.0 
56928.0  55997.0 
56929.0  55998.0 
56930.0  55999.0 
56931.0  56000.0 
56932.0  56001.0 
56933.0  56002.0 
56934.0  56003.0 
56935.0  56004.0 
56936.0  56005.0 
56937.0  56006.0 
56938.0  56007.0 
56939.0  56008.0 
56940.0  56009.0 
56941.0  56010.0 
56942.0  56011.0 
56943.0  56012.0 
56944.0  56013.0 
56945.0  56014.0 
56946.0  56015.0 
56947.0  56016.0 
56948.0  56017.0 
56949.0  56018.0 
56950.0  56019.0 
56951.0  56020.0 
56952.0  56021.0 
56953.0  56022.0 
56954.0  56023.0 
56955.0  56024.0 
56956.0  56025.0 
56957.0  56026.0 
56958.0  56027.0 
56959.0  56028.0 
56960.0  56029.0 
56961.0  56030.0 
56962.0  56031.0 
56963.0  56032.0 
56964.0  56033.0 
56965.0  56034.0 
56966.0  56035.0 
56967.0  56036.0 
56968.0  56037.0 
56969.0  56038.0 
56970.0  56039.0 
56971.0  56040.0 
56972.0  56041.0 
56973.0  56042.0 
56974.0  56043.0 
56975.0  56044.0 
56976.0  56045.0 
56977.0  56046.0 
56978.0  56047.0 
56979.0  56048.0 
56980.0  56049.0 
56981.0  56050.0 
56982.0  56051.0 
56983.0  56052.0 
56984.0  56053.0 
56985.0  56054.0 
56986.0  56055.0 
56987.0  56056.0 
56988.0  56057.0 
56989.0  56058.0 
56990.0  56059.0 
56991.0  56060.0 
56992.0  56061.0 
56993.0  56062.0 
56994.0  56063.0 
57024.1  55656.0 
57024.1  55186.0 
57024.1  55657.0 
57024.1  55658.0 
57024.1  55189.0 
57024.1  55659.0 
57024.1  55187.0 
57024.1  55660.0 
57024.1  55190.0 
57024.1  55192.0 
57024.1  57037.0 
57024.1  55195.0 
57024.1  55600.3 
57025.0  54315.0 
57026.1  57038.1 
57027.1  57039.1 
57028.1  57040.1 
57029.1  57041.0 
57029.1  55186.0 
57029.1  55189.0 
57029.1  57042.3 
57031.0  56099.0 
57032.1  57043.0 
57034.1  57044.0 
57036.1  57045.0 
57038.1  56099.0 
57038.1  55186.0 
57038.1  55189.0 
57038.1  55195.0 
57038.1  55201.0 
57038.1  57047.1 
57039.1  57048.0 
57039.1  55186.0 
57039.1  55189.0 
57039.1  55195.0 
57039.1  57049.11 
57040.1  57048.0 
57040.1  55186.0 
57040.1  55189.0 
57040.1  55195.0 
57040.1  57050.11 
57041.0  54332.0 
57042.3  55600.3 
57047.1  57051.0 
57048.0  54341.0 
57049.10  54342.10 
57049.11  57052.1 
57049.12  56594.1 
57050.10  54343.10 
57050.11  57052.2 
57050.12  56594.2 
57052.3  55663.3 
56117.0  56118.0 
56118.0  56131.0 
56137.0  56138.0 
56138.0  56566.0 
56566.0  56576.0 
56572.0  56131.0 
56573.0  56594.0 
56574.0  56594.0 
56575.0  56598.0 
56576.0  56131.0 
56583.0  56138.0 
56584.0  56138.0 
56585.0  56609.0 
56594.0  56613.0 
56598.0  56137.0 
56602.0  56566.0 
56603.0  56566.0 
56604.0  56566.0 
56605.0  56566.0 
56606.0  56566.0 
56609.0  56138.0 
56611.0  56622.0 
56612.0  56625.0 
56613.0  56131.0 
56620.0  56598.0 
56622.0  57024.0 
56628.0  56594.0 
56629.0  57030.0 
56630.0  57033.0 
56631.0  57035.0 
57024.0  56625.0 
57029.0  56622.0 
57030.0  56594.0 
57033.0  56594.0 
57035.0  56594.0 
57038.0  57046.0 
57039.0  56622.0 
57040.0  56622.0 
57043.0  57030.0 
57044.0  57033.0 
57045.0  57035.0 
57046.0  56622.0 
57051.0  57046.0 
56136.1  56137.10 
57053.1  56137.10 
57054.1  56137.10 
