53349.1  53351.0 
53349.1  53352.0 
53349.1  53353.0 
53349.1  53354.0 
53349.1  53355.0 
53349.1  53356.0 
53349.1  53357.0 
53349.1  53358.0 
53349.1  53359.0 
53349.1  53360.0 
53349.1  53361.0 
53349.1  53362.0 
53350.1  53364.0 
53350.1  53352.0 
53350.1  53355.0 
53351.0  53329.0 
53352.0  53330.0 
53353.0  53331.0 
53354.0  53332.0 
53355.0  53333.0 
53356.0  53334.0 
53357.0  53335.0 
53358.0  53336.0 
53361.0  53339.0 
53362.0  52724.0 
53363.1  53352.0 
53363.1  53365.0 
53363.1  53356.0 
53363.1  53355.0 
53363.1  53361.0 
53363.1  53366.0 
53363.1  53367.0 
53364.0  53342.0 
53365.0  53343.0 
53366.0  53344.0 
53367.0  53345.0 
53348.1  53349.1 
53369.5  53347.5 
53349.0  53350.0 
53350.0  53363.0 
53368.1  53369.5 
