57991.1  57993.0 
57991.1  57994.0 
57991.1  57995.0 
57991.1  57996.0 
57991.1  57997.0 
57991.1  57998.0 
57991.1  57999.0 
57991.1  58000.0 
57991.1  58001.0 
57991.1  58002.0 
57991.1  58003.0 
57991.1  58004.0 
57992.1  58006.0 
57992.1  57994.0 
57992.1  57997.0 
57993.0  57058.0 
57994.0  57059.0 
57995.0  57060.0 
57996.0  57061.0 
57997.0  57062.0 
57998.0  57063.0 
57999.0  57064.0 
58000.0  57065.0 
58003.0  57068.0 
58005.1  57994.0 
58005.1  58007.0 
58005.1  57998.0 
58005.1  57997.0 
58005.1  58003.0 
58005.1  58008.0 
58005.1  58009.0 
58006.0  57071.0 
58007.0  57072.0 
58008.0  57073.0 
58009.0  57074.0 
57990.1  57991.1 
58011.1  58013.0 
58011.1  58014.0 
58011.1  58015.0 
58011.1  58016.0 
58011.1  57994.0 
58011.1  58017.0 
58011.1  58018.0 
58011.1  58019.0 
58011.1  58020.0 
58011.1  57998.0 
58011.1  58021.0 
58011.1  58022.0 
58011.1  58023.0 
58011.1  58024.0 
58011.1  58025.0 
58011.1  58026.0 
58011.1  58027.0 
58011.1  58028.0 
58011.1  58029.0 
58011.1  58030.0 
58011.1  58031.0 
58011.1  58032.0 
58011.1  58033.0 
58011.1  58034.0 
58011.1  58035.0 
58011.1  57997.0 
58011.1  58036.0 
58011.1  58037.0 
58011.1  58038.0 
58011.1  58039.0 
58011.1  58040.0 
58011.1  58041.0 
58011.1  58042.0 
58011.1  58043.0 
58011.1  58044.0 
58011.1  58045.0 
58011.1  58046.0 
58011.1  58047.0 
58011.1  58048.0 
58011.1  58049.0 
58011.1  58050.0 
58011.1  58051.0 
58011.1  58052.0 
58011.1  58053.0 
58011.1  58054.0 
58011.1  58003.0 
58011.1  58055.0 
58011.1  58056.0 
58011.1  58057.0 
58011.1  58058.0 
58011.1  58009.0 
58011.1  58059.0 
58011.1  58060.0 
58011.1  58061.0 
58011.1  58062.0 
58011.1  58063.0 
58011.1  58064.0 
58011.1  58065.0 
58011.1  58066.0 
58011.1  58067.0 
58011.1  58068.0 
58011.1  58069.0 
58011.1  58070.0 
58011.1  58071.0 
58011.1  58072.0 
58011.1  58073.0 
58011.1  58074.0 
58011.1  58075.0 
58011.1  58076.0 
58011.1  58077.0 
58011.1  58078.0 
58011.1  58079.0 
58011.1  58080.0 
58011.1  58081.0 
58011.1  58082.0 
58011.1  58083.0 
58011.1  58084.0 
58011.1  58085.0 
58011.1  58086.0 
58011.1  58087.0 
58011.1  58088.0 
58011.1  58089.0 
58011.1  58090.0 
58011.1  58091.0 
58011.1  58092.0 
58011.1  58093.0 
58011.1  58094.0 
58011.1  58095.0 
58011.1  58096.0 
58011.1  58097.0 
58011.1  58098.0 
58011.1  58099.0 
58011.1  58100.0 
58011.1  58101.0 
58011.1  58102.0 
58011.1  58103.0 
58011.1  58104.0 
58011.1  58105.0 
58011.1  58106.0 
58011.1  58107.0 
58011.1  58108.0 
58011.1  58109.0 
58011.1  58110.0 
58011.1  58111.0 
58011.1  58112.0 
58011.1  58113.0 
58011.1  58114.0 
58011.1  58115.0 
58011.1  58116.0 
58011.1  58117.0 
58011.1  58118.0 
58011.1  58119.0 
58011.1  58120.0 
58011.1  58121.0 
58011.1  58122.0 
58011.1  58123.0 
58011.1  58124.0 
58011.1  58125.0 
58011.1  58126.0 
58011.1  58127.0 
58011.1  58128.0 
58011.1  58129.0 
58011.1  58130.0 
58011.1  58131.0 
58011.1  58132.0 
58011.1  58133.0 
58011.1  58134.0 
58011.1  58135.0 
58011.1  58136.0 
58011.1  58137.0 
58011.1  58138.0 
58011.1  58139.0 
58011.1  58140.0 
58011.1  58141.0 
58011.1  58142.0 
58011.1  58143.0 
58011.1  58144.0 
58011.1  58145.0 
58011.1  58146.0 
58011.1  58147.0 
58011.1  58148.0 
58011.1  58149.0 
58011.1  58150.0 
58011.1  58151.0 
58011.1  58152.0 
58011.1  58153.0 
58011.1  58154.0 
58011.1  58155.0 
58011.1  58156.0 
58011.1  58157.0 
58011.1  58158.0 
58011.1  58159.0 
58011.1  58160.0 
58011.1  58161.0 
58011.1  58162.0 
58011.1  58163.0 
58011.1  58164.0 
58011.1  58165.0 
58011.1  58166.0 
58011.1  58167.0 
58011.1  58168.0 
58011.1  58169.0 
58011.1  58170.0 
58011.1  58171.0 
58011.1  58172.0 
58011.1  58008.0 
58011.1  58173.0 
58011.1  58174.0 
58011.1  58175.0 
58011.1  58176.1 
58011.1  58177.0 
58011.1  58178.0 
58011.1  58179.0 
58011.1  58180.0 
58011.1  58181.0 
58011.1  58182.0 
58011.2  58183.0 
58011.2  58184.0 
58011.2  58185.0 
58011.2  58186.0 
58011.2  58187.0 
58011.2  58188.0 
58011.2  58189.0 
58011.2  58190.0 
58011.2  58191.0 
58011.2  58192.0 
58011.2  58193.0 
58011.2  58194.0 
58011.2  58195.0 
58011.2  58196.0 
58011.2  58197.0 
58011.2  58198.0 
58011.2  58199.0 
58011.2  58200.0 
58011.2  58201.0 
58011.2  58202.0 
58011.2  58203.0 
58011.2  58204.0 
58011.2  58205.0 
58011.2  58206.0 
58011.2  58207.0 
58011.2  58208.0 
58011.2  58209.0 
58011.2  58210.0 
58011.2  58211.0 
58011.2  58212.0 
58011.2  58213.0 
58011.2  57995.0 
58011.2  58214.0 
58011.2  58215.0 
58011.2  58216.0 
58011.2  58217.0 
58011.2  58218.0 
58011.2  58219.0 
58011.2  58220.0 
58011.2  58221.0 
58011.2  58222.0 
58011.2  58223.0 
58011.2  58224.0 
58011.2  58000.0 
58011.2  58225.0 
58011.2  58226.0 
58011.2  58227.0 
58011.2  58228.0 
58011.2  58229.0 
58011.2  58230.0 
58011.2  58231.0 
58011.2  58232.0 
58011.2  58233.0 
58011.2  58234.0 
58011.2  58235.0 
58011.2  58236.0 
58011.2  58237.0 
58011.2  58238.0 
58011.2  58239.0 
58011.2  58240.0 
58011.2  58241.0 
58011.2  58242.0 
58011.2  58243.0 
58011.2  58244.0 
58011.2  58245.0 
58011.2  58246.0 
58011.2  58247.0 
58011.2  58248.0 
58011.2  58249.0 
58011.2  58250.0 
58011.2  58251.0 
58011.2  58252.0 
58011.2  58253.0 
58011.2  58254.0 
58011.2  58255.0 
58011.2  58256.0 
58011.2  58257.0 
58011.2  58258.0 
58011.2  58259.0 
58011.2  58260.0 
58011.2  58261.0 
58011.2  58262.0 
58011.2  58263.0 
58011.2  58264.0 
58011.2  58265.0 
58011.2  58266.0 
58011.2  58267.0 
58011.2  58268.0 
58011.2  58269.0 
58011.2  58270.0 
58011.2  58271.0 
58011.2  58272.0 
58011.2  58273.0 
58011.2  58274.0 
58011.2  58275.0 
58011.2  58276.0 
58011.2  58277.0 
58011.2  58278.0 
58011.2  58279.0 
58011.2  58280.0 
58011.2  58281.0 
58011.2  58282.0 
58011.2  58283.0 
58011.2  58284.0 
58011.2  58285.0 
58011.2  58286.0 
58011.2  58287.0 
58011.2  58288.0 
58011.2  58289.0 
58011.2  58290.0 
58011.2  58291.0 
58011.2  58292.0 
58011.2  58293.0 
58011.2  58294.0 
58011.2  58295.0 
58011.2  58296.0 
58011.2  58297.0 
58011.2  58298.0 
58011.2  58299.0 
58011.2  58300.0 
58011.2  58301.0 
58011.2  58302.0 
58011.2  58303.0 
58011.2  58304.0 
58011.2  58305.0 
58011.2  58306.0 
58011.2  58307.0 
58011.2  58308.0 
58011.2  58309.0 
58011.2  58310.0 
58011.2  58311.0 
58011.2  58312.0 
58011.2  58313.0 
58011.2  58314.0 
58011.2  58315.0 
58011.2  58316.0 
58011.2  58317.0 
58011.2  58318.0 
58011.2  58319.0 
58011.2  58320.0 
58011.2  58321.0 
58011.2  58322.0 
58011.2  58323.0 
58011.2  58324.0 
58011.2  58325.0 
58011.2  58326.0 
58011.2  58327.0 
58011.2  58328.0 
58011.2  58329.0 
58011.2  58330.0 
58011.2  58331.0 
58011.2  58332.0 
58011.2  58333.0 
58011.2  58334.0 
58011.2  58335.0 
58011.2  58336.0 
58011.2  58337.0 
58011.2  58338.0 
58011.2  58339.0 
58011.2  58340.0 
58011.2  58341.1 
58011.2  58342.0 
58011.2  58343.0 
58011.2  58344.0 
58011.2  58345.0 
58011.2  58346.0 
58011.2  58347.0 
58011.2  58348.0 
58011.2  58349.0 
58011.2  58350.0 
58011.2  58351.0 
58011.2  58352.0 
58011.2  58353.0 
58011.2  58354.0 
58011.2  58355.0 
58011.2  58356.4 
58011.2  58357.4 
58011.2  58358.0 
58011.2  58359.0 
58011.2  58360.0 
58011.2  58361.0 
58011.2  58362.0 
58011.2  58363.0 
58011.2  58364.0 
58011.2  58365.0 
58011.2  58366.0 
58011.2  58367.0 
58011.2  58368.0 
58011.2  58369.0 
58011.2  58370.0 
58011.3  58371.0 
58011.3  58372.0 
58011.3  58373.0 
58011.3  58374.0 
58011.3  58375.0 
58011.3  58376.0 
58011.3  58377.0 
58011.3  58378.0 
58011.3  58379.2 
58011.3  58380.0 
58011.3  58381.0 
58011.3  58382.0 
58011.3  58383.0 
58011.3  58384.0 
58011.3  58385.0 
58011.4  58386.0 
58011.4  58387.0 
58011.4  58388.0 
58011.4  58389.0 
58011.4  57990.1 
58011.5  58390.0 
58011.5  58391.0 
58011.5  58392.0 
58011.5  58393.0 
58011.5  58394.0 
58011.5  58395.1 
58011.5  58396.0 
58011.5  58397.8 
58011.5  58398.8 
58011.5  58399.0 
58011.5  58400.2 
58011.6  58401.0 
58011.6  58402.0 
58011.6  58403.0 
58011.6  58404.0 
58011.6  58405.0 
58011.6  58406.0 
58011.6  57999.0 
58011.6  57996.0 
58011.6  58407.0 
58011.6  58408.3 
58011.6  58409.0 
58011.6  58410.0 
58011.6  58411.0 
58011.6  58412.0 
58011.6  58413.0 
58011.6  58414.0 
58011.6  58415.0 
58011.6  58416.0 
58011.6  58417.4 
58011.6  58418.0 
58011.6  58419.0 
58011.7  58420.0 
58011.7  58421.0 
58011.7  58422.10 
58011.7  58423.0 
58011.7  58424.0 
58011.7  58425.1 
58011.7  58426.0 
58011.7  58427.0 
58011.7  58428.0 
58011.7  58429.0 
58011.7  58430.0 
58011.8  58431.0 
58011.8  58432.0 
58011.8  58433.0 
58011.8  58434.0 
58011.8  58435.0 
58011.9  58436.0 
58011.9  58437.0 
58011.9  58438.0 
58011.9  58379.5 
58011.10  58439.0 
58012.1  58441.0 
58012.1  57994.0 
58012.1  58007.0 
58012.1  57998.0 
58012.1  57997.0 
58012.1  58003.0 
58012.1  58008.0 
58012.1  58009.0 
58012.1  58442.1 
58012.1  58443.1 
58012.1  58444.1 
58013.0  57078.0 
58014.0  57079.0 
58015.0  57080.0 
58016.0  57081.0 
58017.0  57082.0 
58018.0  57083.0 
58019.0  57084.0 
58020.0  57085.0 
58021.0  57086.0 
58022.0  57087.0 
58023.0  57088.0 
58024.0  57089.0 
58025.0  57090.0 
58026.0  57091.0 
58027.0  57092.0 
58028.0  57093.0 
58029.0  57094.0 
58030.0  57095.0 
58031.0  57096.0 
58032.0  57097.0 
58033.0  57098.0 
58034.0  57099.0 
58035.0  57100.0 
58036.0  57101.0 
58037.0  57102.0 
58038.0  57103.0 
58039.0  57104.0 
58040.0  57105.0 
58041.0  57106.0 
58042.0  57107.0 
58043.0  57108.0 
58044.0  57109.0 
58045.0  57110.0 
58046.0  57111.0 
58047.0  57112.0 
58048.0  57113.0 
58049.0  57114.0 
58050.0  57115.0 
58051.0  57116.0 
58052.0  57117.0 
58053.0  57118.0 
58054.0  57119.0 
58055.0  57120.0 
58056.0  57121.0 
58057.0  57122.0 
58058.0  57123.0 
58059.0  57124.0 
58060.0  57125.0 
58061.0  57126.0 
58062.0  57127.0 
58063.0  57128.0 
58064.0  57129.0 
58065.0  57130.0 
58066.0  57131.0 
58067.0  57132.0 
58068.0  57133.0 
58069.0  57134.0 
58070.0  57135.0 
58071.0  57136.0 
58072.0  57137.0 
58073.0  57138.0 
58074.0  57139.0 
58075.0  57140.0 
58076.0  57141.0 
58077.0  57142.0 
58078.0  57143.0 
58079.0  57144.0 
58080.0  57145.0 
58081.0  57146.0 
58082.0  57147.0 
58083.0  57148.0 
58084.0  57149.0 
58085.0  57150.0 
58086.0  57151.0 
58087.0  57152.0 
58088.0  57153.0 
58089.0  57154.0 
58090.0  57155.0 
58091.0  57156.0 
58092.0  57157.0 
58093.0  57158.0 
58094.0  57159.0 
58095.0  57160.0 
58096.0  57161.0 
58097.0  57162.0 
58098.0  57163.0 
58099.0  57164.0 
58100.0  57165.0 
58101.0  57166.0 
58102.0  57167.0 
58103.0  57168.0 
58104.0  57169.0 
58105.0  57170.0 
58106.0  57171.0 
58107.0  57172.0 
58108.0  57173.0 
58109.0  57174.0 
58110.0  57175.0 
58111.0  57176.0 
58112.0  57177.0 
58113.0  57178.0 
58114.0  57179.0 
58115.0  57180.0 
58116.0  57181.0 
58117.0  57182.0 
58118.0  57183.0 
58119.0  57184.0 
58120.0  57185.0 
58121.0  57186.0 
58122.0  57187.0 
58123.0  57188.0 
58124.0  57189.0 
58125.0  57190.0 
58126.0  57191.0 
58127.0  57192.0 
58128.0  57193.0 
58129.0  57194.0 
58130.0  57195.0 
58131.0  57196.0 
58132.0  57197.0 
58133.0  57198.0 
58134.0  57199.0 
58135.0  57200.0 
58136.0  57201.0 
58137.0  57202.0 
58138.0  57203.0 
58139.0  57204.0 
58140.0  57205.0 
58141.0  57206.0 
58142.0  57207.0 
58143.0  57208.0 
58144.0  57209.0 
58145.0  57210.0 
58146.0  57211.0 
58147.0  57212.0 
58148.0  57213.0 
58149.0  57214.0 
58150.0  57215.0 
58151.0  57216.0 
58152.0  57217.0 
58153.0  57218.0 
58154.0  57219.0 
58155.0  57220.0 
58156.0  57221.0 
58157.0  57222.0 
58158.0  57223.0 
58159.0  57224.0 
58160.0  57225.0 
58161.0  57226.0 
58162.0  57227.0 
58163.0  57228.0 
58164.0  57229.0 
58165.0  57230.0 
58166.0  57231.0 
58167.0  57232.0 
58168.0  57233.0 
58169.0  57234.0 
58170.0  57235.0 
58171.0  57236.0 
58172.0  57237.0 
58173.0  57238.0 
58174.0  57239.0 
58175.0  57240.0 
58176.1  58445.15 
58177.0  57242.0 
58178.0  57243.0 
58179.0  57244.0 
58180.0  57245.0 
58181.0  57246.0 
58182.0  57247.0 
58183.0  57248.0 
58184.0  57249.0 
58185.0  57250.0 
58186.0  57251.0 
58187.0  57252.0 
58188.0  57253.0 
58189.0  57254.0 
58190.0  57255.0 
58191.0  57256.0 
58192.0  57257.0 
58193.0  57258.0 
58194.0  57259.0 
58195.0  57260.0 
58196.0  57261.0 
58197.0  57262.0 
58198.0  57263.0 
58199.0  57264.0 
58200.0  57265.0 
58201.0  57266.0 
58202.0  57267.0 
58203.0  57268.0 
58204.0  57269.0 
58205.0  57270.0 
58206.0  57271.0 
58207.0  57272.0 
58208.0  57273.0 
58209.0  57274.0 
58210.0  57275.0 
58211.0  57276.0 
58212.0  57277.0 
58213.0  57278.0 
58214.0  57279.0 
58215.0  57280.0 
58216.0  57281.0 
58217.0  57282.0 
58218.0  57283.0 
58219.0  57284.0 
58220.0  57285.0 
58221.0  57286.0 
58222.0  57287.0 
58223.0  57288.0 
58224.0  57289.0 
58226.0  57291.0 
58227.0  57292.0 
58228.0  57293.0 
58229.0  57294.0 
58230.0  57295.0 
58231.0  57296.0 
58232.0  57297.0 
58233.0  57298.0 
58234.0  57299.0 
58235.0  57300.0 
58236.0  57301.0 
58237.0  57302.0 
58238.0  57303.0 
58239.0  57304.0 
58240.0  57305.0 
58241.0  57306.0 
58242.0  57307.0 
58243.0  57308.0 
58244.0  57309.0 
58245.0  57310.0 
58246.0  57311.0 
58247.0  57312.0 
58248.0  57313.0 
58249.0  57314.0 
58250.0  57315.0 
58251.0  57316.0 
58252.0  57317.0 
58253.0  57318.0 
58254.0  57319.0 
58255.0  57320.0 
58256.0  57321.0 
58257.0  57322.0 
58258.0  57323.0 
58259.0  57324.0 
58260.0  57325.0 
58261.0  57326.0 
58262.0  57327.0 
58263.0  57328.0 
58264.0  57329.0 
58265.0  57330.0 
58266.0  57331.0 
58267.0  57332.0 
58268.0  57333.0 
58269.0  57334.0 
58270.0  57335.0 
58271.0  57336.0 
58272.0  57337.0 
58273.0  57338.0 
58274.0  57339.0 
58275.0  57340.0 
58276.0  57341.0 
58277.0  57342.0 
58278.0  57343.0 
58279.0  57344.0 
58280.0  57345.0 
58281.0  57346.0 
58282.0  57347.0 
58283.0  57348.0 
58284.0  57349.0 
58285.0  57350.0 
58286.0  57351.0 
58287.0  57352.0 
58288.0  57353.0 
58289.0  57354.0 
58290.0  57355.0 
58291.0  57356.0 
58292.0  57357.0 
58293.0  57358.0 
58294.0  57359.0 
58295.0  57360.0 
58296.0  57361.0 
58297.0  57362.0 
58298.0  57363.0 
58299.0  57364.0 
58300.0  57365.0 
58301.0  57366.0 
58302.0  57367.0 
58303.0  57368.0 
58304.0  57369.0 
58305.0  57370.0 
58306.0  57371.0 
58307.0  57372.0 
58308.0  57373.0 
58309.0  57374.0 
58310.0  57375.0 
58311.0  57376.0 
58312.0  57377.0 
58313.0  57378.0 
58314.0  57379.0 
58315.0  57380.0 
58316.0  57381.0 
58317.0  57382.0 
58318.0  57383.0 
58319.0  57384.0 
58320.0  57385.0 
58321.0  57386.0 
58322.0  57387.0 
58323.0  57388.0 
58324.0  57389.0 
58325.0  57390.0 
58326.0  57391.0 
58327.0  57392.0 
58328.0  57393.0 
58329.0  57394.0 
58330.0  57395.0 
58331.0  57396.0 
58332.0  57397.0 
58333.0  57398.0 
58334.0  57399.0 
58335.0  57400.0 
58336.0  57401.0 
58337.0  57402.0 
58338.0  57403.0 
58339.0  57404.0 
58340.0  57405.0 
58341.1  58445.13 
58342.0  57407.0 
58343.0  57408.0 
58344.0  57409.0 
58345.0  57410.0 
58346.0  57411.0 
58347.0  57412.0 
58348.0  57413.0 
58349.0  57414.0 
58350.0  57415.0 
58351.0  57416.0 
58352.0  57417.0 
58353.0  57418.0 
58354.0  57419.0 
58355.0  57420.0 
58356.4  58445.14 
58356.4  57421.4 
58357.4  58445.14 
58357.4  57422.4 
58358.0  57423.0 
58359.0  57424.0 
58360.0  57425.0 
58361.0  57426.0 
58362.0  57427.0 
58363.0  57428.0 
58364.0  57429.0 
58365.0  57430.0 
58366.0  57431.0 
58367.0  57432.0 
58368.0  57433.0 
58369.0  57434.0 
58370.0  57435.0 
58371.0  57436.0 
58372.0  57437.0 
58373.0  57438.0 
58374.0  57439.0 
58375.0  57440.0 
58376.0  57441.0 
58377.0  57442.0 
58378.0  57443.0 
58379.1  58011.1 
58379.2  58011.2 
58379.3  58011.3 
58379.4  58011.4 
58379.5  58011.8 
58379.6  58011.9 
58380.0  57445.0 
58381.0  57446.0 
58382.0  57447.0 
58383.0  57448.0 
58384.0  57449.0 
58385.0  57450.0 
58386.0  57451.0 
58387.0  57452.0 
58388.0  57453.0 
58389.0  57454.0 
58390.0  57455.0 
58391.0  57456.0 
58392.0  57457.0 
58393.0  57458.0 
58394.0  57459.0 
58395.1  58445.15 
58396.0  57461.0 
58397.8  58445.15 
58397.8  57462.8 
58397.9  58011.5 
58398.8  58445.15 
58398.8  57463.8 
58398.9  58011.7 
58399.0  57464.0 
58400.2  57465.2 
58401.0  57466.0 
58402.0  57467.0 
58403.0  57468.0 
58404.0  57469.0 
58405.0  57470.0 
58406.0  57471.0 
58407.0  57472.0 
58408.1  58446.1 
58408.2  58447.1 
58408.3  58448.1 
58409.0  57474.0 
58410.0  57475.0 
58411.0  57476.0 
58412.0  57477.0 
58413.0  57478.0 
58414.0  57479.0 
58415.0  57480.0 
58416.0  57481.0 
58417.4  57482.4 
58417.5  58011.6 
58418.0  57483.0 
58419.0  57484.0 
58420.0  57485.0 
58421.0  57486.0 
58422.9  58445.12 
58422.10  58445.14 
58422.10  57487.10 
58423.0  57488.0 
58425.1  58449.1 
58426.0  57491.0 
58427.0  57492.0 
58429.0  57494.0 
58430.0  57495.0 
58431.0  57496.0 
58432.0  57497.0 
58433.0  57498.0 
58434.0  57499.0 
58435.0  57500.0 
58436.0  57501.0 
58437.0  57502.0 
58438.0  57503.0 
58439.0  57506.0 
58440.1  58451.0 
58440.1  57994.0 
58440.1  58007.0 
58440.1  57998.0 
58440.1  57997.0 
58440.1  58003.0 
58440.1  58008.0 
58440.1  58009.0 
58440.1  58452.1 
58440.1  58453.1 
58440.1  58454.1 
58440.1  58455.1 
58440.1  58456.1 
58441.0  57508.0 
58442.1  58457.1 
58443.1  58458.1 
58444.1  58459.1 
58445.13  57528.0 
58445.14  57487.9 
58445.15  58460.1 
58445.15  57076.15 
58446.1  58461.0 
58446.1  57994.0 
58446.1  58462.0 
58446.1  58463.0 
58446.1  57997.0 
58446.1  58464.0 
58446.1  57995.0 
58446.1  58465.0 
58446.1  57998.0 
58446.1  58000.0 
58446.1  58466.0 
58446.1  58003.0 
58446.1  58467.2 
58447.1  58469.0 
58447.1  57994.0 
58447.1  58462.0 
58447.1  58463.0 
58447.1  57995.0 
58447.1  57997.0 
58447.1  58464.0 
58447.1  57998.0 
58447.1  58465.0 
58447.1  58000.0 
58447.1  58470.0 
58447.1  58003.0 
58447.1  58408.1 
58448.1  58471.0 
58448.1  57994.0 
58448.1  57997.0 
58448.1  58408.2 
58449.1  58473.0 
58449.1  57994.0 
58449.1  58474.0 
58449.1  57997.0 
58449.1  58003.0 
58449.1  58009.0 
58449.1  58054.0 
58449.1  58475.5 
58449.1  58475.6 
58449.1  58475.7 
58450.1  58006.0 
58450.1  57994.0 
58450.1  57997.0 
58451.0  57518.0 
58452.1  58476.1 
58453.1  58477.1 
58454.1  58478.1 
58455.1  58479.1 
58456.1  58480.1 
58457.1  58481.0 
58457.1  57994.0 
58457.1  57997.0 
58457.1  58003.0 
58458.1  58482.0 
58458.1  57994.0 
58458.1  57997.0 
58458.1  58003.0 
58459.1  58484.0 
58459.1  57994.0 
58459.1  57997.0 
58460.1  58445.12 
58461.0  57530.0 
58462.0  57531.0 
58463.0  57532.0 
58464.0  57533.0 
58465.0  57534.0 
58467.1  58485.1 
58467.2  58486.1 
58468.1  58488.0 
58468.1  57994.0 
58468.1  58007.0 
58468.1  57998.0 
58468.1  57997.0 
58468.1  58003.0 
58468.1  58008.0 
58468.1  58009.0 
58468.1  58059.0 
58468.1  58060.0 
58468.1  58061.0 
58468.1  58489.1 
58468.1  58490.1 
58468.2  58491.1 
58468.3  58492.1 
58469.0  57538.0 
58471.0  57540.0 
58472.1  58493.0 
58472.1  57994.0 
58472.1  58007.0 
58472.1  57998.0 
58472.1  57997.0 
58472.1  58003.0 
58472.1  58008.0 
58472.1  58009.0 
58473.0  57542.0 
58474.0  57543.0 
58475.1  58494.1 
58475.2  58494.2 
58475.3  58494.3 
58475.4  58494.4 
58475.5  58494.5 
58475.6  58494.6 
58475.7  58494.7 
58476.1  58482.0 
58476.1  57994.0 
58476.1  57997.0 
58476.1  58003.0 
58477.1  58481.0 
58477.1  57994.0 
58477.1  57997.0 
58477.1  58003.0 
58478.1  58495.0 
58478.1  57994.0 
58478.1  57997.0 
58478.1  58003.0 
58479.1  58495.0 
58479.1  57994.0 
58479.1  57997.0 
58479.1  58003.0 
58480.1  58495.0 
58480.1  57994.0 
58480.1  57997.0 
58480.1  58003.0 
58481.0  57550.0 
58482.0  57551.0 
58484.0  57553.0 
58485.1  58461.0 
58485.1  57994.0 
58485.1  58462.0 
58485.1  58463.0 
58485.1  57997.0 
58485.1  58464.0 
58485.1  57995.0 
58485.1  58465.0 
58485.1  57998.0 
58485.1  58000.0 
58485.1  58497.0 
58485.1  58003.0 
58485.1  58498.1 
58486.1  58469.0 
58486.1  57994.0 
58486.1  58462.0 
58486.1  58463.0 
58486.1  57995.0 
58486.1  57997.0 
58486.1  58464.0 
58486.1  57998.0 
58486.1  58465.0 
58486.1  58000.0 
58486.1  58500.0 
58486.1  58003.0 
58486.1  58467.1 
58487.1  58469.0 
58487.1  57994.0 
58487.1  58462.0 
58487.1  58463.0 
58487.1  57995.0 
58487.1  57997.0 
58487.1  58464.0 
58487.1  57998.0 
58487.1  58465.0 
58487.1  58000.0 
58487.1  58501.0 
58487.1  58003.0 
58488.0  57557.0 
58489.1  58502.0 
58490.1  58503.1 
58491.1  58504.1 
58492.1  58505.1 
58493.0  57562.0 
58494.1  58506.0 
58494.1  57994.0 
58494.1  58507.0 
58494.1  57998.0 
58494.1  57997.0 
58494.1  58508.0 
58494.1  58003.0 
58494.1  58509.0 
58494.1  58510.0 
58494.1  58008.0 
58494.1  58511.0 
58494.1  58512.0 
58494.1  58513.0 
58494.1  58009.0 
58494.1  58514.0 
58494.1  58515.0 
58494.1  58516.0 
58494.1  58517.0 
58494.1  58518.0 
58494.1  58519.0 
58494.1  58520.0 
58494.1  58521.0 
58494.1  58522.0 
58494.1  58523.0 
58494.1  58524.0 
58494.1  58525.0 
58494.1  58526.0 
58494.1  58527.0 
58494.1  58528.0 
58494.1  58529.0 
58494.1  58530.0 
58494.1  58531.0 
58494.1  58532.0 
58494.1  58533.0 
58494.1  58534.0 
58494.1  58535.0 
58494.1  58536.0 
58494.1  58537.0 
58494.1  58538.0 
58494.1  58539.0 
58494.1  58540.0 
58494.1  58541.0 
58494.1  58542.0 
58494.1  58543.0 
58494.1  58544.0 
58494.1  58545.0 
58494.1  58546.0 
58494.1  58547.0 
58494.1  58548.0 
58494.1  58549.0 
58494.1  58550.0 
58494.1  58551.0 
58494.1  58552.0 
58494.1  58553.0 
58494.1  58554.0 
58494.1  58555.0 
58494.1  58556.0 
58494.1  58557.0 
58494.1  58558.0 
58494.1  58559.0 
58494.1  58560.0 
58494.1  58561.0 
58494.1  58562.0 
58494.1  58563.0 
58494.1  58564.0 
58494.1  58565.0 
58494.1  58566.0 
58494.1  58567.0 
58494.1  58568.0 
58494.1  58569.0 
58494.1  58570.0 
58494.1  58571.0 
58494.1  58572.0 
58494.1  58573.0 
58494.1  58574.0 
58494.1  58575.0 
58494.1  58576.0 
58494.1  58577.0 
58494.1  58578.0 
58494.1  58579.0 
58494.1  58580.0 
58494.1  58581.0 
58494.1  58582.0 
58494.1  58583.0 
58494.1  58584.0 
58494.1  58585.0 
58494.2  58586.0 
58494.2  58587.0 
58494.2  58588.0 
58494.2  58589.0 
58494.2  58590.0 
58494.2  58591.0 
58494.2  58592.0 
58494.2  58593.0 
58494.2  58594.0 
58494.2  58595.0 
58494.2  58596.0 
58494.2  58597.0 
58494.2  58598.0 
58494.2  58599.0 
58494.2  58600.0 
58494.2  58601.0 
58494.2  58602.0 
58494.2  58603.0 
58494.2  58604.0 
58494.2  58605.0 
58494.2  58606.0 
58494.2  58607.0 
58494.2  58608.0 
58494.2  58609.0 
58494.2  58610.0 
58494.2  58611.0 
58494.2  58612.0 
58494.2  58613.0 
58494.2  58614.0 
58494.2  58615.0 
58494.2  58616.0 
58494.2  58617.0 
58494.2  58618.0 
58494.2  58619.0 
58494.2  58620.0 
58494.2  58621.0 
58494.2  58622.0 
58494.2  58623.0 
58494.2  58624.0 
58494.2  58625.0 
58494.2  58626.0 
58494.2  58627.0 
58494.2  58628.0 
58494.2  58629.0 
58494.2  58630.0 
58494.2  58631.0 
58494.2  58632.0 
58494.2  58633.0 
58494.2  58634.0 
58494.2  58635.0 
58494.2  58636.0 
58494.2  58637.0 
58494.2  58638.0 
58494.2  58639.0 
58494.2  58640.0 
58494.2  58641.0 
58494.2  58642.0 
58494.2  58643.0 
58494.2  58644.0 
58494.2  58645.0 
58494.2  58646.0 
58494.2  58647.0 
58494.2  58648.0 
58494.2  58649.0 
58494.2  58650.0 
58494.2  58651.0 
58494.2  58652.0 
58494.2  58653.0 
58494.2  58654.0 
58494.2  58655.0 
58494.2  58656.0 
58494.2  58657.0 
58494.2  58658.0 
58494.2  58659.0 
58494.2  58660.0 
58494.2  58661.0 
58494.2  58662.0 
58494.2  58663.0 
58494.3  58664.0 
58494.3  58665.0 
58494.3  58666.0 
58494.3  58667.0 
58494.3  58668.0 
58494.3  58669.0 
58494.3  58670.0 
58494.3  58671.0 
58494.3  58672.0 
58494.3  58673.0 
58494.3  58674.0 
58494.3  58675.0 
58494.3  58676.0 
58494.3  58677.0 
58494.3  58678.0 
58494.3  58679.0 
58494.3  58680.0 
58494.3  58681.0 
58494.3  58682.0 
58494.3  58683.0 
58494.3  58684.0 
58494.3  58685.0 
58494.3  58686.0 
58494.3  58687.0 
58494.3  58688.0 
58494.3  58689.0 
58494.3  58690.0 
58494.3  58691.0 
58494.3  58692.0 
58494.3  58693.0 
58494.3  58694.0 
58494.3  58695.0 
58494.3  58696.0 
58494.3  58697.0 
58494.3  58698.0 
58494.3  58699.0 
58494.3  58700.0 
58494.3  58701.0 
58494.3  58702.0 
58494.3  58703.0 
58494.3  58704.0 
58494.3  58705.0 
58494.3  58706.0 
58494.3  58707.0 
58494.3  58708.0 
58494.3  58709.0 
58494.3  58710.0 
58494.3  58711.0 
58494.3  58712.0 
58494.3  58713.0 
58494.3  58714.0 
58494.3  58715.0 
58494.3  58716.0 
58494.3  58717.0 
58494.3  58718.0 
58494.3  58719.0 
58494.3  58720.0 
58494.3  58721.0 
58494.3  58722.0 
58494.3  58723.0 
58494.3  58724.0 
58494.3  58725.0 
58494.3  58726.0 
58494.3  58727.0 
58494.3  58728.0 
58494.3  58729.0 
58494.3  58730.0 
58494.3  58731.0 
58494.3  58732.0 
58494.3  58733.0 
58494.3  58734.0 
58494.3  58735.0 
58494.3  58736.0 
58494.3  58737.0 
58494.3  58738.0 
58494.3  58739.0 
58494.3  58740.0 
58494.3  58741.0 
58494.3  58742.0 
58494.4  58743.0 
58494.4  58744.0 
58494.4  58745.0 
58494.4  58746.0 
58494.4  58747.0 
58494.4  58748.0 
58494.4  58749.0 
58494.4  58750.0 
58494.4  58751.0 
58494.4  58752.0 
58494.4  58753.0 
58494.4  58754.0 
58494.4  58755.0 
58494.4  58756.0 
58494.4  58757.0 
58494.4  58758.0 
58494.4  58759.0 
58494.4  58760.0 
58494.4  58761.0 
58494.4  58762.0 
58494.4  58763.0 
58494.4  58764.0 
58494.4  58765.0 
58494.4  58766.0 
58494.4  58767.0 
58494.4  58768.0 
58494.4  58769.0 
58494.4  58770.0 
58494.4  58771.0 
58494.4  58772.0 
58494.4  58773.0 
58494.4  58774.0 
58494.4  58775.0 
58494.4  58776.0 
58494.4  58777.0 
58494.4  58778.0 
58494.4  58779.0 
58494.4  58780.0 
58494.4  58781.0 
58494.5  58782.0 
58494.5  58783.0 
58494.5  58784.0 
58494.5  58785.0 
58494.5  58786.0 
58494.5  58787.0 
58494.5  58788.0 
58494.5  58789.0 
58494.5  58790.0 
58494.5  58791.0 
58494.5  58792.0 
58494.5  58793.0 
58494.5  58794.0 
58494.5  58795.0 
58494.5  58796.0 
58494.5  58797.0 
58494.5  58798.0 
58494.5  58799.0 
58494.5  58800.0 
58494.5  58801.0 
58494.5  58802.0 
58494.5  58803.0 
58494.5  58804.0 
58494.5  58805.0 
58494.5  58806.0 
58494.5  58807.0 
58494.5  58808.0 
58494.5  58809.0 
58494.5  58810.0 
58494.5  58811.0 
58494.5  58812.0 
58494.5  58813.0 
58494.5  58814.0 
58494.5  58815.0 
58494.5  58816.0 
58494.5  58817.0 
58494.5  58818.0 
58494.5  58819.0 
58494.5  58820.0 
58494.5  58821.0 
58494.5  58822.0 
58494.5  58823.0 
58494.5  58824.0 
58494.5  58825.0 
58494.5  58826.0 
58494.5  58827.0 
58494.5  58828.0 
58494.5  58829.0 
58494.6  58830.0 
58494.6  58831.0 
58494.6  58832.0 
58494.6  58833.0 
58494.6  58834.0 
58494.6  58835.0 
58494.6  58836.0 
58494.6  58837.0 
58494.6  58838.0 
58494.6  58839.0 
58494.6  58840.0 
58494.6  58841.0 
58494.6  58842.0 
58494.6  58843.0 
58494.6  58844.0 
58494.6  58845.0 
58494.6  58846.0 
58494.6  58847.0 
58494.6  58848.0 
58494.6  58849.0 
58494.6  58850.0 
58494.6  58851.0 
58494.6  58852.0 
58494.6  58853.0 
58494.6  58854.0 
58494.6  58855.0 
58494.6  58856.0 
58494.7  58857.0 
58494.7  58858.0 
58494.7  58859.0 
58494.7  58860.0 
58494.7  58861.0 
58494.7  58862.0 
58494.7  58863.0 
58494.7  58864.0 
58494.7  58865.0 
58494.7  58866.0 
58494.7  58867.0 
58494.7  58868.0 
58494.7  58869.0 
58494.7  58870.0 
58494.7  58871.0 
58494.7  58872.0 
58494.7  58873.0 
58494.7  58874.0 
58494.7  58875.0 
58494.7  58876.0 
58494.7  58877.0 
58494.7  58878.0 
58494.7  58879.0 
58494.7  58880.0 
58494.7  58881.0 
58494.7  58882.0 
58494.7  58883.0 
58494.7  58884.0 
58494.7  58885.0 
58494.7  58886.0 
58494.7  58887.0 
58494.7  58888.0 
58494.7  58889.0 
58494.7  58890.0 
58494.7  58891.0 
58494.7  58892.0 
58494.7  58893.0 
58494.7  58894.0 
58494.7  58895.0 
58494.7  58896.0 
58494.7  58897.0 
58495.0  57564.0 
58496.1  58899.0 
58496.1  57059.0 
58496.1  57072.0 
58496.1  57063.0 
58496.1  57062.0 
58496.1  57068.0 
58496.1  57073.0 
58496.1  57074.0 
58496.1  57124.0 
58496.1  57125.0 
58496.1  57126.0 
58496.1  58900.1 
58496.1  58901.1 
58496.1  57119.0 
58496.1  57131.0 
58496.1  58902.1 
58498.1  58903.1 
58499.1  57070.1 
58503.1  58905.0 
58503.1  57994.0 
58503.1  57997.0 
58503.1  58003.0 
58503.1  58009.0 
58503.1  58906.1 
58504.1  58905.0 
58504.1  57994.0 
58504.1  57997.0 
58504.1  58003.0 
58504.1  58009.0 
58504.1  58908.1 
58505.1  58905.0 
58505.1  57994.0 
58505.1  57997.0 
58505.1  58003.0 
58505.1  58009.0 
58505.1  58910.1 
58506.0  57575.0 
58507.0  57576.0 
58508.0  57577.0 
58510.0  57579.0 
58511.0  57580.0 
58512.0  57581.0 
58513.0  57582.0 
58514.0  57583.0 
58515.0  57584.0 
58516.0  57585.0 
58517.0  57586.0 
58518.0  57587.0 
58519.0  57588.0 
58520.0  57589.0 
58521.0  57590.0 
58522.0  57591.0 
58523.0  57592.0 
58524.0  57593.0 
58525.0  57594.0 
58526.0  57595.0 
58527.0  57596.0 
58528.0  57597.0 
58529.0  57598.0 
58530.0  57599.0 
58531.0  57600.0 
58532.0  57601.0 
58533.0  57602.0 
58534.0  57603.0 
58535.0  57604.0 
58536.0  57605.0 
58537.0  57606.0 
58538.0  57607.0 
58539.0  57608.0 
58540.0  57609.0 
58541.0  57610.0 
58542.0  57611.0 
58543.0  57612.0 
58544.0  57613.0 
58545.0  57614.0 
58546.0  57615.0 
58547.0  57616.0 
58548.0  57617.0 
58549.0  57618.0 
58550.0  57619.0 
58551.0  57620.0 
58552.0  57621.0 
58553.0  57622.0 
58554.0  57623.0 
58555.0  57624.0 
58556.0  57625.0 
58557.0  57626.0 
58558.0  57627.0 
58559.0  57628.0 
58560.0  57629.0 
58561.0  57630.0 
58562.0  57631.0 
58563.0  57632.0 
58564.0  57633.0 
58565.0  57634.0 
58566.0  57635.0 
58567.0  57636.0 
58568.0  57637.0 
58569.0  57638.0 
58570.0  57639.0 
58571.0  57640.0 
58572.0  57641.0 
58573.0  57642.0 
58574.0  57643.0 
58575.0  57644.0 
58576.0  57645.0 
58577.0  57646.0 
58578.0  57647.0 
58579.0  57648.0 
58580.0  57649.0 
58581.0  57650.0 
58582.0  57651.0 
58583.0  57652.0 
58584.0  57653.0 
58585.0  57654.0 
58586.0  57655.0 
58587.0  57656.0 
58588.0  57657.0 
58589.0  57658.0 
58590.0  57659.0 
58591.0  57660.0 
58592.0  57661.0 
58593.0  57662.0 
58594.0  57663.0 
58595.0  57664.0 
58596.0  57665.0 
58597.0  57666.0 
58598.0  57667.0 
58599.0  57668.0 
58600.0  57669.0 
58601.0  57670.0 
58602.0  57671.0 
58603.0  57672.0 
58604.0  57673.0 
58605.0  57674.0 
58606.0  57675.0 
58607.0  57676.0 
58608.0  57677.0 
58609.0  57678.0 
58610.0  57679.0 
58611.0  57680.0 
58612.0  57681.0 
58613.0  57682.0 
58614.0  57683.0 
58615.0  57684.0 
58616.0  57685.0 
58617.0  57686.0 
58618.0  57687.0 
58619.0  57688.0 
58620.0  57689.0 
58621.0  57690.0 
58622.0  57691.0 
58623.0  57692.0 
58624.0  57693.0 
58625.0  57694.0 
58626.0  57695.0 
58627.0  57696.0 
58628.0  57697.0 
58629.0  57698.0 
58630.0  57699.0 
58631.0  57700.0 
58632.0  57701.0 
58633.0  57702.0 
58634.0  57703.0 
58635.0  57704.0 
58636.0  57705.0 
58637.0  57706.0 
58638.0  57707.0 
58639.0  57708.0 
58640.0  57709.0 
58641.0  57710.0 
58642.0  57711.0 
58643.0  57712.0 
58644.0  57713.0 
58645.0  57714.0 
58646.0  57715.0 
58647.0  57716.0 
58648.0  57717.0 
58649.0  57718.0 
58650.0  57719.0 
58651.0  57720.0 
58652.0  57721.0 
58653.0  57722.0 
58654.0  57723.0 
58655.0  57724.0 
58656.0  57725.0 
58657.0  57726.0 
58658.0  57727.0 
58659.0  57728.0 
58660.0  57729.0 
58661.0  57730.0 
58662.0  57731.0 
58663.0  57732.0 
58664.0  57733.0 
58665.0  57734.0 
58666.0  57735.0 
58667.0  57736.0 
58668.0  57737.0 
58669.0  57738.0 
58670.0  57739.0 
58671.0  57740.0 
58672.0  57741.0 
58673.0  57742.0 
58674.0  57743.0 
58675.0  57744.0 
58676.0  57745.0 
58677.0  57746.0 
58678.0  57747.0 
58679.0  57748.0 
58680.0  57749.0 
58681.0  57750.0 
58682.0  57751.0 
58683.0  57752.0 
58684.0  57753.0 
58685.0  57754.0 
58686.0  57755.0 
58687.0  57756.0 
58688.0  57757.0 
58689.0  57758.0 
58690.0  57759.0 
58691.0  57760.0 
58692.0  57761.0 
58693.0  57762.0 
58694.0  57763.0 
58695.0  57764.0 
58696.0  57765.0 
58697.0  57766.0 
58698.0  57767.0 
58699.0  57768.0 
58700.0  57769.0 
58701.0  57770.0 
58702.0  57771.0 
58703.0  57772.0 
58704.0  57773.0 
58705.0  57774.0 
58706.0  57775.0 
58707.0  57776.0 
58708.0  57777.0 
58709.0  57778.0 
58710.0  57779.0 
58711.0  57780.0 
58713.0  57782.0 
58714.0  57783.0 
58715.0  57784.0 
58716.0  57785.0 
58717.0  57786.0 
58718.0  57787.0 
58719.0  57788.0 
58720.0  57789.0 
58721.0  57790.0 
58722.0  57791.0 
58723.0  57792.0 
58724.0  57793.0 
58725.0  57794.0 
58726.0  57795.0 
58727.0  57796.0 
58728.0  57797.0 
58729.0  57798.0 
58730.0  57799.0 
58731.0  57800.0 
58732.0  57801.0 
58733.0  57802.0 
58734.0  57803.0 
58735.0  57804.0 
58736.0  57805.0 
58737.0  57806.0 
58738.0  57807.0 
58739.0  57808.0 
58740.0  57809.0 
58741.0  57810.0 
58742.0  57811.0 
58743.0  57812.0 
58744.0  57813.0 
58745.0  57814.0 
58746.0  57815.0 
58747.0  57816.0 
58748.0  57817.0 
58749.0  57818.0 
58750.0  57819.0 
58751.0  57820.0 
58752.0  57821.0 
58753.0  57822.0 
58754.0  57823.0 
58755.0  57824.0 
58756.0  57825.0 
58757.0  57826.0 
58758.0  57827.0 
58759.0  57828.0 
58760.0  57829.0 
58761.0  57830.0 
58762.0  57831.0 
58763.0  57832.0 
58764.0  57833.0 
58765.0  57834.0 
58766.0  57835.0 
58767.0  57836.0 
58768.0  57837.0 
58769.0  57838.0 
58770.0  57839.0 
58771.0  57840.0 
58772.0  57841.0 
58773.0  57842.0 
58774.0  57843.0 
58775.0  57844.0 
58776.0  57845.0 
58777.0  57846.0 
58778.0  57847.0 
58779.0  57848.0 
58780.0  57849.0 
58781.0  57850.0 
58782.0  57851.0 
58783.0  57852.0 
58784.0  57853.0 
58785.0  57854.0 
58786.0  57855.0 
58787.0  57856.0 
58788.0  57857.0 
58789.0  57858.0 
58790.0  57859.0 
58791.0  57860.0 
58792.0  57861.0 
58793.0  57862.0 
58794.0  57863.0 
58795.0  57864.0 
58796.0  57865.0 
58797.0  57866.0 
58798.0  57867.0 
58799.0  57868.0 
58800.0  57869.0 
58801.0  57870.0 
58802.0  57871.0 
58803.0  57872.0 
58804.0  57873.0 
58805.0  57874.0 
58806.0  57875.0 
58807.0  57876.0 
58808.0  57877.0 
58809.0  57878.0 
58810.0  57879.0 
58811.0  57880.0 
58812.0  57881.0 
58813.0  57882.0 
58814.0  57883.0 
58815.0  57884.0 
58816.0  57885.0 
58817.0  57886.0 
58818.0  57887.0 
58819.0  57888.0 
58820.0  57889.0 
58821.0  57890.0 
58822.0  57891.0 
58823.0  57892.0 
58824.0  57893.0 
58825.0  57894.0 
58826.0  57895.0 
58827.0  57896.0 
58828.0  57897.0 
58829.0  57898.0 
58830.0  57899.0 
58831.0  57900.0 
58832.0  57901.0 
58833.0  57902.0 
58834.0  57903.0 
58835.0  57904.0 
58836.0  57905.0 
58837.0  57906.0 
58838.0  57907.0 
58839.0  57908.0 
58840.0  57909.0 
58841.0  57910.0 
58842.0  57911.0 
58843.0  57912.0 
58844.0  57913.0 
58845.0  57914.0 
58846.0  57915.0 
58847.0  57916.0 
58848.0  57917.0 
58849.0  57918.0 
58850.0  57919.0 
58851.0  57920.0 
58852.0  57921.0 
58853.0  57922.0 
58854.0  57923.0 
58855.0  57924.0 
58856.0  57925.0 
58857.0  57926.0 
58858.0  57927.0 
58859.0  57928.0 
58860.0  57929.0 
58861.0  57930.0 
58862.0  57931.0 
58863.0  57932.0 
58864.0  57933.0 
58865.0  57934.0 
58866.0  57935.0 
58867.0  57936.0 
58868.0  57937.0 
58898.1  57530.0 
58898.1  57059.0 
58898.1  57531.0 
58898.1  57532.0 
58898.1  57062.0 
58898.1  57533.0 
58898.1  57060.0 
58898.1  57534.0 
58898.1  57063.0 
58898.1  57065.0 
58898.1  58911.0 
58898.1  57068.0 
58898.1  57473.3 
58899.0  57025.0 
58900.1  58912.1 
58901.1  58913.1 
58902.1  58914.1 
58903.1  58915.0 
58903.1  57059.0 
58903.1  57062.0 
58903.1  58916.3 
58905.0  57973.0 
58906.1  58917.0 
58908.1  58918.0 
58910.1  58919.0 
58912.1  57973.0 
58912.1  57059.0 
58912.1  57062.0 
58912.1  57068.0 
58912.1  57074.0 
58912.1  58921.1 
58913.1  58922.0 
58913.1  57059.0 
58913.1  57062.0 
58913.1  57068.0 
58913.1  58923.13 
58914.1  58922.0 
58914.1  57059.0 
58914.1  57062.0 
58914.1  57068.0 
58914.1  58924.13 
58915.0  57041.0 
58916.3  57473.3 
58921.1  58925.0 
58922.0  57048.0 
58923.12  57049.12 
58923.13  58926.1 
58923.14  58468.1 
58924.12  57050.12 
58924.13  58926.2 
58924.14  58468.2 
58926.3  57537.3 
57991.0  57992.0 
57992.0  58005.0 
58011.0  58012.0 
58012.0  58440.0 
58440.0  58450.0 
58446.0  58005.0 
58447.0  58468.0 
58448.0  58468.0 
58449.0  58472.0 
58450.0  58005.0 
58457.0  58012.0 
58458.0  58012.0 
58459.0  58483.0 
58468.0  58487.0 
58472.0  58011.0 
58476.0  58440.0 
58477.0  58440.0 
58478.0  58440.0 
58479.0  58440.0 
58480.0  58440.0 
58483.0  58012.0 
58485.0  58496.0 
58486.0  58499.0 
58487.0  58005.0 
58494.0  58472.0 
58496.0  58898.0 
58502.0  58468.0 
58503.0  58904.0 
58504.0  58907.0 
58505.0  58909.0 
58898.0  58499.0 
58903.0  58496.0 
58904.0  58468.0 
58907.0  58468.0 
58909.0  58468.0 
58912.0  58920.0 
58913.0  58496.0 
58914.0  58496.0 
58917.0  58904.0 
58918.0  58907.0 
58919.0  58909.0 
58920.0  58496.0 
58925.0  58920.0 
58010.1  58011.10 
