57056.1  57058.0 
57056.1  57059.0 
57056.1  57060.0 
57056.1  57061.0 
57056.1  57062.0 
57056.1  57063.0 
57056.1  57064.0 
57056.1  57065.0 
57056.1  57066.0 
57056.1  57067.0 
57056.1  57068.0 
57056.1  57069.0 
57057.1  57071.0 
57057.1  57059.0 
57057.1  57062.0 
57058.0  56119.0 
57059.0  56120.0 
57060.0  56121.0 
57061.0  56122.0 
57062.0  56123.0 
57063.0  56124.0 
57064.0  56125.0 
57065.0  56126.0 
57068.0  56129.0 
57070.1  57059.0 
57070.1  57072.0 
57070.1  57063.0 
57070.1  57062.0 
57070.1  57068.0 
57070.1  57073.0 
57070.1  57074.0 
57071.0  56132.0 
57072.0  56133.0 
57073.0  56134.0 
57074.0  56135.0 
57055.1  57056.1 
57076.1  57078.0 
57076.1  57079.0 
57076.1  57080.0 
57076.1  57081.0 
57076.1  57059.0 
57076.1  57082.0 
57076.1  57083.0 
57076.1  57084.0 
57076.1  57085.0 
57076.1  57063.0 
57076.1  57086.0 
57076.1  57087.0 
57076.1  57088.0 
57076.1  57089.0 
57076.1  57090.0 
57076.1  57091.0 
57076.1  57092.0 
57076.1  57093.0 
57076.1  57094.0 
57076.1  57095.0 
57076.1  57096.0 
57076.1  57097.0 
57076.1  57098.0 
57076.1  57099.0 
57076.1  57100.0 
57076.1  57062.0 
57076.1  57101.0 
57076.1  57102.0 
57076.1  57103.0 
57076.1  57104.0 
57076.1  57105.0 
57076.1  57106.0 
57076.1  57107.0 
57076.1  57108.0 
57076.1  57109.0 
57076.1  57110.0 
57076.1  57111.0 
57076.1  57112.0 
57076.1  57113.0 
57076.1  57114.0 
57076.1  57115.0 
57076.1  57116.0 
57076.1  57117.0 
57076.1  57118.0 
57076.1  57119.0 
57076.1  57068.0 
57076.1  57120.0 
57076.1  57121.0 
57076.1  57122.0 
57076.1  57123.0 
57076.1  57074.0 
57076.1  57124.0 
57076.1  57125.0 
57076.1  57126.0 
57076.1  57127.0 
57076.1  57128.0 
57076.1  57129.0 
57076.1  57130.0 
57076.1  57131.0 
57076.1  57132.0 
57076.1  57133.0 
57076.1  57134.0 
57076.1  57135.0 
57076.1  57136.0 
57076.1  57137.0 
57076.1  57138.0 
57076.1  57139.0 
57076.1  57140.0 
57076.1  57141.0 
57076.1  57142.0 
57076.1  57143.0 
57076.1  57144.0 
57076.1  57145.0 
57076.1  57146.0 
57076.1  57147.0 
57076.1  57148.0 
57076.1  57149.0 
57076.1  57150.0 
57076.1  57151.0 
57076.1  57152.0 
57076.1  57153.0 
57076.1  57154.0 
57076.1  57155.0 
57076.1  57156.0 
57076.1  57157.0 
57076.1  57158.0 
57076.1  57159.0 
57076.1  57160.0 
57076.1  57161.0 
57076.1  57162.0 
57076.1  57163.0 
57076.1  57164.0 
57076.1  57165.0 
57076.1  57166.0 
57076.1  57167.0 
57076.1  57168.0 
57076.1  57169.0 
57076.1  57170.0 
57076.1  57171.0 
57076.1  57172.0 
57076.1  57173.0 
57076.1  57174.0 
57076.1  57175.0 
57076.1  57176.0 
57076.1  57177.0 
57076.1  57178.0 
57076.1  57179.0 
57076.1  57180.0 
57076.1  57181.0 
57076.1  57182.0 
57076.1  57183.0 
57076.1  57184.0 
57076.1  57185.0 
57076.1  57186.0 
57076.1  57187.0 
57076.1  57188.0 
57076.1  57189.0 
57076.1  57190.0 
57076.1  57191.0 
57076.1  57192.0 
57076.1  57193.0 
57076.1  57194.0 
57076.1  57195.0 
57076.1  57196.0 
57076.1  57197.0 
57076.1  57198.0 
57076.1  57199.0 
57076.1  57200.0 
57076.1  57201.0 
57076.1  57202.0 
57076.1  57203.0 
57076.1  57204.0 
57076.1  57205.0 
57076.1  57206.0 
57076.1  57207.0 
57076.1  57208.0 
57076.1  57209.0 
57076.1  57210.0 
57076.1  57211.0 
57076.1  57212.0 
57076.1  57213.0 
57076.1  57214.0 
57076.1  57215.0 
57076.1  57216.0 
57076.1  57217.0 
57076.1  57218.0 
57076.1  57219.0 
57076.1  57220.0 
57076.1  57221.0 
57076.1  57222.0 
57076.1  57223.0 
57076.1  57224.0 
57076.1  57225.0 
57076.1  57226.0 
57076.1  57227.0 
57076.1  57228.0 
57076.1  57229.0 
57076.1  57230.0 
57076.1  57231.0 
57076.1  57232.0 
57076.1  57233.0 
57076.1  57234.0 
57076.1  57235.0 
57076.1  57236.0 
57076.1  57237.0 
57076.1  57073.0 
57076.1  57238.0 
57076.1  57239.0 
57076.1  57240.0 
57076.1  57241.1 
57076.1  57242.0 
57076.1  57243.0 
57076.1  57244.0 
57076.1  57245.0 
57076.1  57246.0 
57076.1  57247.0 
57076.2  57248.0 
57076.2  57249.0 
57076.2  57250.0 
57076.2  57251.0 
57076.2  57252.0 
57076.2  57253.0 
57076.2  57254.0 
57076.2  57255.0 
57076.2  57256.0 
57076.2  57257.0 
57076.2  57258.0 
57076.2  57259.0 
57076.2  57260.0 
57076.2  57261.0 
57076.2  57262.0 
57076.2  57263.0 
57076.2  57264.0 
57076.2  57265.0 
57076.2  57266.0 
57076.2  57267.0 
57076.2  57268.0 
57076.2  57269.0 
57076.2  57270.0 
57076.2  57271.0 
57076.2  57272.0 
57076.2  57273.0 
57076.2  57274.0 
57076.2  57275.0 
57076.2  57276.0 
57076.2  57277.0 
57076.2  57278.0 
57076.2  57060.0 
57076.2  57279.0 
57076.2  57280.0 
57076.2  57281.0 
57076.2  57282.0 
57076.2  57283.0 
57076.2  57284.0 
57076.2  57285.0 
57076.2  57286.0 
57076.2  57287.0 
57076.2  57288.0 
57076.2  57289.0 
57076.2  57065.0 
57076.2  57290.0 
57076.2  57291.0 
57076.2  57292.0 
57076.2  57293.0 
57076.2  57294.0 
57076.2  57295.0 
57076.2  57296.0 
57076.2  57297.0 
57076.2  57298.0 
57076.2  57299.0 
57076.2  57300.0 
57076.2  57301.0 
57076.2  57302.0 
57076.2  57303.0 
57076.2  57304.0 
57076.2  57305.0 
57076.2  57306.0 
57076.2  57307.0 
57076.2  57308.0 
57076.2  57309.0 
57076.2  57310.0 
57076.2  57311.0 
57076.2  57312.0 
57076.2  57313.0 
57076.2  57314.0 
57076.2  57315.0 
57076.2  57316.0 
57076.2  57317.0 
57076.2  57318.0 
57076.2  57319.0 
57076.2  57320.0 
57076.2  57321.0 
57076.2  57322.0 
57076.2  57323.0 
57076.2  57324.0 
57076.2  57325.0 
57076.2  57326.0 
57076.2  57327.0 
57076.2  57328.0 
57076.2  57329.0 
57076.2  57330.0 
57076.2  57331.0 
57076.2  57332.0 
57076.2  57333.0 
57076.2  57334.0 
57076.2  57335.0 
57076.2  57336.0 
57076.2  57337.0 
57076.2  57338.0 
57076.2  57339.0 
57076.2  57340.0 
57076.2  57341.0 
57076.2  57342.0 
57076.2  57343.0 
57076.2  57344.0 
57076.2  57345.0 
57076.2  57346.0 
57076.2  57347.0 
57076.2  57348.0 
57076.2  57349.0 
57076.2  57350.0 
57076.2  57351.0 
57076.2  57352.0 
57076.2  57353.0 
57076.2  57354.0 
57076.2  57355.0 
57076.2  57356.0 
57076.2  57357.0 
57076.2  57358.0 
57076.2  57359.0 
57076.2  57360.0 
57076.2  57361.0 
57076.2  57362.0 
57076.2  57363.0 
57076.2  57364.0 
57076.2  57365.0 
57076.2  57366.0 
57076.2  57367.0 
57076.2  57368.0 
57076.2  57369.0 
57076.2  57370.0 
57076.2  57371.0 
57076.2  57372.0 
57076.2  57373.0 
57076.2  57374.0 
57076.2  57375.0 
57076.2  57376.0 
57076.2  57377.0 
57076.2  57378.0 
57076.2  57379.0 
57076.2  57380.0 
57076.2  57381.0 
57076.2  57382.0 
57076.2  57383.0 
57076.2  57384.0 
57076.2  57385.0 
57076.2  57386.0 
57076.2  57387.0 
57076.2  57388.0 
57076.2  57389.0 
57076.2  57390.0 
57076.2  57391.0 
57076.2  57392.0 
57076.2  57393.0 
57076.2  57394.0 
57076.2  57395.0 
57076.2  57396.0 
57076.2  57397.0 
57076.2  57398.0 
57076.2  57399.0 
57076.2  57400.0 
57076.2  57401.0 
57076.2  57402.0 
57076.2  57403.0 
57076.2  57404.0 
57076.2  57405.0 
57076.2  57406.1 
57076.2  57407.0 
57076.2  57408.0 
57076.2  57409.0 
57076.2  57410.0 
57076.2  57411.0 
57076.2  57412.0 
57076.2  57413.0 
57076.2  57414.0 
57076.2  57415.0 
57076.2  57416.0 
57076.2  57417.0 
57076.2  57418.0 
57076.2  57419.0 
57076.2  57420.0 
57076.2  57421.3 
57076.2  57422.3 
57076.2  57423.0 
57076.2  57424.0 
57076.2  57425.0 
57076.2  57426.0 
57076.2  57427.0 
57076.2  57428.0 
57076.2  57429.0 
57076.2  57430.0 
57076.2  57431.0 
57076.2  57432.0 
57076.2  57433.0 
57076.2  57434.0 
57076.2  57435.0 
57076.3  57436.0 
57076.3  57437.0 
57076.3  57438.0 
57076.3  57439.0 
57076.3  57440.0 
57076.3  57441.0 
57076.3  57442.0 
57076.3  57443.0 
57076.3  57444.2 
57076.3  57445.0 
57076.3  57446.0 
57076.3  57447.0 
57076.3  57448.0 
57076.3  57449.0 
57076.3  57450.0 
57076.4  57451.0 
57076.4  57452.0 
57076.4  57453.0 
57076.4  57454.0 
57076.4  57055.1 
57076.5  57455.0 
57076.5  57456.0 
57076.5  57457.0 
57076.5  57458.0 
57076.5  57459.0 
57076.5  57460.1 
57076.5  57461.0 
57076.5  57462.6 
57076.5  57463.6 
57076.5  57464.0 
57076.5  57465.2 
57076.6  57466.0 
57076.6  57467.0 
57076.6  57468.0 
57076.6  57469.0 
57076.6  57470.0 
57076.6  57471.0 
57076.6  57064.0 
57076.6  57061.0 
57076.6  57472.0 
57076.6  57473.3 
57076.6  57474.0 
57076.6  57475.0 
57076.6  57476.0 
57076.6  57477.0 
57076.6  57478.0 
57076.6  57479.0 
57076.6  57480.0 
57076.6  57481.0 
57076.6  57482.3 
57076.6  57483.0 
57076.6  57484.0 
57076.7  57485.0 
57076.7  57486.0 
57076.7  57487.8 
57076.7  57488.0 
57076.7  57489.0 
57076.7  57490.1 
57076.7  57491.0 
57076.7  57492.0 
57076.7  57493.0 
57076.7  57494.0 
57076.7  57495.0 
57076.8  57496.0 
57076.8  57497.0 
57076.8  57498.0 
57076.8  57499.0 
57076.8  57500.0 
57076.9  57501.0 
57076.9  57502.0 
57076.9  57503.0 
57076.9  57444.5 
57076.10  57504.0 
57076.11  57505.0 
57076.12  57506.0 
57077.1  57508.0 
57077.1  57059.0 
57077.1  57072.0 
57077.1  57063.0 
57077.1  57062.0 
57077.1  57068.0 
57077.1  57073.0 
57077.1  57074.0 
57077.1  57509.1 
57077.1  57510.1 
57077.1  57511.1 
57078.0  56139.0 
57079.0  56140.0 
57080.0  56141.0 
57081.0  56142.0 
57082.0  56143.0 
57083.0  56144.0 
57084.0  56145.0 
57085.0  56146.0 
57086.0  56147.0 
57087.0  56148.0 
57088.0  56149.0 
57089.0  56150.0 
57090.0  56151.0 
57091.0  56152.0 
57092.0  56153.0 
57093.0  56154.0 
57094.0  56155.0 
57095.0  56156.0 
57096.0  56157.0 
57097.0  56158.0 
57098.0  56159.0 
57099.0  56160.0 
57100.0  56161.0 
57101.0  56162.0 
57102.0  56163.0 
57103.0  56164.0 
57104.0  56165.0 
57105.0  56166.0 
57106.0  56167.0 
57107.0  56168.0 
57108.0  56169.0 
57109.0  56170.0 
57110.0  56171.0 
57111.0  56172.0 
57112.0  56173.0 
57113.0  56174.0 
57114.0  56175.0 
57115.0  56176.0 
57116.0  56177.0 
57117.0  56178.0 
57118.0  56179.0 
57119.0  56180.0 
57120.0  56181.0 
57121.0  56182.0 
57122.0  56183.0 
57123.0  56184.0 
57124.0  56185.0 
57125.0  56186.0 
57126.0  56187.0 
57127.0  56188.0 
57128.0  56189.0 
57129.0  56190.0 
57130.0  56191.0 
57131.0  56192.0 
57132.0  56193.0 
57133.0  56194.0 
57134.0  56195.0 
57135.0  56196.0 
57136.0  56197.0 
57137.0  56198.0 
57138.0  56199.0 
57139.0  56200.0 
57140.0  56201.0 
57141.0  56202.0 
57142.0  56203.0 
57143.0  56204.0 
57144.0  56205.0 
57145.0  56206.0 
57146.0  56207.0 
57147.0  56208.0 
57148.0  56209.0 
57149.0  56210.0 
57150.0  56211.0 
57151.0  56212.0 
57152.0  56213.0 
57153.0  56214.0 
57154.0  56215.0 
57155.0  56216.0 
57156.0  56217.0 
57157.0  56218.0 
57158.0  56219.0 
57159.0  56220.0 
57160.0  56221.0 
57161.0  56222.0 
57162.0  56223.0 
57163.0  56224.0 
57164.0  56225.0 
57165.0  56226.0 
57166.0  56227.0 
57167.0  56228.0 
57168.0  56229.0 
57169.0  56230.0 
57170.0  56231.0 
57171.0  56232.0 
57172.0  56233.0 
57173.0  56234.0 
57174.0  56235.0 
57175.0  56236.0 
57176.0  56237.0 
57177.0  56238.0 
57178.0  56239.0 
57179.0  56240.0 
57180.0  56241.0 
57181.0  56242.0 
57182.0  56243.0 
57183.0  56244.0 
57184.0  56245.0 
57185.0  56246.0 
57186.0  56247.0 
57187.0  56248.0 
57188.0  56249.0 
57189.0  56250.0 
57190.0  56251.0 
57191.0  56252.0 
57192.0  56253.0 
57193.0  56254.0 
57194.0  56255.0 
57195.0  56256.0 
57196.0  56257.0 
57197.0  56258.0 
57198.0  56259.0 
57199.0  56260.0 
57200.0  56261.0 
57201.0  56262.0 
57202.0  56263.0 
57203.0  56264.0 
57204.0  56265.0 
57205.0  56266.0 
57206.0  56267.0 
57207.0  56268.0 
57208.0  56269.0 
57209.0  56270.0 
57210.0  56271.0 
57211.0  56272.0 
57212.0  56273.0 
57213.0  56274.0 
57214.0  56275.0 
57215.0  56276.0 
57216.0  56277.0 
57217.0  56278.0 
57218.0  56279.0 
57219.0  56280.0 
57220.0  56281.0 
57221.0  56282.0 
57222.0  56283.0 
57223.0  56284.0 
57224.0  56285.0 
57225.0  56286.0 
57226.0  56287.0 
57227.0  56288.0 
57228.0  56289.0 
57229.0  56290.0 
57230.0  56291.0 
57231.0  56292.0 
57232.0  56293.0 
57233.0  56294.0 
57234.0  56295.0 
57235.0  56296.0 
57236.0  56297.0 
57237.0  56298.0 
57238.0  56299.0 
57239.0  56300.0 
57240.0  56301.0 
57241.1  57512.17 
57242.0  56303.0 
57243.0  56304.0 
57244.0  56305.0 
57245.0  56306.0 
57246.0  56307.0 
57247.0  56308.0 
57248.0  56309.0 
57249.0  56310.0 
57250.0  56311.0 
57251.0  56312.0 
57252.0  56313.0 
57253.0  56314.0 
57254.0  56315.0 
57255.0  56316.0 
57256.0  56317.0 
57257.0  56318.0 
57258.0  56319.0 
57259.0  56320.0 
57260.0  56321.0 
57261.0  56322.0 
57262.0  56323.0 
57263.0  56324.0 
57264.0  56325.0 
57265.0  56326.0 
57266.0  56327.0 
57267.0  56328.0 
57268.0  56329.0 
57269.0  56330.0 
57270.0  56331.0 
57271.0  56332.0 
57272.0  56333.0 
57273.0  56334.0 
57274.0  56335.0 
57275.0  56336.0 
57276.0  56337.0 
57277.0  56338.0 
57278.0  56339.0 
57279.0  56340.0 
57280.0  56341.0 
57281.0  56342.0 
57282.0  56343.0 
57283.0  56344.0 
57284.0  56345.0 
57285.0  56346.0 
57286.0  56347.0 
57287.0  56348.0 
57288.0  56349.0 
57289.0  56350.0 
57291.0  56352.0 
57292.0  56353.0 
57293.0  56354.0 
57294.0  56355.0 
57295.0  56356.0 
57296.0  56357.0 
57297.0  56358.0 
57298.0  56359.0 
57299.0  56360.0 
57300.0  56361.0 
57301.0  56362.0 
57302.0  56363.0 
57303.0  56364.0 
57304.0  56365.0 
57305.0  56366.0 
57306.0  56367.0 
57307.0  56368.0 
57308.0  56369.0 
57309.0  56370.0 
57310.0  56371.0 
57311.0  56372.0 
57312.0  56373.0 
57313.0  56374.0 
57314.0  56375.0 
57315.0  56376.0 
57316.0  56377.0 
57317.0  56378.0 
57318.0  56379.0 
57319.0  56380.0 
57320.0  56381.0 
57321.0  56382.0 
57322.0  56383.0 
57323.0  56384.0 
57324.0  56385.0 
57325.0  56386.0 
57326.0  56387.0 
57327.0  56388.0 
57328.0  56389.0 
57329.0  56390.0 
57330.0  56391.0 
57331.0  56392.0 
57332.0  56393.0 
57333.0  56394.0 
57334.0  56395.0 
57335.0  56396.0 
57336.0  56397.0 
57337.0  56398.0 
57338.0  56399.0 
57339.0  56400.0 
57340.0  56401.0 
57341.0  56402.0 
57342.0  56403.0 
57343.0  56404.0 
57344.0  56405.0 
57345.0  56406.0 
57346.0  56407.0 
57347.0  56408.0 
57348.0  56409.0 
57349.0  56410.0 
57350.0  56411.0 
57351.0  56412.0 
57352.0  56413.0 
57353.0  56414.0 
57354.0  56415.0 
57355.0  56416.0 
57356.0  56417.0 
57357.0  56418.0 
57358.0  56419.0 
57359.0  56420.0 
57360.0  56421.0 
57361.0  56422.0 
57362.0  56423.0 
57363.0  56424.0 
57364.0  56425.0 
57365.0  56426.0 
57366.0  56427.0 
57367.0  56428.0 
57368.0  56429.0 
57369.0  56430.0 
57370.0  56431.0 
57371.0  56432.0 
57372.0  56433.0 
57373.0  56434.0 
57374.0  56435.0 
57375.0  56436.0 
57376.0  56437.0 
57377.0  56438.0 
57378.0  56439.0 
57379.0  56440.0 
57380.0  56441.0 
57381.0  56442.0 
57382.0  56443.0 
57383.0  56444.0 
57384.0  56445.0 
57385.0  56446.0 
57386.0  56447.0 
57387.0  56448.0 
57388.0  56449.0 
57389.0  56450.0 
57390.0  56451.0 
57391.0  56452.0 
57392.0  56453.0 
57393.0  56454.0 
57394.0  56455.0 
57395.0  56456.0 
57396.0  56457.0 
57397.0  56458.0 
57398.0  56459.0 
57399.0  56460.0 
57400.0  56461.0 
57401.0  56462.0 
57402.0  56463.0 
57403.0  56464.0 
57404.0  56465.0 
57405.0  56466.0 
57406.1  57512.15 
57407.0  56468.0 
57408.0  56469.0 
57409.0  56470.0 
57410.0  56471.0 
57411.0  56472.0 
57412.0  56473.0 
57413.0  56474.0 
57414.0  56475.0 
57415.0  56476.0 
57416.0  56477.0 
57417.0  56478.0 
57418.0  56479.0 
57419.0  56480.0 
57420.0  56481.0 
57421.3  57512.16 
57421.3  56482.3 
57422.3  57512.16 
57422.3  56483.3 
57423.0  56484.0 
57424.0  56485.0 
57425.0  56486.0 
57426.0  56487.0 
57427.0  56488.0 
57428.0  56489.0 
57429.0  56490.0 
57430.0  56491.0 
57431.0  56492.0 
57432.0  56493.0 
57433.0  56494.0 
57434.0  56495.0 
57435.0  56496.0 
57436.0  56497.0 
57437.0  56498.0 
57438.0  56499.0 
57439.0  56500.0 
57440.0  56501.0 
57441.0  56502.0 
57442.0  56503.0 
57443.0  56504.0 
57444.1  57076.1 
57444.2  57076.2 
57444.3  57076.3 
57444.4  57076.4 
57444.5  57076.8 
57444.6  57076.9 
57444.7  57076.10 
57444.8  57076.11 
57445.0  56506.0 
57446.0  56507.0 
57447.0  56508.0 
57448.0  56509.0 
57449.0  56510.0 
57450.0  56511.0 
57451.0  56512.0 
57452.0  56513.0 
57453.0  56514.0 
57454.0  56515.0 
57455.0  56516.0 
57456.0  56517.0 
57457.0  56518.0 
57458.0  56519.0 
57459.0  56520.0 
57460.1  57512.17 
57461.0  56522.0 
57462.6  57512.17 
57462.6  56523.6 
57462.7  57076.5 
57463.6  57512.17 
57463.6  56524.6 
57463.7  57076.7 
57464.0  56525.0 
57465.2  56526.2 
57466.0  56527.0 
57467.0  56528.0 
57468.0  56529.0 
57469.0  56530.0 
57470.0  56531.0 
57471.0  56532.0 
57472.0  56533.0 
57473.1  57513.1 
57473.2  57514.1 
57473.3  57515.1 
57474.0  56535.0 
57475.0  56536.0 
57476.0  56537.0 
57477.0  56538.0 
57478.0  56539.0 
57479.0  56540.0 
57480.0  56541.0 
57481.0  56542.0 
57482.3  56543.3 
57482.4  57076.6 
57483.0  56544.0 
57484.0  56545.0 
57485.0  56546.0 
57486.0  56547.0 
57487.6  57512.10 
57487.7  57512.13 
57487.8  57512.16 
57487.8  56548.8 
57488.0  56549.0 
57490.1  57516.1 
57491.0  56552.0 
57492.0  56553.0 
57494.0  56555.0 
57495.0  56556.0 
57496.0  56557.0 
57497.0  56558.0 
57498.0  56559.0 
57499.0  56560.0 
57500.0  56561.0 
57501.0  56562.0 
57502.0  56563.0 
57503.0  56564.0 
57505.0  55653.0 
57506.0  56565.0 
57507.1  57518.0 
57507.1  57059.0 
57507.1  57072.0 
57507.1  57063.0 
57507.1  57062.0 
57507.1  57068.0 
57507.1  57073.0 
57507.1  57074.0 
57507.1  57519.1 
57507.1  57520.1 
57507.1  57521.1 
57507.1  57522.1 
57507.1  57523.1 
57508.0  56567.0 
57509.1  57524.1 
57510.1  57525.1 
57511.1  57526.1 
57512.11  57527.0 
57512.12  57505.0 
57512.13  56548.6 
57512.14  56505.9 
57512.15  57528.0 
57512.16  56548.7 
57512.17  57529.1 
57512.18  56505.10 
57512.18  56137.18 
57513.1  57530.0 
57513.1  57059.0 
57513.1  57531.0 
57513.1  57532.0 
57513.1  57062.0 
57513.1  57533.0 
57513.1  57060.0 
57513.1  57534.0 
57513.1  57063.0 
57513.1  57065.0 
57513.1  57535.0 
57513.1  57068.0 
57513.1  57536.2 
57514.1  57538.0 
57514.1  57059.0 
57514.1  57531.0 
57514.1  57532.0 
57514.1  57060.0 
57514.1  57062.0 
57514.1  57533.0 
57514.1  57063.0 
57514.1  57534.0 
57514.1  57065.0 
57514.1  57539.0 
57514.1  57068.0 
57514.1  57473.1 
57515.1  57540.0 
57515.1  57059.0 
57515.1  57062.0 
57515.1  57473.2 
57516.1  57542.0 
57516.1  57059.0 
57516.1  57543.0 
57516.1  57062.0 
57516.1  57068.0 
57516.1  57074.0 
57516.1  57119.0 
57516.1  57544.2 
57516.1  57544.3 
57516.1  57544.4 
57516.1  57544.5 
57516.1  57544.6 
57516.1  57544.7 
57517.1  57071.0 
57517.1  57059.0 
57517.1  57062.0 
57518.0  56577.0 
57519.1  57545.1 
57520.1  57546.1 
57521.1  57547.1 
57522.1  57548.1 
57523.1  57549.1 
57524.1  57550.0 
57524.1  57059.0 
57524.1  57062.0 
57524.1  57068.0 
57525.1  57551.0 
57525.1  57059.0 
57525.1  57062.0 
57525.1  57068.0 
57526.1  57553.0 
57526.1  57059.0 
57526.1  57062.0 
57527.0  55652.0 
57528.0  55654.0 
57529.1  57512.13 
57530.0  56587.0 
57531.0  56588.0 
57532.0  56589.0 
57533.0  56590.0 
57534.0  56591.0 
57536.1  57554.1 
57536.2  57555.1 
57537.1  57557.0 
57537.1  57059.0 
57537.1  57072.0 
57537.1  57063.0 
57537.1  57062.0 
57537.1  57068.0 
57537.1  57073.0 
57537.1  57074.0 
57537.1  57124.0 
57537.1  57125.0 
57537.1  57126.0 
57537.1  57558.1 
57537.1  57559.1 
57537.2  57560.1 
57537.3  57561.1 
57538.0  56595.0 
57540.0  56597.0 
57541.1  57562.0 
57541.1  57059.0 
57541.1  57072.0 
57541.1  57063.0 
57541.1  57062.0 
57541.1  57068.0 
57541.1  57073.0 
57541.1  57074.0 
57542.0  56599.0 
57543.0  56600.0 
57544.1  57563.1 
57544.2  57563.2 
57544.3  57563.3 
57544.4  57563.4 
57544.5  57563.5 
57544.6  57563.6 
57544.7  57563.7 
57545.1  57551.0 
57545.1  57059.0 
57545.1  57062.0 
57545.1  57068.0 
57546.1  57550.0 
57546.1  57059.0 
57546.1  57062.0 
57546.1  57068.0 
57547.1  57564.0 
57547.1  57059.0 
57547.1  57062.0 
57547.1  57068.0 
57548.1  57564.0 
57548.1  57059.0 
57548.1  57062.0 
57548.1  57068.0 
57549.1  57564.0 
57549.1  57059.0 
57549.1  57062.0 
57549.1  57068.0 
57550.0  56607.0 
57551.0  56608.0 
57553.0  56610.0 
57554.1  57530.0 
57554.1  57059.0 
57554.1  57531.0 
57554.1  57532.0 
57554.1  57062.0 
57554.1  57533.0 
57554.1  57060.0 
57554.1  57534.0 
57554.1  57063.0 
57554.1  57065.0 
57554.1  57566.0 
57554.1  57068.0 
57554.1  57567.1 
57555.1  57538.0 
57555.1  57059.0 
57555.1  57531.0 
57555.1  57532.0 
57555.1  57060.0 
57555.1  57062.0 
57555.1  57533.0 
57555.1  57063.0 
57555.1  57534.0 
57555.1  57065.0 
57555.1  57569.0 
57555.1  57068.0 
57555.1  57536.1 
57556.1  57538.0 
57556.1  57059.0 
57556.1  57531.0 
57556.1  57532.0 
57556.1  57060.0 
57556.1  57062.0 
57556.1  57533.0 
57556.1  57063.0 
57556.1  57534.0 
57556.1  57065.0 
57556.1  57570.0 
57556.1  57068.0 
57557.0  56614.0 
57558.1  57571.0 
57559.1  57572.1 
57560.1  57573.1 
57561.1  57574.1 
57562.0  56619.0 
57563.1  57575.0 
57563.1  57059.0 
57563.1  57576.0 
57563.1  57063.0 
57563.1  57062.0 
57563.1  57577.0 
57563.1  57068.0 
57563.1  57578.0 
57563.1  57579.0 
57563.1  57073.0 
57563.1  57580.0 
57563.1  57581.0 
57563.1  57582.0 
57563.1  57074.0 
57563.1  57583.0 
57563.1  57584.0 
57563.1  57585.0 
57563.1  57586.0 
57563.1  57587.0 
57563.1  57588.0 
57563.1  57589.0 
57563.1  57590.0 
57563.1  57591.0 
57563.1  57592.0 
57563.1  57593.0 
57563.1  57594.0 
57563.1  57595.0 
57563.1  57596.0 
57563.1  57597.0 
57563.1  57598.0 
57563.1  57599.0 
57563.1  57600.0 
57563.1  57601.0 
57563.1  57602.0 
57563.1  57603.0 
57563.1  57604.0 
57563.1  57605.0 
57563.1  57606.0 
57563.1  57607.0 
57563.1  57608.0 
57563.1  57609.0 
57563.1  57610.0 
57563.1  57611.0 
57563.1  57612.0 
57563.1  57613.0 
57563.1  57614.0 
57563.1  57615.0 
57563.1  57616.0 
57563.1  57617.0 
57563.1  57618.0 
57563.1  57619.0 
57563.1  57620.0 
57563.1  57621.0 
57563.1  57622.0 
57563.1  57623.0 
57563.1  57624.0 
57563.1  57625.0 
57563.1  57626.0 
57563.1  57627.0 
57563.1  57628.0 
57563.1  57629.0 
57563.1  57630.0 
57563.1  57631.0 
57563.1  57632.0 
57563.1  57633.0 
57563.1  57634.0 
57563.1  57635.0 
57563.1  57636.0 
57563.1  57637.0 
57563.1  57638.0 
57563.1  57639.0 
57563.1  57640.0 
57563.1  57641.0 
57563.1  57642.0 
57563.1  57643.0 
57563.1  57644.0 
57563.1  57645.0 
57563.1  57646.0 
57563.1  57647.0 
57563.1  57648.0 
57563.1  57649.0 
57563.1  57650.0 
57563.1  57651.0 
57563.1  57652.0 
57563.1  57653.0 
57563.1  57654.0 
57563.2  57655.0 
57563.2  57656.0 
57563.2  57657.0 
57563.2  57658.0 
57563.2  57659.0 
57563.2  57660.0 
57563.2  57661.0 
57563.2  57662.0 
57563.2  57663.0 
57563.2  57664.0 
57563.2  57665.0 
57563.2  57666.0 
57563.2  57667.0 
57563.2  57668.0 
57563.2  57669.0 
57563.2  57670.0 
57563.2  57671.0 
57563.2  57672.0 
57563.2  57673.0 
57563.2  57674.0 
57563.2  57675.0 
57563.2  57676.0 
57563.2  57677.0 
57563.2  57678.0 
57563.2  57679.0 
57563.2  57680.0 
57563.2  57681.0 
57563.2  57682.0 
57563.2  57683.0 
57563.2  57684.0 
57563.2  57685.0 
57563.2  57686.0 
57563.2  57687.0 
57563.2  57688.0 
57563.2  57689.0 
57563.2  57690.0 
57563.2  57691.0 
57563.2  57692.0 
57563.2  57693.0 
57563.2  57694.0 
57563.2  57695.0 
57563.2  57696.0 
57563.2  57697.0 
57563.2  57698.0 
57563.2  57699.0 
57563.2  57700.0 
57563.2  57701.0 
57563.2  57702.0 
57563.2  57703.0 
57563.2  57704.0 
57563.2  57705.0 
57563.2  57706.0 
57563.2  57707.0 
57563.2  57708.0 
57563.2  57709.0 
57563.2  57710.0 
57563.2  57711.0 
57563.2  57712.0 
57563.2  57713.0 
57563.2  57714.0 
57563.2  57715.0 
57563.2  57716.0 
57563.2  57717.0 
57563.2  57718.0 
57563.2  57719.0 
57563.2  57720.0 
57563.2  57721.0 
57563.2  57722.0 
57563.2  57723.0 
57563.2  57724.0 
57563.2  57725.0 
57563.2  57726.0 
57563.2  57727.0 
57563.2  57728.0 
57563.2  57729.0 
57563.2  57730.0 
57563.2  57731.0 
57563.2  57732.0 
57563.3  57733.0 
57563.3  57734.0 
57563.3  57735.0 
57563.3  57736.0 
57563.3  57737.0 
57563.3  57738.0 
57563.3  57739.0 
57563.3  57740.0 
57563.3  57741.0 
57563.3  57742.0 
57563.3  57743.0 
57563.3  57744.0 
57563.3  57745.0 
57563.3  57746.0 
57563.3  57747.0 
57563.3  57748.0 
57563.3  57749.0 
57563.3  57750.0 
57563.3  57751.0 
57563.3  57752.0 
57563.3  57753.0 
57563.3  57754.0 
57563.3  57755.0 
57563.3  57756.0 
57563.3  57757.0 
57563.3  57758.0 
57563.3  57759.0 
57563.3  57760.0 
57563.3  57761.0 
57563.3  57762.0 
57563.3  57763.0 
57563.3  57764.0 
57563.3  57765.0 
57563.3  57766.0 
57563.3  57767.0 
57563.3  57768.0 
57563.3  57769.0 
57563.3  57770.0 
57563.3  57771.0 
57563.3  57772.0 
57563.3  57773.0 
57563.3  57774.0 
57563.3  57775.0 
57563.3  57776.0 
57563.3  57777.0 
57563.3  57778.0 
57563.3  57779.0 
57563.3  57780.0 
57563.3  57781.0 
57563.3  57782.0 
57563.3  57783.0 
57563.3  57784.0 
57563.3  57785.0 
57563.3  57786.0 
57563.3  57787.0 
57563.3  57788.0 
57563.3  57789.0 
57563.3  57790.0 
57563.3  57791.0 
57563.3  57792.0 
57563.3  57793.0 
57563.3  57794.0 
57563.3  57795.0 
57563.3  57796.0 
57563.3  57797.0 
57563.3  57798.0 
57563.3  57799.0 
57563.3  57800.0 
57563.3  57801.0 
57563.3  57802.0 
57563.3  57803.0 
57563.3  57804.0 
57563.3  57805.0 
57563.3  57806.0 
57563.3  57807.0 
57563.3  57808.0 
57563.3  57809.0 
57563.3  57810.0 
57563.3  57811.0 
57563.4  57812.0 
57563.4  57813.0 
57563.4  57814.0 
57563.4  57815.0 
57563.4  57816.0 
57563.4  57817.0 
57563.4  57818.0 
57563.4  57819.0 
57563.4  57820.0 
57563.4  57821.0 
57563.4  57822.0 
57563.4  57823.0 
57563.4  57824.0 
57563.4  57825.0 
57563.4  57826.0 
57563.4  57827.0 
57563.4  57828.0 
57563.4  57829.0 
57563.4  57830.0 
57563.4  57831.0 
57563.4  57832.0 
57563.4  57833.0 
57563.4  57834.0 
57563.4  57835.0 
57563.4  57836.0 
57563.4  57837.0 
57563.4  57838.0 
57563.4  57839.0 
57563.4  57840.0 
57563.4  57841.0 
57563.4  57842.0 
57563.4  57843.0 
57563.4  57844.0 
57563.4  57845.0 
57563.4  57846.0 
57563.4  57847.0 
57563.4  57848.0 
57563.4  57849.0 
57563.4  57850.0 
57563.5  57851.0 
57563.5  57852.0 
57563.5  57853.0 
57563.5  57854.0 
57563.5  57855.0 
57563.5  57856.0 
57563.5  57857.0 
57563.5  57858.0 
57563.5  57859.0 
57563.5  57860.0 
57563.5  57861.0 
57563.5  57862.0 
57563.5  57863.0 
57563.5  57864.0 
57563.5  57865.0 
57563.5  57866.0 
57563.5  57867.0 
57563.5  57868.0 
57563.5  57869.0 
57563.5  57870.0 
57563.5  57871.0 
57563.5  57872.0 
57563.5  57873.0 
57563.5  57874.0 
57563.5  57875.0 
57563.5  57876.0 
57563.5  57877.0 
57563.5  57878.0 
57563.5  57879.0 
57563.5  57880.0 
57563.5  57881.0 
57563.5  57882.0 
57563.5  57883.0 
57563.5  57884.0 
57563.5  57885.0 
57563.5  57886.0 
57563.5  57887.0 
57563.5  57888.0 
57563.5  57889.0 
57563.5  57890.0 
57563.5  57891.0 
57563.5  57892.0 
57563.5  57893.0 
57563.5  57894.0 
57563.5  57895.0 
57563.5  57896.0 
57563.5  57897.0 
57563.5  57898.0 
57563.6  57899.0 
57563.6  57900.0 
57563.6  57901.0 
57563.6  57902.0 
57563.6  57903.0 
57563.6  57904.0 
57563.6  57905.0 
57563.6  57906.0 
57563.6  57907.0 
57563.6  57908.0 
57563.6  57909.0 
57563.6  57910.0 
57563.6  57911.0 
57563.6  57912.0 
57563.6  57913.0 
57563.6  57914.0 
57563.6  57915.0 
57563.6  57916.0 
57563.6  57917.0 
57563.6  57918.0 
57563.6  57919.0 
57563.6  57920.0 
57563.6  57921.0 
57563.6  57922.0 
57563.6  57923.0 
57563.6  57924.0 
57563.6  57925.0 
57563.7  57926.0 
57563.7  57927.0 
57563.7  57928.0 
57563.7  57929.0 
57563.7  57930.0 
57563.7  57931.0 
57563.7  57932.0 
57563.7  57933.0 
57563.7  57934.0 
57563.7  57935.0 
57563.7  57936.0 
57563.7  57937.0 
57563.7  57938.0 
57563.7  57939.0 
57563.7  57940.0 
57563.7  57941.0 
57563.7  57942.0 
57563.7  57943.0 
57563.7  57944.0 
57563.7  57945.0 
57563.7  57946.0 
57563.7  57947.0 
57563.7  57948.0 
57563.7  57949.0 
57563.7  57950.0 
57563.7  57951.0 
57563.7  57952.0 
57563.7  57953.0 
57563.7  57954.0 
57563.7  57955.0 
57563.7  57956.0 
57563.7  57957.0 
57563.7  57958.0 
57563.7  57959.0 
57563.7  57960.0 
57563.7  57961.0 
57563.7  57962.0 
57563.7  57963.0 
57563.7  57964.0 
57563.7  57965.0 
57563.7  57966.0 
57564.0  56621.0 
57565.1  57025.0 
57565.1  56120.0 
57565.1  56133.0 
57565.1  56124.0 
57565.1  56123.0 
57565.1  56129.0 
57565.1  56134.0 
57565.1  56135.0 
57565.1  56185.0 
57565.1  56186.0 
57565.1  56187.0 
57565.1  57968.1 
57565.1  57969.1 
57565.1  56180.0 
57565.1  56192.0 
57565.1  57970.1 
57567.1  57971.1 
57568.1  56131.1 
57572.1  57973.0 
57572.1  57059.0 
57572.1  57062.0 
57572.1  57068.0 
57572.1  57074.0 
57572.1  57974.1 
57573.1  57973.0 
57573.1  57059.0 
57573.1  57062.0 
57573.1  57068.0 
57573.1  57074.0 
57573.1  57976.1 
57574.1  57973.0 
57574.1  57059.0 
57574.1  57062.0 
57574.1  57068.0 
57574.1  57074.0 
57574.1  57978.1 
57575.0  56632.0 
57576.0  56633.0 
57577.0  56634.0 
57579.0  56636.0 
57580.0  56637.0 
57581.0  56638.0 
57582.0  56639.0 
57583.0  56640.0 
57584.0  56641.0 
57585.0  56642.0 
57586.0  56643.0 
57587.0  56644.0 
57588.0  56645.0 
57589.0  56646.0 
57590.0  56647.0 
57591.0  56648.0 
57592.0  56649.0 
57593.0  56650.0 
57594.0  56651.0 
57595.0  56652.0 
57596.0  56653.0 
57597.0  56654.0 
57598.0  56655.0 
57599.0  56656.0 
57600.0  56657.0 
57601.0  56658.0 
57602.0  56659.0 
57603.0  56660.0 
57604.0  56661.0 
57605.0  56662.0 
57606.0  56663.0 
57607.0  56664.0 
57608.0  56665.0 
57609.0  56666.0 
57610.0  56667.0 
57611.0  56668.0 
57612.0  56669.0 
57613.0  56670.0 
57614.0  56671.0 
57615.0  56672.0 
57616.0  56673.0 
57617.0  56674.0 
57618.0  56675.0 
57619.0  56676.0 
57620.0  56677.0 
57621.0  56678.0 
57622.0  56679.0 
57623.0  56680.0 
57624.0  56681.0 
57625.0  56682.0 
57626.0  56683.0 
57627.0  56684.0 
57628.0  56685.0 
57629.0  56686.0 
57630.0  56687.0 
57631.0  56688.0 
57632.0  56689.0 
57633.0  56690.0 
57634.0  56691.0 
57635.0  56692.0 
57636.0  56693.0 
57637.0  56694.0 
57638.0  56695.0 
57639.0  56696.0 
57640.0  56697.0 
57641.0  56698.0 
57642.0  56699.0 
57643.0  56700.0 
57644.0  56701.0 
57645.0  56702.0 
57646.0  56703.0 
57647.0  56704.0 
57648.0  56705.0 
57649.0  56706.0 
57650.0  56707.0 
57651.0  56708.0 
57652.0  56709.0 
57653.0  56710.0 
57654.0  56711.0 
57655.0  56712.0 
57656.0  56713.0 
57657.0  56714.0 
57658.0  56715.0 
57659.0  56716.0 
57660.0  56717.0 
57661.0  56718.0 
57662.0  56719.0 
57663.0  56720.0 
57664.0  56721.0 
57665.0  56722.0 
57666.0  56723.0 
57667.0  56724.0 
57668.0  56725.0 
57669.0  56726.0 
57670.0  56727.0 
57671.0  56728.0 
57672.0  56729.0 
57673.0  56730.0 
57674.0  56731.0 
57675.0  56732.0 
57676.0  56733.0 
57677.0  56734.0 
57678.0  56735.0 
57679.0  56736.0 
57680.0  56737.0 
57681.0  56738.0 
57682.0  56739.0 
57683.0  56740.0 
57684.0  56741.0 
57685.0  56742.0 
57686.0  56743.0 
57687.0  56744.0 
57688.0  56745.0 
57689.0  56746.0 
57690.0  56747.0 
57691.0  56748.0 
57692.0  56749.0 
57693.0  56750.0 
57694.0  56751.0 
57695.0  56752.0 
57696.0  56753.0 
57697.0  56754.0 
57698.0  56755.0 
57699.0  56756.0 
57700.0  56757.0 
57701.0  56758.0 
57702.0  56759.0 
57703.0  56760.0 
57704.0  56761.0 
57705.0  56762.0 
57706.0  56763.0 
57707.0  56764.0 
57708.0  56765.0 
57709.0  56766.0 
57710.0  56767.0 
57711.0  56768.0 
57712.0  56769.0 
57713.0  56770.0 
57714.0  56771.0 
57715.0  56772.0 
57716.0  56773.0 
57717.0  56774.0 
57718.0  56775.0 
57719.0  56776.0 
57720.0  56777.0 
57721.0  56778.0 
57722.0  56779.0 
57723.0  56780.0 
57724.0  56781.0 
57725.0  56782.0 
57726.0  56783.0 
57727.0  56784.0 
57728.0  56785.0 
57729.0  56786.0 
57730.0  56787.0 
57731.0  56788.0 
57732.0  56789.0 
57733.0  56790.0 
57734.0  56791.0 
57735.0  56792.0 
57736.0  56793.0 
57737.0  56794.0 
57738.0  56795.0 
57739.0  56796.0 
57740.0  56797.0 
57741.0  56798.0 
57742.0  56799.0 
57743.0  56800.0 
57744.0  56801.0 
57745.0  56802.0 
57746.0  56803.0 
57747.0  56804.0 
57748.0  56805.0 
57749.0  56806.0 
57750.0  56807.0 
57751.0  56808.0 
57752.0  56809.0 
57753.0  56810.0 
57754.0  56811.0 
57755.0  56812.0 
57756.0  56813.0 
57757.0  56814.0 
57758.0  56815.0 
57759.0  56816.0 
57760.0  56817.0 
57761.0  56818.0 
57762.0  56819.0 
57763.0  56820.0 
57764.0  56821.0 
57765.0  56822.0 
57766.0  56823.0 
57767.0  56824.0 
57768.0  56825.0 
57769.0  56826.0 
57770.0  56827.0 
57771.0  56828.0 
57772.0  56829.0 
57773.0  56830.0 
57774.0  56831.0 
57775.0  56832.0 
57776.0  56833.0 
57777.0  56834.0 
57778.0  56835.0 
57779.0  56836.0 
57780.0  56837.0 
57782.0  56839.0 
57783.0  56840.0 
57784.0  56841.0 
57785.0  56842.0 
57786.0  56843.0 
57787.0  56844.0 
57788.0  56845.0 
57789.0  56846.0 
57790.0  56847.0 
57791.0  56848.0 
57792.0  56849.0 
57793.0  56850.0 
57794.0  56851.0 
57795.0  56852.0 
57796.0  56853.0 
57797.0  56854.0 
57798.0  56855.0 
57799.0  56856.0 
57800.0  56857.0 
57801.0  56858.0 
57802.0  56859.0 
57803.0  56860.0 
57804.0  56861.0 
57805.0  56862.0 
57806.0  56863.0 
57807.0  56864.0 
57808.0  56865.0 
57809.0  56866.0 
57810.0  56867.0 
57811.0  56868.0 
57812.0  56869.0 
57813.0  56870.0 
57814.0  56871.0 
57815.0  56872.0 
57816.0  56873.0 
57817.0  56874.0 
57818.0  56875.0 
57819.0  56876.0 
57820.0  56877.0 
57821.0  56878.0 
57822.0  56879.0 
57823.0  56880.0 
57824.0  56881.0 
57825.0  56882.0 
57826.0  56883.0 
57827.0  56884.0 
57828.0  56885.0 
57829.0  56886.0 
57830.0  56887.0 
57831.0  56888.0 
57832.0  56889.0 
57833.0  56890.0 
57834.0  56891.0 
57835.0  56892.0 
57836.0  56893.0 
57837.0  56894.0 
57838.0  56895.0 
57839.0  56896.0 
57840.0  56897.0 
57841.0  56898.0 
57842.0  56899.0 
57843.0  56900.0 
57844.0  56901.0 
57845.0  56902.0 
57846.0  56903.0 
57847.0  56904.0 
57848.0  56905.0 
57849.0  56906.0 
57850.0  56907.0 
57851.0  56908.0 
57852.0  56909.0 
57853.0  56910.0 
57854.0  56911.0 
57855.0  56912.0 
57856.0  56913.0 
57857.0  56914.0 
57858.0  56915.0 
57859.0  56916.0 
57860.0  56917.0 
57861.0  56918.0 
57862.0  56919.0 
57863.0  56920.0 
57864.0  56921.0 
57865.0  56922.0 
57866.0  56923.0 
57867.0  56924.0 
57868.0  56925.0 
57869.0  56926.0 
57870.0  56927.0 
57871.0  56928.0 
57872.0  56929.0 
57873.0  56930.0 
57874.0  56931.0 
57875.0  56932.0 
57876.0  56933.0 
57877.0  56934.0 
57878.0  56935.0 
57879.0  56936.0 
57880.0  56937.0 
57881.0  56938.0 
57882.0  56939.0 
57883.0  56940.0 
57884.0  56941.0 
57885.0  56942.0 
57886.0  56943.0 
57887.0  56944.0 
57888.0  56945.0 
57889.0  56946.0 
57890.0  56947.0 
57891.0  56948.0 
57892.0  56949.0 
57893.0  56950.0 
57894.0  56951.0 
57895.0  56952.0 
57896.0  56953.0 
57897.0  56954.0 
57898.0  56955.0 
57899.0  56956.0 
57900.0  56957.0 
57901.0  56958.0 
57902.0  56959.0 
57903.0  56960.0 
57904.0  56961.0 
57905.0  56962.0 
57906.0  56963.0 
57907.0  56964.0 
57908.0  56965.0 
57909.0  56966.0 
57910.0  56967.0 
57911.0  56968.0 
57912.0  56969.0 
57913.0  56970.0 
57914.0  56971.0 
57915.0  56972.0 
57916.0  56973.0 
57917.0  56974.0 
57918.0  56975.0 
57919.0  56976.0 
57920.0  56977.0 
57921.0  56978.0 
57922.0  56979.0 
57923.0  56980.0 
57924.0  56981.0 
57925.0  56982.0 
57926.0  56983.0 
57927.0  56984.0 
57928.0  56985.0 
57929.0  56986.0 
57930.0  56987.0 
57931.0  56988.0 
57932.0  56989.0 
57933.0  56990.0 
57934.0  56991.0 
57935.0  56992.0 
57936.0  56993.0 
57937.0  56994.0 
57967.1  56587.0 
57967.1  56120.0 
57967.1  56588.0 
57967.1  56589.0 
57967.1  56123.0 
57967.1  56590.0 
57967.1  56121.0 
57967.1  56591.0 
57967.1  56124.0 
57967.1  56126.0 
57967.1  57979.0 
57967.1  56129.0 
57967.1  56534.3 
57968.1  57980.1 
57969.1  57981.1 
57970.1  57982.1 
57971.1  57041.0 
57971.1  56120.0 
57971.1  56123.0 
57971.1  57983.3 
57973.0  57031.0 
57974.1  57984.0 
57976.1  57985.0 
57978.1  57986.0 
57980.1  57031.0 
57980.1  56120.0 
57980.1  56123.0 
57980.1  56129.0 
57980.1  56135.0 
57980.1  57988.1 
57981.1  57048.0 
57981.1  56120.0 
57981.1  56123.0 
57981.1  56129.0 
57981.1  57049.12 
57982.1  57048.0 
57982.1  56120.0 
57982.1  56123.0 
57982.1  56129.0 
57982.1  57050.12 
57983.3  56534.3 
57988.1  57989.0 
57056.0  57057.0 
57057.0  57070.0 
57076.0  57077.0 
57077.0  57507.0 
57507.0  57517.0 
57513.0  57070.0 
57514.0  57537.0 
57515.0  57537.0 
57516.0  57541.0 
57517.0  57070.0 
57524.0  57077.0 
57525.0  57077.0 
57526.0  57552.0 
57537.0  57556.0 
57541.0  57076.0 
57545.0  57507.0 
57546.0  57507.0 
57547.0  57507.0 
57548.0  57507.0 
57549.0  57507.0 
57552.0  57077.0 
57554.0  57565.0 
57555.0  57568.0 
57556.0  57070.0 
57563.0  57541.0 
57565.0  57967.0 
57571.0  57537.0 
57572.0  57972.0 
57573.0  57975.0 
57574.0  57977.0 
57967.0  57568.0 
57971.0  57565.0 
57972.0  57537.0 
57975.0  57537.0 
57977.0  57537.0 
57980.0  57987.0 
57981.0  57565.0 
57982.0  57565.0 
57984.0  57972.0 
57985.0  57975.0 
57986.0  57977.0 
57987.0  57565.0 
57989.0  57987.0 
57075.1  57076.12 
