36141.1  36143.0 
36141.1  36144.0 
36141.1  36145.0 
36141.1  36146.0 
36141.1  36147.0 
36141.1  36148.0 
36141.1  36149.0 
36141.1  36150.0 
36141.1  36151.0 
36141.1  36152.0 
36141.1  36153.0 
36141.1  36154.0 
36142.1  36156.0 
36142.1  36144.0 
36142.1  36147.0 
36143.0  35205.0 
36144.0  35206.0 
36145.0  35207.0 
36146.0  35208.0 
36147.0  35209.0 
36148.0  35210.0 
36149.0  35211.0 
36150.0  35212.0 
36153.0  35215.0 
36154.0  335.0 
36155.1  36144.0 
36155.1  36157.0 
36155.1  36148.0 
36155.1  36147.0 
36155.1  36153.0 
36155.1  36158.0 
36155.1  36159.0 
36156.0  35218.0 
36157.0  35219.0 
36158.0  35220.0 
36159.0  35221.0 
36140.1  36141.1 
36141.0  36142.0 
36142.0  36155.0 
