72454.1  72456.0 
72454.1  72457.0 
72454.1  72458.0 
72454.1  72459.0 
72454.1  72460.0 
72454.1  72461.0 
72454.1  72462.0 
72454.1  72463.0 
72454.1  72464.0 
72454.1  72465.0 
72454.1  72466.0 
72454.1  72467.0 
72455.1  72469.0 
72455.1  72457.0 
72455.1  72460.0 
72456.0  71516.0 
72457.0  71517.0 
72458.0  71518.0 
72459.0  71519.0 
72460.0  71520.0 
72461.0  71521.0 
72462.0  71522.0 
72463.0  71523.0 
72466.0  71526.0 
72467.0  56130.0 
72468.1  72457.0 
72468.1  72470.0 
72468.1  72461.0 
72468.1  72460.0 
72468.1  72466.0 
72468.1  72471.0 
72468.1  72472.0 
72469.0  71529.0 
72470.0  71530.0 
72471.0  71531.0 
72472.0  71532.0 
72453.1  72454.1 
72474.1  72476.0 
72474.1  72477.0 
72474.1  72478.0 
72474.1  72479.0 
72474.1  72457.0 
72474.1  72480.0 
72474.1  72481.0 
72474.1  72482.0 
72474.1  72483.0 
72474.1  72461.0 
72474.1  72484.0 
72474.1  72485.0 
72474.1  72486.0 
72474.1  72487.0 
72474.1  72488.0 
72474.1  72489.0 
72474.1  72490.0 
72474.1  72491.0 
72474.1  72492.0 
72474.1  72493.0 
72474.1  72494.0 
72474.1  72495.0 
72474.1  72496.0 
72474.1  72497.0 
72474.1  72498.0 
72474.1  72460.0 
72474.1  72499.0 
72474.1  72500.0 
72474.1  72501.0 
72474.1  72502.0 
72474.1  72503.0 
72474.1  72504.0 
72474.1  72505.0 
72474.1  72506.0 
72474.1  72507.0 
72474.1  72508.0 
72474.1  72509.0 
72474.1  72510.0 
72474.1  72511.0 
72474.1  72512.0 
72474.1  72513.0 
72474.1  72514.0 
72474.1  72515.0 
72474.1  72516.0 
72474.1  72517.0 
72474.1  72466.0 
72474.1  72518.0 
72474.1  72519.0 
72474.1  72520.0 
72474.1  72521.0 
72474.1  72472.0 
72474.1  72522.0 
72474.1  72523.0 
72474.1  72524.0 
72474.1  72525.0 
72474.1  72526.0 
72474.1  72527.0 
72474.1  72528.0 
72474.1  72529.0 
72474.1  72530.0 
72474.1  72531.0 
72474.1  72532.0 
72474.1  72533.0 
72474.1  72534.0 
72474.1  72535.0 
72474.1  72536.0 
72474.1  72537.0 
72474.1  72538.0 
72474.1  72539.0 
72474.1  72540.0 
72474.1  72541.0 
72474.1  72542.0 
72474.1  72543.0 
72474.1  72544.0 
72474.1  72545.0 
72474.1  72546.0 
72474.1  72547.0 
72474.1  72548.0 
72474.1  72549.0 
72474.1  72550.0 
72474.1  72551.0 
72474.1  72552.0 
72474.1  72553.0 
72474.1  72554.0 
72474.1  72555.0 
72474.1  72556.0 
72474.1  72557.0 
72474.1  72558.0 
72474.1  72559.0 
72474.1  72560.0 
72474.1  72561.0 
72474.1  72562.0 
72474.1  72563.0 
72474.1  72564.0 
72474.1  72565.0 
72474.1  72566.0 
72474.1  72567.0 
72474.1  72568.0 
72474.1  72569.0 
72474.1  72570.0 
72474.1  72571.0 
72474.1  72572.0 
72474.1  72573.0 
72474.1  72574.0 
72474.1  72575.0 
72474.1  72576.0 
72474.1  72577.0 
72474.1  72578.0 
72474.1  72579.0 
72474.1  72580.0 
72474.1  72581.0 
72474.1  72582.0 
72474.1  72583.0 
72474.1  72584.0 
72474.1  72585.0 
72474.1  72586.0 
72474.1  72587.0 
72474.1  72588.0 
72474.1  72589.0 
72474.1  72590.0 
72474.1  72591.0 
72474.1  72592.0 
72474.1  72593.0 
72474.1  72594.0 
72474.1  72595.0 
72474.1  72596.0 
72474.1  72597.0 
72474.1  72598.0 
72474.1  72599.0 
72474.1  72600.0 
72474.1  72601.0 
72474.1  72602.0 
72474.1  72603.0 
72474.1  72604.0 
72474.1  72605.0 
72474.1  72606.0 
72474.1  72607.0 
72474.1  72608.0 
72474.1  72609.0 
72474.1  72610.0 
72474.1  72611.0 
72474.1  72612.0 
72474.1  72613.0 
72474.1  72614.0 
72474.1  72615.0 
72474.1  72616.0 
72474.1  72617.0 
72474.1  72618.0 
72474.1  72619.0 
72474.1  72620.0 
72474.1  72621.0 
72474.1  72622.0 
72474.1  72623.0 
72474.1  72624.0 
72474.1  72625.0 
72474.1  72626.0 
72474.1  72627.0 
72474.1  72628.0 
72474.1  72629.0 
72474.1  72630.0 
72474.1  72631.0 
72474.1  72632.0 
72474.1  72633.0 
72474.1  72634.0 
72474.1  72635.0 
72474.1  72471.0 
72474.1  72636.0 
72474.1  72637.0 
72474.1  72638.0 
72474.1  72639.1 
72474.1  72640.0 
72474.1  72641.0 
72474.1  72642.0 
72474.1  72643.0 
72474.1  72644.0 
72474.1  72645.0 
72474.2  72646.0 
72474.2  72647.0 
72474.2  72648.0 
72474.2  72649.0 
72474.2  72650.0 
72474.2  72651.0 
72474.2  72652.0 
72474.2  72653.0 
72474.2  72654.0 
72474.2  72655.0 
72474.2  72656.0 
72474.2  72657.0 
72474.2  72658.0 
72474.2  72659.0 
72474.2  72660.0 
72474.2  72661.0 
72474.2  72662.0 
72474.2  72663.0 
72474.2  72664.0 
72474.2  72665.0 
72474.2  72666.0 
72474.2  72667.0 
72474.2  72668.0 
72474.2  72669.0 
72474.2  72670.0 
72474.2  72671.0 
72474.2  72672.0 
72474.2  72673.0 
72474.2  72674.0 
72474.2  72675.0 
72474.2  72676.0 
72474.2  72458.0 
72474.2  72677.0 
72474.2  72678.0 
72474.2  72679.0 
72474.2  72680.0 
72474.2  72681.0 
72474.2  72682.0 
72474.2  72683.0 
72474.2  72684.0 
72474.2  72685.0 
72474.2  72686.0 
72474.2  72687.0 
72474.2  72463.0 
72474.2  72688.0 
72474.2  72689.0 
72474.2  72690.0 
72474.2  72691.0 
72474.2  72692.0 
72474.2  72693.0 
72474.2  72694.0 
72474.2  72695.0 
72474.2  72696.0 
72474.2  72697.0 
72474.2  72698.0 
72474.2  72699.0 
72474.2  72700.0 
72474.2  72701.0 
72474.2  72702.0 
72474.2  72703.0 
72474.2  72704.0 
72474.2  72705.0 
72474.2  72706.0 
72474.2  72707.0 
72474.2  72708.0 
72474.2  72709.0 
72474.2  72710.0 
72474.2  72711.0 
72474.2  72712.0 
72474.2  72713.0 
72474.2  72714.0 
72474.2  72715.0 
72474.2  72716.0 
72474.2  72717.0 
72474.2  72718.0 
72474.2  72719.0 
72474.2  72720.0 
72474.2  72721.0 
72474.2  72722.0 
72474.2  72723.0 
72474.2  72724.0 
72474.2  72725.0 
72474.2  72726.0 
72474.2  72727.0 
72474.2  72728.0 
72474.2  72729.0 
72474.2  72730.0 
72474.2  72731.0 
72474.2  72732.0 
72474.2  72733.0 
72474.2  72734.0 
72474.2  72735.0 
72474.2  72736.0 
72474.2  72737.0 
72474.2  72738.0 
72474.2  72739.0 
72474.2  72740.0 
72474.2  72741.0 
72474.2  72742.0 
72474.2  72743.0 
72474.2  72744.0 
72474.2  72745.0 
72474.2  72746.0 
72474.2  72747.0 
72474.2  72748.0 
72474.2  72749.0 
72474.2  72750.0 
72474.2  72751.0 
72474.2  72752.0 
72474.2  72753.0 
72474.2  72754.0 
72474.2  72755.0 
72474.2  72756.0 
72474.2  72757.0 
72474.2  72758.0 
72474.2  72759.0 
72474.2  72760.0 
72474.2  72761.0 
72474.2  72762.0 
72474.2  72763.0 
72474.2  72764.0 
72474.2  72765.0 
72474.2  72766.0 
72474.2  72767.0 
72474.2  72768.0 
72474.2  72769.0 
72474.2  72770.0 
72474.2  72771.0 
72474.2  72772.0 
72474.2  72773.0 
72474.2  72774.0 
72474.2  72775.0 
72474.2  72776.0 
72474.2  72777.0 
72474.2  72778.0 
72474.2  72779.0 
72474.2  72780.0 
72474.2  72781.0 
72474.2  72782.0 
72474.2  72783.0 
72474.2  72784.0 
72474.2  72785.0 
72474.2  72786.0 
72474.2  72787.0 
72474.2  72788.0 
72474.2  72789.0 
72474.2  72790.0 
72474.2  72791.0 
72474.2  72792.0 
72474.2  72793.0 
72474.2  72794.0 
72474.2  72795.0 
72474.2  72796.0 
72474.2  72797.0 
72474.2  72798.0 
72474.2  72799.0 
72474.2  72800.0 
72474.2  72801.0 
72474.2  72802.0 
72474.2  72803.0 
72474.2  72804.1 
72474.2  72805.0 
72474.2  72806.0 
72474.2  72807.0 
72474.2  72808.0 
72474.2  72809.0 
72474.2  72810.0 
72474.2  72811.0 
72474.2  72812.0 
72474.2  72813.0 
72474.2  72814.0 
72474.2  72815.0 
72474.2  72816.0 
72474.2  72817.0 
72474.2  72818.0 
72474.2  72819.22 
72474.2  72820.22 
72474.2  72821.0 
72474.2  72822.0 
72474.2  72823.0 
72474.2  72824.0 
72474.2  72825.0 
72474.2  72826.0 
72474.2  72827.0 
72474.2  72828.0 
72474.2  72829.0 
72474.2  72830.0 
72474.2  72831.0 
72474.2  72832.0 
72474.2  72833.0 
72474.3  72834.0 
72474.3  72835.0 
72474.3  72836.0 
72474.3  72837.0 
72474.3  72838.0 
72474.3  72839.0 
72474.3  72840.0 
72474.3  72841.0 
72474.3  72842.2 
72474.3  72843.0 
72474.3  72844.0 
72474.3  72845.0 
72474.3  72846.0 
72474.3  72847.0 
72474.3  72848.0 
72474.4  72849.0 
72474.4  72850.0 
72474.4  72851.0 
72474.4  72852.0 
72474.4  72453.1 
72474.5  72853.0 
72474.5  72854.0 
72474.5  72855.0 
72474.5  72856.0 
72474.5  72857.0 
72474.5  72858.1 
72474.5  72859.0 
72474.5  72860.44 
72474.5  72861.44 
72474.5  72862.0 
72474.5  72863.2 
72474.6  72864.0 
72474.6  72865.0 
72474.6  72866.0 
72474.6  72867.0 
72474.6  72868.0 
72474.6  72869.0 
72474.6  72462.0 
72474.6  72459.0 
72474.6  72870.0 
72474.6  72871.3 
72474.6  72872.0 
72474.6  72873.0 
72474.6  72874.0 
72474.6  72875.0 
72474.6  72876.0 
72474.6  72877.0 
72474.6  72878.0 
72474.6  72879.0 
72474.6  72880.22 
72474.6  72881.0 
72474.6  72882.0 
72474.7  72883.0 
72474.7  72884.0 
72474.7  72885.54 
72474.7  72886.0 
72474.7  72887.0 
72474.7  72888.1 
72474.7  72889.0 
72474.7  72890.0 
72474.7  72891.0 
72474.7  72892.0 
72474.7  72893.0 
72474.8  72894.0 
72474.8  72895.0 
72474.8  72896.0 
72474.8  72897.0 
72474.8  72898.0 
72474.9  72899.0 
72474.9  72900.0 
72474.9  72901.0 
72474.9  72842.5 
72474.10  72902.0 
72475.1  72904.0 
72475.1  72457.0 
72475.1  72470.0 
72475.1  72461.0 
72475.1  72460.0 
72475.1  72466.0 
72475.1  72471.0 
72475.1  72472.0 
72475.1  72905.1 
72475.1  72906.1 
72475.1  72907.1 
72476.0  71536.0 
72477.0  71537.0 
72478.0  71538.0 
72479.0  71539.0 
72480.0  71540.0 
72481.0  71541.0 
72482.0  71542.0 
72483.0  71543.0 
72484.0  71544.0 
72485.0  71545.0 
72486.0  71546.0 
72487.0  71547.0 
72488.0  71548.0 
72489.0  71549.0 
72490.0  71550.0 
72491.0  71551.0 
72492.0  71552.0 
72493.0  71553.0 
72494.0  71554.0 
72495.0  71555.0 
72496.0  71556.0 
72497.0  71557.0 
72498.0  71558.0 
72499.0  71559.0 
72500.0  71560.0 
72501.0  71561.0 
72502.0  71562.0 
72503.0  71563.0 
72504.0  71564.0 
72505.0  71565.0 
72506.0  71566.0 
72507.0  71567.0 
72508.0  71568.0 
72509.0  71569.0 
72510.0  71570.0 
72511.0  71571.0 
72512.0  71572.0 
72513.0  71573.0 
72514.0  71574.0 
72515.0  71575.0 
72516.0  71576.0 
72517.0  71577.0 
72518.0  71578.0 
72519.0  71579.0 
72520.0  71580.0 
72521.0  71581.0 
72522.0  71582.0 
72523.0  71583.0 
72524.0  71584.0 
72525.0  71585.0 
72526.0  71586.0 
72527.0  71587.0 
72528.0  71588.0 
72529.0  71589.0 
72530.0  71590.0 
72531.0  71591.0 
72532.0  71592.0 
72533.0  71593.0 
72534.0  71594.0 
72535.0  71595.0 
72536.0  71596.0 
72537.0  71597.0 
72538.0  71598.0 
72539.0  71599.0 
72540.0  71600.0 
72541.0  71601.0 
72542.0  71602.0 
72543.0  71603.0 
72544.0  71604.0 
72545.0  71605.0 
72546.0  71606.0 
72547.0  71607.0 
72548.0  71608.0 
72549.0  71609.0 
72550.0  71610.0 
72551.0  71611.0 
72552.0  71612.0 
72553.0  71613.0 
72554.0  71614.0 
72555.0  71615.0 
72556.0  71616.0 
72557.0  71617.0 
72558.0  71618.0 
72559.0  71619.0 
72560.0  71620.0 
72561.0  71621.0 
72562.0  71622.0 
72563.0  71623.0 
72564.0  71624.0 
72565.0  71625.0 
72566.0  71626.0 
72567.0  71627.0 
72568.0  71628.0 
72569.0  71629.0 
72570.0  71630.0 
72571.0  71631.0 
72572.0  71632.0 
72573.0  71633.0 
72574.0  71634.0 
72575.0  71635.0 
72576.0  71636.0 
72577.0  71637.0 
72578.0  71638.0 
72579.0  71639.0 
72580.0  71640.0 
72581.0  71641.0 
72582.0  71642.0 
72583.0  71643.0 
72584.0  71644.0 
72585.0  71645.0 
72586.0  71646.0 
72587.0  71647.0 
72588.0  71648.0 
72589.0  71649.0 
72590.0  71650.0 
72591.0  71651.0 
72592.0  71652.0 
72593.0  71653.0 
72594.0  71654.0 
72595.0  71655.0 
72596.0  71656.0 
72597.0  71657.0 
72598.0  71658.0 
72599.0  71659.0 
72600.0  71660.0 
72601.0  71661.0 
72602.0  71662.0 
72603.0  71663.0 
72604.0  71664.0 
72605.0  71665.0 
72606.0  71666.0 
72607.0  71667.0 
72608.0  71668.0 
72609.0  71669.0 
72610.0  71670.0 
72611.0  71671.0 
72612.0  71672.0 
72613.0  71673.0 
72614.0  71674.0 
72615.0  71675.0 
72616.0  71676.0 
72617.0  71677.0 
72618.0  71678.0 
72619.0  71679.0 
72620.0  71680.0 
72621.0  71681.0 
72622.0  71682.0 
72623.0  71683.0 
72624.0  71684.0 
72625.0  71685.0 
72626.0  71686.0 
72627.0  71687.0 
72628.0  71688.0 
72629.0  71689.0 
72630.0  71690.0 
72631.0  71691.0 
72632.0  71692.0 
72633.0  71693.0 
72634.0  71694.0 
72635.0  71695.0 
72636.0  71696.0 
72637.0  71697.0 
72638.0  71698.0 
72639.1  72908.16 
72640.0  71700.0 
72641.0  71701.0 
72642.0  71702.0 
72643.0  71703.0 
72644.0  71704.0 
72645.0  71705.0 
72646.0  71706.0 
72647.0  71707.0 
72648.0  71708.0 
72649.0  71709.0 
72650.0  71710.0 
72651.0  71711.0 
72652.0  71712.0 
72653.0  71713.0 
72654.0  71714.0 
72655.0  71715.0 
72656.0  71716.0 
72657.0  71717.0 
72658.0  71718.0 
72659.0  71719.0 
72660.0  71720.0 
72661.0  71721.0 
72662.0  71722.0 
72663.0  71723.0 
72664.0  71724.0 
72665.0  71725.0 
72666.0  71726.0 
72667.0  71727.0 
72668.0  71728.0 
72669.0  71729.0 
72670.0  71730.0 
72671.0  71731.0 
72672.0  71732.0 
72673.0  71733.0 
72674.0  71734.0 
72675.0  71735.0 
72676.0  71736.0 
72677.0  71737.0 
72678.0  71738.0 
72679.0  71739.0 
72680.0  71740.0 
72681.0  71741.0 
72682.0  71742.0 
72683.0  71743.0 
72684.0  71744.0 
72685.0  71745.0 
72686.0  71746.0 
72687.0  71747.0 
72689.0  71749.0 
72690.0  71750.0 
72691.0  71751.0 
72692.0  71752.0 
72693.0  71753.0 
72694.0  71754.0 
72695.0  71755.0 
72696.0  71756.0 
72697.0  71757.0 
72698.0  71758.0 
72699.0  71759.0 
72700.0  71761.0 
72701.0  71760.0 
72702.0  71762.0 
72703.0  71763.0 
72704.0  71764.0 
72705.0  71765.0 
72706.0  71766.0 
72707.0  71767.0 
72708.0  71768.0 
72709.0  71769.0 
72710.0  71770.0 
72711.0  71771.0 
72712.0  71772.0 
72713.0  71773.0 
72714.0  71774.0 
72715.0  71775.0 
72716.0  71776.0 
72717.0  71777.0 
72718.0  71778.0 
72719.0  71779.0 
72720.0  71780.0 
72721.0  71781.0 
72722.0  71782.0 
72723.0  71783.0 
72724.0  71784.0 
72725.0  71785.0 
72726.0  71786.0 
72727.0  71787.0 
72728.0  71788.0 
72729.0  71789.0 
72730.0  71790.0 
72731.0  71791.0 
72732.0  71792.0 
72733.0  71793.0 
72734.0  71794.0 
72735.0  71795.0 
72736.0  71796.0 
72737.0  71797.0 
72738.0  71798.0 
72739.0  71799.0 
72740.0  71800.0 
72741.0  71801.0 
72742.0  71802.0 
72743.0  71803.0 
72744.0  71804.0 
72745.0  71805.0 
72746.0  71806.0 
72747.0  71807.0 
72748.0  71808.0 
72749.0  71809.0 
72750.0  71810.0 
72751.0  71811.0 
72752.0  71812.0 
72753.0  71813.0 
72754.0  71814.0 
72755.0  71815.0 
72756.0  71816.0 
72757.0  71817.0 
72758.0  71818.0 
72759.0  71819.0 
72760.0  71820.0 
72761.0  71821.0 
72762.0  71822.0 
72763.0  71823.0 
72764.0  71824.0 
72765.0  71825.0 
72766.0  71826.0 
72767.0  71827.0 
72768.0  71828.0 
72769.0  71829.0 
72770.0  71830.0 
72771.0  71831.0 
72772.0  71832.0 
72773.0  71833.0 
72774.0  71834.0 
72775.0  71835.0 
72776.0  71836.0 
72777.0  71837.0 
72778.0  71838.0 
72779.0  71839.0 
72780.0  71840.0 
72781.0  71841.0 
72782.0  71842.0 
72783.0  71843.0 
72784.0  71844.0 
72785.0  71845.0 
72786.0  71846.0 
72787.0  71847.0 
72788.0  71848.0 
72789.0  71849.0 
72790.0  71850.0 
72791.0  71851.0 
72792.0  71852.0 
72793.0  71853.0 
72794.0  71854.0 
72795.0  71855.0 
72796.0  71856.0 
72797.0  71857.0 
72798.0  71858.0 
72799.0  71859.0 
72800.0  71860.0 
72801.0  71861.0 
72802.0  71862.0 
72803.0  71863.0 
72804.1  72908.14 
72805.0  71865.0 
72806.0  71866.0 
72807.0  71867.0 
72808.0  71868.0 
72809.0  71869.0 
72810.0  71870.0 
72811.0  71871.0 
72812.0  71872.0 
72813.0  71873.0 
72814.0  71874.0 
72815.0  71875.0 
72816.0  71876.0 
72817.0  71877.0 
72818.0  71878.0 
72819.22  72908.15 
72819.22  71879.22 
72820.22  72908.15 
72820.22  71880.22 
72821.0  71881.0 
72822.0  71882.0 
72823.0  71883.0 
72824.0  71884.0 
72825.0  71885.0 
72826.0  71886.0 
72827.0  71887.0 
72828.0  71888.0 
72829.0  71889.0 
72830.0  71890.0 
72831.0  71891.0 
72832.0  71892.0 
72833.0  71893.0 
72834.0  71894.0 
72835.0  71895.0 
72836.0  71896.0 
72837.0  71897.0 
72838.0  71898.0 
72839.0  71899.0 
72840.0  71900.0 
72841.0  71901.0 
72842.1  72474.1 
72842.2  72474.2 
72842.3  72474.3 
72842.4  72474.4 
72842.5  72474.8 
72842.6  72474.9 
72843.0  71903.0 
72844.0  71904.0 
72845.0  71905.0 
72846.0  71906.0 
72847.0  71907.0 
72848.0  71908.0 
72849.0  71909.0 
72850.0  71910.0 
72851.0  71911.0 
72852.0  71912.0 
72853.0  71913.0 
72854.0  71914.0 
72855.0  71915.0 
72856.0  71916.0 
72857.0  71917.0 
72858.1  72908.16 
72859.0  71919.0 
72860.44  72908.16 
72860.44  71920.44 
72860.45  72474.5 
72861.44  72908.16 
72861.44  71921.44 
72861.45  72474.7 
72862.0  71922.0 
72863.2  71923.2 
72864.0  71924.0 
72865.0  71925.0 
72866.0  71926.0 
72867.0  71927.0 
72868.0  71928.0 
72869.0  71929.0 
72870.0  71930.0 
72871.1  72909.1 
72871.2  72910.1 
72871.3  72911.1 
72872.0  71932.0 
72873.0  71933.0 
72874.0  71934.0 
72875.0  71935.0 
72876.0  71936.0 
72877.0  71937.0 
72878.0  71938.0 
72879.0  71939.0 
72880.22  71940.22 
72880.23  72474.6 
72881.0  71941.0 
72882.0  71942.0 
72883.0  71943.0 
72884.0  71944.0 
72885.52  72908.10 
72885.53  72908.12 
72885.54  72908.15 
72885.54  71945.54 
72886.0  71946.0 
72888.1  72912.1 
72889.0  71949.0 
72890.0  71950.0 
72892.0  71952.0 
72893.0  71953.0 
72894.0  71954.0 
72895.0  71955.0 
72896.0  71956.0 
72897.0  71957.0 
72898.0  71958.0 
72899.0  71959.0 
72900.0  71960.0 
72901.0  71961.0 
72902.0  71962.0 
72903.1  72914.0 
72903.1  72457.0 
72903.1  72470.0 
72903.1  72461.0 
72903.1  72460.0 
72903.1  72466.0 
72903.1  72471.0 
72903.1  72472.0 
72903.1  72915.1 
72903.1  72916.1 
72903.1  72917.1 
72903.1  72918.1 
72903.1  72919.1 
72904.0  71964.0 
72905.1  72920.1 
72906.1  72921.1 
72907.1  72922.1 
72908.11  72923.0 
72908.12  71945.52 
72908.13  71902.8 
72908.14  71983.0 
72908.15  71945.53 
72908.16  72924.1 
72908.17  71902.9 
72908.17  71534.17 
72909.1  72925.0 
72909.1  72457.0 
72909.1  72926.0 
72909.1  72927.0 
72909.1  72460.0 
72909.1  72928.0 
72909.1  72458.0 
72909.1  72929.0 
72909.1  72461.0 
72909.1  72463.0 
72909.1  72930.0 
72909.1  72466.0 
72909.1  72931.2 
72910.1  72933.0 
72910.1  72457.0 
72910.1  72926.0 
72910.1  72927.0 
72910.1  72458.0 
72910.1  72460.0 
72910.1  72928.0 
72910.1  72461.0 
72910.1  72929.0 
72910.1  72463.0 
72910.1  72934.0 
72910.1  72466.0 
72910.1  72871.1 
72911.1  72935.0 
72911.1  72457.0 
72911.1  72460.0 
72911.1  72871.2 
72912.1  72937.0 
72912.1  72457.0 
72912.1  72938.0 
72912.1  72460.0 
72912.1  72466.0 
72912.1  72472.0 
72912.1  72517.0 
72912.1  72939.2 
72912.1  72939.3 
72912.1  72939.4 
72912.1  72939.5 
72912.1  72939.6 
72912.1  72939.7 
72913.1  72469.0 
72913.1  72457.0 
72913.1  72460.0 
72914.0  71974.0 
72915.1  72940.1 
72916.1  72941.1 
72917.1  72942.1 
72918.1  72943.1 
72919.1  72944.1 
72920.1  72945.0 
72920.1  72457.0 
72920.1  72460.0 
72920.1  72466.0 
72921.1  72946.0 
72921.1  72457.0 
72921.1  72460.0 
72921.1  72466.0 
72922.1  72948.0 
72922.1  72457.0 
72922.1  72460.0 
72923.0  71049.0 
72924.1  72908.12 
72925.0  71985.0 
72926.0  71986.0 
72927.0  71987.0 
72928.0  71988.0 
72929.0  71989.0 
72931.1  72949.1 
72931.2  72950.1 
72932.1  72952.0 
72932.1  72457.0 
72932.1  72470.0 
72932.1  72461.0 
72932.1  72460.0 
72932.1  72466.0 
72932.1  72471.0 
72932.1  72472.0 
72932.1  72522.0 
72932.1  72523.0 
72932.1  72524.0 
72932.1  72953.1 
72932.1  72954.1 
72932.2  72955.1 
72932.3  72956.1 
72933.0  71993.0 
72935.0  71995.0 
72936.1  72957.0 
72936.1  72457.0 
72936.1  72470.0 
72936.1  72461.0 
72936.1  72460.0 
72936.1  72466.0 
72936.1  72471.0 
72936.1  72472.0 
72937.0  71997.0 
72938.0  71998.0 
72939.1  72958.1 
72939.2  72958.2 
72939.3  72958.3 
72939.4  72958.4 
72939.5  72958.5 
72939.6  72958.6 
72939.7  72958.7 
72940.1  72946.0 
72940.1  72457.0 
72940.1  72460.0 
72940.1  72466.0 
72941.1  72945.0 
72941.1  72457.0 
72941.1  72460.0 
72941.1  72466.0 
72942.1  72959.0 
72942.1  72457.0 
72942.1  72460.0 
72942.1  72466.0 
72943.1  72959.0 
72943.1  72457.0 
72943.1  72460.0 
72943.1  72466.0 
72944.1  72959.0 
72944.1  72457.0 
72944.1  72460.0 
72944.1  72466.0 
72945.0  72005.0 
72946.0  72006.0 
72948.0  72008.0 
72949.1  72925.0 
72949.1  72457.0 
72949.1  72926.0 
72949.1  72927.0 
72949.1  72460.0 
72949.1  72928.0 
72949.1  72458.0 
72949.1  72929.0 
72949.1  72461.0 
72949.1  72463.0 
72949.1  72961.0 
72949.1  72466.0 
72949.1  72962.1 
72950.1  72933.0 
72950.1  72457.0 
72950.1  72926.0 
72950.1  72927.0 
72950.1  72458.0 
72950.1  72460.0 
72950.1  72928.0 
72950.1  72461.0 
72950.1  72929.0 
72950.1  72463.0 
72950.1  72964.0 
72950.1  72466.0 
72950.1  72931.1 
72951.1  72933.0 
72951.1  72457.0 
72951.1  72926.0 
72951.1  72927.0 
72951.1  72458.0 
72951.1  72460.0 
72951.1  72928.0 
72951.1  72461.0 
72951.1  72929.0 
72951.1  72463.0 
72951.1  72965.0 
72951.1  72466.0 
72952.0  72012.0 
72953.1  72966.0 
72954.1  72967.1 
72955.1  72968.1 
72956.1  72969.1 
72957.0  72017.0 
72958.1  72970.0 
72958.1  72457.0 
72958.1  72971.0 
72958.1  72461.0 
72958.1  72460.0 
72958.1  72972.0 
72958.1  72466.0 
72958.1  72973.0 
72958.1  72974.0 
72958.1  72471.0 
72958.1  72975.0 
72958.1  72976.0 
72958.1  72977.0 
72958.1  72472.0 
72958.1  72978.0 
72958.1  72979.0 
72958.1  72980.0 
72958.1  72981.0 
72958.1  72982.0 
72958.1  72983.0 
72958.1  72984.0 
72958.1  72985.0 
72958.1  72986.0 
72958.1  72987.0 
72958.1  72988.0 
72958.1  72989.0 
72958.1  72990.0 
72958.1  72991.0 
72958.1  72992.0 
72958.1  72993.0 
72958.1  72994.0 
72958.1  72995.0 
72958.1  72996.0 
72958.1  72997.0 
72958.1  72998.0 
72958.1  72999.0 
72958.1  73000.0 
72958.1  73001.0 
72958.1  73002.0 
72958.1  73003.0 
72958.1  73004.0 
72958.1  73005.0 
72958.1  73006.0 
72958.1  73007.0 
72958.1  73008.0 
72958.1  73009.0 
72958.1  73010.0 
72958.1  73011.0 
72958.1  73012.0 
72958.1  73013.0 
72958.1  73014.0 
72958.1  73015.0 
72958.1  73016.0 
72958.1  73017.0 
72958.1  73018.0 
72958.1  73019.0 
72958.1  73020.0 
72958.1  73021.0 
72958.1  73022.0 
72958.1  73023.0 
72958.1  73024.0 
72958.1  73025.0 
72958.1  73026.0 
72958.1  73027.0 
72958.1  73028.0 
72958.1  73029.0 
72958.1  73030.0 
72958.1  73031.0 
72958.1  73032.0 
72958.1  73033.0 
72958.1  73034.0 
72958.1  73035.0 
72958.1  73036.0 
72958.1  73037.0 
72958.1  73038.0 
72958.1  73039.0 
72958.1  73040.0 
72958.1  73041.0 
72958.1  73042.0 
72958.1  73043.0 
72958.1  73044.0 
72958.1  73045.0 
72958.1  73046.0 
72958.1  73047.0 
72958.1  73048.0 
72958.1  73049.0 
72958.2  73050.0 
72958.2  73051.0 
72958.2  73052.0 
72958.2  73053.0 
72958.2  73054.0 
72958.2  73055.0 
72958.2  73056.0 
72958.2  73057.0 
72958.2  73058.0 
72958.2  73059.0 
72958.2  73060.0 
72958.2  73061.0 
72958.2  73062.0 
72958.2  73063.0 
72958.2  73064.0 
72958.2  73065.0 
72958.2  73066.0 
72958.2  73067.0 
72958.2  73068.0 
72958.2  73069.0 
72958.2  73070.0 
72958.2  73071.0 
72958.2  73072.0 
72958.2  73073.0 
72958.2  73074.0 
72958.2  73075.0 
72958.2  73076.0 
72958.2  73077.0 
72958.2  73078.0 
72958.2  73079.0 
72958.2  73080.0 
72958.2  73081.0 
72958.2  73082.0 
72958.2  73083.0 
72958.2  73084.0 
72958.2  73085.0 
72958.2  73086.0 
72958.2  73087.0 
72958.2  73088.0 
72958.2  73089.0 
72958.2  73090.0 
72958.2  73091.0 
72958.2  73092.0 
72958.2  73093.0 
72958.2  73094.0 
72958.2  73095.0 
72958.2  73096.0 
72958.2  73097.0 
72958.2  73098.0 
72958.2  73099.0 
72958.2  73100.0 
72958.2  73101.0 
72958.2  73102.0 
72958.2  73103.0 
72958.2  73104.0 
72958.2  73105.0 
72958.2  73106.0 
72958.2  73107.0 
72958.2  73108.0 
72958.2  73109.0 
72958.2  73110.0 
72958.2  73111.0 
72958.2  73112.0 
72958.2  73113.0 
72958.2  73114.0 
72958.2  73115.0 
72958.2  73116.0 
72958.2  73117.0 
72958.2  73118.0 
72958.2  73119.0 
72958.2  73120.0 
72958.2  73121.0 
72958.2  73122.0 
72958.2  73123.0 
72958.2  73124.0 
72958.2  73125.0 
72958.2  73126.0 
72958.2  73127.0 
72958.3  73128.0 
72958.3  73129.0 
72958.3  73130.0 
72958.3  73131.0 
72958.3  73132.0 
72958.3  73133.0 
72958.3  73134.0 
72958.3  73135.0 
72958.3  73136.0 
72958.3  73137.0 
72958.3  73138.0 
72958.3  73139.0 
72958.3  73140.0 
72958.3  73141.0 
72958.3  73142.0 
72958.3  73143.0 
72958.3  73144.0 
72958.3  73145.0 
72958.3  73146.0 
72958.3  73147.0 
72958.3  73148.0 
72958.3  73149.0 
72958.3  73150.0 
72958.3  73151.0 
72958.3  73152.0 
72958.3  73153.0 
72958.3  73154.0 
72958.3  73155.0 
72958.3  73156.0 
72958.3  73157.0 
72958.3  73158.0 
72958.3  73159.0 
72958.3  73160.0 
72958.3  73161.0 
72958.3  73162.0 
72958.3  73163.0 
72958.3  73164.0 
72958.3  73165.0 
72958.3  73166.0 
72958.3  73167.0 
72958.3  73168.0 
72958.3  73169.0 
72958.3  73170.0 
72958.3  73171.0 
72958.3  73172.0 
72958.3  73173.0 
72958.3  73174.0 
72958.3  73175.0 
72958.3  73176.0 
72958.3  73177.0 
72958.3  73178.0 
72958.3  73179.0 
72958.3  73180.0 
72958.3  73181.0 
72958.3  73182.0 
72958.3  73183.0 
72958.3  73184.0 
72958.3  73185.0 
72958.3  73186.0 
72958.3  73187.0 
72958.3  73188.0 
72958.3  73189.0 
72958.3  73190.0 
72958.3  73191.0 
72958.3  73192.0 
72958.3  73193.0 
72958.3  73194.0 
72958.3  73195.0 
72958.3  73196.0 
72958.3  73197.0 
72958.3  73198.0 
72958.3  73199.0 
72958.3  73200.0 
72958.3  73201.0 
72958.3  73202.0 
72958.3  73203.0 
72958.3  73204.0 
72958.3  73205.0 
72958.3  73206.0 
72958.4  73207.0 
72958.4  73208.0 
72958.4  73209.0 
72958.4  73210.0 
72958.4  73211.0 
72958.4  73212.0 
72958.4  73213.0 
72958.4  73214.0 
72958.4  73215.0 
72958.4  73216.0 
72958.4  73217.0 
72958.4  73218.0 
72958.4  73219.0 
72958.4  73220.0 
72958.4  73221.0 
72958.4  73222.0 
72958.4  73223.0 
72958.4  73224.0 
72958.4  73225.0 
72958.4  73226.0 
72958.4  73227.0 
72958.4  73228.0 
72958.4  73229.0 
72958.4  73230.0 
72958.4  73231.0 
72958.4  73232.0 
72958.4  73233.0 
72958.4  73234.0 
72958.4  73235.0 
72958.4  73236.0 
72958.4  73237.0 
72958.4  73238.0 
72958.4  73239.0 
72958.4  73240.0 
72958.4  73241.0 
72958.4  73242.0 
72958.4  73243.0 
72958.4  73244.0 
72958.4  73245.0 
72958.5  73246.0 
72958.5  73247.0 
72958.5  73248.0 
72958.5  73249.0 
72958.5  73250.0 
72958.5  73251.0 
72958.5  73252.0 
72958.5  73253.0 
72958.5  73254.0 
72958.5  73255.0 
72958.5  73256.0 
72958.5  73257.0 
72958.5  73258.0 
72958.5  73259.0 
72958.5  73260.0 
72958.5  73261.0 
72958.5  73262.0 
72958.5  73263.0 
72958.5  73264.0 
72958.5  73265.0 
72958.5  73266.0 
72958.5  73267.0 
72958.5  73268.0 
72958.5  73269.0 
72958.5  73270.0 
72958.5  73271.0 
72958.5  73272.0 
72958.5  73273.0 
72958.5  73274.0 
72958.5  73275.0 
72958.5  73276.0 
72958.5  73277.0 
72958.5  73278.0 
72958.5  73279.0 
72958.5  73280.0 
72958.5  73281.0 
72958.5  73282.0 
72958.5  73283.0 
72958.5  73284.0 
72958.5  73285.0 
72958.5  73286.0 
72958.5  73287.0 
72958.5  73288.0 
72958.5  73289.0 
72958.5  73290.0 
72958.5  73291.0 
72958.5  73292.0 
72958.5  73293.0 
72958.6  73294.0 
72958.6  73295.0 
72958.6  73296.0 
72958.6  73297.0 
72958.6  73298.0 
72958.6  73299.0 
72958.6  73300.0 
72958.6  73301.0 
72958.6  73302.0 
72958.6  73303.0 
72958.6  73304.0 
72958.6  73305.0 
72958.6  73306.0 
72958.6  73307.0 
72958.6  73308.0 
72958.6  73309.0 
72958.6  73310.0 
72958.6  73311.0 
72958.6  73312.0 
72958.6  73313.0 
72958.6  73314.0 
72958.6  73315.0 
72958.6  73316.0 
72958.6  73317.0 
72958.6  73318.0 
72958.6  73319.0 
72958.6  73320.0 
72958.7  73321.0 
72958.7  73322.0 
72958.7  73323.0 
72958.7  73324.0 
72958.7  73325.0 
72958.7  73326.0 
72958.7  73327.0 
72958.7  73328.0 
72958.7  73329.0 
72958.7  73330.0 
72958.7  73331.0 
72958.7  73332.0 
72958.7  73333.0 
72958.7  73334.0 
72958.7  73335.0 
72958.7  73336.0 
72958.7  73337.0 
72958.7  73338.0 
72958.7  73339.0 
72958.7  73340.0 
72958.7  73341.0 
72958.7  73342.0 
72958.7  73343.0 
72958.7  73344.0 
72958.7  73345.0 
72958.7  73346.0 
72958.7  73347.0 
72958.7  73348.0 
72958.7  73349.0 
72958.7  73350.0 
72958.7  73351.0 
72958.7  73352.0 
72958.7  73353.0 
72958.7  73354.0 
72958.7  73355.0 
72958.7  73356.0 
72958.7  73357.0 
72958.7  73358.0 
72958.7  73359.0 
72958.7  73360.0 
72958.7  73361.0 
72959.0  72019.0 
72960.1  72423.0 
72960.1  71517.0 
72960.1  71530.0 
72960.1  71521.0 
72960.1  71520.0 
72960.1  71526.0 
72960.1  71531.0 
72960.1  71532.0 
72960.1  71582.0 
72960.1  71583.0 
72960.1  71584.0 
72960.1  73363.1 
72960.1  73364.1 
72960.1  71577.0 
72960.1  71589.0 
72960.1  73365.1 
72962.1  73366.1 
72963.1  71528.1 
72967.1  73368.0 
72967.1  72457.0 
72967.1  72460.0 
72967.1  72466.0 
72967.1  72472.0 
72967.1  73369.1 
72968.1  73368.0 
72968.1  72457.0 
72968.1  72460.0 
72968.1  72466.0 
72968.1  72472.0 
72968.1  73371.1 
72969.1  73368.0 
72969.1  72457.0 
72969.1  72460.0 
72969.1  72466.0 
72969.1  72472.0 
72969.1  73373.1 
72970.0  72030.0 
72971.0  72031.0 
72972.0  72032.0 
72974.0  72034.0 
72975.0  72035.0 
72976.0  72036.0 
72977.0  72037.0 
72978.0  72038.0 
72979.0  72039.0 
72980.0  72040.0 
72981.0  72041.0 
72982.0  72042.0 
72983.0  72043.0 
72984.0  72044.0 
72985.0  72045.0 
72986.0  72046.0 
72987.0  72047.0 
72988.0  72048.0 
72989.0  72049.0 
72990.0  72050.0 
72991.0  72051.0 
72992.0  72052.0 
72993.0  72053.0 
72994.0  72054.0 
72995.0  72055.0 
72996.0  72056.0 
72997.0  72057.0 
72998.0  72058.0 
72999.0  72059.0 
73000.0  72060.0 
73001.0  72061.0 
73002.0  72062.0 
73003.0  72063.0 
73004.0  72064.0 
73005.0  72065.0 
73006.0  72066.0 
73007.0  72067.0 
73008.0  72068.0 
73009.0  72069.0 
73010.0  72070.0 
73011.0  72071.0 
73012.0  72072.0 
73013.0  72073.0 
73014.0  72074.0 
73015.0  72075.0 
73016.0  72076.0 
73017.0  72077.0 
73018.0  72078.0 
73019.0  72079.0 
73020.0  72080.0 
73021.0  72081.0 
73022.0  72082.0 
73023.0  72083.0 
73024.0  72084.0 
73025.0  72085.0 
73026.0  72086.0 
73027.0  72087.0 
73028.0  72088.0 
73029.0  72089.0 
73030.0  72090.0 
73031.0  72091.0 
73032.0  72092.0 
73033.0  72093.0 
73034.0  72094.0 
73035.0  72095.0 
73036.0  72096.0 
73037.0  72097.0 
73038.0  72098.0 
73039.0  72099.0 
73040.0  72100.0 
73041.0  72101.0 
73042.0  72102.0 
73043.0  72103.0 
73044.0  72104.0 
73045.0  72105.0 
73046.0  72106.0 
73047.0  72107.0 
73048.0  72108.0 
73049.0  72109.0 
73050.0  72110.0 
73051.0  72111.0 
73052.0  72112.0 
73053.0  72113.0 
73054.0  72114.0 
73055.0  72115.0 
73056.0  72116.0 
73057.0  72117.0 
73058.0  72118.0 
73059.0  72119.0 
73060.0  72120.0 
73061.0  72121.0 
73062.0  72122.0 
73063.0  72123.0 
73064.0  72124.0 
73065.0  72125.0 
73066.0  72126.0 
73067.0  72127.0 
73068.0  72128.0 
73069.0  72129.0 
73070.0  72130.0 
73071.0  72131.0 
73072.0  72132.0 
73073.0  72133.0 
73074.0  72134.0 
73075.0  72135.0 
73076.0  72136.0 
73077.0  72137.0 
73078.0  72138.0 
73079.0  72139.0 
73080.0  72140.0 
73081.0  72141.0 
73082.0  72142.0 
73083.0  72143.0 
73084.0  72144.0 
73085.0  72145.0 
73086.0  72146.0 
73087.0  72147.0 
73088.0  72148.0 
73089.0  72149.0 
73090.0  72150.0 
73091.0  72151.0 
73092.0  72152.0 
73093.0  72153.0 
73094.0  72154.0 
73095.0  72155.0 
73096.0  72156.0 
73097.0  72157.0 
73098.0  72158.0 
73099.0  72159.0 
73100.0  72160.0 
73101.0  72161.0 
73102.0  72162.0 
73103.0  72163.0 
73104.0  72164.0 
73105.0  72165.0 
73106.0  72166.0 
73107.0  72167.0 
73108.0  72168.0 
73109.0  72169.0 
73110.0  72170.0 
73111.0  72171.0 
73112.0  72172.0 
73113.0  72173.0 
73114.0  72174.0 
73115.0  72175.0 
73116.0  72176.0 
73117.0  72177.0 
73118.0  72178.0 
73119.0  72179.0 
73120.0  72180.0 
73121.0  72181.0 
73122.0  72182.0 
73123.0  72183.0 
73124.0  72184.0 
73125.0  72185.0 
73126.0  72186.0 
73127.0  72187.0 
73128.0  72188.0 
73129.0  72189.0 
73130.0  72190.0 
73131.0  72191.0 
73132.0  72192.0 
73133.0  72193.0 
73134.0  72194.0 
73135.0  72195.0 
73136.0  72196.0 
73137.0  72197.0 
73138.0  72198.0 
73139.0  72199.0 
73140.0  72200.0 
73141.0  72201.0 
73142.0  72202.0 
73143.0  72203.0 
73144.0  72204.0 
73145.0  72205.0 
73146.0  72206.0 
73147.0  72207.0 
73148.0  72208.0 
73149.0  72209.0 
73150.0  72210.0 
73151.0  72211.0 
73152.0  72212.0 
73153.0  72213.0 
73154.0  72214.0 
73155.0  72215.0 
73156.0  72216.0 
73157.0  72217.0 
73158.0  72218.0 
73159.0  72219.0 
73160.0  72220.0 
73161.0  72221.0 
73162.0  72222.0 
73163.0  72223.0 
73164.0  72224.0 
73165.0  72225.0 
73166.0  72226.0 
73167.0  72227.0 
73168.0  72228.0 
73169.0  72229.0 
73170.0  72230.0 
73171.0  72231.0 
73172.0  72232.0 
73173.0  72233.0 
73174.0  72234.0 
73175.0  72235.0 
73177.0  72237.0 
73178.0  72238.0 
73179.0  72239.0 
73180.0  72240.0 
73181.0  72241.0 
73182.0  72242.0 
73183.0  72243.0 
73184.0  72244.0 
73185.0  72245.0 
73186.0  72246.0 
73187.0  72247.0 
73188.0  72248.0 
73189.0  72249.0 
73190.0  72250.0 
73191.0  72251.0 
73192.0  72252.0 
73193.0  72253.0 
73194.0  72254.0 
73195.0  72255.0 
73196.0  72256.0 
73197.0  72257.0 
73198.0  72258.0 
73199.0  72259.0 
73200.0  72260.0 
73201.0  72261.0 
73202.0  72262.0 
73203.0  72263.0 
73204.0  72264.0 
73205.0  72265.0 
73206.0  72266.0 
73207.0  72267.0 
73208.0  72268.0 
73209.0  72269.0 
73210.0  72270.0 
73211.0  72271.0 
73212.0  72272.0 
73213.0  72273.0 
73214.0  72274.0 
73215.0  72275.0 
73216.0  72276.0 
73217.0  72277.0 
73218.0  72278.0 
73219.0  72279.0 
73220.0  72280.0 
73221.0  72281.0 
73222.0  72282.0 
73223.0  72283.0 
73224.0  72284.0 
73225.0  72285.0 
73226.0  72286.0 
73227.0  72287.0 
73228.0  72288.0 
73229.0  72289.0 
73230.0  72290.0 
73231.0  72291.0 
73232.0  72292.0 
73233.0  72293.0 
73234.0  72294.0 
73235.0  72295.0 
73236.0  72296.0 
73237.0  72297.0 
73238.0  72298.0 
73239.0  72299.0 
73240.0  72300.0 
73241.0  72301.0 
73242.0  72302.0 
73243.0  72303.0 
73244.0  72304.0 
73245.0  72305.0 
73246.0  72306.0 
73247.0  72307.0 
73248.0  72308.0 
73249.0  72309.0 
73250.0  72310.0 
73251.0  72311.0 
73252.0  72312.0 
73253.0  72313.0 
73254.0  72314.0 
73255.0  72315.0 
73256.0  72316.0 
73257.0  72317.0 
73258.0  72318.0 
73259.0  72319.0 
73260.0  72320.0 
73261.0  72321.0 
73262.0  72322.0 
73263.0  72323.0 
73264.0  72324.0 
73265.0  72325.0 
73266.0  72326.0 
73267.0  72327.0 
73268.0  72328.0 
73269.0  72329.0 
73270.0  72330.0 
73271.0  72331.0 
73272.0  72332.0 
73273.0  72333.0 
73274.0  72334.0 
73275.0  72335.0 
73276.0  72336.0 
73277.0  72337.0 
73278.0  72338.0 
73279.0  72339.0 
73280.0  72340.0 
73281.0  72341.0 
73282.0  72342.0 
73283.0  72343.0 
73284.0  72344.0 
73285.0  72345.0 
73286.0  72346.0 
73287.0  72347.0 
73288.0  72348.0 
73289.0  72349.0 
73290.0  72350.0 
73291.0  72351.0 
73292.0  72352.0 
73293.0  72353.0 
73294.0  72354.0 
73295.0  72355.0 
73296.0  72356.0 
73297.0  72357.0 
73298.0  72358.0 
73299.0  72359.0 
73300.0  72360.0 
73301.0  72361.0 
73302.0  72362.0 
73303.0  72363.0 
73304.0  72364.0 
73305.0  72365.0 
73306.0  72366.0 
73307.0  72367.0 
73308.0  72368.0 
73309.0  72369.0 
73310.0  72370.0 
73311.0  72371.0 
73312.0  72372.0 
73313.0  72373.0 
73314.0  72374.0 
73315.0  72375.0 
73316.0  72376.0 
73317.0  72377.0 
73318.0  72378.0 
73319.0  72379.0 
73320.0  72380.0 
73321.0  72381.0 
73322.0  72382.0 
73323.0  72383.0 
73324.0  72384.0 
73325.0  72385.0 
73326.0  72386.0 
73327.0  72387.0 
73328.0  72388.0 
73329.0  72389.0 
73330.0  72390.0 
73331.0  72391.0 
73332.0  72392.0 
73362.1  71985.0 
73362.1  71517.0 
73362.1  71986.0 
73362.1  71987.0 
73362.1  71520.0 
73362.1  71988.0 
73362.1  71518.0 
73362.1  71989.0 
73362.1  71521.0 
73362.1  71523.0 
73362.1  73374.0 
73362.1  71526.0 
73362.1  71931.3 
73363.1  73375.1 
73364.1  73376.1 
73365.1  73377.1 
73366.1  72439.0 
73366.1  71517.0 
73366.1  71520.0 
73366.1  73378.3 
73368.0  72429.0 
73369.1  73379.0 
73371.1  73380.0 
73373.1  73381.0 
73375.1  72429.0 
73375.1  71517.0 
73375.1  71520.0 
73375.1  71526.0 
73375.1  71532.0 
73375.1  73383.1 
73376.1  72446.0 
73376.1  71517.0 
73376.1  71520.0 
73376.1  71526.0 
73376.1  72447.31 
73377.1  72446.0 
73377.1  71517.0 
73377.1  71520.0 
73377.1  71526.0 
73377.1  72448.31 
73378.3  71931.3 
73383.1  73384.0 
72454.0  72455.0 
72455.0  72468.0 
72474.0  72475.0 
72475.0  72903.0 
72903.0  72913.0 
72909.0  72468.0 
72910.0  72932.0 
72911.0  72932.0 
72912.0  72936.0 
72913.0  72468.0 
72920.0  72475.0 
72921.0  72475.0 
72922.0  72947.0 
72932.0  72951.0 
72936.0  72474.0 
72940.0  72903.0 
72941.0  72903.0 
72942.0  72903.0 
72943.0  72903.0 
72944.0  72903.0 
72947.0  72475.0 
72949.0  72960.0 
72950.0  72963.0 
72951.0  72468.0 
72958.0  72936.0 
72960.0  73362.0 
72966.0  72932.0 
72967.0  73367.0 
72968.0  73370.0 
72969.0  73372.0 
73362.0  72963.0 
73366.0  72960.0 
73367.0  72932.0 
73370.0  72932.0 
73372.0  72932.0 
73375.0  73382.0 
73376.0  72960.0 
73377.0  72960.0 
73379.0  73367.0 
73380.0  73370.0 
73381.0  73372.0 
73382.0  72960.0 
73384.0  73382.0 
72473.1  72474.10 
