32374.1  32376.0 
32374.1  32377.0 
32374.1  32378.0 
32374.1  32379.0 
32374.1  32380.0 
32374.1  32381.0 
32374.1  32382.0 
32374.1  32383.0 
32374.1  32384.0 
32374.1  32385.0 
32374.1  32386.0 
32374.1  32387.0 
32375.1  32389.0 
32375.1  32377.0 
32375.1  32380.0 
32376.0  31440.0 
32377.0  31441.0 
32378.0  31442.0 
32379.0  31443.0 
32380.0  31444.0 
32381.0  31445.0 
32382.0  31446.0 
32383.0  31447.0 
32386.0  31450.0 
32387.0  255.0 
32388.1  32377.0 
32388.1  32390.0 
32388.1  32381.0 
32388.1  32380.0 
32388.1  32386.0 
32388.1  32391.0 
32388.1  32392.0 
32389.0  31453.0 
32390.0  31454.0 
32391.0  31455.0 
32392.0  31456.0 
241.2  32374.1 
32394.1  32396.0 
32394.1  32397.0 
32394.1  32398.0 
32394.1  32399.0 
32394.1  32377.0 
32394.1  32400.0 
32394.1  32401.0 
32394.1  32402.0 
32394.1  32403.0 
32394.1  32381.0 
32394.1  32404.0 
32394.1  32405.0 
32394.1  32406.0 
32394.1  32407.0 
32394.1  32408.0 
32394.1  32409.0 
32394.1  32410.0 
32394.1  32411.0 
32394.1  32412.0 
32394.1  32413.0 
32394.1  32414.0 
32394.1  32415.0 
32394.1  32416.0 
32394.1  32417.0 
32394.1  32418.0 
32394.1  32380.0 
32394.1  32419.0 
32394.1  32420.0 
32394.1  32421.0 
32394.1  32422.0 
32394.1  32423.0 
32394.1  32424.0 
32394.1  32425.0 
32394.1  32426.0 
32394.1  32427.0 
32394.1  32428.0 
32394.1  32429.0 
32394.1  32430.0 
32394.1  32431.0 
32394.1  32432.0 
32394.1  32433.0 
32394.1  32434.0 
32394.1  32435.0 
32394.1  32436.0 
32394.1  32437.0 
32394.1  32386.0 
32394.1  32438.0 
32394.1  32439.0 
32394.1  32440.0 
32394.1  32441.0 
32394.1  32392.0 
32394.1  32442.0 
32394.1  32443.0 
32394.1  32444.0 
32394.1  32445.0 
32394.1  32446.0 
32394.1  32447.0 
32394.1  32448.0 
32394.1  32449.0 
32394.1  32450.0 
32394.1  32451.0 
32394.1  32452.0 
32394.1  32453.0 
32394.1  32454.0 
32394.1  32455.0 
32394.1  32456.0 
32394.1  32457.0 
32394.1  32458.0 
32394.1  32459.0 
32394.1  32460.0 
32394.1  32461.0 
32394.1  32462.0 
32394.1  32463.0 
32394.1  32464.0 
32394.1  32465.0 
32394.1  32466.0 
32394.1  32467.0 
32394.1  32468.0 
32394.1  32469.0 
32394.1  32470.0 
32394.1  32471.0 
32394.1  32472.0 
32394.1  32473.0 
32394.1  32474.0 
32394.1  32475.0 
32394.1  32476.0 
32394.1  32477.0 
32394.1  32478.0 
32394.1  32479.0 
32394.1  32480.0 
32394.1  32481.0 
32394.1  32482.0 
32394.1  32483.0 
32394.1  32484.0 
32394.1  32485.0 
32394.1  32486.0 
32394.1  32487.0 
32394.1  32488.0 
32394.1  32489.0 
32394.1  32490.0 
32394.1  32491.0 
32394.1  32492.0 
32394.1  32493.0 
32394.1  32494.0 
32394.1  32495.0 
32394.1  32496.0 
32394.1  32497.0 
32394.1  32498.0 
32394.1  32499.0 
32394.1  32500.0 
32394.1  32501.0 
32394.1  32502.0 
32394.1  32503.0 
32394.1  32504.0 
32394.1  32505.0 
32394.1  32506.0 
32394.1  32507.0 
32394.1  32508.0 
32394.1  32509.0 
32394.1  32510.0 
32394.1  32511.0 
32394.1  32512.0 
32394.1  32513.0 
32394.1  32514.0 
32394.1  32515.0 
32394.1  32516.0 
32394.1  32517.0 
32394.1  32518.0 
32394.1  32519.0 
32394.1  32520.0 
32394.1  32521.0 
32394.1  32522.0 
32394.1  32523.0 
32394.1  32524.0 
32394.1  32525.0 
32394.1  32526.0 
32394.1  32527.0 
32394.1  32528.0 
32394.1  32529.0 
32394.1  32530.0 
32394.1  32531.0 
32394.1  32532.0 
32394.1  32533.0 
32394.1  32534.0 
32394.1  32535.0 
32394.1  32536.0 
32394.1  32537.0 
32394.1  32538.0 
32394.1  32539.0 
32394.1  32540.0 
32394.1  32541.0 
32394.1  32542.0 
32394.1  32543.0 
32394.1  32544.0 
32394.1  32545.0 
32394.1  32546.0 
32394.1  32547.0 
32394.1  32548.0 
32394.1  32549.0 
32394.1  32550.0 
32394.1  32551.0 
32394.1  32552.0 
32394.1  32553.0 
32394.1  32554.0 
32394.1  32555.0 
32394.1  32391.0 
32394.1  32556.0 
32394.1  32557.0 
32394.1  32558.0 
32394.1  32559.1 
32394.1  32560.0 
32394.1  32561.0 
32394.1  32562.0 
32394.1  32563.0 
32394.1  32564.0 
32394.1  32565.0 
32394.2  32566.0 
32394.2  32567.0 
32394.2  32568.0 
32394.2  32569.0 
32394.2  32570.0 
32394.2  32571.0 
32394.2  32572.0 
32394.2  32573.0 
32394.2  32574.0 
32394.2  32575.0 
32394.2  32576.0 
32394.2  32577.0 
32394.2  32578.0 
32394.2  32579.0 
32394.2  32580.0 
32394.2  32581.0 
32394.2  32582.0 
32394.2  32583.0 
32394.2  32584.0 
32394.2  32585.0 
32394.2  32586.0 
32394.2  32587.0 
32394.2  32588.0 
32394.2  32589.0 
32394.2  32590.0 
32394.2  32591.0 
32394.2  32592.0 
32394.2  32593.0 
32394.2  32594.0 
32394.2  32595.0 
32394.2  32596.0 
32394.2  32378.0 
32394.2  32597.0 
32394.2  32598.0 
32394.2  32599.0 
32394.2  32600.0 
32394.2  32601.0 
32394.2  32602.0 
32394.2  32603.0 
32394.2  32604.0 
32394.2  32605.0 
32394.2  32606.0 
32394.2  32607.0 
32394.2  32383.0 
32394.2  32608.0 
32394.2  32609.0 
32394.2  32610.0 
32394.2  32611.0 
32394.2  32612.0 
32394.2  32613.0 
32394.2  32614.0 
32394.2  32615.0 
32394.2  32616.0 
32394.2  32617.0 
32394.2  32618.0 
32394.2  32619.0 
32394.2  32620.0 
32394.2  32621.0 
32394.2  32622.0 
32394.2  32623.0 
32394.2  32624.0 
32394.2  32625.0 
32394.2  32626.0 
32394.2  32627.0 
32394.2  32628.0 
32394.2  32629.0 
32394.2  32630.0 
32394.2  32631.0 
32394.2  32632.0 
32394.2  32633.0 
32394.2  32634.0 
32394.2  32635.0 
32394.2  32636.0 
32394.2  32637.0 
32394.2  32638.0 
32394.2  32639.0 
32394.2  32640.0 
32394.2  32641.0 
32394.2  32642.0 
32394.2  32643.0 
32394.2  32644.0 
32394.2  32645.0 
32394.2  32646.0 
32394.2  32647.0 
32394.2  32648.0 
32394.2  32649.0 
32394.2  32650.0 
32394.2  32651.0 
32394.2  32652.0 
32394.2  32653.0 
32394.2  32654.0 
32394.2  32655.0 
32394.2  32656.0 
32394.2  32657.0 
32394.2  32658.0 
32394.2  32659.0 
32394.2  32660.0 
32394.2  32661.0 
32394.2  32662.0 
32394.2  32663.0 
32394.2  32664.0 
32394.2  32665.0 
32394.2  32666.0 
32394.2  32667.0 
32394.2  32668.0 
32394.2  32669.0 
32394.2  32670.0 
32394.2  32671.0 
32394.2  32672.0 
32394.2  32673.0 
32394.2  32674.0 
32394.2  32675.0 
32394.2  32676.0 
32394.2  32677.0 
32394.2  32678.0 
32394.2  32679.0 
32394.2  32680.0 
32394.2  32681.0 
32394.2  32682.0 
32394.2  32683.0 
32394.2  32684.0 
32394.2  32685.0 
32394.2  32686.0 
32394.2  32687.0 
32394.2  32688.0 
32394.2  32689.0 
32394.2  32690.0 
32394.2  32691.0 
32394.2  32692.0 
32394.2  32693.0 
32394.2  32694.0 
32394.2  32695.0 
32394.2  32696.0 
32394.2  32697.0 
32394.2  32698.0 
32394.2  32699.0 
32394.2  32700.0 
32394.2  32701.0 
32394.2  32702.0 
32394.2  32703.0 
32394.2  32704.0 
32394.2  32705.0 
32394.2  32706.0 
32394.2  32707.0 
32394.2  32708.0 
32394.2  32709.0 
32394.2  32710.0 
32394.2  32711.0 
32394.2  32712.0 
32394.2  32713.0 
32394.2  32714.0 
32394.2  32715.0 
32394.2  32716.0 
32394.2  32717.0 
32394.2  32718.0 
32394.2  32719.0 
32394.2  32720.0 
32394.2  32721.0 
32394.2  32722.0 
32394.2  32723.0 
32394.2  32724.1 
32394.2  32725.0 
32394.2  32726.0 
32394.2  32727.0 
32394.2  32728.0 
32394.2  32729.0 
32394.2  32730.0 
32394.2  32731.0 
32394.2  32732.0 
32394.2  32733.0 
32394.2  32734.0 
32394.2  32735.0 
32394.2  32736.0 
32394.2  32737.0 
32394.2  32738.0 
32394.2  32739.34 
32394.2  32740.34 
32394.2  32741.0 
32394.2  32742.0 
32394.2  32743.0 
32394.2  32744.0 
32394.2  32745.0 
32394.2  32746.0 
32394.2  32747.0 
32394.2  32748.0 
32394.2  32749.0 
32394.2  32750.0 
32394.2  32751.0 
32394.2  32752.0 
32394.2  32753.0 
32394.3  32754.0 
32394.3  32755.0 
32394.3  32756.0 
32394.3  32757.0 
32394.3  32758.0 
32394.3  32759.0 
32394.3  32760.0 
32394.3  32761.0 
32394.3  32762.2 
32394.3  32763.0 
32394.3  32764.0 
32394.3  32765.0 
32394.3  32766.0 
32394.3  32767.0 
32394.3  32768.0 
32394.4  32769.0 
32394.4  32770.0 
32394.4  32771.0 
32394.4  32772.0 
32394.4  241.2 
32394.5  32773.0 
32394.5  32774.0 
32394.5  32775.0 
32394.5  32776.0 
32394.5  32777.0 
32394.5  32778.1 
32394.5  32779.0 
32394.5  32780.68 
32394.5  32781.68 
32394.5  32782.0 
32394.5  32783.0 
32394.6  32784.0 
32394.6  32785.0 
32394.6  32786.0 
32394.6  32787.0 
32394.6  32788.0 
32394.6  32789.0 
32394.6  32382.0 
32394.6  32379.0 
32394.6  32790.0 
32394.6  32791.3 
32394.6  32792.0 
32394.6  32793.0 
32394.6  32794.0 
32394.6  32795.0 
32394.6  32796.0 
32394.6  32797.0 
32394.6  32798.0 
32394.6  32799.0 
32394.6  32800.34 
32394.6  32801.0 
32394.6  32802.0 
32394.7  32803.0 
32394.7  32804.0 
32394.7  32805.81 
32394.7  32806.0 
32394.7  32807.0 
32394.7  32808.1 
32394.7  32809.0 
32394.7  32810.0 
32394.7  32811.0 
32394.7  32812.0 
32394.7  32813.0 
32394.8  32814.0 
32394.8  32815.0 
32394.8  32816.0 
32394.8  32817.0 
32394.8  32818.0 
32394.9  32819.0 
32394.9  32820.0 
32394.9  32821.0 
32394.9  32762.5 
32394.10  32822.0 
32395.1  32824.0 
32395.1  32377.0 
32395.1  32390.0 
32395.1  32381.0 
32395.1  32380.0 
32395.1  32386.0 
32395.1  32391.0 
32395.1  32392.0 
32395.1  32825.1 
32395.1  32826.1 
32395.1  32827.1 
32396.0  31460.0 
32397.0  31461.0 
32398.0  31462.0 
32399.0  31463.0 
32400.0  31464.0 
32401.0  31465.0 
32402.0  31466.0 
32403.0  31467.0 
32404.0  31468.0 
32405.0  31469.0 
32406.0  31470.0 
32407.0  31471.0 
32408.0  31472.0 
32409.0  31473.0 
32410.0  31474.0 
32411.0  31475.0 
32412.0  31476.0 
32413.0  31477.0 
32414.0  31478.0 
32415.0  31479.0 
32416.0  31480.0 
32417.0  31481.0 
32418.0  31482.0 
32419.0  31483.0 
32420.0  31484.0 
32421.0  31485.0 
32422.0  31486.0 
32423.0  31487.0 
32424.0  31488.0 
32425.0  31489.0 
32426.0  31490.0 
32427.0  31491.0 
32428.0  31492.0 
32429.0  31493.0 
32430.0  31494.0 
32431.0  31495.0 
32432.0  31496.0 
32433.0  31497.0 
32434.0  31498.0 
32435.0  31499.0 
32436.0  31500.0 
32437.0  31501.0 
32438.0  31502.0 
32439.0  31503.0 
32440.0  31504.0 
32441.0  31505.0 
32442.0  31506.0 
32443.0  31507.0 
32444.0  31508.0 
32445.0  31509.0 
32446.0  31510.0 
32447.0  31511.0 
32448.0  31512.0 
32449.0  31513.0 
32450.0  31514.0 
32451.0  31515.0 
32452.0  31516.0 
32453.0  31517.0 
32454.0  31518.0 
32455.0  31519.0 
32456.0  31520.0 
32457.0  31521.0 
32458.0  31522.0 
32459.0  31523.0 
32460.0  31524.0 
32461.0  31525.0 
32462.0  31526.0 
32463.0  31527.0 
32464.0  31528.0 
32465.0  31529.0 
32466.0  31530.0 
32467.0  31531.0 
32468.0  31532.0 
32469.0  31533.0 
32470.0  31534.0 
32471.0  31535.0 
32472.0  31536.0 
32473.0  31537.0 
32474.0  31538.0 
32475.0  31539.0 
32476.0  31540.0 
32477.0  31541.0 
32478.0  31542.0 
32479.0  31543.0 
32480.0  31544.0 
32481.0  31545.0 
32482.0  31546.0 
32483.0  31547.0 
32484.0  31548.0 
32485.0  31549.0 
32486.0  31550.0 
32487.0  31551.0 
32488.0  31552.0 
32489.0  31553.0 
32490.0  31554.0 
32491.0  31555.0 
32492.0  31556.0 
32493.0  31557.0 
32494.0  31558.0 
32495.0  31559.0 
32496.0  31560.0 
32497.0  31561.0 
32498.0  31562.0 
32499.0  31563.0 
32500.0  31564.0 
32501.0  31565.0 
32502.0  31566.0 
32503.0  31567.0 
32504.0  31568.0 
32505.0  31569.0 
32506.0  31570.0 
32507.0  31571.0 
32508.0  31572.0 
32509.0  31573.0 
32510.0  31574.0 
32511.0  31575.0 
32512.0  31576.0 
32513.0  31577.0 
32514.0  31578.0 
32515.0  31579.0 
32516.0  31580.0 
32517.0  31581.0 
32518.0  31582.0 
32519.0  31583.0 
32520.0  31584.0 
32521.0  31585.0 
32522.0  31586.0 
32523.0  31587.0 
32524.0  31588.0 
32525.0  31589.0 
32526.0  31590.0 
32527.0  31591.0 
32528.0  31592.0 
32529.0  31593.0 
32530.0  31594.0 
32531.0  31595.0 
32532.0  31596.0 
32533.0  31597.0 
32534.0  31598.0 
32535.0  31599.0 
32536.0  31600.0 
32537.0  31601.0 
32538.0  31602.0 
32539.0  31603.0 
32540.0  31604.0 
32541.0  31605.0 
32542.0  31606.0 
32543.0  31607.0 
32544.0  31608.0 
32545.0  31609.0 
32546.0  31610.0 
32547.0  31611.0 
32548.0  31612.0 
32549.0  31613.0 
32550.0  31614.0 
32551.0  31615.0 
32552.0  31616.0 
32553.0  31617.0 
32554.0  31618.0 
32555.0  31619.0 
32556.0  31620.0 
32557.0  31621.0 
32558.0  31622.0 
32559.1  32828.14 
32560.0  31624.0 
32561.0  31625.0 
32562.0  31626.0 
32563.0  31627.0 
32564.0  31628.0 
32565.0  31629.0 
32566.0  31630.0 
32567.0  31631.0 
32568.0  31632.0 
32569.0  31633.0 
32570.0  31634.0 
32571.0  31635.0 
32572.0  31636.0 
32573.0  31637.0 
32574.0  31638.0 
32575.0  31639.0 
32576.0  31640.0 
32577.0  31641.0 
32578.0  31642.0 
32579.0  31643.0 
32580.0  31644.0 
32581.0  31645.0 
32582.0  31646.0 
32583.0  31647.0 
32584.0  31648.0 
32585.0  31649.0 
32586.0  31650.0 
32587.0  31651.0 
32588.0  31652.0 
32589.0  31653.0 
32590.0  31654.0 
32591.0  31655.0 
32592.0  31656.0 
32593.0  31657.0 
32594.0  31658.0 
32595.0  31659.0 
32596.0  31660.0 
32597.0  31661.0 
32598.0  31662.0 
32599.0  31663.0 
32600.0  31664.0 
32601.0  31665.0 
32602.0  31666.0 
32603.0  31667.0 
32604.0  31668.0 
32605.0  31669.0 
32606.0  31670.0 
32607.0  31671.0 
32609.0  31673.0 
32610.0  31674.0 
32611.0  31675.0 
32612.0  31676.0 
32613.0  31677.0 
32614.0  31678.0 
32615.0  31679.0 
32616.0  31680.0 
32617.0  31681.0 
32618.0  31682.0 
32619.0  31683.0 
32620.0  31684.0 
32621.0  31685.0 
32622.0  31686.0 
32623.0  31687.0 
32624.0  31688.0 
32625.0  31689.0 
32626.0  31690.0 
32627.0  31691.0 
32628.0  31692.0 
32629.0  31693.0 
32630.0  31694.0 
32631.0  31695.0 
32632.0  31696.0 
32633.0  31697.0 
32634.0  31698.0 
32635.0  31699.0 
32636.0  31700.0 
32637.0  31701.0 
32638.0  31702.0 
32639.0  31703.0 
32640.0  31704.0 
32641.0  31705.0 
32642.0  31706.0 
32643.0  31707.0 
32644.0  31708.0 
32645.0  31709.0 
32646.0  31710.0 
32647.0  31711.0 
32648.0  31712.0 
32649.0  31713.0 
32650.0  31714.0 
32651.0  31715.0 
32652.0  31716.0 
32653.0  31717.0 
32654.0  31718.0 
32655.0  31719.0 
32656.0  31720.0 
32657.0  31721.0 
32658.0  31722.0 
32659.0  31723.0 
32660.0  31724.0 
32661.0  31725.0 
32662.0  31726.0 
32663.0  31727.0 
32664.0  31728.0 
32665.0  31729.0 
32666.0  31730.0 
32667.0  31731.0 
32668.0  31732.0 
32669.0  31733.0 
32670.0  31734.0 
32671.0  31735.0 
32672.0  31736.0 
32673.0  31737.0 
32674.0  31738.0 
32675.0  31739.0 
32676.0  31740.0 
32677.0  31741.0 
32678.0  31742.0 
32679.0  31743.0 
32680.0  31744.0 
32681.0  31745.0 
32682.0  31746.0 
32683.0  31747.0 
32684.0  31748.0 
32685.0  31749.0 
32686.0  31750.0 
32687.0  31751.0 
32688.0  31752.0 
32689.0  31753.0 
32690.0  31754.0 
32691.0  31755.0 
32692.0  31756.0 
32693.0  31757.0 
32694.0  31758.0 
32695.0  31759.0 
32696.0  31760.0 
32697.0  31761.0 
32698.0  31762.0 
32699.0  31763.0 
32700.0  31764.0 
32701.0  31765.0 
32702.0  31766.0 
32703.0  31767.0 
32704.0  31768.0 
32705.0  31769.0 
32706.0  31770.0 
32707.0  31771.0 
32708.0  31772.0 
32709.0  31773.0 
32710.0  31774.0 
32711.0  31775.0 
32712.0  31776.0 
32713.0  31777.0 
32714.0  31778.0 
32715.0  31779.0 
32716.0  31780.0 
32717.0  31781.0 
32718.0  31782.0 
32719.0  31783.0 
32720.0  31784.0 
32721.0  31785.0 
32722.0  31786.0 
32723.0  31787.0 
32724.1  32828.12 
32725.0  31789.0 
32726.0  31790.0 
32727.0  31791.0 
32728.0  31792.0 
32729.0  31793.0 
32730.0  31794.0 
32731.0  31795.0 
32732.0  31796.0 
32733.0  31797.0 
32734.0  31798.0 
32735.0  31799.0 
32736.0  31800.0 
32737.0  31801.0 
32738.0  31802.0 
32739.34  32828.13 
32739.34  31803.34 
32740.34  32828.13 
32740.34  31804.34 
32741.0  31805.0 
32742.0  31806.0 
32743.0  31807.0 
32744.0  31808.0 
32745.0  31809.0 
32746.0  31810.0 
32747.0  31811.0 
32748.0  31812.0 
32749.0  31813.0 
32750.0  31814.0 
32751.0  31815.0 
32752.0  31816.0 
32753.0  31817.0 
32754.0  31818.0 
32755.0  31819.0 
32756.0  31820.0 
32757.0  31821.0 
32758.0  31822.0 
32759.0  31823.0 
32760.0  31824.0 
32761.0  31825.0 
32762.1  32394.1 
32762.2  32394.2 
32762.3  32394.3 
32762.4  32394.4 
32762.5  32394.8 
32762.6  32394.9 
32763.0  31827.0 
32764.0  31828.0 
32765.0  31829.0 
32766.0  31830.0 
32767.0  31831.0 
32768.0  31832.0 
32769.0  31833.0 
32770.0  31834.0 
32771.0  31835.0 
32772.0  31836.0 
32773.0  31837.0 
32774.0  31838.0 
32775.0  31839.0 
32776.0  31840.0 
32777.0  31841.0 
32778.1  32828.14 
32779.0  31843.0 
32780.68  32828.14 
32780.68  31844.68 
32780.69  32394.5 
32781.68  32828.14 
32781.68  31845.68 
32781.69  32394.7 
32782.0  31846.0 
32783.0  31847.0 
32784.0  31848.0 
32785.0  31849.0 
32786.0  31850.0 
32787.0  31851.0 
32788.0  31852.0 
32789.0  31853.0 
32790.0  31854.0 
32791.1  32829.1 
32791.2  32830.1 
32791.3  32831.1 
32792.0  31856.0 
32793.0  31857.0 
32794.0  31858.0 
32795.0  31859.0 
32796.0  31860.0 
32797.0  31861.0 
32798.0  31862.0 
32799.0  31863.0 
32800.34  31864.34 
32800.35  32394.6 
32801.0  31865.0 
32802.0  31866.0 
32803.0  31867.0 
32804.0  31868.0 
32805.80  32828.11 
32805.81  32828.13 
32805.81  31869.81 
32806.0  31870.0 
32808.1  32832.1 
32809.0  31873.0 
32810.0  31874.0 
32812.0  31876.0 
32813.0  31877.0 
32814.0  31878.0 
32815.0  31879.0 
32816.0  31880.0 
32817.0  31881.0 
32818.0  31882.0 
32819.0  31883.0 
32820.0  31884.0 
32821.0  31885.0 
32822.0  31886.0 
32823.1  32834.0 
32823.1  32377.0 
32823.1  32390.0 
32823.1  32381.0 
32823.1  32380.0 
32823.1  32386.0 
32823.1  32391.0 
32823.1  32392.0 
32823.1  32835.1 
32823.1  32836.1 
32823.1  32837.1 
32823.1  32838.1 
32823.1  32839.1 
32824.0  31888.0 
32825.1  32840.1 
32826.1  32841.1 
32827.1  32842.1 
32828.11  32843.0 
32828.12  32844.0 
32828.13  31869.80 
32828.14  32845.1 
32828.14  31458.14 
32829.1  32846.0 
32829.1  32377.0 
32829.1  32847.0 
32829.1  32848.0 
32829.1  32380.0 
32829.1  32849.0 
32829.1  32378.0 
32829.1  32850.0 
32829.1  32381.0 
32829.1  32383.0 
32829.1  32851.0 
32829.1  32386.0 
32829.1  32852.2 
32830.1  32854.0 
32830.1  32377.0 
32830.1  32847.0 
32830.1  32848.0 
32830.1  32378.0 
32830.1  32380.0 
32830.1  32849.0 
32830.1  32381.0 
32830.1  32850.0 
32830.1  32383.0 
32830.1  32855.0 
32830.1  32386.0 
32830.1  32791.1 
32831.1  32856.0 
32831.1  32377.0 
32831.1  32380.0 
32831.1  32791.2 
32832.1  32858.0 
32832.1  32377.0 
32832.1  32859.0 
32832.1  32380.0 
32832.1  32386.0 
32832.1  32392.0 
32832.1  32437.0 
32832.1  32860.1 
32832.1  32860.2 
32832.1  32860.3 
32832.1  32860.4 
32832.1  32860.5 
32832.1  32860.6 
32832.1  32860.7 
32833.1  32389.0 
32833.1  32377.0 
32833.1  32380.0 
32834.0  31898.0 
32835.1  32861.1 
32836.1  32862.1 
32837.1  32863.1 
32838.1  32864.1 
32839.1  32865.1 
32840.1  32866.0 
32840.1  32377.0 
32840.1  32380.0 
32840.1  32386.0 
32841.1  32867.0 
32841.1  32377.0 
32841.1  32380.0 
32841.1  32386.0 
32842.1  32869.0 
32842.1  32377.0 
32842.1  32380.0 
32843.0  30898.0 
32844.0  30899.0 
32845.1  32828.11 
32846.0  31908.0 
32847.0  31909.0 
32848.0  31910.0 
32849.0  31911.0 
32850.0  31912.0 
32852.1  32870.1 
32852.2  32871.1 
32853.1  32873.0 
32853.1  32377.0 
32853.1  32390.0 
32853.1  32381.0 
32853.1  32380.0 
32853.1  32386.0 
32853.1  32391.0 
32853.1  32392.0 
32853.1  32442.0 
32853.1  32443.0 
32853.1  32444.0 
32853.1  32874.1 
32853.1  32875.1 
32853.2  32876.1 
32853.3  32877.1 
32854.0  31916.0 
32856.0  31918.0 
32857.1  32878.0 
32857.1  32377.0 
32857.1  32390.0 
32857.1  32381.0 
32857.1  32380.0 
32857.1  32386.0 
32857.1  32391.0 
32857.1  32392.0 
32858.0  31920.0 
32859.0  31921.0 
32860.1  32879.1 
32860.2  32879.2 
32860.3  32879.3 
32860.4  32879.4 
32860.5  32879.5 
32860.6  32879.6 
32860.7  32879.7 
32861.1  32867.0 
32861.1  32377.0 
32861.1  32380.0 
32861.1  32386.0 
32862.1  32866.0 
32862.1  32377.0 
32862.1  32380.0 
32862.1  32386.0 
32863.1  32880.0 
32863.1  32377.0 
32863.1  32380.0 
32863.1  32386.0 
32864.1  32880.0 
32864.1  32377.0 
32864.1  32380.0 
32864.1  32386.0 
32865.1  32880.0 
32865.1  32377.0 
32865.1  32380.0 
32865.1  32386.0 
32866.0  31928.0 
32867.0  31929.0 
32869.0  31931.0 
32870.1  32846.0 
32870.1  32377.0 
32870.1  32847.0 
32870.1  32848.0 
32870.1  32380.0 
32870.1  32849.0 
32870.1  32378.0 
32870.1  32850.0 
32870.1  32381.0 
32870.1  32383.0 
32870.1  32882.0 
32870.1  32386.0 
32870.1  32883.1 
32871.1  32854.0 
32871.1  32377.0 
32871.1  32847.0 
32871.1  32848.0 
32871.1  32378.0 
32871.1  32380.0 
32871.1  32849.0 
32871.1  32381.0 
32871.1  32850.0 
32871.1  32383.0 
32871.1  32885.0 
32871.1  32386.0 
32871.1  32852.1 
32872.1  32854.0 
32872.1  32377.0 
32872.1  32847.0 
32872.1  32848.0 
32872.1  32378.0 
32872.1  32380.0 
32872.1  32849.0 
32872.1  32381.0 
32872.1  32850.0 
32872.1  32383.0 
32872.1  32886.0 
32872.1  32386.0 
32873.0  31935.0 
32874.1  32887.0 
32875.1  32888.1 
32876.1  32889.1 
32877.1  32890.1 
32878.0  31940.0 
32879.1  32891.0 
32879.1  32377.0 
32879.1  32892.0 
32879.1  32381.0 
32879.1  32380.0 
32879.1  32893.0 
32879.1  32386.0 
32879.1  32894.0 
32879.1  32895.0 
32879.1  32391.0 
32879.1  32896.0 
32879.1  32897.0 
32879.1  32898.0 
32879.1  32392.0 
32879.1  32899.0 
32879.1  32900.0 
32879.1  32901.0 
32879.1  32902.0 
32879.1  32903.0 
32879.1  32904.0 
32879.1  32905.0 
32879.1  32906.0 
32879.1  32907.0 
32879.1  32908.0 
32879.1  32909.0 
32879.1  32910.0 
32879.1  32911.0 
32879.1  32912.0 
32879.1  32913.0 
32879.1  32914.0 
32879.1  32915.0 
32879.1  32916.0 
32879.1  32917.0 
32879.1  32918.0 
32879.1  32919.0 
32879.1  32920.0 
32879.1  32921.0 
32879.1  32922.0 
32879.1  32923.0 
32879.1  32924.0 
32879.1  32925.0 
32879.1  32926.0 
32879.1  32927.0 
32879.1  32928.0 
32879.1  32929.0 
32879.1  32930.0 
32879.1  32931.0 
32879.1  32932.0 
32879.1  32933.0 
32879.1  32934.0 
32879.1  32935.0 
32879.1  32936.0 
32879.1  32937.0 
32879.1  32938.0 
32879.1  32939.0 
32879.1  32940.0 
32879.1  32941.0 
32879.1  32942.0 
32879.1  32943.0 
32879.1  32944.0 
32879.1  32945.0 
32879.1  32946.0 
32879.1  32947.0 
32879.1  32948.0 
32879.1  32949.0 
32879.1  32950.0 
32879.1  32951.0 
32879.1  32952.0 
32879.1  32953.0 
32879.1  32954.0 
32879.1  32955.0 
32879.1  32956.0 
32879.1  32957.0 
32879.1  32958.0 
32879.1  32959.0 
32879.1  32960.0 
32879.1  32961.0 
32879.1  32962.0 
32879.1  32963.0 
32879.1  32964.0 
32879.1  32965.0 
32879.1  32966.0 
32879.1  32967.0 
32879.1  32968.0 
32879.1  32969.0 
32879.1  32970.0 
32879.2  32971.0 
32879.2  32972.0 
32879.2  32973.0 
32879.2  32974.0 
32879.2  32975.0 
32879.2  32976.0 
32879.2  32977.0 
32879.2  32978.0 
32879.2  32979.0 
32879.2  32980.0 
32879.2  32981.0 
32879.2  32982.0 
32879.2  32983.0 
32879.2  32984.0 
32879.2  32985.0 
32879.2  32986.0 
32879.2  32987.0 
32879.2  32988.0 
32879.2  32989.0 
32879.2  32990.0 
32879.2  32991.0 
32879.2  32992.0 
32879.2  32993.0 
32879.2  32994.0 
32879.2  32995.0 
32879.2  32996.0 
32879.2  32997.0 
32879.2  32998.0 
32879.2  32999.0 
32879.2  33000.0 
32879.2  33001.0 
32879.2  33002.0 
32879.2  33003.0 
32879.2  33004.0 
32879.2  33005.0 
32879.2  33006.0 
32879.2  33007.0 
32879.2  33008.0 
32879.2  33009.0 
32879.2  33010.0 
32879.2  33011.0 
32879.2  33012.0 
32879.2  33013.0 
32879.2  33014.0 
32879.2  33015.0 
32879.2  33016.0 
32879.2  33017.0 
32879.2  33018.0 
32879.2  33019.0 
32879.2  33020.0 
32879.2  33021.0 
32879.2  33022.0 
32879.2  33023.0 
32879.2  33024.0 
32879.2  33025.0 
32879.2  33026.0 
32879.2  33027.0 
32879.2  33028.0 
32879.2  33029.0 
32879.2  33030.0 
32879.2  33031.0 
32879.2  33032.0 
32879.2  33033.0 
32879.2  33034.0 
32879.2  33035.0 
32879.2  33036.0 
32879.2  33037.0 
32879.2  33038.0 
32879.2  33039.0 
32879.2  33040.0 
32879.2  33041.0 
32879.2  33042.0 
32879.2  33043.0 
32879.2  33044.0 
32879.2  33045.0 
32879.2  33046.0 
32879.2  33047.0 
32879.2  33048.0 
32879.2  33049.0 
32879.2  33050.0 
32879.2  33051.0 
32879.2  33052.0 
32879.2  33053.0 
32879.2  33054.0 
32879.3  33055.0 
32879.3  33056.0 
32879.3  33057.0 
32879.3  33058.0 
32879.3  33059.0 
32879.3  33060.0 
32879.3  33061.0 
32879.3  33062.0 
32879.3  33063.0 
32879.3  33064.0 
32879.3  33065.0 
32879.3  33066.0 
32879.3  33067.0 
32879.3  33068.0 
32879.3  33069.0 
32879.3  33070.0 
32879.3  33071.0 
32879.3  33072.0 
32879.3  33073.0 
32879.3  33074.0 
32879.3  33075.0 
32879.3  33076.0 
32879.3  33077.0 
32879.3  33078.0 
32879.3  33079.0 
32879.3  33080.0 
32879.3  33081.0 
32879.3  33082.0 
32879.3  33083.0 
32879.3  33084.0 
32879.3  33085.0 
32879.3  33086.0 
32879.3  33087.0 
32879.3  33088.0 
32879.3  33089.0 
32879.3  33090.0 
32879.3  33091.0 
32879.3  33092.0 
32879.3  33093.0 
32879.3  33094.0 
32879.3  33095.0 
32879.3  33096.0 
32879.3  33097.0 
32879.3  33098.0 
32879.3  33099.0 
32879.3  33100.0 
32879.3  33101.0 
32879.3  33102.0 
32879.3  33103.0 
32879.3  33104.0 
32879.3  33105.0 
32879.3  33106.0 
32879.3  33107.0 
32879.3  33108.0 
32879.3  33109.0 
32879.3  33110.0 
32879.3  33111.0 
32879.3  33112.0 
32879.3  33113.0 
32879.3  33114.0 
32879.3  33115.0 
32879.3  33116.0 
32879.3  33117.0 
32879.3  33118.0 
32879.3  33119.0 
32879.3  33120.0 
32879.3  33121.0 
32879.3  33122.0 
32879.3  33123.0 
32879.3  33124.0 
32879.4  33125.0 
32879.4  33126.0 
32879.4  33127.0 
32879.4  33128.0 
32879.4  33129.0 
32879.4  33130.0 
32879.4  33131.0 
32879.4  33132.0 
32879.4  33133.0 
32879.4  33134.0 
32879.4  33135.0 
32879.4  33136.0 
32879.4  33137.0 
32879.4  33138.0 
32879.4  33139.0 
32879.4  33140.0 
32879.4  33141.0 
32879.4  33142.0 
32879.4  33143.0 
32879.4  33144.0 
32879.4  33145.0 
32879.4  33146.0 
32879.4  33147.0 
32879.4  33148.0 
32879.4  33149.0 
32879.4  33150.0 
32879.4  33151.0 
32879.4  33152.0 
32879.4  33153.0 
32879.4  33154.0 
32879.4  33155.0 
32879.4  33156.0 
32879.4  33157.0 
32879.4  33158.0 
32879.4  33159.0 
32879.4  33160.0 
32879.4  33161.0 
32879.4  33162.0 
32879.4  33163.0 
32879.5  33164.0 
32879.5  33165.0 
32879.5  33166.0 
32879.5  33167.0 
32879.5  33168.0 
32879.5  33169.0 
32879.5  33170.0 
32879.5  33171.0 
32879.5  33172.0 
32879.5  33173.0 
32879.5  33174.0 
32879.5  33175.0 
32879.5  33176.0 
32879.5  33177.0 
32879.5  33178.0 
32879.5  33179.0 
32879.5  33180.0 
32879.5  33181.0 
32879.5  33182.0 
32879.5  33183.0 
32879.5  33184.0 
32879.5  33185.0 
32879.5  33186.0 
32879.5  33187.0 
32879.5  33188.0 
32879.5  33189.0 
32879.5  33190.0 
32879.5  33191.0 
32879.5  33192.0 
32879.5  33193.0 
32879.5  33194.0 
32879.5  33195.0 
32879.5  33196.0 
32879.5  33197.0 
32879.5  33198.0 
32879.5  33199.0 
32879.5  33200.0 
32879.5  33201.0 
32879.5  33202.0 
32879.5  33203.0 
32879.5  33204.0 
32879.5  33205.0 
32879.5  33206.0 
32879.5  33207.0 
32879.5  33208.0 
32879.5  33209.0 
32879.5  33210.0 
32879.5  33211.0 
32879.6  33212.0 
32879.6  33213.0 
32879.6  33214.0 
32879.6  33215.0 
32879.6  33216.0 
32879.6  33217.0 
32879.6  33218.0 
32879.6  33219.0 
32879.6  33220.0 
32879.6  33221.0 
32879.6  33222.0 
32879.6  33223.0 
32879.6  33224.0 
32879.6  33225.0 
32879.6  33226.0 
32879.6  33227.0 
32879.6  33228.0 
32879.6  33229.0 
32879.6  33230.0 
32879.6  33231.0 
32879.6  33232.0 
32879.6  33233.0 
32879.6  33234.0 
32879.6  33235.0 
32879.6  33236.0 
32879.6  33237.0 
32879.6  33238.0 
32879.6  33239.0 
32879.6  33240.0 
32879.6  33241.0 
32879.7  33242.0 
32879.7  33243.0 
32879.7  33244.0 
32879.7  33245.0 
32879.7  33246.0 
32879.7  33247.0 
32879.7  33248.0 
32879.7  33249.0 
32879.7  33250.0 
32879.7  33251.0 
32879.7  33252.0 
32879.7  33253.0 
32879.7  33254.0 
32879.7  33255.0 
32879.7  33256.0 
32879.7  33257.0 
32879.7  33258.0 
32879.7  33259.0 
32879.7  33260.0 
32879.7  33261.0 
32879.7  33262.0 
32879.7  33263.0 
32879.7  33264.0 
32879.7  33265.0 
32879.7  33266.0 
32879.7  33267.0 
32879.7  33268.0 
32879.7  33269.0 
32879.7  33270.0 
32879.7  33271.0 
32879.7  33272.0 
32879.7  33273.0 
32879.7  33274.0 
32879.7  33275.0 
32879.7  33276.0 
32879.7  33277.0 
32879.7  33278.0 
32879.7  33279.0 
32879.7  33280.0 
32879.7  33281.0 
32879.7  33282.0 
32879.7  33283.0 
32879.7  33284.0 
32879.7  33285.0 
32879.7  33286.0 
32879.7  33287.0 
32879.7  33288.0 
32880.0  31942.0 
32881.1  33290.0 
32881.1  31441.0 
32881.1  31454.0 
32881.1  31445.0 
32881.1  31444.0 
32881.1  31450.0 
32881.1  31455.0 
32881.1  31456.0 
32881.1  31506.0 
32881.1  31507.0 
32881.1  31508.0 
32881.1  33291.1 
32881.1  33292.1 
32881.1  31501.0 
32881.1  31513.0 
32881.1  33293.1 
32883.1  33294.1 
32884.1  31452.1 
32888.1  33296.0 
32888.1  32377.0 
32888.1  32380.0 
32888.1  32386.0 
32888.1  32392.0 
32888.1  33297.1 
32889.1  33296.0 
32889.1  32377.0 
32889.1  32380.0 
32889.1  32386.0 
32889.1  32392.0 
32889.1  33299.1 
32890.1  33296.0 
32890.1  32377.0 
32890.1  32380.0 
32890.1  32386.0 
32890.1  32392.0 
32890.1  33301.1 
32891.0  31953.0 
32892.0  31954.0 
32893.0  31955.0 
32895.0  31957.0 
32896.0  31958.0 
32897.0  31959.0 
32898.0  31960.0 
32899.0  31961.0 
32900.0  31962.0 
32901.0  31963.0 
32902.0  31964.0 
32903.0  31965.0 
32904.0  31966.0 
32905.0  31967.0 
32906.0  31968.0 
32907.0  31969.0 
32908.0  31970.0 
32909.0  31971.0 
32910.0  31972.0 
32911.0  31973.0 
32912.0  31974.0 
32913.0  31975.0 
32914.0  31976.0 
32915.0  31977.0 
32916.0  31978.0 
32917.0  31979.0 
32918.0  31980.0 
32919.0  31981.0 
32920.0  31982.0 
32921.0  31983.0 
32922.0  31984.0 
32923.0  31985.0 
32924.0  31986.0 
32925.0  31987.0 
32926.0  31988.0 
32927.0  31989.0 
32928.0  31990.0 
32929.0  31991.0 
32930.0  31992.0 
32931.0  31993.0 
32932.0  31994.0 
32933.0  31995.0 
32934.0  31996.0 
32935.0  31997.0 
32936.0  31998.0 
32937.0  31999.0 
32938.0  32000.0 
32939.0  32001.0 
32940.0  32002.0 
32941.0  32003.0 
32942.0  32004.0 
32943.0  32005.0 
32944.0  32006.0 
32945.0  32007.0 
32946.0  32008.0 
32947.0  32009.0 
32948.0  32010.0 
32949.0  32011.0 
32950.0  32012.0 
32951.0  32013.0 
32952.0  32014.0 
32953.0  32015.0 
32954.0  32016.0 
32955.0  32017.0 
32956.0  32018.0 
32957.0  32019.0 
32958.0  32020.0 
32959.0  32021.0 
32960.0  32022.0 
32961.0  32023.0 
32962.0  32024.0 
32963.0  32025.0 
32964.0  32026.0 
32965.0  32027.0 
32966.0  32028.0 
32967.0  32029.0 
32968.0  32030.0 
32969.0  32031.0 
32970.0  32032.0 
32971.0  32033.0 
32972.0  32034.0 
32973.0  32035.0 
32974.0  32036.0 
32975.0  32037.0 
32976.0  32038.0 
32977.0  32039.0 
32978.0  32040.0 
32979.0  32041.0 
32980.0  32042.0 
32981.0  32043.0 
32982.0  32044.0 
32983.0  32045.0 
32984.0  32046.0 
32985.0  32047.0 
32986.0  32048.0 
32987.0  32049.0 
32988.0  32050.0 
32989.0  32051.0 
32990.0  32052.0 
32991.0  32053.0 
32992.0  32054.0 
32993.0  32055.0 
32994.0  32056.0 
32995.0  32057.0 
32996.0  32058.0 
32997.0  32059.0 
32998.0  32060.0 
32999.0  32061.0 
33000.0  32062.0 
33001.0  32063.0 
33002.0  32064.0 
33003.0  32065.0 
33004.0  32066.0 
33005.0  32067.0 
33006.0  32068.0 
33007.0  32069.0 
33008.0  32070.0 
33009.0  32071.0 
33010.0  32072.0 
33011.0  32073.0 
33012.0  32074.0 
33013.0  32075.0 
33014.0  32076.0 
33015.0  32077.0 
33016.0  32078.0 
33017.0  32079.0 
33018.0  32080.0 
33019.0  32081.0 
33020.0  32082.0 
33021.0  32083.0 
33022.0  32084.0 
33023.0  32085.0 
33024.0  32086.0 
33025.0  32087.0 
33026.0  32088.0 
33027.0  32089.0 
33028.0  32090.0 
33029.0  32091.0 
33030.0  32092.0 
33031.0  32093.0 
33032.0  32094.0 
33033.0  32095.0 
33034.0  32096.0 
33035.0  32097.0 
33036.0  32098.0 
33037.0  32099.0 
33038.0  32100.0 
33039.0  32101.0 
33040.0  32102.0 
33041.0  32103.0 
33042.0  32104.0 
33043.0  32105.0 
33044.0  32106.0 
33045.0  32107.0 
33046.0  32108.0 
33047.0  32109.0 
33048.0  32110.0 
33049.0  32111.0 
33050.0  32112.0 
33051.0  32113.0 
33052.0  32114.0 
33053.0  32115.0 
33054.0  32116.0 
33055.0  32117.0 
33056.0  32118.0 
33057.0  32119.0 
33058.0  32120.0 
33059.0  32121.0 
33060.0  32122.0 
33061.0  32123.0 
33062.0  32124.0 
33063.0  32125.0 
33064.0  32126.0 
33065.0  32127.0 
33066.0  32128.0 
33067.0  32129.0 
33068.0  32130.0 
33069.0  32131.0 
33070.0  32132.0 
33071.0  32133.0 
33072.0  32134.0 
33073.0  32135.0 
33074.0  32136.0 
33075.0  32137.0 
33076.0  32138.0 
33077.0  32139.0 
33078.0  32140.0 
33079.0  32141.0 
33080.0  32142.0 
33081.0  32143.0 
33082.0  32144.0 
33083.0  32145.0 
33084.0  32146.0 
33085.0  32147.0 
33086.0  32148.0 
33087.0  32149.0 
33089.0  32151.0 
33090.0  32152.0 
33091.0  32153.0 
33092.0  32154.0 
33093.0  32155.0 
33094.0  32156.0 
33095.0  32157.0 
33096.0  32158.0 
33097.0  32159.0 
33098.0  32160.0 
33099.0  32161.0 
33100.0  32162.0 
33101.0  32163.0 
33102.0  32164.0 
33103.0  32165.0 
33104.0  32166.0 
33105.0  32167.0 
33106.0  32168.0 
33107.0  32169.0 
33108.0  32170.0 
33109.0  32171.0 
33110.0  32172.0 
33111.0  32173.0 
33112.0  32174.0 
33113.0  32175.0 
33114.0  32176.0 
33115.0  32177.0 
33116.0  32178.0 
33117.0  32179.0 
33118.0  32180.0 
33119.0  32181.0 
33120.0  32182.0 
33121.0  32183.0 
33122.0  32184.0 
33123.0  32185.0 
33124.0  32186.0 
33125.0  32187.0 
33126.0  32188.0 
33127.0  32189.0 
33128.0  32190.0 
33129.0  32191.0 
33130.0  32192.0 
33131.0  32193.0 
33132.0  32194.0 
33133.0  32195.0 
33134.0  32196.0 
33135.0  32197.0 
33136.0  32198.0 
33137.0  32199.0 
33138.0  32200.0 
33139.0  32201.0 
33140.0  32202.0 
33141.0  32203.0 
33142.0  32204.0 
33143.0  32205.0 
33144.0  32206.0 
33145.0  32207.0 
33146.0  32208.0 
33147.0  32209.0 
33148.0  32210.0 
33149.0  32211.0 
33150.0  32212.0 
33151.0  32213.0 
33152.0  32214.0 
33153.0  32215.0 
33154.0  32216.0 
33155.0  32217.0 
33156.0  32218.0 
33157.0  32219.0 
33158.0  32220.0 
33159.0  32221.0 
33160.0  32222.0 
33161.0  32223.0 
33162.0  32224.0 
33163.0  32225.0 
33164.0  32226.0 
33165.0  32227.0 
33166.0  32228.0 
33167.0  32229.0 
33168.0  32230.0 
33169.0  32231.0 
33170.0  32232.0 
33171.0  32233.0 
33172.0  32234.0 
33173.0  32235.0 
33174.0  32236.0 
33175.0  32237.0 
33176.0  32238.0 
33177.0  32239.0 
33178.0  32240.0 
33179.0  32241.0 
33180.0  32242.0 
33181.0  32243.0 
33182.0  32244.0 
33183.0  32245.0 
33184.0  32246.0 
33185.0  32247.0 
33186.0  32248.0 
33187.0  32249.0 
33188.0  32250.0 
33189.0  32251.0 
33190.0  32252.0 
33191.0  32253.0 
33192.0  32254.0 
33193.0  32255.0 
33194.0  32256.0 
33195.0  32257.0 
33196.0  32258.0 
33197.0  32259.0 
33198.0  32260.0 
33199.0  32261.0 
33200.0  32262.0 
33201.0  32263.0 
33202.0  32264.0 
33203.0  32265.0 
33204.0  32266.0 
33205.0  32267.0 
33206.0  32268.0 
33207.0  32269.0 
33208.0  32270.0 
33209.0  32271.0 
33210.0  32272.0 
33211.0  32273.0 
33212.0  32274.0 
33213.0  32275.0 
33214.0  32276.0 
33215.0  32277.0 
33216.0  32278.0 
33217.0  32279.0 
33218.0  32280.0 
33219.0  32281.0 
33220.0  32282.0 
33221.0  32283.0 
33222.0  32284.0 
33223.0  32285.0 
33224.0  32286.0 
33225.0  32287.0 
33226.0  32288.0 
33227.0  32289.0 
33228.0  32290.0 
33229.0  32291.0 
33230.0  32292.0 
33231.0  32293.0 
33232.0  32294.0 
33233.0  32295.0 
33234.0  32296.0 
33235.0  32297.0 
33236.0  32298.0 
33237.0  32299.0 
33238.0  32300.0 
33239.0  32301.0 
33240.0  32302.0 
33241.0  32303.0 
33242.0  32304.0 
33243.0  32305.0 
33244.0  32306.0 
33245.0  32307.0 
33246.0  32308.0 
33247.0  32309.0 
33248.0  32310.0 
33249.0  32311.0 
33250.0  32312.0 
33251.0  32313.0 
33252.0  32314.0 
33253.0  32315.0 
33254.0  32316.0 
33255.0  32317.0 
33256.0  32318.0 
33257.0  32319.0 
33258.0  32320.0 
33259.0  32321.0 
33289.1  31908.0 
33289.1  31441.0 
33289.1  31909.0 
33289.1  31910.0 
33289.1  31444.0 
33289.1  31911.0 
33289.1  31442.0 
33289.1  31912.0 
33289.1  31445.0 
33289.1  31447.0 
33289.1  33302.0 
33289.1  31450.0 
33289.1  31855.3 
33290.0  31380.0 
33291.1  33303.1 
33292.1  33304.1 
33293.1  33305.1 
33294.1  33306.0 
33294.1  31441.0 
33294.1  31444.0 
33294.1  33307.3 
33296.0  32357.0 
33297.1  33308.0 
33299.1  33309.0 
33301.1  33310.0 
33303.1  32357.0 
33303.1  31441.0 
33303.1  31444.0 
33303.1  31450.0 
33303.1  31456.0 
33303.1  33312.1 
33304.1  33313.0 
33304.1  31441.0 
33304.1  31444.0 
33304.1  31450.0 
33304.1  33314.36 
33305.1  33313.0 
33305.1  31441.0 
33305.1  31444.0 
33305.1  31450.0 
33305.1  33315.1 
33306.0  31397.0 
33307.3  31855.3 
33312.1  33316.0 
33313.0  31432.0 
33314.35  31433.35 
33314.36  33317.1 
33314.37  32853.1 
33315.1  33317.2 
33315.2  32853.2 
33317.3  31915.3 
32374.0  32375.0 
32375.0  32388.0 
32394.0  32395.0 
32395.0  32823.0 
32823.0  32833.0 
32829.0  32388.0 
32830.0  32853.0 
32831.0  32853.0 
32832.0  32857.0 
32833.0  32388.0 
32840.0  32395.0 
32841.0  32395.0 
32842.0  32868.0 
32853.0  32872.0 
32857.0  32394.0 
32861.0  32823.0 
32862.0  32823.0 
32863.0  32823.0 
32864.0  32823.0 
32865.0  32823.0 
32868.0  32395.0 
32870.0  32881.0 
32871.0  32884.0 
32872.0  32388.0 
32879.0  32857.0 
32881.0  33289.0 
32887.0  32853.0 
32888.0  33295.0 
32889.0  33298.0 
32890.0  33300.0 
33289.0  32884.0 
33294.0  32881.0 
33295.0  32853.0 
33298.0  32853.0 
33300.0  32853.0 
33303.0  33311.0 
33304.0  32881.0 
33305.0  32881.0 
33308.0  33295.0 
33309.0  33298.0 
33310.0  33300.0 
33311.0  32881.0 
33316.0  33311.0 
32393.1  32394.10 
