30417.1  30419.0 
30417.1  30420.0 
30417.1  30421.0 
30417.1  30422.0 
30417.1  30423.0 
30417.1  30424.0 
30417.1  30425.0 
30417.1  30426.0 
30417.1  30427.0 
30417.1  30428.0 
30417.1  30429.0 
30417.1  30430.0 
30418.1  30432.0 
30418.1  30420.0 
30418.1  30423.0 
30419.0  29482.0 
30420.0  29483.0 
30421.0  29484.0 
30422.0  29485.0 
30423.0  29486.0 
30424.0  29487.0 
30425.0  29488.0 
30426.0  29489.0 
30429.0  29492.0 
30430.0  215.0 
30431.1  30420.0 
30431.1  30433.0 
30431.1  30424.0 
30431.1  30423.0 
30431.1  30429.0 
30431.1  30434.0 
30431.1  30435.0 
30432.0  29495.0 
30433.0  29496.0 
30434.0  29497.0 
30435.0  29498.0 
201.3  30417.1 
30437.1  30439.0 
30437.1  30440.0 
30437.1  30441.0 
30437.1  30442.0 
30437.1  30420.0 
30437.1  30443.0 
30437.1  30444.0 
30437.1  30445.0 
30437.1  30446.0 
30437.1  30424.0 
30437.1  30447.0 
30437.1  30448.0 
30437.1  30449.0 
30437.1  30450.0 
30437.1  30451.0 
30437.1  30452.0 
30437.1  30453.0 
30437.1  30454.0 
30437.1  30455.0 
30437.1  30456.0 
30437.1  30457.0 
30437.1  30458.0 
30437.1  30459.0 
30437.1  30460.0 
30437.1  30461.0 
30437.1  30423.0 
30437.1  30462.0 
30437.1  30463.0 
30437.1  30464.0 
30437.1  30465.0 
30437.1  30466.0 
30437.1  30467.0 
30437.1  30468.0 
30437.1  30469.0 
30437.1  30470.0 
30437.1  30471.0 
30437.1  30472.0 
30437.1  30473.0 
30437.1  30474.0 
30437.1  30475.0 
30437.1  30476.0 
30437.1  30477.0 
30437.1  30478.0 
30437.1  30479.0 
30437.1  30480.0 
30437.1  30429.0 
30437.1  30481.0 
30437.1  30482.0 
30437.1  30483.0 
30437.1  30484.0 
30437.1  30435.0 
30437.1  30485.0 
30437.1  30486.0 
30437.1  30487.0 
30437.1  30488.0 
30437.1  30489.0 
30437.1  30490.0 
30437.1  30491.0 
30437.1  30492.0 
30437.1  30493.0 
30437.1  30494.0 
30437.1  30495.0 
30437.1  30496.0 
30437.1  30497.0 
30437.1  30498.0 
30437.1  30499.0 
30437.1  30500.0 
30437.1  30501.0 
30437.1  30502.0 
30437.1  30503.0 
30437.1  30504.0 
30437.1  30505.0 
30437.1  30506.0 
30437.1  30507.0 
30437.1  30508.0 
30437.1  30509.0 
30437.1  30510.0 
30437.1  30511.0 
30437.1  30512.0 
30437.1  30513.0 
30437.1  30514.0 
30437.1  30515.0 
30437.1  30516.0 
30437.1  30517.0 
30437.1  30518.0 
30437.1  30519.0 
30437.1  30520.0 
30437.1  30521.0 
30437.1  30522.0 
30437.1  30523.0 
30437.1  30524.0 
30437.1  30525.0 
30437.1  30526.0 
30437.1  30527.0 
30437.1  30528.0 
30437.1  30529.0 
30437.1  30530.0 
30437.1  30531.0 
30437.1  30532.0 
30437.1  30533.0 
30437.1  30534.0 
30437.1  30535.0 
30437.1  30536.0 
30437.1  30537.0 
30437.1  30538.0 
30437.1  30539.0 
30437.1  30540.0 
30437.1  30541.0 
30437.1  30542.0 
30437.1  30543.0 
30437.1  30544.0 
30437.1  30545.0 
30437.1  30546.0 
30437.1  30547.0 
30437.1  30548.0 
30437.1  30549.0 
30437.1  30550.0 
30437.1  30551.0 
30437.1  30552.0 
30437.1  30553.0 
30437.1  30554.0 
30437.1  30555.0 
30437.1  30556.0 
30437.1  30557.0 
30437.1  30558.0 
30437.1  30559.0 
30437.1  30560.0 
30437.1  30561.0 
30437.1  30562.0 
30437.1  30563.0 
30437.1  30564.0 
30437.1  30565.0 
30437.1  30566.0 
30437.1  30567.0 
30437.1  30568.0 
30437.1  30569.0 
30437.1  30570.0 
30437.1  30571.0 
30437.1  30572.0 
30437.1  30573.0 
30437.1  30574.0 
30437.1  30575.0 
30437.1  30576.0 
30437.1  30577.0 
30437.1  30578.0 
30437.1  30579.0 
30437.1  30580.0 
30437.1  30581.0 
30437.1  30582.0 
30437.1  30583.0 
30437.1  30584.0 
30437.1  30585.0 
30437.1  30586.0 
30437.1  30587.0 
30437.1  30588.0 
30437.1  30589.0 
30437.1  30590.0 
30437.1  30591.0 
30437.1  30592.0 
30437.1  30593.0 
30437.1  30594.0 
30437.1  30595.0 
30437.1  30596.0 
30437.1  30597.0 
30437.1  30598.0 
30437.1  30434.0 
30437.1  30599.0 
30437.1  30600.0 
30437.1  30601.0 
30437.1  30602.1 
30437.1  30603.0 
30437.1  30604.0 
30437.1  30605.0 
30437.1  30606.0 
30437.1  30607.0 
30437.1  30608.0 
30437.2  30609.0 
30437.2  30610.0 
30437.2  30611.0 
30437.2  30612.0 
30437.2  30613.0 
30437.2  30614.0 
30437.2  30615.0 
30437.2  30616.0 
30437.2  30617.0 
30437.2  30618.0 
30437.2  30619.0 
30437.2  30620.0 
30437.2  30621.0 
30437.2  30622.0 
30437.2  30623.0 
30437.2  30624.0 
30437.2  30625.0 
30437.2  30626.0 
30437.2  30627.0 
30437.2  30628.0 
30437.2  30629.0 
30437.2  30630.0 
30437.2  30631.0 
30437.2  30632.0 
30437.2  30633.0 
30437.2  30634.0 
30437.2  30635.0 
30437.2  30636.0 
30437.2  30637.0 
30437.2  30638.0 
30437.2  30639.0 
30437.2  30421.0 
30437.2  30640.0 
30437.2  30641.0 
30437.2  30642.0 
30437.2  30643.0 
30437.2  30644.0 
30437.2  30645.0 
30437.2  30646.0 
30437.2  30647.0 
30437.2  30648.0 
30437.2  30649.0 
30437.2  30650.0 
30437.2  30426.0 
30437.2  30651.0 
30437.2  30652.0 
30437.2  30653.0 
30437.2  30654.0 
30437.2  30655.0 
30437.2  30656.0 
30437.2  30657.0 
30437.2  30658.0 
30437.2  30659.0 
30437.2  30660.0 
30437.2  30661.0 
30437.2  30662.0 
30437.2  30663.0 
30437.2  30664.0 
30437.2  30665.0 
30437.2  30666.0 
30437.2  30667.0 
30437.2  30668.0 
30437.2  30669.0 
30437.2  30670.0 
30437.2  30671.0 
30437.2  30672.0 
30437.2  30673.0 
30437.2  30674.0 
30437.2  30675.0 
30437.2  30676.0 
30437.2  30677.0 
30437.2  30678.0 
30437.2  30679.0 
30437.2  30680.0 
30437.2  30681.0 
30437.2  30682.0 
30437.2  30683.0 
30437.2  30684.0 
30437.2  30685.0 
30437.2  30686.0 
30437.2  30687.0 
30437.2  30688.0 
30437.2  30689.0 
30437.2  30690.0 
30437.2  30691.0 
30437.2  30692.0 
30437.2  30693.0 
30437.2  30694.0 
30437.2  30695.0 
30437.2  30696.0 
30437.2  30697.0 
30437.2  30698.0 
30437.2  30699.0 
30437.2  30700.0 
30437.2  30701.0 
30437.2  30702.0 
30437.2  30703.0 
30437.2  30704.0 
30437.2  30705.0 
30437.2  30706.0 
30437.2  30707.0 
30437.2  30708.0 
30437.2  30709.0 
30437.2  30710.0 
30437.2  30711.0 
30437.2  30712.0 
30437.2  30713.0 
30437.2  30714.0 
30437.2  30715.0 
30437.2  30716.0 
30437.2  30717.0 
30437.2  30718.0 
30437.2  30719.0 
30437.2  30720.0 
30437.2  30721.0 
30437.2  30722.0 
30437.2  30723.0 
30437.2  30724.0 
30437.2  30725.0 
30437.2  30726.0 
30437.2  30727.0 
30437.2  30728.0 
30437.2  30729.0 
30437.2  30730.0 
30437.2  30731.0 
30437.2  30732.0 
30437.2  30733.0 
30437.2  30734.0 
30437.2  30735.0 
30437.2  30736.0 
30437.2  30737.0 
30437.2  30738.0 
30437.2  30739.0 
30437.2  30740.0 
30437.2  30741.0 
30437.2  30742.0 
30437.2  30743.0 
30437.2  30744.0 
30437.2  30745.0 
30437.2  30746.0 
30437.2  30747.0 
30437.2  30748.0 
30437.2  30749.0 
30437.2  30750.0 
30437.2  30751.0 
30437.2  30752.0 
30437.2  30753.0 
30437.2  30754.0 
30437.2  30755.0 
30437.2  30756.0 
30437.2  30757.0 
30437.2  30758.0 
30437.2  30759.0 
30437.2  30760.0 
30437.2  30761.0 
30437.2  30762.0 
30437.2  30763.0 
30437.2  30764.0 
30437.2  30765.0 
30437.2  30766.0 
30437.2  30767.1 
30437.2  30768.0 
30437.2  30769.0 
30437.2  30770.0 
30437.2  30771.0 
30437.2  30772.0 
30437.2  30773.0 
30437.2  30774.0 
30437.2  30775.0 
30437.2  30776.0 
30437.2  30777.0 
30437.2  30778.0 
30437.2  30779.0 
30437.2  30780.0 
30437.2  30781.0 
30437.2  30782.32 
30437.2  30783.32 
30437.2  30784.0 
30437.2  30785.0 
30437.2  30786.0 
30437.2  30787.0 
30437.2  30788.0 
30437.2  30789.0 
30437.2  30790.0 
30437.2  30791.0 
30437.2  30792.0 
30437.2  30793.0 
30437.2  30794.0 
30437.2  30795.0 
30437.2  30796.0 
30437.3  30797.0 
30437.3  30798.0 
30437.3  30799.0 
30437.3  30800.0 
30437.3  30801.0 
30437.3  30802.0 
30437.3  30803.0 
30437.3  30804.0 
30437.3  30805.2 
30437.3  30806.0 
30437.3  30807.0 
30437.3  30808.0 
30437.3  30809.0 
30437.3  30810.0 
30437.3  30811.0 
30437.4  30812.0 
30437.4  30813.0 
30437.4  30814.0 
30437.4  30815.0 
30437.4  201.3 
30437.5  30816.0 
30437.5  30817.0 
30437.5  30818.0 
30437.5  30819.0 
30437.5  30820.0 
30437.5  30821.1 
30437.5  30822.0 
30437.5  30823.64 
30437.5  30824.64 
30437.5  30825.0 
30437.5  30826.0 
30437.6  30827.0 
30437.6  30828.0 
30437.6  30829.0 
30437.6  30830.0 
30437.6  30831.0 
30437.6  30832.0 
30437.6  30425.0 
30437.6  30422.0 
30437.6  30833.0 
30437.6  30834.3 
30437.6  30835.0 
30437.6  30836.0 
30437.6  30837.0 
30437.6  30838.0 
30437.6  30839.0 
30437.6  30840.0 
30437.6  30841.0 
30437.6  30842.0 
30437.6  30843.32 
30437.6  30844.0 
30437.6  30845.0 
30437.7  30846.0 
30437.7  30847.0 
30437.7  30848.77 
30437.7  30849.0 
30437.7  30850.0 
30437.7  30851.1 
30437.7  30852.0 
30437.7  30853.0 
30437.7  30854.0 
30437.7  30855.0 
30437.7  30856.0 
30437.8  30857.0 
30437.8  30858.0 
30437.8  30859.0 
30437.8  30860.0 
30437.8  30861.0 
30437.9  30862.0 
30437.9  30863.0 
30437.9  30864.0 
30437.9  30805.5 
30437.10  30865.0 
30438.1  30867.0 
30438.1  30420.0 
30438.1  30433.0 
30438.1  30424.0 
30438.1  30423.0 
30438.1  30429.0 
30438.1  30434.0 
30438.1  30435.0 
30438.1  30868.1 
30438.1  30869.1 
30438.1  30870.1 
30439.0  29502.0 
30440.0  29503.0 
30441.0  29504.0 
30442.0  29505.0 
30443.0  29506.0 
30444.0  29507.0 
30445.0  29508.0 
30446.0  29509.0 
30447.0  29510.0 
30448.0  29511.0 
30449.0  29512.0 
30450.0  29513.0 
30451.0  29514.0 
30452.0  29515.0 
30453.0  29516.0 
30454.0  29517.0 
30455.0  29518.0 
30456.0  29519.0 
30457.0  29520.0 
30458.0  29521.0 
30459.0  29522.0 
30460.0  29523.0 
30461.0  29524.0 
30462.0  29525.0 
30463.0  29526.0 
30464.0  29527.0 
30465.0  29528.0 
30466.0  29529.0 
30467.0  29530.0 
30468.0  29531.0 
30469.0  29532.0 
30470.0  29533.0 
30471.0  29534.0 
30472.0  29535.0 
30473.0  29536.0 
30474.0  29537.0 
30475.0  29538.0 
30476.0  29539.0 
30477.0  29540.0 
30478.0  29541.0 
30479.0  29542.0 
30480.0  29543.0 
30481.0  29544.0 
30482.0  29545.0 
30483.0  29546.0 
30484.0  29547.0 
30485.0  29548.0 
30486.0  29549.0 
30487.0  29550.0 
30488.0  29551.0 
30489.0  29552.0 
30490.0  29553.0 
30491.0  29554.0 
30492.0  29555.0 
30493.0  29556.0 
30494.0  29557.0 
30495.0  29558.0 
30496.0  29559.0 
30497.0  29560.0 
30498.0  29561.0 
30499.0  29562.0 
30500.0  29563.0 
30501.0  29564.0 
30502.0  29565.0 
30503.0  29566.0 
30504.0  29567.0 
30505.0  29568.0 
30506.0  29569.0 
30507.0  29570.0 
30508.0  29571.0 
30509.0  29572.0 
30510.0  29573.0 
30511.0  29574.0 
30512.0  29575.0 
30513.0  29576.0 
30514.0  29577.0 
30515.0  29578.0 
30516.0  29579.0 
30517.0  29580.0 
30518.0  29581.0 
30519.0  29582.0 
30520.0  29583.0 
30521.0  29584.0 
30522.0  29585.0 
30523.0  29586.0 
30524.0  29587.0 
30525.0  29588.0 
30526.0  29589.0 
30527.0  29590.0 
30528.0  29591.0 
30529.0  29592.0 
30530.0  29593.0 
30531.0  29594.0 
30532.0  29595.0 
30533.0  29596.0 
30534.0  29597.0 
30535.0  29598.0 
30536.0  29599.0 
30537.0  29600.0 
30538.0  29601.0 
30539.0  29602.0 
30540.0  29603.0 
30541.0  29604.0 
30542.0  29605.0 
30543.0  29606.0 
30544.0  29607.0 
30545.0  29608.0 
30546.0  29609.0 
30547.0  29610.0 
30548.0  29611.0 
30549.0  29612.0 
30550.0  29613.0 
30551.0  29614.0 
30552.0  29615.0 
30553.0  29616.0 
30554.0  29617.0 
30555.0  29618.0 
30556.0  29619.0 
30557.0  29620.0 
30558.0  29621.0 
30559.0  29622.0 
30560.0  29623.0 
30561.0  29624.0 
30562.0  29625.0 
30563.0  29626.0 
30564.0  29627.0 
30565.0  29628.0 
30566.0  29629.0 
30567.0  29630.0 
30568.0  29631.0 
30569.0  29632.0 
30570.0  29633.0 
30571.0  29634.0 
30572.0  29635.0 
30573.0  29636.0 
30574.0  29637.0 
30575.0  29638.0 
30576.0  29639.0 
30577.0  29640.0 
30578.0  29641.0 
30579.0  29642.0 
30580.0  29643.0 
30581.0  29644.0 
30582.0  29645.0 
30583.0  29646.0 
30584.0  29647.0 
30585.0  29648.0 
30586.0  29649.0 
30587.0  29650.0 
30588.0  29651.0 
30589.0  29652.0 
30590.0  29653.0 
30591.0  29654.0 
30592.0  29655.0 
30593.0  29656.0 
30594.0  29657.0 
30595.0  29658.0 
30596.0  29659.0 
30597.0  29660.0 
30598.0  29661.0 
30599.0  29662.0 
30600.0  29663.0 
30601.0  29664.0 
30602.1  30871.14 
30603.0  29666.0 
30604.0  29667.0 
30605.0  29668.0 
30606.0  29669.0 
30607.0  29670.0 
30608.0  29671.0 
30609.0  29672.0 
30610.0  29673.0 
30611.0  29674.0 
30612.0  29675.0 
30613.0  29676.0 
30614.0  29677.0 
30615.0  29678.0 
30616.0  29679.0 
30617.0  29680.0 
30618.0  29681.0 
30619.0  29682.0 
30620.0  29683.0 
30621.0  29684.0 
30622.0  29685.0 
30623.0  29686.0 
30624.0  29687.0 
30625.0  29688.0 
30626.0  29689.0 
30627.0  29690.0 
30628.0  29691.0 
30629.0  29692.0 
30630.0  29693.0 
30631.0  29694.0 
30632.0  29695.0 
30633.0  29696.0 
30634.0  29697.0 
30635.0  29698.0 
30636.0  29699.0 
30637.0  29700.0 
30638.0  29701.0 
30639.0  29702.0 
30640.0  29703.0 
30641.0  29704.0 
30642.0  29705.0 
30643.0  29706.0 
30644.0  29707.0 
30645.0  29708.0 
30646.0  29709.0 
30647.0  29710.0 
30648.0  29711.0 
30649.0  29712.0 
30650.0  29713.0 
30652.0  29715.0 
30653.0  29716.0 
30654.0  29717.0 
30655.0  29718.0 
30656.0  29719.0 
30657.0  29720.0 
30658.0  29721.0 
30659.0  29722.0 
30660.0  29723.0 
30661.0  29724.0 
30662.0  29725.0 
30663.0  29727.0 
30664.0  29726.0 
30665.0  29728.0 
30666.0  29729.0 
30667.0  29730.0 
30668.0  29731.0 
30669.0  29732.0 
30670.0  29733.0 
30671.0  29734.0 
30672.0  29735.0 
30673.0  29736.0 
30674.0  29737.0 
30675.0  29738.0 
30676.0  29739.0 
30677.0  29740.0 
30678.0  29741.0 
30679.0  29742.0 
30680.0  29743.0 
30681.0  29744.0 
30682.0  29745.0 
30683.0  29746.0 
30684.0  29747.0 
30685.0  29748.0 
30686.0  29749.0 
30687.0  29750.0 
30688.0  29751.0 
30689.0  29752.0 
30690.0  29753.0 
30691.0  29754.0 
30692.0  29755.0 
30693.0  29756.0 
30694.0  29757.0 
30695.0  29758.0 
30696.0  29759.0 
30697.0  29760.0 
30698.0  29761.0 
30699.0  29762.0 
30700.0  29763.0 
30701.0  29764.0 
30702.0  29765.0 
30703.0  29766.0 
30704.0  29767.0 
30705.0  29768.0 
30706.0  29769.0 
30707.0  29770.0 
30708.0  29771.0 
30709.0  29772.0 
30710.0  29773.0 
30711.0  29774.0 
30712.0  29775.0 
30713.0  29776.0 
30714.0  29777.0 
30715.0  29778.0 
30716.0  29779.0 
30717.0  29780.0 
30718.0  29781.0 
30719.0  29782.0 
30720.0  29783.0 
30721.0  29784.0 
30722.0  29785.0 
30723.0  29786.0 
30724.0  29787.0 
30725.0  29788.0 
30726.0  29789.0 
30727.0  29790.0 
30728.0  29791.0 
30729.0  29792.0 
30730.0  29793.0 
30731.0  29794.0 
30732.0  29795.0 
30733.0  29796.0 
30734.0  29797.0 
30735.0  29798.0 
30736.0  29799.0 
30737.0  29800.0 
30738.0  29801.0 
30739.0  29802.0 
30740.0  29803.0 
30741.0  29804.0 
30742.0  29805.0 
30743.0  29806.0 
30744.0  29807.0 
30745.0  29808.0 
30746.0  29809.0 
30747.0  29810.0 
30748.0  29811.0 
30749.0  29812.0 
30750.0  29813.0 
30751.0  29814.0 
30752.0  29815.0 
30753.0  29816.0 
30754.0  29817.0 
30755.0  29818.0 
30756.0  29819.0 
30757.0  29820.0 
30758.0  29821.0 
30759.0  29822.0 
30760.0  29823.0 
30761.0  29824.0 
30762.0  29825.0 
30763.0  29826.0 
30764.0  29827.0 
30765.0  29828.0 
30766.0  29829.0 
30767.1  30871.12 
30768.0  29831.0 
30769.0  29832.0 
30770.0  29833.0 
30771.0  29834.0 
30772.0  29835.0 
30773.0  29836.0 
30774.0  29837.0 
30775.0  29838.0 
30776.0  29839.0 
30777.0  29840.0 
30778.0  29841.0 
30779.0  29842.0 
30780.0  29843.0 
30781.0  29844.0 
30782.31  30872.12 
30782.31  29845.31 
30782.32  30871.13 
30783.31  30872.12 
30783.31  29846.31 
30783.32  30871.13 
30784.0  29847.0 
30785.0  29848.0 
30786.0  29849.0 
30787.0  29850.0 
30788.0  29851.0 
30789.0  29852.0 
30790.0  29853.0 
30791.0  29854.0 
30792.0  29855.0 
30793.0  29856.0 
30794.0  29857.0 
30795.0  29858.0 
30796.0  29859.0 
30797.0  29860.0 
30798.0  29861.0 
30799.0  29862.0 
30800.0  29863.0 
30801.0  29864.0 
30802.0  29865.0 
30803.0  29866.0 
30804.0  29867.0 
30805.1  30437.1 
30805.2  30437.2 
30805.3  30437.3 
30805.4  30437.4 
30805.5  30437.8 
30805.6  30437.9 
30806.0  29869.0 
30807.0  29870.0 
30808.0  29871.0 
30809.0  29872.0 
30810.0  29873.0 
30811.0  29874.0 
30812.0  29875.0 
30813.0  29876.0 
30814.0  29877.0 
30815.0  29878.0 
30816.0  29879.0 
30817.0  29880.0 
30818.0  29881.0 
30819.0  29882.0 
30820.0  29883.0 
30821.1  30871.14 
30822.0  29885.0 
30823.62  30872.13 
30823.62  29886.62 
30823.63  30871.5 
30823.64  30871.14 
30823.65  30437.5 
30824.62  30872.13 
30824.62  29887.62 
30824.63  30871.7 
30824.64  30871.14 
30824.65  30437.7 
30825.0  29888.0 
30826.0  29889.0 
30827.0  29890.0 
30828.0  29891.0 
30829.0  29892.0 
30830.0  29893.0 
30831.0  29894.0 
30832.0  29895.0 
30833.0  29896.0 
30834.1  30873.1 
30834.2  30874.1 
30834.3  30875.1 
30835.0  29898.0 
30836.0  29899.0 
30837.0  29900.0 
30838.0  29901.0 
30839.0  29902.0 
30840.0  29903.0 
30841.0  29904.0 
30842.0  29905.0 
30843.31  29906.31 
30843.32  30871.6 
30843.33  30437.6 
30844.0  29907.0 
30845.0  29908.0 
30846.0  29909.0 
30847.0  29910.0 
30848.74  30872.10 
30848.75  30872.12 
30848.75  29911.75 
30848.76  30871.11 
30848.77  30871.13 
30849.0  29912.0 
30851.1  30876.1 
30852.0  29915.0 
30853.0  29916.0 
30855.0  29918.0 
30856.0  29919.0 
30857.0  29920.0 
30858.0  29921.0 
30859.0  29922.0 
30860.0  29923.0 
30861.0  29924.0 
30862.0  29925.0 
30863.0  29926.0 
30864.0  29927.0 
30865.0  29928.0 
30866.1  30878.0 
30866.1  30420.0 
30866.1  30433.0 
30866.1  30424.0 
30866.1  30423.0 
30866.1  30429.0 
30866.1  30434.0 
30866.1  30435.0 
30866.1  30879.1 
30866.1  30880.1 
30866.1  30881.1 
30866.1  30882.1 
30866.1  30883.1 
30867.0  29930.0 
30868.1  30884.1 
30869.1  30885.1 
30870.1  30886.1 
30871.1  30439.0 
30871.1  30440.0 
30871.1  30441.0 
30871.1  30442.0 
30871.1  30420.0 
30871.1  30443.0 
30871.1  30444.0 
30871.1  30445.0 
30871.1  30446.0 
30871.1  30424.0 
30871.1  30447.0 
30871.1  30448.0 
30871.1  30449.0 
30871.1  30450.0 
30871.1  30451.0 
30871.1  30452.0 
30871.1  30453.0 
30871.1  30454.0 
30871.1  30455.0 
30871.1  30456.0 
30871.1  30457.0 
30871.1  30458.0 
30871.1  30459.0 
30871.1  30460.0 
30871.1  30461.0 
30871.1  30423.0 
30871.1  30462.0 
30871.1  30463.0 
30871.1  30464.0 
30871.1  30465.0 
30871.1  30466.0 
30871.1  30467.0 
30871.1  30468.0 
30871.1  30469.0 
30871.1  30470.0 
30871.1  30471.0 
30871.1  30472.0 
30871.1  30473.0 
30871.1  30474.0 
30871.1  30475.0 
30871.1  30476.0 
30871.1  30477.0 
30871.1  30478.0 
30871.1  30479.0 
30871.1  30480.0 
30871.1  30429.0 
30871.1  30481.0 
30871.1  30482.0 
30871.1  30483.0 
30871.1  30484.0 
30871.1  30435.0 
30871.1  30485.0 
30871.1  30486.0 
30871.1  30487.0 
30871.1  30488.0 
30871.1  30489.0 
30871.1  30490.0 
30871.1  30491.0 
30871.1  30492.0 
30871.1  30493.0 
30871.1  30494.0 
30871.1  30495.0 
30871.1  30496.0 
30871.1  30497.0 
30871.1  30498.0 
30871.1  30499.0 
30871.1  30500.0 
30871.1  30501.0 
30871.1  30502.0 
30871.1  30503.0 
30871.1  30504.0 
30871.1  30505.0 
30871.1  30506.0 
30871.1  30507.0 
30871.1  30508.0 
30871.1  30509.0 
30871.1  30510.0 
30871.1  30511.0 
30871.1  30512.0 
30871.1  30513.0 
30871.1  30514.0 
30871.1  30515.0 
30871.1  30516.0 
30871.1  30517.0 
30871.1  30518.0 
30871.1  30519.0 
30871.1  30520.0 
30871.1  30521.0 
30871.1  30522.0 
30871.1  30523.0 
30871.1  30524.0 
30871.1  30525.0 
30871.1  30526.0 
30871.1  30527.0 
30871.1  30528.0 
30871.1  30529.0 
30871.1  30530.0 
30871.1  30531.0 
30871.1  30532.0 
30871.1  30533.0 
30871.1  30534.0 
30871.1  30535.0 
30871.1  30536.0 
30871.1  30537.0 
30871.1  30538.0 
30871.1  30539.0 
30871.1  30540.0 
30871.1  30541.0 
30871.1  30542.0 
30871.1  30543.0 
30871.1  30544.0 
30871.1  30545.0 
30871.1  30546.0 
30871.1  30547.0 
30871.1  30548.0 
30871.1  30549.0 
30871.1  30550.0 
30871.1  30551.0 
30871.1  30552.0 
30871.1  30553.0 
30871.1  30554.0 
30871.1  30555.0 
30871.1  30556.0 
30871.1  30557.0 
30871.1  30558.0 
30871.1  30559.0 
30871.1  30560.0 
30871.1  30561.0 
30871.1  30562.0 
30871.1  30563.0 
30871.1  30564.0 
30871.1  30565.0 
30871.1  30566.0 
30871.1  30567.0 
30871.1  30568.0 
30871.1  30569.0 
30871.1  30570.0 
30871.1  30571.0 
30871.1  30572.0 
30871.1  30573.0 
30871.1  30574.0 
30871.1  30575.0 
30871.1  30576.0 
30871.1  30577.0 
30871.1  30578.0 
30871.1  30579.0 
30871.1  30580.0 
30871.1  30581.0 
30871.1  30582.0 
30871.1  30583.0 
30871.1  30584.0 
30871.1  30585.0 
30871.1  30586.0 
30871.1  30587.0 
30871.1  30588.0 
30871.1  30589.0 
30871.1  30590.0 
30871.1  30591.0 
30871.1  30592.0 
30871.1  30593.0 
30871.1  30594.0 
30871.1  30595.0 
30871.1  30596.0 
30871.1  30597.0 
30871.1  30598.0 
30871.1  30434.0 
30871.1  30599.0 
30871.1  30600.0 
30871.1  30601.0 
30871.1  30888.1 
30871.1  30603.0 
30871.1  30604.0 
30871.1  30605.0 
30871.1  30606.0 
30871.1  30607.0 
30871.1  30608.0 
30871.2  30609.0 
30871.2  30610.0 
30871.2  30611.0 
30871.2  30612.0 
30871.2  30613.0 
30871.2  30614.0 
30871.2  30615.0 
30871.2  30616.0 
30871.2  30617.0 
30871.2  30618.0 
30871.2  30619.0 
30871.2  30620.0 
30871.2  30621.0 
30871.2  30622.0 
30871.2  30623.0 
30871.2  30624.0 
30871.2  30625.0 
30871.2  30626.0 
30871.2  30627.0 
30871.2  30628.0 
30871.2  30629.0 
30871.2  30630.0 
30871.2  30631.0 
30871.2  30632.0 
30871.2  30633.0 
30871.2  30634.0 
30871.2  30635.0 
30871.2  30636.0 
30871.2  30637.0 
30871.2  30638.0 
30871.2  30639.0 
30871.2  30421.0 
30871.2  30640.0 
30871.2  30641.0 
30871.2  30642.0 
30871.2  30643.0 
30871.2  30644.0 
30871.2  30645.0 
30871.2  30646.0 
30871.2  30647.0 
30871.2  30648.0 
30871.2  30649.0 
30871.2  30650.0 
30871.2  30426.0 
30871.2  30889.0 
30871.2  30652.0 
30871.2  30653.0 
30871.2  30654.0 
30871.2  30655.0 
30871.2  30656.0 
30871.2  30657.0 
30871.2  30658.0 
30871.2  30659.0 
30871.2  30660.0 
30871.2  30661.0 
30871.2  30662.0 
30871.2  30664.0 
30871.2  30663.0 
30871.2  30665.0 
30871.2  30666.0 
30871.2  30667.0 
30871.2  30668.0 
30871.2  30669.0 
30871.2  30670.0 
30871.2  30671.0 
30871.2  30672.0 
30871.2  30673.0 
30871.2  30674.0 
30871.2  30675.0 
30871.2  30676.0 
30871.2  30677.0 
30871.2  30678.0 
30871.2  30679.0 
30871.2  30680.0 
30871.2  30681.0 
30871.2  30682.0 
30871.2  30683.0 
30871.2  30684.0 
30871.2  30685.0 
30871.2  30686.0 
30871.2  30687.0 
30871.2  30688.0 
30871.2  30689.0 
30871.2  30690.0 
30871.2  30691.0 
30871.2  30692.0 
30871.2  30693.0 
30871.2  30694.0 
30871.2  30695.0 
30871.2  30696.0 
30871.2  30697.0 
30871.2  30698.0 
30871.2  30699.0 
30871.2  30700.0 
30871.2  30701.0 
30871.2  30702.0 
30871.2  30703.0 
30871.2  30704.0 
30871.2  30705.0 
30871.2  30706.0 
30871.2  30707.0 
30871.2  30708.0 
30871.2  30709.0 
30871.2  30710.0 
30871.2  30711.0 
30871.2  30712.0 
30871.2  30713.0 
30871.2  30714.0 
30871.2  30715.0 
30871.2  30716.0 
30871.2  30717.0 
30871.2  30718.0 
30871.2  30719.0 
30871.2  30720.0 
30871.2  30721.0 
30871.2  30722.0 
30871.2  30723.0 
30871.2  30724.0 
30871.2  30725.0 
30871.2  30726.0 
30871.2  30727.0 
30871.2  30728.0 
30871.2  30729.0 
30871.2  30730.0 
30871.2  30731.0 
30871.2  30732.0 
30871.2  30733.0 
30871.2  30734.0 
30871.2  30735.0 
30871.2  30736.0 
30871.2  30737.0 
30871.2  30738.0 
30871.2  30739.0 
30871.2  30740.0 
30871.2  30741.0 
30871.2  30742.0 
30871.2  30743.0 
30871.2  30744.0 
30871.2  30745.0 
30871.2  30746.0 
30871.2  30747.0 
30871.2  30748.0 
30871.2  30749.0 
30871.2  30750.0 
30871.2  30751.0 
30871.2  30752.0 
30871.2  30753.0 
30871.2  30754.0 
30871.2  30755.0 
30871.2  30756.0 
30871.2  30757.0 
30871.2  30758.0 
30871.2  30759.0 
30871.2  30760.0 
30871.2  30761.0 
30871.2  30762.0 
30871.2  30763.0 
30871.2  30764.0 
30871.2  30765.0 
30871.2  30766.0 
30871.2  30890.1 
30871.2  30768.0 
30871.2  30769.0 
30871.2  30770.0 
30871.2  30771.0 
30871.2  30772.0 
30871.2  30773.0 
30871.2  30774.0 
30871.2  30775.0 
30871.2  30776.0 
30871.2  30777.0 
30871.2  30778.0 
30871.2  30779.0 
30871.2  30780.0 
30871.2  30781.0 
30871.2  30782.31 
30871.2  30783.31 
30871.2  30784.0 
30871.2  30785.0 
30871.2  30786.0 
30871.2  30787.0 
30871.2  30788.0 
30871.2  30789.0 
30871.2  30790.0 
30871.2  30791.0 
30871.2  30792.0 
30871.2  30793.0 
30871.2  30794.0 
30871.2  30795.0 
30871.2  30796.0 
30871.3  30797.0 
30871.3  30798.0 
30871.3  30799.0 
30871.3  30800.0 
30871.3  30801.0 
30871.3  30802.0 
30871.3  30803.0 
30871.3  30804.0 
30871.3  30891.2 
30871.3  30806.0 
30871.3  30807.0 
30871.3  30808.0 
30871.3  30809.0 
30871.3  30810.0 
30871.3  30811.0 
30871.4  30812.0 
30871.4  30813.0 
30871.4  30814.0 
30871.4  30815.0 
30871.4  30892.1 
30871.5  30816.0 
30871.5  30817.0 
30871.5  30818.0 
30871.5  30819.0 
30871.5  30820.0 
30871.5  30893.1 
30871.5  30822.0 
30871.5  30823.62 
30871.5  30824.62 
30871.5  30825.0 
30871.5  30826.0 
30871.6  30827.0 
30871.6  30828.0 
30871.6  30829.0 
30871.6  30830.0 
30871.6  30831.0 
30871.6  30832.0 
30871.6  30425.0 
30871.6  30422.0 
30871.6  30833.0 
30871.6  30894.2 
30871.6  30835.0 
30871.6  30836.0 
30871.6  30837.0 
30871.6  30838.0 
30871.6  30839.0 
30871.6  30840.0 
30871.6  30841.0 
30871.6  30842.0 
30871.6  30843.31 
30871.6  30844.0 
30871.6  30845.0 
30871.7  30846.0 
30871.7  30847.0 
30871.7  30848.75 
30871.7  30849.0 
30871.7  30895.0 
30871.7  30896.1 
30871.7  30852.0 
30871.7  30853.0 
30871.7  30897.0 
30871.7  30855.0 
30871.7  30856.0 
30871.8  30857.0 
30871.8  30858.0 
30871.8  30859.0 
30871.8  30860.0 
30871.8  30861.0 
30871.9  30862.0 
30871.9  30863.0 
30871.9  30864.0 
30871.9  30891.5 
30871.10  30865.0 
30871.11  30898.0 
30871.12  30899.0 
30871.13  30848.76 
30871.14  30900.1 
30872.11  30899.0 
30872.12  29911.74 
30872.13  30901.1 
30872.13  29500.13 
30873.1  30902.0 
30873.1  30420.0 
30873.1  30903.0 
30873.1  30904.0 
30873.1  30423.0 
30873.1  30905.0 
30873.1  30421.0 
30873.1  30906.0 
30873.1  30424.0 
30873.1  30426.0 
30873.1  30907.0 
30873.1  30429.0 
30873.1  30908.2 
30874.1  30910.0 
30874.1  30420.0 
30874.1  30903.0 
30874.1  30904.0 
30874.1  30421.0 
30874.1  30423.0 
30874.1  30905.0 
30874.1  30424.0 
30874.1  30906.0 
30874.1  30426.0 
30874.1  30911.0 
30874.1  30429.0 
30874.1  30834.1 
30875.1  30912.0 
30875.1  30420.0 
30875.1  30423.0 
30875.1  30834.2 
30876.1  30914.0 
30876.1  30420.0 
30876.1  30915.0 
30876.1  30423.0 
30876.1  30429.0 
30876.1  30435.0 
30876.1  30480.0 
30876.1  30916.1 
30876.1  30916.2 
30876.1  30916.3 
30876.1  30916.4 
30876.1  30916.5 
30876.1  30916.6 
30876.1  30916.7 
30877.1  30432.0 
30877.1  30420.0 
30877.1  30423.0 
30878.0  29940.0 
30879.1  30917.1 
30880.1  30918.1 
30881.1  30919.1 
30882.1  30920.1 
30883.1  30921.1 
30884.1  30922.0 
30884.1  30420.0 
30884.1  30423.0 
30884.1  30429.0 
30885.1  30923.0 
30885.1  30420.0 
30885.1  30423.0 
30885.1  30429.0 
30886.1  30925.0 
30886.1  30420.0 
30886.1  30423.0 
30887.1  30867.0 
30887.1  30420.0 
30887.1  30433.0 
30887.1  30424.0 
30887.1  30423.0 
30887.1  30429.0 
30887.1  30434.0 
30887.1  30435.0 
30887.1  30927.1 
30887.1  30928.1 
30887.1  30929.1 
30888.1  30872.13 
30890.1  30872.11 
30891.1  30871.1 
30891.2  30871.2 
30891.3  30871.3 
30891.4  30871.4 
30891.5  30871.8 
30891.6  30871.9 
30891.7  30871.10 
30891.8  30871.11 
30891.9  30871.14 
30892.1  30930.1 
30893.1  30872.13 
30894.1  30931.1 
30894.2  30932.1 
30896.1  30933.1 
30898.0  29949.0 
30899.0  29003.0 
30900.1  30871.11 
30901.1  30872.10 
30902.0  29951.0 
30903.0  29952.0 
30904.0  29953.0 
30905.0  29954.0 
30906.0  29955.0 
30908.1  30934.1 
30908.2  30935.1 
30909.1  30937.0 
30909.1  30420.0 
30909.1  30433.0 
30909.1  30424.0 
30909.1  30423.0 
30909.1  30429.0 
30909.1  30434.0 
30909.1  30435.0 
30909.1  30485.0 
30909.1  30486.0 
30909.1  30487.0 
30909.1  30938.1 
30909.1  30939.1 
30909.2  30940.1 
30909.3  30941.1 
30910.0  29959.0 
30912.0  29961.0 
30913.1  30942.0 
30913.1  30420.0 
30913.1  30433.0 
30913.1  30424.0 
30913.1  30423.0 
30913.1  30429.0 
30913.1  30434.0 
30913.1  30435.0 
30914.0  29963.0 
30915.0  29964.0 
30916.1  30943.1 
30916.2  30943.2 
30916.3  30943.3 
30916.4  30943.4 
30916.5  30943.5 
30916.6  30943.6 
30916.7  30943.7 
30917.1  30923.0 
30917.1  30420.0 
30917.1  30423.0 
30917.1  30429.0 
30918.1  30922.0 
30918.1  30420.0 
30918.1  30423.0 
30918.1  30429.0 
30919.1  30944.0 
30919.1  30420.0 
30919.1  30423.0 
30919.1  30429.0 
30920.1  30944.0 
30920.1  30420.0 
30920.1  30423.0 
30920.1  30429.0 
30921.1  30944.0 
30921.1  30420.0 
30921.1  30423.0 
30921.1  30429.0 
30922.0  29971.0 
30923.0  29972.0 
30925.0  29974.0 
30926.1  30878.0 
30926.1  30420.0 
30926.1  30433.0 
30926.1  30424.0 
30926.1  30423.0 
30926.1  30429.0 
30926.1  30434.0 
30926.1  30435.0 
30926.1  30946.1 
30926.1  30947.1 
30926.1  30948.1 
30926.1  30949.1 
30926.1  30950.1 
30927.1  30951.1 
30928.1  30952.1 
30929.1  30953.1 
30930.1  30419.0 
30930.1  30420.0 
30930.1  30421.0 
30930.1  30422.0 
30930.1  30423.0 
30930.1  30424.0 
30930.1  30425.0 
30930.1  30426.0 
30930.1  30955.0 
30930.1  30956.0 
30930.1  30429.0 
30930.1  30430.0 
30931.1  30902.0 
30931.1  30420.0 
30931.1  30903.0 
30931.1  30904.0 
30931.1  30423.0 
30931.1  30905.0 
30931.1  30421.0 
30931.1  30906.0 
30931.1  30424.0 
30931.1  30426.0 
30931.1  30958.0 
30931.1  30429.0 
30931.1  30959.1 
30932.1  30910.0 
30932.1  30420.0 
30932.1  30903.0 
30932.1  30904.0 
30932.1  30421.0 
30932.1  30423.0 
30932.1  30905.0 
30932.1  30424.0 
30932.1  30906.0 
30932.1  30426.0 
30932.1  30961.0 
30932.1  30429.0 
30932.1  30894.1 
30933.1  30914.0 
30933.1  30420.0 
30933.1  30915.0 
30933.1  30423.0 
30933.1  30429.0 
30933.1  30435.0 
30933.1  30480.0 
30933.1  30963.1 
30933.1  30963.2 
30933.1  30963.3 
30933.1  30963.4 
30933.1  30963.5 
30933.1  30963.6 
30933.1  30963.7 
30934.1  30902.0 
30934.1  30420.0 
30934.1  30903.0 
30934.1  30904.0 
30934.1  30423.0 
30934.1  30905.0 
30934.1  30421.0 
30934.1  30906.0 
30934.1  30424.0 
30934.1  30426.0 
30934.1  30965.0 
30934.1  30429.0 
30934.1  30894.2 
30935.1  30910.0 
30935.1  30420.0 
30935.1  30903.0 
30935.1  30904.0 
30935.1  30421.0 
30935.1  30423.0 
30935.1  30905.0 
30935.1  30424.0 
30935.1  30906.0 
30935.1  30426.0 
30935.1  30966.0 
30935.1  30429.0 
30935.1  30908.1 
30936.1  30910.0 
30936.1  30420.0 
30936.1  30903.0 
30936.1  30904.0 
30936.1  30421.0 
30936.1  30423.0 
30936.1  30905.0 
30936.1  30424.0 
30936.1  30906.0 
30936.1  30426.0 
30936.1  30967.0 
30936.1  30429.0 
30937.0  29978.0 
30938.1  30968.0 
30939.1  30969.1 
30940.1  30970.1 
30941.1  30971.1 
30942.0  29983.0 
30943.1  30972.0 
30943.1  30420.0 
30943.1  30973.0 
30943.1  30424.0 
30943.1  30423.0 
30943.1  30974.0 
30943.1  30429.0 
30943.1  30975.0 
30943.1  30976.0 
30943.1  30434.0 
30943.1  30977.0 
30943.1  30978.0 
30943.1  30979.0 
30943.1  30435.0 
30943.1  30980.0 
30943.1  30981.0 
30943.1  30982.0 
30943.1  30983.0 
30943.1  30984.0 
30943.1  30985.0 
30943.1  30986.0 
30943.1  30987.0 
30943.1  30988.0 
30943.1  30989.0 
30943.1  30990.0 
30943.1  30991.0 
30943.1  30992.0 
30943.1  30993.0 
30943.1  30994.0 
30943.1  30995.0 
30943.1  30996.0 
30943.1  30997.0 
30943.1  30998.0 
30943.1  30999.0 
30943.1  31000.0 
30943.1  31001.0 
30943.1  31002.0 
30943.1  31003.0 
30943.1  31004.0 
30943.1  31005.0 
30943.1  31006.0 
30943.1  31007.0 
30943.1  31008.0 
30943.1  31009.0 
30943.1  31010.0 
30943.1  31011.0 
30943.1  31012.0 
30943.1  31013.0 
30943.1  31014.0 
30943.1  31015.0 
30943.1  31016.0 
30943.1  31017.0 
30943.1  31018.0 
30943.1  31019.0 
30943.1  31020.0 
30943.1  31021.0 
30943.1  31022.0 
30943.1  31023.0 
30943.1  31024.0 
30943.1  31025.0 
30943.1  31026.0 
30943.1  31027.0 
30943.1  31028.0 
30943.1  31029.0 
30943.1  31030.0 
30943.1  31031.0 
30943.1  31032.0 
30943.1  31033.0 
30943.1  31034.0 
30943.1  31035.0 
30943.1  31036.0 
30943.1  31037.0 
30943.1  31038.0 
30943.1  31039.0 
30943.1  31040.0 
30943.1  31041.0 
30943.1  31042.0 
30943.1  31043.0 
30943.1  31044.0 
30943.1  31045.0 
30943.1  31046.0 
30943.1  31047.0 
30943.1  31048.0 
30943.1  31049.0 
30943.1  31050.0 
30943.1  31051.0 
30943.2  31052.0 
30943.2  31053.0 
30943.2  31054.0 
30943.2  31055.0 
30943.2  31056.0 
30943.2  31057.0 
30943.2  31058.0 
30943.2  31059.0 
30943.2  31060.0 
30943.2  31061.0 
30943.2  31062.0 
30943.2  31063.0 
30943.2  31064.0 
30943.2  31065.0 
30943.2  31066.0 
30943.2  31067.0 
30943.2  31068.0 
30943.2  31069.0 
30943.2  31070.0 
30943.2  31071.0 
30943.2  31072.0 
30943.2  31073.0 
30943.2  31074.0 
30943.2  31075.0 
30943.2  31076.0 
30943.2  31077.0 
30943.2  31078.0 
30943.2  31079.0 
30943.2  31080.0 
30943.2  31081.0 
30943.2  31082.0 
30943.2  31083.0 
30943.2  31084.0 
30943.2  31085.0 
30943.2  31086.0 
30943.2  31087.0 
30943.2  31088.0 
30943.2  31089.0 
30943.2  31090.0 
30943.2  31091.0 
30943.2  31092.0 
30943.2  31093.0 
30943.2  31094.0 
30943.2  31095.0 
30943.2  31096.0 
30943.2  31097.0 
30943.2  31098.0 
30943.2  31099.0 
30943.2  31100.0 
30943.2  31101.0 
30943.2  31102.0 
30943.2  31103.0 
30943.2  31104.0 
30943.2  31105.0 
30943.2  31106.0 
30943.2  31107.0 
30943.2  31108.0 
30943.2  31109.0 
30943.2  31110.0 
30943.2  31111.0 
30943.2  31112.0 
30943.2  31113.0 
30943.2  31114.0 
30943.2  31115.0 
30943.2  31116.0 
30943.2  31117.0 
30943.2  31118.0 
30943.2  31119.0 
30943.2  31120.0 
30943.2  31121.0 
30943.2  31122.0 
30943.2  31123.0 
30943.2  31124.0 
30943.2  31125.0 
30943.2  31126.0 
30943.2  31127.0 
30943.2  31128.0 
30943.2  31129.0 
30943.2  31130.0 
30943.2  31131.0 
30943.2  31132.0 
30943.2  31133.0 
30943.2  31134.0 
30943.2  31135.0 
30943.3  31136.0 
30943.3  31137.0 
30943.3  31138.0 
30943.3  31139.0 
30943.3  31140.0 
30943.3  31141.0 
30943.3  31142.0 
30943.3  31143.0 
30943.3  31144.0 
30943.3  31145.0 
30943.3  31146.0 
30943.3  31147.0 
30943.3  31148.0 
30943.3  31149.0 
30943.3  31150.0 
30943.3  31151.0 
30943.3  31152.0 
30943.3  31153.0 
30943.3  31154.0 
30943.3  31155.0 
30943.3  31156.0 
30943.3  31157.0 
30943.3  31158.0 
30943.3  31159.0 
30943.3  31160.0 
30943.3  31161.0 
30943.3  31162.0 
30943.3  31163.0 
30943.3  31164.0 
30943.3  31165.0 
30943.3  31166.0 
30943.3  31167.0 
30943.3  31168.0 
30943.3  31169.0 
30943.3  31170.0 
30943.3  31171.0 
30943.3  31172.0 
30943.3  31173.0 
30943.3  31174.0 
30943.3  31175.0 
30943.3  31176.0 
30943.3  31177.0 
30943.3  31178.0 
30943.3  31179.0 
30943.3  31180.0 
30943.3  31181.0 
30943.3  31182.0 
30943.3  31183.0 
30943.3  31184.0 
30943.3  31185.0 
30943.3  31186.0 
30943.3  31187.0 
30943.3  31188.0 
30943.3  31189.0 
30943.3  31190.0 
30943.3  31191.0 
30943.3  31192.0 
30943.3  31193.0 
30943.3  31194.0 
30943.3  31195.0 
30943.3  31196.0 
30943.3  31197.0 
30943.3  31198.0 
30943.3  31199.0 
30943.3  31200.0 
30943.3  31201.0 
30943.3  31202.0 
30943.3  31203.0 
30943.3  31204.0 
30943.3  31205.0 
30943.4  31206.0 
30943.4  31207.0 
30943.4  31208.0 
30943.4  31209.0 
30943.4  31210.0 
30943.4  31211.0 
30943.4  31212.0 
30943.4  31213.0 
30943.4  31214.0 
30943.4  31215.0 
30943.4  31216.0 
30943.4  31217.0 
30943.4  31218.0 
30943.4  31219.0 
30943.4  31220.0 
30943.4  31221.0 
30943.4  31222.0 
30943.4  31223.0 
30943.4  31224.0 
30943.4  31225.0 
30943.4  31226.0 
30943.4  31227.0 
30943.4  31228.0 
30943.4  31229.0 
30943.4  31230.0 
30943.4  31231.0 
30943.4  31232.0 
30943.4  31233.0 
30943.4  31234.0 
30943.4  31235.0 
30943.4  31236.0 
30943.4  31237.0 
30943.4  31238.0 
30943.4  31239.0 
30943.4  31240.0 
30943.4  31241.0 
30943.4  31242.0 
30943.4  31243.0 
30943.4  31244.0 
30943.5  31245.0 
30943.5  31246.0 
30943.5  31247.0 
30943.5  31248.0 
30943.5  31249.0 
30943.5  31250.0 
30943.5  31251.0 
30943.5  31252.0 
30943.5  31253.0 
30943.5  31254.0 
30943.5  31255.0 
30943.5  31256.0 
30943.5  31257.0 
30943.5  31258.0 
30943.5  31259.0 
30943.5  31260.0 
30943.5  31261.0 
30943.5  31262.0 
30943.5  31263.0 
30943.5  31264.0 
30943.5  31265.0 
30943.5  31266.0 
30943.5  31267.0 
30943.5  31268.0 
30943.5  31269.0 
30943.5  31270.0 
30943.5  31271.0 
30943.5  31272.0 
30943.5  31273.0 
30943.5  31274.0 
30943.5  31275.0 
30943.5  31276.0 
30943.5  31277.0 
30943.5  31278.0 
30943.5  31279.0 
30943.5  31280.0 
30943.5  31281.0 
30943.5  31282.0 
30943.5  31283.0 
30943.5  31284.0 
30943.5  31285.0 
30943.5  31286.0 
30943.5  31287.0 
30943.5  31288.0 
30943.5  31289.0 
30943.5  31290.0 
30943.5  31291.0 
30943.5  31292.0 
30943.6  31293.0 
30943.6  31294.0 
30943.6  31295.0 
30943.6  31296.0 
30943.6  31297.0 
30943.6  31298.0 
30943.6  31299.0 
30943.6  31300.0 
30943.6  31301.0 
30943.6  31302.0 
30943.6  31303.0 
30943.6  31304.0 
30943.6  31305.0 
30943.6  31306.0 
30943.6  31307.0 
30943.6  31308.0 
30943.6  31309.0 
30943.6  31310.0 
30943.6  31311.0 
30943.6  31312.0 
30943.6  31313.0 
30943.6  31314.0 
30943.6  31315.0 
30943.6  31316.0 
30943.6  31317.0 
30943.6  31318.0 
30943.6  31319.0 
30943.6  31320.0 
30943.6  31321.0 
30943.6  31322.0 
30943.7  31323.0 
30943.7  31324.0 
30943.7  31325.0 
30943.7  31326.0 
30943.7  31327.0 
30943.7  31328.0 
30943.7  31329.0 
30943.7  31330.0 
30943.7  31331.0 
30943.7  31332.0 
30943.7  31333.0 
30943.7  31334.0 
30943.7  31335.0 
30943.7  31336.0 
30943.7  31337.0 
30943.7  31338.0 
30943.7  31339.0 
30943.7  31340.0 
30943.7  31341.0 
30943.7  31342.0 
30943.7  31343.0 
30943.7  31344.0 
30943.7  31345.0 
30943.7  31346.0 
30943.7  31347.0 
30943.7  31348.0 
30943.7  31349.0 
30943.7  31350.0 
30943.7  31351.0 
30943.7  31352.0 
30943.7  31353.0 
30943.7  31354.0 
30943.7  31355.0 
30943.7  31356.0 
30943.7  31357.0 
30943.7  31358.0 
30943.7  31359.0 
30943.7  31360.0 
30943.7  31361.0 
30943.7  31362.0 
30943.7  31363.0 
30943.7  31364.0 
30943.7  31365.0 
30943.7  31366.0 
30943.7  31367.0 
30943.7  31368.0 
30943.7  31369.0 
30943.7  31370.0 
30943.7  31371.0 
30943.7  31372.0 
30944.0  29985.0 
30945.1  30432.0 
30945.1  30420.0 
30945.1  30423.0 
30946.1  31373.1 
30947.1  31374.1 
30948.1  31375.1 
30949.1  31376.1 
30950.1  31377.1 
30951.1  30922.0 
30951.1  30420.0 
30951.1  30423.0 
30951.1  30429.0 
30952.1  30923.0 
30952.1  30420.0 
30952.1  30423.0 
30952.1  30429.0 
30953.1  30925.0 
30953.1  30420.0 
30953.1  30423.0 
30954.1  30432.0 
30954.1  30420.0 
30954.1  30423.0 
30957.1  31380.0 
30957.1  29483.0 
30957.1  29496.0 
30957.1  29487.0 
30957.1  29486.0 
30957.1  29492.0 
30957.1  29497.0 
30957.1  29498.0 
30957.1  29548.0 
30957.1  29549.0 
30957.1  29550.0 
30957.1  31381.1 
30957.1  31382.1 
30957.1  29543.0 
30957.1  29555.0 
30957.1  31383.1 
30959.1  31384.1 
30960.1  29494.1 
30962.1  30942.0 
30962.1  30420.0 
30962.1  30433.0 
30962.1  30424.0 
30962.1  30423.0 
30962.1  30429.0 
30962.1  30434.0 
30962.1  30435.0 
30963.1  31385.1 
30963.2  31385.2 
30963.3  31385.3 
30963.4  31385.4 
30963.5  31385.5 
30963.6  31385.6 
30963.7  31385.7 
30964.1  30420.0 
30964.1  30433.0 
30964.1  30424.0 
30964.1  30423.0 
30964.1  30429.0 
30964.1  30434.0 
30964.1  30435.0 
30969.1  31387.0 
30969.1  30420.0 
30969.1  30423.0 
30969.1  30429.0 
30969.1  30435.0 
30969.1  31388.1 
30970.1  31387.0 
30970.1  30420.0 
30970.1  30423.0 
30970.1  30429.0 
30970.1  30435.0 
30970.1  31390.1 
30971.1  31387.0 
30971.1  30420.0 
30971.1  30423.0 
30971.1  30429.0 
30971.1  30435.0 
30971.1  31392.1 
30972.0  29996.0 
30973.0  29997.0 
30974.0  29998.0 
30976.0  30000.0 
30977.0  30001.0 
30978.0  30002.0 
30979.0  30003.0 
30980.0  30004.0 
30981.0  30005.0 
30982.0  30006.0 
30983.0  30007.0 
30984.0  30008.0 
30985.0  30009.0 
30986.0  30010.0 
30987.0  30011.0 
30988.0  30012.0 
30989.0  30013.0 
30990.0  30014.0 
30991.0  30015.0 
30992.0  30016.0 
30993.0  30017.0 
30994.0  30018.0 
30995.0  30019.0 
30996.0  30020.0 
30997.0  30021.0 
30998.0  30022.0 
30999.0  30023.0 
31000.0  30024.0 
31001.0  30025.0 
31002.0  30026.0 
31003.0  30027.0 
31004.0  30028.0 
31005.0  30029.0 
31006.0  30030.0 
31007.0  30031.0 
31008.0  30032.0 
31009.0  30033.0 
31010.0  30034.0 
31011.0  30035.0 
31012.0  30036.0 
31013.0  30037.0 
31014.0  30038.0 
31015.0  30039.0 
31016.0  30040.0 
31017.0  30041.0 
31018.0  30042.0 
31019.0  30043.0 
31020.0  30044.0 
31021.0  30045.0 
31022.0  30046.0 
31023.0  30047.0 
31024.0  30048.0 
31025.0  30049.0 
31026.0  30050.0 
31027.0  30051.0 
31028.0  30052.0 
31029.0  30053.0 
31030.0  30054.0 
31031.0  30055.0 
31032.0  30056.0 
31033.0  30057.0 
31034.0  30058.0 
31035.0  30059.0 
31036.0  30060.0 
31037.0  30061.0 
31038.0  30062.0 
31039.0  30063.0 
31040.0  30064.0 
31041.0  30065.0 
31042.0  30066.0 
31043.0  30067.0 
31044.0  30068.0 
31045.0  30069.0 
31046.0  30070.0 
31047.0  30071.0 
31048.0  30072.0 
31049.0  30073.0 
31050.0  30074.0 
31051.0  30075.0 
31052.0  30076.0 
31053.0  30077.0 
31054.0  30078.0 
31055.0  30079.0 
31056.0  30080.0 
31057.0  30081.0 
31058.0  30082.0 
31059.0  30083.0 
31060.0  30084.0 
31061.0  30085.0 
31062.0  30086.0 
31063.0  30087.0 
31064.0  30088.0 
31065.0  30089.0 
31066.0  30090.0 
31067.0  30091.0 
31068.0  30092.0 
31069.0  30093.0 
31070.0  30094.0 
31071.0  30095.0 
31072.0  30096.0 
31073.0  30097.0 
31074.0  30098.0 
31075.0  30099.0 
31076.0  30100.0 
31077.0  30101.0 
31078.0  30102.0 
31079.0  30103.0 
31080.0  30104.0 
31081.0  30105.0 
31082.0  30106.0 
31083.0  30107.0 
31084.0  30108.0 
31085.0  30109.0 
31086.0  30110.0 
31087.0  30111.0 
31088.0  30112.0 
31089.0  30113.0 
31090.0  30114.0 
31091.0  30115.0 
31092.0  30116.0 
31093.0  30117.0 
31094.0  30118.0 
31095.0  30119.0 
31096.0  30120.0 
31097.0  30121.0 
31098.0  30122.0 
31099.0  30123.0 
31100.0  30124.0 
31101.0  30125.0 
31102.0  30126.0 
31103.0  30127.0 
31104.0  30128.0 
31105.0  30129.0 
31106.0  30130.0 
31107.0  30131.0 
31108.0  30132.0 
31109.0  30133.0 
31110.0  30134.0 
31111.0  30135.0 
31112.0  30136.0 
31113.0  30137.0 
31114.0  30138.0 
31115.0  30139.0 
31116.0  30140.0 
31117.0  30141.0 
31118.0  30142.0 
31119.0  30143.0 
31120.0  30144.0 
31121.0  30145.0 
31122.0  30146.0 
31123.0  30147.0 
31124.0  30148.0 
31125.0  30149.0 
31126.0  30150.0 
31127.0  30151.0 
31128.0  30152.0 
31129.0  30153.0 
31130.0  30154.0 
31131.0  30155.0 
31132.0  30156.0 
31133.0  30157.0 
31134.0  30158.0 
31135.0  30159.0 
31136.0  30160.0 
31137.0  30161.0 
31138.0  30162.0 
31139.0  30163.0 
31140.0  30164.0 
31141.0  30165.0 
31142.0  30166.0 
31143.0  30167.0 
31144.0  30168.0 
31145.0  30169.0 
31146.0  30170.0 
31147.0  30171.0 
31148.0  30172.0 
31149.0  30173.0 
31150.0  30174.0 
31151.0  30175.0 
31152.0  30176.0 
31153.0  30177.0 
31154.0  30178.0 
31155.0  30179.0 
31156.0  30180.0 
31157.0  30181.0 
31158.0  30182.0 
31159.0  30183.0 
31160.0  30184.0 
31161.0  30185.0 
31162.0  30186.0 
31163.0  30187.0 
31164.0  30188.0 
31165.0  30189.0 
31166.0  30190.0 
31167.0  30191.0 
31168.0  30192.0 
31170.0  30194.0 
31171.0  30195.0 
31172.0  30196.0 
31173.0  30197.0 
31174.0  30198.0 
31175.0  30199.0 
31176.0  30200.0 
31177.0  30201.0 
31178.0  30202.0 
31179.0  30203.0 
31180.0  30204.0 
31181.0  30205.0 
31182.0  30206.0 
31183.0  30207.0 
31184.0  30208.0 
31185.0  30209.0 
31186.0  30210.0 
31187.0  30211.0 
31188.0  30212.0 
31189.0  30213.0 
31190.0  30214.0 
31191.0  30215.0 
31192.0  30216.0 
31193.0  30217.0 
31194.0  30218.0 
31195.0  30219.0 
31196.0  30220.0 
31197.0  30221.0 
31198.0  30222.0 
31199.0  30223.0 
31200.0  30224.0 
31201.0  30225.0 
31202.0  30226.0 
31203.0  30227.0 
31204.0  30228.0 
31205.0  30229.0 
31206.0  30230.0 
31207.0  30231.0 
31208.0  30232.0 
31209.0  30233.0 
31210.0  30234.0 
31211.0  30235.0 
31212.0  30236.0 
31213.0  30237.0 
31214.0  30238.0 
31215.0  30239.0 
31216.0  30240.0 
31217.0  30241.0 
31218.0  30242.0 
31219.0  30243.0 
31220.0  30244.0 
31221.0  30245.0 
31222.0  30246.0 
31223.0  30247.0 
31224.0  30248.0 
31225.0  30249.0 
31226.0  30250.0 
31227.0  30251.0 
31228.0  30252.0 
31229.0  30253.0 
31230.0  30254.0 
31231.0  30255.0 
31232.0  30256.0 
31233.0  30257.0 
31234.0  30258.0 
31235.0  30259.0 
31236.0  30260.0 
31237.0  30261.0 
31238.0  30262.0 
31239.0  30263.0 
31240.0  30264.0 
31241.0  30265.0 
31242.0  30266.0 
31243.0  30267.0 
31244.0  30268.0 
31245.0  30269.0 
31246.0  30270.0 
31247.0  30271.0 
31248.0  30272.0 
31249.0  30273.0 
31250.0  30274.0 
31251.0  30275.0 
31252.0  30276.0 
31253.0  30277.0 
31254.0  30278.0 
31255.0  30279.0 
31256.0  30280.0 
31257.0  30281.0 
31258.0  30282.0 
31259.0  30283.0 
31260.0  30284.0 
31261.0  30285.0 
31262.0  30286.0 
31263.0  30287.0 
31264.0  30288.0 
31265.0  30289.0 
31266.0  30290.0 
31267.0  30291.0 
31268.0  30292.0 
31269.0  30293.0 
31270.0  30294.0 
31271.0  30295.0 
31272.0  30296.0 
31273.0  30297.0 
31274.0  30298.0 
31275.0  30299.0 
31276.0  30300.0 
31277.0  30301.0 
31278.0  30302.0 
31279.0  30303.0 
31280.0  30304.0 
31281.0  30305.0 
31282.0  30306.0 
31283.0  30307.0 
31284.0  30308.0 
31285.0  30309.0 
31286.0  30310.0 
31287.0  30311.0 
31288.0  30312.0 
31289.0  30313.0 
31290.0  30314.0 
31291.0  30315.0 
31292.0  30316.0 
31293.0  30317.0 
31294.0  30318.0 
31295.0  30319.0 
31296.0  30320.0 
31297.0  30321.0 
31298.0  30322.0 
31299.0  30323.0 
31300.0  30324.0 
31301.0  30325.0 
31302.0  30326.0 
31303.0  30327.0 
31304.0  30328.0 
31305.0  30329.0 
31306.0  30330.0 
31307.0  30331.0 
31308.0  30332.0 
31309.0  30333.0 
31310.0  30334.0 
31311.0  30335.0 
31312.0  30336.0 
31313.0  30337.0 
31314.0  30338.0 
31315.0  30339.0 
31316.0  30340.0 
31317.0  30341.0 
31318.0  30342.0 
31319.0  30343.0 
31320.0  30344.0 
31321.0  30345.0 
31322.0  30346.0 
31323.0  30347.0 
31324.0  30348.0 
31325.0  30349.0 
31326.0  30350.0 
31327.0  30351.0 
31328.0  30352.0 
31329.0  30353.0 
31330.0  30354.0 
31331.0  30355.0 
31332.0  30356.0 
31333.0  30357.0 
31334.0  30358.0 
31335.0  30359.0 
31336.0  30360.0 
31337.0  30361.0 
31338.0  30362.0 
31339.0  30363.0 
31340.0  30364.0 
31373.1  30923.0 
31373.1  30420.0 
31373.1  30423.0 
31373.1  30429.0 
31374.1  30922.0 
31374.1  30420.0 
31374.1  30423.0 
31374.1  30429.0 
31375.1  30944.0 
31375.1  30420.0 
31375.1  30423.0 
31375.1  30429.0 
31376.1  30944.0 
31376.1  30420.0 
31376.1  30423.0 
31376.1  30429.0 
31377.1  30944.0 
31377.1  30420.0 
31377.1  30423.0 
31377.1  30429.0 
31379.1  29951.0 
31379.1  29483.0 
31379.1  29952.0 
31379.1  29953.0 
31379.1  29486.0 
31379.1  29954.0 
31379.1  29484.0 
31379.1  29955.0 
31379.1  29487.0 
31379.1  29489.0 
31379.1  31393.0 
31379.1  29492.0 
31379.1  29897.3 
31380.0  29448.0 
31381.1  31394.1 
31382.1  31395.1 
31383.1  31396.1 
31384.1  31397.0 
31384.1  29483.0 
31384.1  29486.0 
31384.1  31398.3 
31385.1  30972.0 
31385.1  30420.0 
31385.1  30973.0 
31385.1  30424.0 
31385.1  30423.0 
31385.1  30974.0 
31385.1  30429.0 
31385.1  31399.0 
31385.1  30976.0 
31385.1  30434.0 
31385.1  30977.0 
31385.1  30978.0 
31385.1  30979.0 
31385.1  30435.0 
31385.1  30980.0 
31385.1  30981.0 
31385.1  30982.0 
31385.1  30983.0 
31385.1  30984.0 
31385.1  30985.0 
31385.1  30986.0 
31385.1  30987.0 
31385.1  30988.0 
31385.1  30989.0 
31385.1  30990.0 
31385.1  30991.0 
31385.1  30992.0 
31385.1  30993.0 
31385.1  30994.0 
31385.1  30995.0 
31385.1  30996.0 
31385.1  30997.0 
31385.1  30998.0 
31385.1  30999.0 
31385.1  31000.0 
31385.1  31001.0 
31385.1  31002.0 
31385.1  31003.0 
31385.1  31004.0 
31385.1  31005.0 
31385.1  31006.0 
31385.1  31007.0 
31385.1  31008.0 
31385.1  31009.0 
31385.1  31010.0 
31385.1  31011.0 
31385.1  31012.0 
31385.1  31013.0 
31385.1  31014.0 
31385.1  31015.0 
31385.1  31016.0 
31385.1  31017.0 
31385.1  31018.0 
31385.1  31019.0 
31385.1  31020.0 
31385.1  31021.0 
31385.1  31022.0 
31385.1  31023.0 
31385.1  31024.0 
31385.1  31025.0 
31385.1  31026.0 
31385.1  31027.0 
31385.1  31028.0 
31385.1  31029.0 
31385.1  31030.0 
31385.1  31031.0 
31385.1  31032.0 
31385.1  31033.0 
31385.1  31034.0 
31385.1  31035.0 
31385.1  31036.0 
31385.1  31037.0 
31385.1  31038.0 
31385.1  31039.0 
31385.1  31040.0 
31385.1  31041.0 
31385.1  31042.0 
31385.1  31043.0 
31385.1  31044.0 
31385.1  31045.0 
31385.1  31046.0 
31385.1  31047.0 
31385.1  31048.0 
31385.1  31049.0 
31385.1  31050.0 
31385.1  31051.0 
31385.2  31052.0 
31385.2  31053.0 
31385.2  31054.0 
31385.2  31055.0 
31385.2  31056.0 
31385.2  31057.0 
31385.2  31058.0 
31385.2  31059.0 
31385.2  31060.0 
31385.2  31061.0 
31385.2  31062.0 
31385.2  31063.0 
31385.2  31064.0 
31385.2  31065.0 
31385.2  31066.0 
31385.2  31067.0 
31385.2  31068.0 
31385.2  31069.0 
31385.2  31070.0 
31385.2  31071.0 
31385.2  31072.0 
31385.2  31073.0 
31385.2  31074.0 
31385.2  31075.0 
31385.2  31076.0 
31385.2  31077.0 
31385.2  31078.0 
31385.2  31079.0 
31385.2  31080.0 
31385.2  31081.0 
31385.2  31082.0 
31385.2  31083.0 
31385.2  31084.0 
31385.2  31085.0 
31385.2  31086.0 
31385.2  31087.0 
31385.2  31088.0 
31385.2  31089.0 
31385.2  31090.0 
31385.2  31091.0 
31385.2  31092.0 
31385.2  31093.0 
31385.2  31094.0 
31385.2  31095.0 
31385.2  31096.0 
31385.2  31097.0 
31385.2  31098.0 
31385.2  31099.0 
31385.2  31100.0 
31385.2  31101.0 
31385.2  31102.0 
31385.2  31103.0 
31385.2  31104.0 
31385.2  31105.0 
31385.2  31106.0 
31385.2  31107.0 
31385.2  31108.0 
31385.2  31109.0 
31385.2  31110.0 
31385.2  31111.0 
31385.2  31112.0 
31385.2  31113.0 
31385.2  31114.0 
31385.2  31115.0 
31385.2  31116.0 
31385.2  31117.0 
31385.2  31118.0 
31385.2  31119.0 
31385.2  31120.0 
31385.2  31121.0 
31385.2  31122.0 
31385.2  31123.0 
31385.2  31124.0 
31385.2  31125.0 
31385.2  31126.0 
31385.2  31127.0 
31385.2  31128.0 
31385.2  31129.0 
31385.2  31130.0 
31385.2  31131.0 
31385.2  31132.0 
31385.2  31133.0 
31385.2  31134.0 
31385.2  31135.0 
31385.3  31136.0 
31385.3  31137.0 
31385.3  31138.0 
31385.3  31139.0 
31385.3  31140.0 
31385.3  31141.0 
31385.3  31142.0 
31385.3  31143.0 
31385.3  31144.0 
31385.3  31145.0 
31385.3  31146.0 
31385.3  31147.0 
31385.3  31148.0 
31385.3  31149.0 
31385.3  31150.0 
31385.3  31151.0 
31385.3  31152.0 
31385.3  31153.0 
31385.3  31154.0 
31385.3  31155.0 
31385.3  31156.0 
31385.3  31157.0 
31385.3  31158.0 
31385.3  31159.0 
31385.3  31160.0 
31385.3  31161.0 
31385.3  31162.0 
31385.3  31163.0 
31385.3  31164.0 
31385.3  31165.0 
31385.3  31166.0 
31385.3  31167.0 
31385.3  31168.0 
31385.3  31400.0 
31385.3  31170.0 
31385.3  31171.0 
31385.3  31172.0 
31385.3  31173.0 
31385.3  31174.0 
31385.3  31175.0 
31385.3  31176.0 
31385.3  31177.0 
31385.3  31178.0 
31385.3  31179.0 
31385.3  31180.0 
31385.3  31181.0 
31385.3  31182.0 
31385.3  31183.0 
31385.3  31184.0 
31385.3  31185.0 
31385.3  31186.0 
31385.3  31187.0 
31385.3  31188.0 
31385.3  31189.0 
31385.3  31190.0 
31385.3  31191.0 
31385.3  31192.0 
31385.3  31193.0 
31385.3  31194.0 
31385.3  31195.0 
31385.3  31196.0 
31385.3  31197.0 
31385.3  31198.0 
31385.3  31199.0 
31385.3  31200.0 
31385.3  31201.0 
31385.3  31202.0 
31385.3  31203.0 
31385.3  31204.0 
31385.3  31205.0 
31385.4  31206.0 
31385.4  31207.0 
31385.4  31208.0 
31385.4  31209.0 
31385.4  31210.0 
31385.4  31211.0 
31385.4  31212.0 
31385.4  31213.0 
31385.4  31214.0 
31385.4  31215.0 
31385.4  31216.0 
31385.4  31217.0 
31385.4  31218.0 
31385.4  31219.0 
31385.4  31220.0 
31385.4  31221.0 
31385.4  31222.0 
31385.4  31223.0 
31385.4  31224.0 
31385.4  31225.0 
31385.4  31226.0 
31385.4  31227.0 
31385.4  31228.0 
31385.4  31229.0 
31385.4  31230.0 
31385.4  31231.0 
31385.4  31232.0 
31385.4  31233.0 
31385.4  31234.0 
31385.4  31235.0 
31385.4  31236.0 
31385.4  31237.0 
31385.4  31238.0 
31385.4  31239.0 
31385.4  31240.0 
31385.4  31241.0 
31385.4  31242.0 
31385.4  31243.0 
31385.4  31244.0 
31385.5  31245.0 
31385.5  31246.0 
31385.5  31247.0 
31385.5  31248.0 
31385.5  31249.0 
31385.5  31250.0 
31385.5  31251.0 
31385.5  31252.0 
31385.5  31253.0 
31385.5  31254.0 
31385.5  31255.0 
31385.5  31256.0 
31385.5  31257.0 
31385.5  31258.0 
31385.5  31259.0 
31385.5  31260.0 
31385.5  31261.0 
31385.5  31262.0 
31385.5  31263.0 
31385.5  31264.0 
31385.5  31265.0 
31385.5  31266.0 
31385.5  31267.0 
31385.5  31268.0 
31385.5  31269.0 
31385.5  31270.0 
31385.5  31271.0 
31385.5  31272.0 
31385.5  31273.0 
31385.5  31274.0 
31385.5  31275.0 
31385.5  31276.0 
31385.5  31277.0 
31385.5  31278.0 
31385.5  31279.0 
31385.5  31280.0 
31385.5  31281.0 
31385.5  31282.0 
31385.5  31283.0 
31385.5  31284.0 
31385.5  31285.0 
31385.5  31286.0 
31385.5  31287.0 
31385.5  31288.0 
31385.5  31289.0 
31385.5  31290.0 
31385.5  31291.0 
31385.5  31292.0 
31385.6  31293.0 
31385.6  31294.0 
31385.6  31295.0 
31385.6  31296.0 
31385.6  31297.0 
31385.6  31298.0 
31385.6  31299.0 
31385.6  31300.0 
31385.6  31301.0 
31385.6  31302.0 
31385.6  31303.0 
31385.6  31304.0 
31385.6  31305.0 
31385.6  31306.0 
31385.6  31307.0 
31385.6  31308.0 
31385.6  31309.0 
31385.6  31310.0 
31385.6  31311.0 
31385.6  31312.0 
31385.6  31313.0 
31385.6  31314.0 
31385.6  31315.0 
31385.6  31316.0 
31385.6  31317.0 
31385.6  31318.0 
31385.6  31319.0 
31385.6  31320.0 
31385.6  31321.0 
31385.6  31322.0 
31385.7  31323.0 
31385.7  31324.0 
31385.7  31325.0 
31385.7  31326.0 
31385.7  31327.0 
31385.7  31328.0 
31385.7  31329.0 
31385.7  31330.0 
31385.7  31331.0 
31385.7  31332.0 
31385.7  31333.0 
31385.7  31334.0 
31385.7  31335.0 
31385.7  31336.0 
31385.7  31337.0 
31385.7  31338.0 
31385.7  31339.0 
31385.7  31340.0 
31385.7  31401.0 
31385.7  31402.0 
31385.7  31403.0 
31385.7  31404.0 
31385.7  31405.0 
31385.7  31406.0 
31385.7  31407.0 
31385.7  31408.0 
31385.7  31409.0 
31385.7  31410.0 
31385.7  31411.0 
31385.7  31412.0 
31385.7  31413.0 
31385.7  31414.0 
31385.7  31415.0 
31385.7  31416.0 
31385.7  31417.0 
31385.7  31418.0 
31385.7  31419.0 
31385.7  31420.0 
31385.7  31421.0 
31385.7  31422.0 
31385.7  31423.0 
31385.7  31424.0 
31385.7  31425.0 
31385.7  31426.0 
31387.0  30400.0 
31388.1  31427.0 
31390.1  31428.0 
31392.1  31429.0 
31394.1  30400.0 
31394.1  29483.0 
31394.1  29486.0 
31394.1  29492.0 
31394.1  29498.0 
31394.1  31431.1 
31395.1  31432.0 
31395.1  29483.0 
31395.1  29486.0 
31395.1  29492.0 
31395.1  31433.34 
31396.1  31432.0 
31396.1  29483.0 
31396.1  29486.0 
31396.1  29492.0 
31396.1  31434.10 
31397.0  29464.0 
31398.3  29897.3 
31431.1  31435.0 
31432.0  29471.0 
31433.33  29472.33 
31433.34  31436.1 
31433.35  30909.1 
31434.9  29473.9 
31434.10  31436.2 
31434.11  30909.2 
31436.3  29958.3 
30417.0  30418.0 
30418.0  30431.0 
30437.0  30438.0 
30438.0  30866.0 
30866.0  30877.0 
30871.0  30887.0 
30873.0  30431.0 
30874.0  30909.0 
30875.0  30909.0 
30876.0  30913.0 
30877.0  30431.0 
30884.0  30438.0 
30885.0  30438.0 
30886.0  30924.0 
30887.0  30926.0 
30909.0  30936.0 
30913.0  30437.0 
30917.0  30866.0 
30918.0  30866.0 
30919.0  30866.0 
30920.0  30866.0 
30921.0  30866.0 
30924.0  30438.0 
30926.0  30945.0 
30930.0  30954.0 
30931.0  30957.0 
30932.0  30960.0 
30933.0  30962.0 
30934.0  30964.0 
30935.0  30964.0 
30936.0  30431.0 
30943.0  30913.0 
30945.0  30964.0 
30951.0  30887.0 
30952.0  30887.0 
30953.0  31378.0 
30954.0  30964.0 
30957.0  31379.0 
30962.0  30871.0 
30968.0  30909.0 
30969.0  31386.0 
30970.0  31389.0 
30971.0  31391.0 
31373.0  30926.0 
31374.0  30926.0 
31375.0  30926.0 
31376.0  30926.0 
31377.0  30926.0 
31378.0  30887.0 
31379.0  30960.0 
31384.0  30957.0 
31385.0  30962.0 
31386.0  30909.0 
31389.0  30909.0 
31391.0  30909.0 
31394.0  31430.0 
31395.0  30957.0 
31396.0  30957.0 
31427.0  31386.0 
31428.0  31389.0 
31429.0  31391.0 
31430.0  30957.0 
31435.0  31430.0 
30436.1  30437.10 
