1 3
2 1.75
3 1.75
4 3
5 3
6 1.75
7 3
8 3
9 3
10 3
11 3
12 3
13 3
14 3
15 3
16 3
17 3
18 3
19 3
20 3
21 3
22 3
23 3
24 3
25 3
26 3
27 3
28 3
29 3
30 3
31 3
32 3
33 3
34 3
35 3
36 3
37 3
38 3
39 3
40 3
41 3
42 3
43 3
44 3
45 3
46 3
47 3
48 3
49 3
50 3
51 3
52 3
53 3
54 3
55 3
56 3
57 3
58 3
59 3
60 3
61 3
62 3
63 3
64 3
65 3
66 3
67 3
68 3
69 3
70 3
71 3
72 3
73 3
74 3
75 3
76 3
77 3
78 3
79 3
80 3
81 3
82 3
83 3
84 3
85 3
86 3
87 3
88 3
89 3
90 3
91 3
92 3
93 3
94 3
95 3
96 3
97 3
98 3
99 3
100 3
101 3
102 3
103 3
104 3
105 3
106 3
107 3
108 3
109 3
110 3
111 3
112 3
113 3
114 3
115 3
116 3
117 3
118 3
119 3
120 3
121 3
122 3
123 3
124 3
125 3
126 3
127 3
128 3
129 3
130 3
131 3
132 3
133 3
134 3
135 3
136 3
137 3
138 3
139 3
140 3
141 3
142 3
143 3
144 3
145 3
146 3
147 3
148 3
149 3
150 3
151 3
152 3
153 3
154 3
155 1.75
156 3
157 3
158 3
159 3
160 3
161 3
162 3
163 3
164 3
165 3
166 3
167 3
168 3
169 3
170 3
171 3
172 3
173 3
174 3
175 3
176 3
177 3
178 3
179 3
180 3
181 3
182 3
183 3
184 1.75
185 3
186 3
187 3
188 3
189 3
190 3
191 3
192 3.375
193 3
194 1.75
195 3
196 3
197 3
198 3
199 3
200 3
201 3
202 3
203 3
204 3
205 3
206 3.375
207 3.375
208 3
209 3
210 3
211 1.75
212 6.75
213 3.375
214 3
215 3
216 1.75
217 3
218 3
219 3
220 3
221 3
222 3
223 1.75
224 3
225 1.75
226 3
227 3
228 3
229 3
230 3
231 1.75
232 3.375
233 3
234 1.75
235 3
236 1.75
237 3
238 3
239 1.75
240 3
241 3.375
242 1.75
243 3
244 3
245 3.375
246 3
247 3
248 3
249 3
250 1.75
251 3
252 3
253 3
254 3
255 3
256 3
257 3
258 3
259 3
260 3
261 3
262 3
263 3
264 3
265 3
266 3
267 3
268 3
269 3
270 3
271 3
272 3
273 3
274 3
275 3
276 3
277 1.75
278 3
279 3
280 3.75
281 1.75
282 3
283 1.75
284 3.375
285 3.375
286 3.75
287 1.75
288 3
289 3.375
290 1.75
291 3
292 3
293 3
294 3
295 3.375
296 3
297 1.75
298 3
299 1.75
300 3
301 3
302 3
303 3
304 3
305 3
306 3
307 3
308 3
309 3
310 3
311 3
312 3
313 3
314 3
315 3
316 3
317 3
318 3
319 3
320 3
321 3
322 3
323 3
324 3
325 3
326 3
327 3
328 3
329 3
330 3
331 3
332 3
333 3
334 3
335 3
336 3
337 3
338 1.75
339 3
340 1.75
341 3
342 3
343 1.75
344 3
345 3
346 3
347 3
348 3
349 3
350 3
351 1.75
352 1.75
353 3
354 3
355 3
356 3
357 3
358 3
359 3
360 3
361 3
362 3
363 3
364 3
365 3
366 3
367 3
368 3
369 1.75
370 3
371 1.75
372 3
373 3
374 1.75
375 3
376 3
377 1.75
378 3
379 3
380 3
381 1.75
382 3
383 1.75
384 3
385 1.75
386 3
387 3
388 1.75
389 3
390 1.75
391 3
392 3
393 1.75
394 3
395 1.75
396 3
397 1.75
398 3
399 1.75
400 3
401 3
402 1.75
403 3
404 1.75
405 3
406 1.75
407 3
408 1.75
409 3
410 3
411 3
412 3
413 3
414 3
415 3
416 3
417 3
418 3
419 3
420 3
421 1.75
422 3
423 3
424 3
425 1.75
426 3
427 1.75
428 3
429 3
430 3
431 3
432 3
433 1.75
434 3
435 3
436 3
437 3
438 3
439 3
440 3
441 3
442 3
443 3.375
444 3
445 3
446 3
447 3
448 3
449 3
450 3
451 2.375
452 1.75
453 99.875
454 99.25
455 198.625
456 198.625
457 1.75
458 100.5
459 100.5
460 1.75
461 100.5
462 100.5
463 1.75
464 100.5
465 100.5
466 9.875
467 1.75
468 4.875
469 4.25
470 1.75
471 5.5
472 8.625
473 25.5
474 1.75
475 26.125
476 1.75
477 1.75
478 1.75
479 1.75
480 1.75
481 26.125
482 26.125
483 26.125
484 1.75
485 1.75
486 5.5
487 1.75
488 5.5
489 5.5
490 26.125
491 26.125
492 1.75
493 100.5
494 100.5
495 1.75
496 100.5
497 100.5
498 99.875
499 99.875
500 99.875
501 99.875
502 99.875
503 99.875
504 99.875
505 99.875
506 99.875
507 99.875
508 99.875
509 99.875
510 99.875
511 99.875
512 99.875
513 99.875
514 99.875
515 99.875
516 99.875
517 99.875
518 99.875
519 99.875
520 99.875
521 99.875
522 99.875
523 99.875
524 99.875
525 99.875
526 99.875
527 19.25
528 18.625
529 37.375
530 99.875
531 1.75
532 19.875
533 99.875
534 1.75
535 19.875
536 99.875
537 1.75
538 19.875
539 100.5
540 1.75
541 100.5
542 1.75
543 100.5
544 1.75
545 100.5
546 1.75
547 99.875
548 1.75
549 19.875
550 100.5
551 1.75
552 99.875
553 1.75
554 99.875
555 19.875
556 99.875
557 100.5
558 1.75
559 99.875
560 1.75
561 19.875
562 100.5
563 1.75
564 99.875
565 1.75
566 19.875
567 100.5
568 1.75
569 19.25
570 19.25
571 19.25
572 19.25
573 99.875
574 99.875
575 99.875
576 99.875
577 19.25
578 99.875
579 99.875
580 19.25
581 19.25
582 99.875
583 99.875
584 19.25
585 19.25
586 19.25
587 19.25
588 19.25
589 19.25
590 19.25
591 19.25
592 19.25
593 19.25
594 19.25
595 19.25
596 19.25
597 19.25
598 19.25
599 19.25
600 19.25
601 19.25
602 19.25
603 19.25
604 19.25
605 19.25
606 19.25
607 19.25
608 19.25
609 19.25
610 19.25
611 19.25
612 19.25
613 19.25
614 19.25
615 19.25
616 19.25
617 19.25
618 19.25
619 19.25
620 19.25
621 19.25
622 19.25
623 19.25
624 19.25
625 19.25
626 19.25
627 19.25
628 19.25
629 19.25
630 19.25
631 19.25
632 19.25
633 19.25
634 19.25
635 19.25
636 19.25
637 19.25
638 19.25
639 19.25
640 19.25
641 19.25
642 19.25
643 19.25
644 19.25
645 19.25
646 19.25
647 19.25
648 19.25
649 19.25
650 19.25
651 19.25
652 19.25
653 19.25
654 19.25
655 19.25
656 19.25
657 19.25
658 19.25
659 19.25
660 19.25
661 19.25
662 19.25
663 19.25
664 19.25
665 19.25
666 19.25
667 19.25
668 19.25
669 19.25
670 19.25
671 19.25
672 19.25
673 19.25
674 19.25
675 19.25
676 19.25
677 19.25
678 19.25
679 19.25
680 19.25
681 19.25
682 19.25
683 19.25
684 19.25
685 19.25
686 19.25
687 19.25
688 19.25
689 19.25
690 19.25
691 19.25
692 19.25
693 19.25
694 19.25
695 19.25
696 19.25
697 19.25
698 19.25
699 19.25
700 19.25
701 19.25
702 19.25
703 19.25
704 19.25
705 1.75
706 100.5
707 100.5
708 1.75
709 100.5
710 100.5
711 1.75
712 100.5
713 100.5
714 99.875
715 99.875
716 99.875
717 99.875
718 1.75
719 100.5
720 1.75
721 100.5
722 100.5
723 1.75
724 100.5
725 100.5
726 100.5
727 99.875
728 99.875
729 1.75
730 100.5
731 100.5
732 1.75
733 100.5
734 100.5
735 99.875
736 99.875
737 99.875
738 99.875
739 99.875
740 99.875
741 99.875
742 99.875
743 99.875
744 99.875
745 1.75
746 1.125
747 1.75
748 1.75
749 1.75
750 1.75
751 1.75
752 1.75
753 1.75
754 1.75
755 1.75
756 1.75
757 1.75
758 1.75
759 1.75
760 1.75
761 1.75
762 1.75
763 1.75
764 1.75
765 1.75
766 1.75
767 1.75
768 1.75
769 1.75
770 1.75
771 1.75
772 1.75
773 1.75
774 100.5
775 100.5
776 1.75
777 1.75
778 1.75
779 100.5
780 1.75
781 1.75
782 1.75
783 1.75
784 1.75
785 1.75
786 100.5
787 1.75
788 1.75
789 100.5
790 1.75
791 100.5
792 1.75
793 1.75
794 1.75
795 1.75
796 1.75
797 100.5
798 100.5
799 1.75
800 100.5
801 100.5
802 1.75
803 100.5
804 1.75
805 1.75
806 100.5
807 1.75
808 1.75
809 100.5
810 100.5
811 1.75
812 1.75
813 1.75
814 1.75
815 1.75
816 100.5
817 1.75
818 1.75
819 1.75
820 1.75
821 1.75
822 1.75
823 1.75
824 1.75
825 1.75
826 1.75
827 1.75
828 1.75
829 1.75
830 1.75
831 100.5
832 1.75
833 1.75
834 1.75
835 1.75
836 1.75
837 1.75
838 1.75
839 1.75
840 1.75
841 1.75
842 1.75
843 1.75
844 1.75
845 1.75
846 1.75
847 1.75
848 1.75
849 1.75
850 1.75
851 1.75
852 1.75
853 1.75
854 1.75
855 1.75
856 1.75
857 1.75
858 1.75
859 1.75
860 1.75
861 1.75
862 1.75
863 1.75
864 1.75
865 1.75
866 1.75
867 1.75
868 1.75
869 1.75
870 1.75
871 1.75
872 1.75
873 1.75
874 1.75
875 1.75
876 1.75
877 1.75
878 1.75
879 1.75
880 1.75
881 1.75
882 1.75
883 1.75
884 1.75
885 1.75
886 1.75
887 1.75
888 1.75
889 1.75
890 1.75
891 1.75
892 1.75
893 1.75
894 1.75
895 1.75
896 1.75
897 1.75
898 1.75
899 1.125
900 1.125
901 1.75
902 1.125
903 1.75
904 1.75
905 1.75
906 1.75
907 1.75
908 1.75
909 1.75
910 1.75
911 1.75
912 1.75
913 1.75
914 1.75
915 1.75
916 1.75
917 1.75
918 1.75
919 1.75
920 1.75
921 1.75
922 1.75
923 1.125
924 1.125
925 99.875
926 99.875
927 99.875
928 99.875
929 1.75
930 1.125
931 1.75
932 1.75
933 1.75
934 1.75
935 1.75
936 1.75
937 1.75
938 1.75
939 1.75
940 1.75
941 1.75
942 1.75
943 1.75
944 1.75
945 1.75
946 1.75
947 1.75
948 1.75
949 1.75
950 1.75
951 1.75
952 1.75
953 1.75
954 1.75
955 1.75
956 1.75
957 1.75
958 1.75
959 1.75
960 1.75
961 1.75
962 99.875
963 1.75
964 99.875
965 1.75
966 1.75
967 1.75
968 1.75
969 1.75
970 1.75
971 1.75
972 1.75
973 1.75
974 1.75
975 1.75
976 1.75
977 1.75
978 1.75
979 1.75
980 1.75
981 1.75
982 1.75
983 1.75
984 1.75
985 1.75
986 1.75
987 1.75
988 1.75
989 1.75
990 1.75
991 1.75
992 1.75
993 1.75
994 1.75
995 1.75
996 1.75
997 1.75
998 1.75
999 1.75
1000 1.75
1001 1.75
1002 1.75
1003 1.75
1004 1.75
1005 1.75
1006 1.75
1007 1.75
1008 1.75
1009 1.75
1010 1.75
1011 1.75
1012 1.75
1013 1.75
1014 1.75
1015 1.75
1016 1.75
1017 1.75
1018 1.75
1019 1.75
1020 1.75
1021 1.75
1022 1.75
1023 1.75
1024 1.75
1025 1.75
1026 1.75
1027 1.75
1028 1.75
1029 1.75
1030 1.75
1031 1.75
1032 1.75
1033 1.75
1034 1.75
1035 1.75
1036 1.75
1037 1.75
1038 1.75
1039 1.75
1040 1.75
1041 1.75
1042 1.75
1043 1.75
1044 1.75
1045 1.75
1046 1.75
1047 1.75
1048 1.75
1049 1.75
1050 1.75
1051 1.75
1052 1.75
1053 1.75
1054 1.75
1055 1.75
1056 1.75
1057 1.75
1058 1.75
1059 1.75
1060 1.75
1061 1.75
1062 1.75
1063 1.75
1064 1.75
1065 1.75
1066 1.75
1067 1.75
1068 1.75
1069 1.75
1070 1.75
1071 1.75
1072 1.75
1073 1.75
1074 1.75
1075 1.75
1076 1.75
1077 1.75
1078 1.75
1079 1.75
1080 1.75
1081 1.75
1082 1.75
1083 1.75
1084 1.75
1085 1.75
1086 1.75
1087 1.75
1088 1.75
1089 1.75
1090 1.75
1091 1.75
1092 1.75
1093 1.75
1094 1.75
1095 1.75
1096 1.75
1097 1.75
1098 1.75
1099 1.75
1100 1.75
1101 1.75
1102 1.75
1103 1.75
1104 1.75
1105 1.75
1106 1.75
1107 1.75
1108 1.75
1109 1.75
1110 1.75
1111 1.75
1112 1.75
1113 1.75
1114 1.75
1115 1.75
1116 1.75
1117 1.75
1118 1.75
1119 1.75
1120 1.75
1121 1.75
1122 1.75
1123 1.75
1124 1.75
1125 1.75
1126 1.75
1127 1.75
1128 1.75
1129 1.75
1130 1.75
1131 1.75
1132 1.75
1133 1.75
1134 1.75
1135 1.75
1136 1.75
1137 1.75
1138 1.75
1139 1.75
1140 1.75
1141 1.75
1142 1.75
1143 1.75
1144 1.75
1145 1.75
1146 1.75
1147 1.75
1148 1.75
1149 1.75
1150 1.75
1151 1.75
1152 1.75
1153 1.75
1154 1.75
1155 1.75
1156 1.75
1157 1.75
1158 1.75
1159 1.75
1160 1.75
1161 1.75
1162 1.75
1163 1.75
1164 1.75
1165 1.125
1166 1.125
1167 1.75
1168 1.125
1169 1.75
1170 1.75
1171 1.75
1172 1.75
1173 1.75
1174 1.75
1175 1.75
1176 1.75
1177 1.75
1178 1.75
1179 1.75
1180 1.75
1181 1.75
1182 1.75
1183 1.75
1184 1.75
1185 1.75
1186 1.75
1187 1.75
1188 1.75
1189 1.75
1190 1.75
1191 1.75
1192 1.75
1193 1.75
1194 1.75
1195 1.75
1196 1.75
1197 1.75
1198 1.75
1199 1.75
1200 1.75
1201 1.75
1202 1.75
1203 1.75
1204 1.75
1205 1.75
1206 1.75
1207 1.75
1208 1.75
1209 1.75
1210 1.75
1211 1.75
1212 1.75
1213 1.75
1214 1.75
1215 1.75
1216 1.75
1217 1.75
1218 1.75
1219 1.75
1220 1.75
1221 1.75
1222 1.75
1223 1.75
1224 1.75
1225 1.75
1226 1.75
1227 1.75
1228 1.75
1229 1.75
1230 1.75
1231 1.75
1232 1.75
1233 1.75
1234 1.75
1235 1.75
1236 1.75
1237 1.75
1238 1.75
1239 1.75
1240 1.75
1241 1.75
1242 1.75
1243 1.75
1244 1.75
1245 1.75
1246 1.75
1247 1.75
1248 1.75
1249 1.75
1250 1.75
1251 1.75
1252 1.75
1253 1.75
1254 1.75
1255 1.75
1256 1.75
1257 1.75
1258 1.75
1259 1.75
1260 1.75
1261 1.75
1262 1.75
1263 1.75
1264 1.75
1265 1.75
1266 1.75
1267 1.75
1268 1.75
1269 1.75
1270 1.75
1271 1.75
1272 1.75
1273 1.75
1274 1.75
1275 1.75
1276 1.75
1277 1.75
1278 1.75
1279 1.75
1280 1.75
1281 1.75
1282 1.75
1283 1.75
1284 1.75
1285 1.75
1286 1.75
1287 1.75
1288 1.75
1289 1.75
1290 1.75
1291 1.75
1292 1.75
1293 1.75
1294 1.75
1295 1.75
1296 1.75
1297 1.75
1298 1.75
1299 1.75
1300 1.75
1301 1.75
1302 1.75
1303 1.75
1304 1.75
1305 1.75
1306 1.75
1307 1.75
1308 1.75
1309 1.75
1310 1.75
1311 1.75
1312 1.75
1313 1.75
1314 1.75
1315 1.75
1316 1.75
1317 1.75
1318 1.75
1319 1.75
1320 1.75
1321 1.75
1322 1.75
1323 1.75
1324 1.75
1325 1.75
1326 1.75
1327 1.75
1328 1.75
1329 1.75
1330 1.75
1331 1.75
1332 1.75
1333 1.75
1334 1.75
1335 1.75
1336 1.75
1337 1.75
1338 1.75
1339 1.75
1340 1.75
1341 1.75
1342 1.75
1343 1.75
1344 1.75
1345 1.75
1346 1.75
1347 1.75
1348 1.75
1349 1.75
1350 1.75
1351 1.75
1352 1.75
1353 1.75
1354 1.75
1355 1.75
1356 1.75
1357 1.75
1358 1.75
1359 1.75
1360 1.75
1361 1.75
1362 1.75
1363 1.75
1364 1.75
1365 1.75
1366 1.75
1367 1.75
1368 1.75
1369 1.75
1370 1.75
1371 1.75
1372 1.75
1373 1.75
1374 1.75
1375 1.75
1376 1.75
1377 1.75
1378 1.75
1379 1.75
1380 1.75
1381 1.75
1382 1.75
1383 1.75
1384 1.75
1385 1.75
1386 1.75
1387 1.75
1388 1.75
1389 1.75
1390 1.75
1391 1.75
1392 1.75
1393 1.75
1394 1.75
1395 1.75
1396 1.75
1397 1.75
1398 1.75
1399 1.75
1400 1.75
1401 1.75
1402 1.75
1403 1.75
1404 1.75
1405 1.75
1406 1.75
1407 1.75
1408 1.75
1409 1.75
1410 1.75
1411 1.75
1412 1.75
1413 1.75
1414 1.75
1415 1.75
1416 1.75
1417 1.75
1418 1.75
1419 1.75
1420 1.75
1421 1.75
1422 1.75
1423 1.75
1424 1.75
1425 1.75
1426 1.75
1427 1.75
1428 1.75
1429 1.75
1430 1.75
1431 1.75
1432 1.75
1433 1.75
1434 1.75
1435 1.75
1436 1.75
1437 1.75
1438 1.75
1439 1.75
1440 1.75
1441 1.75
1442 1.75
1443 1.75
1444 1.75
1445 1.75
1446 1.75
1447 1.75
1448 1.75
1449 1.75
1450 1.75
1451 1.75
1452 1.75
1453 1.75
1454 1.75
1455 1.75
1456 1.75
1457 1.75
1458 1.75
1459 1.75
1460 1.75
1461 1.75
1462 1.75
1463 1.75
1464 1.75
1465 1.75
1466 1.75
1467 1.75
1468 1.75
1469 1.75
1470 1.75
1471 1.75
1472 1.75
1473 1.75
1474 1.75
1475 1.75
1476 1.75
1477 1.75
1478 1.75
1479 1.75
1480 1.75
1481 1.75
1482 1.75
1483 1.75
1484 1.75
1485 1.75
1486 1.75
1487 1.75
1488 1.75
1489 1.75
1490 1.75
1491 1.75
1492 1.75
1493 1.75
1494 1.75
1495 1.75
1496 1.75
1497 1.75
1498 1.75
1499 1.75
1500 1.75
1501 1.75
1502 1.75
1503 1.75
1504 1.75
1505 1.75
1506 1.75
1507 1.75
1508 1.75
1509 1.75
1510 1.75
1511 1.75
1512 1.75
1513 1.75
1514 1.75
1515 1.75
1516 1.75
1517 1.75
1518 1.75
1519 1.75
1520 1.75
1521 1.75
1522 1.75
1523 1.75
1524 1.75
1525 1.75
1526 1.75
1527 1.75
1528 1.75
1529 1.75
1530 1.75
1531 1.75
1532 1.75
1533 1.75
1534 1.75
1535 1.75
1536 1.75
1537 1.75
1538 1.75
1539 1.75
1540 1.75
1541 1.75
1542 1.75
1543 1.75
1544 1.75
1545 1.75
1546 1.75
1547 1.75
1548 1.75
1549 1.75
1550 1.75
1551 1.75
1552 1.75
1553 1.75
1554 1.75
1555 1.75
1556 1.75
1557 1.75
1558 1.75
1559 1.75
1560 1.75
1561 1.75
1562 1.75
1563 1.75
1564 1.75
1565 1.75
1566 1.75
1567 1.75
1568 1.75
1569 1.75
1570 1.75
1571 1.75
1572 1.75
1573 1.75
1574 1.75
1575 1.75
1576 1.75
1577 1.75
1578 1.75
1579 1.75
1580 1.75
1581 1.75
1582 1.75
1583 1.75
1584 1.75
1585 1.75
1586 1.75
1587 1.75
1588 1.75
1589 1.75
1590 1.75
1591 1.75
1592 1.75
1593 1.75
1594 1.75
1595 1.75
1596 1.75
1597 1.75
1598 1.75
1599 1.75
1600 1.75
1601 1.75
1602 1.75
1603 1.75
1604 1.75
1605 1.75
1606 1.75
1607 1.75
1608 1.75
1609 1.75
1610 1.75
1611 1.75
1612 1.75
1613 1.75
1614 1.75
1615 1.75
1616 1.75
1617 1.75
1618 1.75
1619 1.75
1620 1.75
1621 1.75
1622 1.75
1623 1.75
1624 1.75
1625 1.75
1626 1.75
1627 1.75
1628 1.75
1629 1.75
1630 1.75
1631 1.75
1632 1.75
1633 1.75
1634 1.75
1635 1.75
1636 1.75
1637 1.75
1638 1.75
1639 1.75
1640 1.75
1641 1.75
1642 1.75
1643 1.75
1644 1.75
1645 1.75
1646 1.75
1647 1.75
1648 1.75
1649 1.75
1650 1.75
1651 1.75
1652 1.75
1653 1.75
1654 1.75
1655 1.75
1656 1.75
1657 1.75
1658 1.75
1659 1.75
1660 1.75
1661 1.75
1662 1.75
1663 1.75
1664 1.75
1665 1.75
1666 1.75
1667 1.75
1668 1.75
1669 1.75
1670 1.75
1671 1.75
1672 1.75
1673 1.75
1674 1.75
1675 1.75
1676 1.75
1677 1.75
1678 1.75
1679 1.75
1680 1.75
1681 1.75
1682 1.75
1683 1.75
1684 1.75
1685 1.75
1686 1.75
1687 1.75
1688 1.75
1689 1.75
1690 1.75
1691 1.75
1692 1.75
1693 1.75
1694 1.75
1695 1.75
1696 1.75
1697 1.75
1698 1.75
1699 1.75
1700 1.75
1701 1.75
1702 1.75
1703 1.75
1704 1.75
1705 1.75
1706 1.75
1707 1.75
1708 1.75
1709 1.125
1710 99.875
1711 99.875
1712 1.75
1713 100.5
1714 99.875
1715 99.875
1716 18.625
1717 18
1718 18.625
1719 100.5
1720 18.625
1721 18.625
1722 99.875
1723 99.875
1724 18.625
1725 18.625
1726 18.625
1727 18.625
1728 18.625
1729 18.625
1730 99.875
1731 99.875
1732 99.875
1733 99.875
1734 18.625
1735 18.625
1736 18.625
1737 18.625
1738 18.625
1739 18.625
1740 18.625
1741 18.625
1742 18.625
1743 18.625
1744 99.875
1745 18.625
1746 18.625
1747 99.875
1748 18.625
1749 18.625
1750 18.625
1751 18.625
1752 99.875
1753 99.875
1754 99.875
1755 18.625
1756 99.875
1757 18.625
1758 18.625
1759 18.625
1760 99.875
1761 99.875
1762 18.625
1763 18.625
1764 18.625
1765 99.875
1766 18.625
1767 99.875
1768 18.625
1769 18.625
1770 99.875
1771 99.875
1772 18.625
1773 18.625
1774 18.625
1775 18.625
1776 99.875
1777 99.875
1778 99.875
1779 18.625
1780 99.875
1781 18.625
1782 99.875
1783 99.875
1784 18.625
1785 18.625
1786 18.625
1787 18.625
1788 18.625
1789 18.625
1790 18.625
1791 18.625
1792 18.625
1793 18.625
1794 18.625
1795 18.625
1796 18.625
1797 18.625
1798 18.625
1799 18.625
1800 18.625
1801 18.625
1802 18.625
1803 18.625
1804 18.625
1805 18.625
1806 18.625
1807 18.625
1808 18.625
1809 18.625
1810 18.625
1811 18.625
1812 18.625
1813 18.625
1814 18.625
1815 18.625
1816 18.625
1817 18.625
1818 18.625
1819 18.625
1820 18.625
1821 18.625
1822 18.625
1823 18.625
1824 18.625
1825 18.625
1826 18.625
1827 18.625
1828 18.625
1829 18.625
1830 18.625
1831 18.625
1832 18.625
1833 18.625
1834 18.625
1835 18.625
1836 18.625
1837 18.625
1838 18.625
1839 18.625
1840 18.625
1841 18.625
1842 18.625
1843 18.625
1844 18.625
1845 18.625
1846 18.625
1847 18.625
1848 18.625
1849 18.625
1850 18.625
1851 18.625
1852 18.625
1853 18.625
1854 18.625
1855 18.625
1856 18.625
1857 18.625
1858 18.625
1859 18.625
1860 18.625
1861 18.625
1862 18.625
1863 18.625
1864 18.625
1865 18.625
1866 18.625
1867 18.625
1868 18.625
1869 18.625
1870 18.625
1871 18.625
1872 18.625
1873 18.625
1874 18.625
1875 18.625
1876 18.625
1877 18.625
1878 18.625
1879 18.625
1880 18.625
1881 18.625
1882 18.625
1883 18.625
1884 18.625
1885 18.625
1886 18.625
1887 18.625
1888 18.625
1889 18.625
1890 18.625
1891 18.625
1892 18.625
1893 18.625
1894 18.625
1895 18.625
1896 18.625
1897 18.625
1898 18.625
1899 18.625
1900 18.625
1901 18.625
1902 18.625
1903 18.625
1904 18.625
1905 18.625
1906 18.625
1907 18.625
1908 18.625
1909 18.625
1910 18.625
1911 18.625
1912 18.625
1913 18.625
1914 18.625
1915 18.625
1916 18.625
1917 18.625
1918 18.625
1919 18.625
1920 18.625
1921 18.625
1922 18.625
1923 18.625
1924 18.625
1925 18.625
1926 18.625
1927 18.625
1928 18.625
1929 18.625
1930 18.625
1931 18.625
1932 18.625
1933 18.625
1934 18.625
1935 18.625
1936 18.625
1937 18.625
1938 18.625
1939 18.625
1940 18.625
1941 18.625
1942 18.625
1943 18.625
1944 18.625
1945 18.625
1946 18.625
1947 18.625
1948 18.625
1949 18.625
1950 18.625
1951 18.625
1952 18.625
1953 18.625
1954 18.625
1955 18.625
1956 18.625
1957 18.625
1958 18.625
1959 18.625
1960 18.625
1961 18.625
1962 18.625
1963 18.625
1964 18.625
1965 18.625
1966 18.625
1967 18.625
1968 18.625
1969 18.625
1970 18.625
1971 18.625
1972 18.625
1973 18.625
1974 18.625
1975 18.625
1976 18.625
1977 18.625
1978 18.625
1979 18.625
1980 18.625
1981 18.625
1982 18.625
1983 18.625
1984 18.625
1985 18.625
1986 18.625
1987 18.625
1988 3
1989 3
1990 18.625
1991 18.625
1992 18.625
1993 18.625
1994 18.625
1995 18.625
1996 18.625
1997 18.625
1998 18.625
1999 18.625
2000 18.625
2001 18.625
2002 18.625
2003 18.625
2004 18.625
2005 18.625
2006 18.625
2007 18.625
2008 18.625
2009 18.625
2010 18.625
2011 18.625
2012 18.625
2013 18.625
2014 18.625
2015 18.625
2016 18.625
2017 18.625
2018 18.625
2019 18.625
2020 18.625
2021 18.625
2022 18.625
2023 18.625
2024 18.625
2025 18.625
2026 18.625
2027 18.625
2028 18.625
2029 18.625
2030 18.625
2031 18.625
2032 18.625
2033 18.625
2034 18.625
2035 18.625
2036 18.625
2037 18.625
2038 18.625
2039 18.625
2040 18.625
2041 18.625
2042 18.625
2043 18.625
2044 18.625
2045 18.625
2046 18.625
2047 18.625
2048 18.625
2049 18.625
2050 18.625
2051 18.625
2052 18.625
2053 18.625
2054 18.625
2055 18.625
2056 18.625
2057 18.625
2058 18.625
2059 18.625
2060 18.625
2061 18.625
2062 18.625
2063 18.625
2064 18.625
2065 18.625
2066 18.625
2067 18.625
2068 18.625
2069 18.625
2070 18.625
2071 18.625
2072 18.625
2073 18.625
2074 18.625
2075 18.625
2076 18.625
2077 18.625
2078 18.625
2079 18.625
2080 18.625
2081 1.75
2082 18.625
2083 18.625
2084 1.75
2085 18.625
2086 1.75
2087 18.625
2088 1.75
2089 18.625
2090 18.625
2091 1.75
2092 1.75
2093 18.625
2094 18.625
2095 18.625
2096 18.625
2097 1.75
2098 18.625
2099 18.625
2100 18.625
2101 18.625
2102 1.75
2103 18.625
2104 18.625
2105 18.625
2106 18.625
2107 18.625
2108 18.625
2109 18.625
2110 18.625
2111 18.625
2112 18.625
2113 18.625
2114 18.625
2115 18.625
2116 18.625
2117 18.625
2118 18.625
2119 18.625
2120 18.625
2121 18.625
2122 18.625
2123 18.625
2124 18.625
2125 18.625
2126 18.625
2127 18.625
2128 18.625
2129 18.625
2130 18.625
2131 18.625
2132 18.625
2133 18.625
2134 18.625
2135 18.625
2136 18.625
2137 18.625
2138 18.625
2139 18.625
2140 18.625
2141 18.625
2142 18.625
2143 18.625
2144 99.875
2145 18.625
2146 18.625
2147 18.625
2148 18.625
2149 18.625
2150 18.625
2151 18.625
2152 18.625
2153 18.625
2154 18.625
2155 18.625
2156 18.625
2157 18.625
2158 18.625
2159 18.625
2160 18.625
2161 18.625
2162 18.625
2163 18.625
2164 18.625
2165 18.625
2166 18.625
2167 18.625
2168 18.625
2169 18.625
2170 18.625
2171 18.625
2172 18.625
2173 18.625
2174 18.625
2175 18.625
2176 18.625
2177 18.625
2178 18.625
2179 18.625
2180 18.625
2181 18.625
2182 18.625
2183 18.625
2184 18.625
2185 18.625
2186 18.625
2187 18.625
2188 18.625
2189 18.625
2190 18.625
2191 18.625
2192 18.625
2193 18.625
2194 18.625
2195 18.625
2196 18.625
2197 18.625
2198 18.625
2199 18.625
2200 18.625
2201 18.625
2202 18.625
2203 18.625
2204 18.625
2205 18.625
2206 18.625
2207 18.625
2208 18.625
2209 18.625
2210 18.625
2211 18.625
2212 18.625
2213 18.625
2214 18.625
2215 18.625
2216 18.625
2217 18.625
2218 18.625
2219 18.625
2220 18.625
2221 18.625
2222 18.625
2223 18.625
2224 18.625
2225 18.625
2226 1.75
2227 19.875
2228 100.5
2229 1.75
2230 18.625
2231 99.875
2232 18.625
2233 18.625
2234 18.625
2235 18.625
2236 18.625
2237 18.625
2238 18.625
2239 18.625
2240 18.625
2241 18.625
2242 18.625
2243 18.625
2244 18.625
2245 18.625
2246 18.625
2247 18.625
2248 18.625
2249 18.625
2250 18.625
2251 18.625
2252 18.625
2253 18.625
2254 18.625
2255 18.625
2256 18.625
2257 18.625
2258 18.625
2259 18.625
2260 18.625
2261 18.625
2262 18.625
2263 18.625
2264 18.625
2265 18.625
2266 18.625
2267 18.625
2268 18.625
2269 18.625
2270 18.625
2271 18.625
2272 18.625
2273 18.625
2274 18.625
2275 18.625
2276 18.625
2277 18.625
2278 1.75
2279 19.875
2280 100.5
2281 1.75
2282 99.875
2283 1.75
2284 19.875
2285 18.625
2286 100.5
2287 1.75
2288 99.875
2289 18.625
2290 18.625
2291 18.625
2292 1.75
2293 19.875
2294 100.5
2295 1.75
2296 99.875
2297 18.625
2298 1.75
2299 19.875
2300 18.625
2301 100.5
2302 1.75
2303 18.625
2304 18.625
2305 18.625
2306 18.625
2307 18.625
2308 18.625
2309 18.625
2310 18.625
2311 18.625
2312 18.625
2313 18.625
2314 18.625
2315 18.625
2316 18.625
2317 18.625
2318 18.625
2319 18.625
2320 18.625
2321 18.625
2322 18.625
2323 18.625
2324 18.625
2325 18.625
2326 18.625
2327 18.625
2328 18.625
2329 18.625
2330 18.625
2331 18.625
2332 18.625
2333 18.625
2334 18.625
2335 18.625
2336 18.625
2337 18.625
2338 18.625
2339 18.625
2340 18.625
2341 18.625
2342 18.625
2343 18.625
2344 18.625
2345 18.625
2346 18.625
2347 18.625
2348 18.625
2349 18.625
2350 18.625
2351 18.625
2352 18.625
2353 18.625
2354 18.625
2355 18.625
2356 18.625
2357 18.625
2358 18.625
2359 18.625
2360 18.625
2361 18.625
2362 18.625
2363 18.625
2364 18.625
2365 18.625
2366 18.625
2367 18.625
2368 18.625
2369 18.625
2370 18.625
2371 18.625
2372 18.625
2373 18.625
2374 18.625
2375 18.625
2376 18.625
2377 18.625
2378 18.625
2379 18.625
2380 18.625
2381 18.625
2382 18.625
2383 18.625
2384 18.625
2385 18.625
2386 18.625
2387 18.625
2388 18.625
2389 99.875
2390 18.625
2391 18.625
2392 18.625
2393 18.625
2394 18.625
2395 18.625
2396 18.625
2397 18.625
2398 18.625
2399 18.625
2400 18.625
2401 18.625
2402 18.625
2403 18.625
2404 18.625
2405 18.625
2406 18.625
2407 18.625
2408 18.625
2409 18.625
2410 18.625
2411 18.625
2412 18.625
2413 18.625
2414 18.625
2415 18.625
2416 18.625
2417 18.625
2418 18.625
2419 18.625
2420 18.625
2421 18.625
2422 1.75
2423 19.875
2424 100.5
2425 1.75
2426 18.625
2427 18.625
2428 99.875
2429 1.75
2430 19.875
2431 18.625
2432 100.5
2433 1.75
2434 99.875
2435 18.625
2436 18.625
2437 18.625
2438 18.625
2439 18.625
2440 1.75
2441 19.875
2442 18.625
2443 18.625
2444 18.625
2445 18.625
2446 18.625
2447 18.625
2448 100.5
2449 1.75
2450 18.625
2451 18.625
2452 18.625
2453 18.625
2454 18.625
2455 18.625
2456 18.625
2457 18.625
2458 18.625
2459 18.625
2460 18.625
2461 18.625
2462 18.625
2463 1.75
2464 1.75
2465 1.75
2466 1.75
2467 18.625
2468 18.625
2469 1.75
2470 19.25
2471 1.75
2472 1.75
2473 19.25
2474 1.75
2475 99.875
2476 1.75
2477 19.25
2478 100.5
2479 1.75
2480 99.875
2481 1.75
2482 19.25
2483 99.875
2484 100.5
2485 1.75
2486 1.75
2487 19.25
2488 99.875
2489 100.5
2490 1.75
2491 1.75
2492 19.25
2493 100.5
2494 1.75
2495 99.875
2496 1.75
2497 19.25
2498 100.5
2499 1.75
2500 99.875
2501 1.75
2502 19.25
2503 100.5
2504 1.75
2505 99.875
2506 1.75
2507 19.25
2508 99.875
2509 100.5
2510 1.75
2511 1.75
2512 19.25
2513 100.5
2514 1.75
2515 18.625
2516 18.625
2517 18.625
2518 18.625
2519 1.75
2520 2.375
2521 1.75
2522 2.375
2523 1.75
2524 18.625
2525 18.625
2526 2.375
2527 1.75
2528 2.375
2529 1.75
2530 18.625
2531 18.625
2532 2.375
2533 2.375
2534 2.375
2535 2.375
2536 2.375
2537 2.375
2538 2.375
2539 2.375
2540 2.375
2541 2.375
2542 2.375
2543 2.375
2544 2.375
2545 99.875
2546 1.75
2547 19.25
2548 99.875
2549 1.75
2550 19.25
2551 99.875
2552 1.75
2553 19.25
2554 99.875
2555 1.75
2556 19.25
2557 99.875
2558 1.75
2559 19.25
2560 100.5
2561 1.75
2562 100.5
2563 1.75
2564 100.5
2565 1.75
2566 100.5
2567 1.75
2568 100.5
2569 1.75
2570 99.875
2571 1.75
2572 19.25
2573 99.875
2574 1.75
2575 19.25
2576 100.5
2577 1.75
2578 100.5
2579 1.75
2580 99.875
2581 1.75
2582 19.25
2583 100.5
2584 1.75
2585 99.875
2586 1.75
2587 19.25
2588 99.875
2589 100.5
2590 1.75
2591 1.75
2592 19.25
2593 100.5
2594 1.75
2595 99.875
2596 1.75
2597 19.25
2598 100.5
2599 1.75
2600 99.875
2601 1.75
2602 19.25
2603 100.5
2604 1.75
2605 2.375
2606 2.375
2607 2.375
2608 2.375
2609 2.375
2610 2.375
2611 2.375
2612 2.375
2613 2.375
2614 2.375
2615 2.375
2616 2.375
2617 2.375
2618 2.375
2619 2.375
2620 2.375
2621 2.375
2622 2.375
2623 2.375
2624 2.375
2625 2.375
2626 2.375
2627 2.375
2628 2.375
2629 2.375
2630 2.375
2631 2.375
2632 2.375
2633 2.375
2634 2.375
2635 2.375
2636 2.375
2637 2.375
2638 2.375
2639 2.375
2640 2.375
2641 2.375
2642 2.375
2643 2.375
2644 2.375
2645 2.375
2646 18.625
2647 18.625
2648 18.625
2649 18.625
2650 18.625
2651 18.625
2652 18.625
2653 18.625
2654 18.625
2655 18.625
2656 99.875
2657 99.875
2658 99.875
2659 99.875
2660 99.875
2661 1.75
2662 19.875
2663 100.5
2664 1.75
2665 99.875
2666 1.75
2667 19.875
2668 100.5
2669 1.75
2670 99.875
2671 1.75
2672 19.875
2673 100.5
2674 1.75
2675 99.875
2676 1.75
2677 19.875
2678 99.875
2679 100.5
2680 1.75
2681 1.75
2682 19.875
2683 100.5
2684 1.75
2685 99.875
2686 1.75
2687 19.875
2688 100.5
2689 1.75
2690 99.875
2691 1.75
2692 19.875
2693 100.5
2694 1.75
2695 99.875
2696 1.75
2697 19.875
2698 100.5
2699 1.75
2700 99.875
2701 1.75
2702 19.875
2703 100.5
2704 1.75
2705 99.875
2706 1.75
2707 19.875
2708 100.5
2709 1.75
2710 99.875
2711 1.75
2712 19.875
2713 100.5
2714 1.75
2715 99.875
2716 1.75
2717 19.875
2718 100.5
2719 1.75
2720 2.375
2721 19.25
2722 19.25
2723 19.25
2724 19.25
2725 19.25
2726 19.25
2727 19.25
2728 19.25
2729 19.25
2730 19.25
2731 19.25
2732 19.25
2733 19.25
2734 19.25
2735 19.25
2736 19.25
2737 19.25
2738 19.25
2739 19.25
2740 19.25
2741 19.25
2742 19.25
2743 19.25
2744 19.25
2745 19.25
2746 19.25
2747 19.25
2748 19.25
2749 19.25
2750 19.25
2751 19.25
2752 19.25
2753 19.25
2754 19.25
2755 19.25
2756 19.25
2757 19.25
2758 19.25
2759 19.25
2760 19.25
2761 19.25
2762 19.25
2763 19.25
2764 19.25
2765 19.25
2766 19.25
2767 19.25
2768 19.25
2769 19.25
2770 19.25
2771 19.25
2772 19.25
2773 19.25
2774 19.25
2775 19.25
2776 19.25
2777 19.25
2778 19.25
2779 19.25
2780 19.25
2781 19.25
2782 19.25
2783 19.25
2784 19.25
2785 19.25
2786 19.25
2787 19.25
2788 19.25
2789 19.25
2790 19.25
2791 19.25
2792 19.25
2793 19.25
2794 19.25
2795 19.25
2796 19.25
2797 19.25
2798 19.25
2799 19.25
2800 19.25
2801 19.25
2802 19.25
2803 19.25
2804 19.25
2805 19.25
2806 19.25
2807 19.25
2808 19.25
2809 19.25
2810 19.25
2811 19.25
2812 19.25
2813 19.25
2814 19.25
2815 19.25
2816 19.25
2817 19.25
2818 19.25
2819 19.25
2820 19.25
2821 19.25
2822 19.25
2823 19.25
2824 19.25
2825 19.25
2826 19.25
2827 19.25
2828 19.25
2829 19.25
2830 19.25
2831 19.25
2832 19.25
2833 19.25
2834 19.25
2835 19.25
2836 19.25
2837 19.25
2838 19.25
2839 19.25
2840 19.25
2841 19.25
2842 2.375
2843 2.375
2844 2.375
2845 19.25
2846 19.25
2847 19.25
2848 19.25
2849 19.25
2850 19.25
2851 19.25
2852 19.25
2853 19.25
2854 19.25
2855 19.25
2856 19.25
2857 19.25
2858 19.25
2859 19.25
2860 19.25
2861 19.25
2862 19.25
2863 19.25
2864 19.25
2865 19.25
2866 19.25
2867 19.25
2868 19.25
2869 19.25
2870 19.25
2871 19.25
2872 19.25
2873 19.25
2874 19.25
2875 19.25
2876 19.25
2877 2.375
2878 1.75
2879 19.25
2880 19.25
2881 19.25
2882 19.25
2883 19.25
2884 19.25
2885 19.25
2886 19.25
2887 19.25
2888 19.25
2889 19.25
2890 19.25
2891 1.75
2892 100.5
2893 100.5
2894 1.75
2895 100.5
2896 1.75
2897 100.5
2898 100.5
2899 100.5
2900 2.375
2901 99.875
2902 19.25
2903 19.25
2904 19.25
2905 19.25
2906 19.25
2907 19.25
2908 19.25
2909 19.25
2910 19.25
2911 19.25
2912 19.25
2913 19.25
2914 19.25
2915 19.25
2916 19.25
2917 19.25
2918 19.25
2919 19.25
2920 19.25
2921 19.25
2922 19.25
2923 19.25
2924 19.25
2925 19.25
2926 19.25
2927 19.25
2928 19.25
2929 19.25
2930 19.25
2931 19.25
2932 99.875
2933 99.875
2934 99.875
2935 19.25
2936 19.25
2937 99.875
2938 19.25
2939 19.25
2940 19.25
2941 99.875
2942 99.875
2943 19.25
2944 19.25
2945 19.25
2946 19.25
2947 19.25
2948 19.25
2949 19.25
2950 19.25
2951 19.25
2952 19.25
2953 19.25
2954 19.25
2955 19.25
2956 19.25
2957 19.25
2958 19.25
2959 19.25
2960 2.375
2961 1.75
2962 2.375
2963 2.375
2964 2.375
2965 1.75
2966 19.25
2967 19.25
2968 1.75
2969 100.5
2970 1.75
2971 100.5
2972 100.5
2973 100.5
2974 99.875
2975 99.875
2976 99.875
2977 99.875
2978 99.875
2979 99.875
2980 99.875
2981 99.875
2982 99.875
2983 99.875
2984 99.875
2985 99.875
2986 99.875
2987 99.875
2988 99.875
2989 99.875
2990 19.25
2991 19.25
2992 19.25
2993 19.25
2994 19.25
2995 19.25
2996 19.25
2997 19.25
2998 99.875
2999 19.25
3000 99.875
3001 19.25
3002 19.25
3003 19.25
3004 19.25
3005 19.25
3006 99.875
3007 19.25
3008 19.25
3009 99.875
3010 19.25
3011 19.25
3012 19.25
3013 19.25
3014 19.25
3015 19.25
3016 19.25
3017 19.25
3018 19.25
3019 19.25
3020 19.25
3021 19.25
3022 19.25
3023 19.25
3024 19.25
3025 19.25
3026 19.25
3027 19.25
3028 19.25
3029 19.25
3030 19.25
3031 19.25
3032 19.25
3033 19.25
3034 19.25
3035 19.25
3036 19.25
3037 19.25
3038 19.25
3039 19.25
3040 19.25
3041 19.25
3042 19.25
3043 19.25
3044 19.25
3045 19.25
3046 19.25
3047 19.25
3048 19.25
3049 19.25
3050 19.25
3051 19.25
3052 19.25
3053 19.25
3054 19.25
3055 19.25
3056 19.25
3057 19.25
3058 19.25
3059 19.25
3060 19.25
3061 19.25
3062 19.25
3063 19.25
3064 19.25
3065 19.25
3066 19.25
3067 19.25
3068 19.25
3069 19.25
3070 19.25
3071 19.25
3072 19.25
3073 19.25
3074 19.25
3075 19.25
3076 19.25
3077 19.25
3078 19.25
3079 19.25
3080 19.25
3081 19.25
3082 19.25
3083 19.25
3084 19.25
3085 19.25
3086 19.25
3087 19.25
3088 19.25
3089 19.25
3090 19.25
3091 1.75
3092 19.25
3093 19.25
3094 19.25
3095 19.25
3096 7.375
3097 6.125
3098 1.75
3099 19.25
3100 19.25
3101 19.25
3102 19.25
3103 19.25
3104 19.25
3105 19.25
3106 19.25
3107 19.25
3108 19.25
3109 19.25
3110 19.25
3111 19.25
3112 19.25
3113 19.25
3114 19.25
3115 19.25
3116 19.25
3117 19.25
3118 19.25
3119 19.25
3120 19.25
3121 19.25
3122 19.25
3123 19.25
3124 19.25
3125 19.25
3126 19.25
3127 19.25
3128 19.25
3129 19.25
3130 19.25
3131 19.25
3132 19.25
3133 19.25
3134 1.75
3135 19.25
3136 19.25
3137 19.25
3138 19.25
3139 19.25
3140 19.25
3141 19.25
3142 19.25
3143 19.25
3144 19.25
3145 19.25
3146 19.25
3147 19.25
3148 19.25
3149 19.25
3150 19.25
3151 19.25
3152 19.25
3153 19.25
3154 19.25
3155 19.25
3156 19.25
3157 19.25
3158 19.25
3159 19.25
3160 19.25
3161 19.25
3162 19.25
3163 19.25
3164 19.25
3165 19.25
3166 19.25
3167 19.25
3168 19.25
3169 19.25
3170 19.25
3171 19.25
3172 19.25
3173 19.25
3174 19.25
3175 19.25
3176 19.25
3177 19.25
3178 19.25
3179 19.25
3180 19.25
3181 19.25
3182 19.25
3183 7.375
3184 1.75
3185 19.25
3186 19.25
3187 19.25
3188 19.25
3189 19.25
3190 19.25
3191 19.25
3192 19.25
3193 19.25
3194 19.25
3195 19.25
3196 19.25
3197 19.25
3198 19.25
3199 19.25
3200 19.25
3201 19.25
3202 19.25
3203 19.25
3204 19.25
3205 19.25
3206 19.25
3207 1.75
3208 19.25
3209 19.25
3210 19.25
3211 19.25
3212 19.25
3213 19.25
3214 19.25
3215 19.25
3216 19.25
3217 19.25
3218 1.75
3219 1.75
3220 1.75
3221 100.5
3222 7.375
3223 1.75
3224 19.25
3225 19.25
3226 19.25
3227 19.25
3228 19.25
3229 19.25
3230 19.25
3231 19.25
3232 19.25
3233 19.25
3234 19.25
3235 19.25
3236 19.25
3237 19.25
3238 19.25
3239 19.25
3240 19.25
3241 19.25
3242 19.25
3243 19.25
3244 19.25
3245 19.25
3246 19.25
3247 1.75
3248 19.25
3249 19.25
3250 100.5
3251 19.25
3252 19.25
3253 19.25
3254 19.25
3255 19.25
3256 19.25
3257 19.25
3258 19.25
3259 19.25
3260 19.25
3261 1.75
3262 19.25
3263 19.25
3264 100.5
3265 19.25
3266 19.25
3267 19.25
3268 19.25
3269 1.75
3270 19.25
3271 19.25
3272 19.25
3273 19.25
3274 19.25
3275 100.5
3276 19.25
3277 19.25
3278 19.25
3279 19.25
3280 19.25
3281 1.75
3282 100.5
3283 19.25
3284 19.25
3285 19.25
3286 19.25
3287 100.5
3288 100.5
3289 100.5
3290 100.5
3291 100.5
3292 99.875
3293 99.875
3294 99.875
3295 99.875
3296 99.875
3297 99.875
3298 99.875
3299 99.875
3300 18.625
3301 18.625
3302 99.875
3303 99.875
3304 99.875
3305 18.625
3306 18.625
3307 18.625
3308 18.625
3309 18.625
3310 18.625
3311 2.375
3312 1.75
3313 18.625
3314 2.375
3315 18.625
3316 2.375
3317 2.375
3318 2.375
3319 2.375
3320 2.375
3321 2.375
3322 2.375
3323 2.375
3324 2.375
3325 2.375
3326 18.625
3327 2.375
3328 2.375
3329 18.625
3330 2.375
3331 2.375
3332 18.625
3333 18.625
3334 2.375
3335 2.375
3336 2.375
3337 2.375
3338 2.375
3339 2.375
3340 2.375
3341 2.375
3342 18.625
3343 2.375
3344 2.375
3345 2.375
3346 18.625
3347 2.375
3348 2.375
3349 2.375
3350 2.375
3351 2.375
3352 2.375
3353 2.375
3354 2.375
3355 2.375
3356 2.375
3357 18.625
3358 99.875
3359 2.375
3360 99.875
3361 18.625
3362 2.375
3363 2.375
3364 2.375
3365 2.375
3366 2.375
3367 2.375
3368 18.625
3369 2.375
3370 18.625
3371 2.375
3372 2.375
3373 2.375
3374 2.375
3375 2.375
3376 100.5
3377 101.125
3378 101.125
3379 101.125
3380 6.75
3381 6.75
3382 6.75
3383 6.75
3384 6.75
3385 6.75
3386 6.75
3387 6.75
3388 6.75
3389 6.75
3390 6.75
3391 6.75
3392 6.75
3393 6.75
3394 6.75
3395 6.75
3396 6.75
3397 6.75
3398 101.125
3399 1.75
3400 1.75
3401 6.75
3402 6.75
3403 266.75
3404 1.75
3405 1.75
3406 1.75
3407 267.375
3408 268
3409 267.375
3410 268
3411 1.75
3412 268
3413 1.75
3414 268
3415 267.375
3416 268
3417 267.375
3418 1.75
3419 268
3420 267.375
3421 268
3422 1.75
3423 268
3424 267.375
3425 268
3426 267.375
3427 1.75
3428 268
3429 267.375
3430 268
3431 1.75
3432 268
3433 267.375
3434 268
3435 267.375
3436 1.75
3437 267.375
3438 268
3439 267.375
3440 268
3441 267.375
3442 1.75
3443 268
3444 267.375
3445 268
3446 1.75
3447 268
3448 267.375
3449 268
3450 267.375
3451 267.375
3452 267.375
3453 267.375
3454 267.375
3455 267.375
3456 267.375
3457 267.375
3458 267.375
3459 267.375
3460 267.375
3461 267.375
3462 267.375
3463 267.375
3464 267.375
3465 267.375
3466 267.375
3467 1.75
3468 1.75
3469 268
3470 267.375
3471 268
3472 267.375
3473 1.75
3474 268
3475 267.375
3476 268
3477 267.375
3478 1.75
3479 268
3480 267.375
3481 268
3482 267.375
3483 1.75
3484 268
3485 267.375
3486 268
3487 267.375
3488 1.75
3489 268
3490 267.375
3491 268
3492 267.375
3493 1.75
3494 268
3495 267.375
3496 268
3497 267.375
3498 1.75
3499 268
3500 267.375
3501 268
3502 267.375
3503 1.75
3504 268
3505 267.375
3506 268
3507 267.375
3508 267.375
3509 1.75
3510 268
3511 267.375
3512 268
3513 268
3514 1.75
3515 268
3516 267.375
3517 268
3518 267.375
3519 1.75
3520 268
3521 6.75
3522 267.375
3523 268
3524 267.375
3525 1.75
3526 268
3527 267.375
3528 268
3529 1.75
3530 268
3531 267.375
3532 268
3533 1.75
3534 268
3535 267.375
3536 268
3537 1.75
3538 268
3539 267.375
3540 268
3541 1.75
3542 268
3543 267.375
3544 268
3545 1.75
3546 268
3547 267.375
3548 268
3549 1.75
3550 268
3551 267.375
3552 268
3553 267.375
3554 1.75
3555 268
3556 267.375
3557 268
3558 1.75
3559 268
3560 267.375
3561 268
3562 1.75
3563 268
3564 267.375
3565 268
3566 267.375
3567 1.75
3568 268
3569 267.375
3570 268
3571 1.75
3572 268
3573 267.375
3574 268
3575 1.75
3576 268
3577 267.375
3578 268
3579 1.75
3580 268
3581 267.375
3582 268
3583 1.75
3584 268
3585 267.375
3586 268
3587 267.375
3588 1.75
3589 268
3590 267.375
3591 268
3592 1.75
3593 268
3594 267.375
3595 268
3596 267.375
3597 1.75
3598 268
3599 267.375
3600 268
3601 1.75
3602 268
3603 267.375
3604 268
3605 1.75
3606 268
3607 267.375
3608 268
3609 1.75
3610 268
3611 267.375
3612 268
3613 1.75
3614 268
3615 267.375
3616 268
3617 1.75
3618 268
3619 267.375
3620 268
3621 1.75
3622 268
3623 267.375
3624 268
3625 1.75
3626 268
3627 267.375
3628 268
3629 1.75
3630 268
3631 267.375
3632 268
3633 1.75
3634 268
3635 267.375
3636 268
3637 1.75
3638 268
3639 267.375
3640 268
3641 1.75
3642 268
3643 267.375
3644 268
3645 1.75
3646 268
3647 267.375
3648 268
3649 1.75
3650 268
3651 267.375
3652 268
3653 1.75
3654 268
3655 267.375
3656 268
3657 267.375
3658 1.75
3659 268
3660 267.375
3661 268
3662 1.75
3663 268
3664 267.375
3665 268
3666 6.75
3667 6.75
3668 1.75
3669 268
3670 267.375
3671 268
3672 6.75
3673 6.75
3674 1.75
3675 268
3676 267.375
3677 268
3678 1.75
3679 268
3680 267.375
3681 268
3682 267.375
3683 1.75
3684 268
3685 267.375
3686 268
3687 1.75
3688 268
3689 267.375
3690 268
3691 6.75
3692 1.75
3693 6.75
3694 268
3695 267.375
3696 268
3697 267.375
3698 268
3699 267.375
3700 267.375
3701 267.375
3702 267.375
3703 267.375
3704 267.375
3705 267.375
3706 267.375
3707 267.375
3708 267.375
3709 267.375
3710 267.375
3711 267.375
3712 267.375
3713 267.375
3714 267.375
3715 267.375
3716 267.375
3717 267.375
3718 7.375
3719 1.75
3720 267.375
3721 267.375
3722 267.375
3723 267.375
3724 267.375
3725 267.375
3726 267.375
3727 267.375
3728 267.375
3729 267.375
3730 267.375
3731 267.375
3732 267.375
3733 267.375
3734 267.375
3735 267.375
3736 267.375
3737 267.375
3738 267.375
3739 267.375
3740 267.375
3741 267.375
3742 267.375
3743 267.375
3744 267.375
3745 267.375
3746 6.75
3747 6.75
3748 1.75
3749 6.75
3750 268
3751 6.75
3752 267.375
3753 268
3754 6.75
3755 6.75
3756 267.375
3757 1.75
3758 6.75
3759 6.75
3760 268
3761 6.75
3762 267.375
3763 268
3764 6.75
3765 267.375
3766 6.75
3767 6.75
3768 268
3769 1.75
3770 268
3771 267.375
3772 6.75
3773 268
3774 6.75
3775 1.75
3776 268
3777 267.375
3778 268
3779 1.75
3780 6.75
3781 268
3782 6.75
3783 267.375
3784 268
3785 267.375
3786 99.875
3787 267.375
3788 267.375
3789 267.375
3790 1.75
3791 268
3792 1.75
3793 268
3794 1.75
3795 268
3796 1.75
3797 268
3798 268
3799 268
3800 1.75
3801 2.375
3802 1.75
3803 267.375
3804 267.375
3805 1.75
3806 268
3807 1.75
3808 1.75
3809 1.75
3810 268
3811 99.875
3812 3
3813 3
3814 3
3815 3
3816 3
3817 3
3818 3
3819 3
3820 3
3821 3
3822 3
3823 3
3824 3
3825 3
3826 3
3827 3
3828 3
3829 3
3830 3
3831 3
3832 3
3833 3
3834 3
3835 3
3836 3
3837 3
3838 3
3839 1.75
3840 100.5
3841 100.5
3842 1.75
3843 1.75
3844 3
3845 3
3846 1.75
3847 1.75
3848 1.75
3849 1.75
3850 1.75
3851 1.75
3852 99.875
3853 267.375
3854 267.375
3855 1.75
3856 1.75
3857 268
3858 1.75
3859 268
3860 267.375
3861 268
3862 1.75
3863 268
3864 267.375
3865 268
3866 1.75
3867 268
3868 267.375
3869 268
3870 1.75
3871 268
3872 267.375
3873 268
3874 1.75
3875 268
3876 267.375
3877 268
3878 1.75
3879 268
3880 267.375
3881 268
3882 267.375
3883 267.375
3884 267.375
3885 267.375
3886 267.375
3887 267.375
3888 267.375
3889 267.375
3890 1.75
3891 1.75
3892 1.75
3893 267.375
3894 267.375
3895 267.375
3896 267.375
3897 267.375
3898 267.375
3899 267.375
3900 267.375
3901 267.375
3902 267.375
3903 267.375
3904 267.375
3905 267.375
3906 267.375
3907 267.375
3908 267.375
3909 267.375
3910 267.375
3911 267.375
3912 267.375
3913 267.375
3914 267.375
3915 267.375
3916 267.375
3917 267.375
3918 267.375
3919 267.375
3920 267.375
3921 267.375
3922 267.375
3923 267.375
3924 267.375
3925 267.375
3926 1.75
3927 267.375
3928 1.75
3929 267.375
3930 100.5
3931 267.375
3932 100.5
3933 267.375
3934 267.375
3935 267.375
3936 267.375
3937 267.375
3938 267.375
3939 267.375
3940 267.375
3941 267.375
3942 267.375
3943 267.375
3944 267.375
3945 267.375
3946 267.375
3947 267.375
3948 267.375
3949 267.375
3950 267.375
3951 267.375
3952 267.375
3953 267.375
3954 267.375
3955 267.375
3956 267.375
3957 267.375
3958 267.375
3959 267.375
3960 267.375
3961 267.375
3962 267.375
3963 267.375
3964 267.375
3965 267.375
3966 267.375
3967 267.375
3968 267.375
3969 267.375
3970 267.375
3971 267.375
3972 267.375
3973 267.375
3974 267.375
3975 267.375
3976 267.375
3977 267.375
3978 267.375
3979 267.375
3980 267.375
3981 267.375
3982 267.375
3983 267.375
3984 267.375
3985 267.375
3986 267.375
3987 267.375
3988 267.375
3989 267.375
3990 267.375
3991 267.375
3992 267.375
3993 267.375
3994 267.375
3995 267.375
3996 267.375
3997 267.375
3998 267.375
3999 267.375
4000 267.375
4001 267.375
4002 267.375
4003 267.375
4004 267.375
4005 267.375
4006 267.375
4007 267.375
4008 267.375
4009 267.375
4010 267.375
4011 267.375
4012 267.375
4013 267.375
4014 267.375
4015 267.375
4016 267.375
4017 267.375
4018 267.375
4019 267.375
4020 267.375
4021 267.375
4022 267.375
4023 267.375
4024 267.375
4025 267.375
4026 267.375
4027 267.375
4028 267.375
4029 267.375
4030 267.375
4031 267.375
4032 267.375
4033 267.375
4034 267.375
4035 267.375
4036 267.375
4037 267.375
4038 267.375
4039 267.375
4040 267.375
4041 267.375
4042 267.375
4043 267.375
4044 267.375
4045 267.375
4046 267.375
4047 267.375
4048 267.375
4049 267.375
4050 267.375
4051 267.375
4052 267.375
4053 267.375
4054 267.375
4055 267.375
4056 267.375
4057 267.375
4058 267.375
4059 267.375
4060 267.375
4061 267.375
4062 267.375
4063 267.375
4064 99.875
4065 267.375
4066 267.375
4067 267.375
4068 267.375
4069 267.375
4070 267.375
4071 267.375
4072 7.375
4073 1.75
4074 267.375
4075 267.375
4076 1.75
4077 100.5
4078 100.5
4079 267.375
4080 267.375
4081 267.375
4082 267.375
4083 267.375
4084 267.375
4085 267.375
4086 267.375
4087 267.375
4088 267.375
4089 267.375
4090 267.375
4091 267.375
4092 267.375
4093 1.75
4094 267.375
4095 267.375
4096 267.375
4097 1.75
4098 1.75
4099 1.75
4100 267.375
4101 1.75
4102 1.75
4103 1.75
4104 1.75
4105 1.75
4106 1.75
4107 1.75
4108 1.75
4109 1.75
4110 1.75
4111 1.75
4112 1.75
4113 1.75
4114 1.75
4115 1.75
4116 1.75
4117 1.75
4118 1.75
4119 1.75
4120 1.75
4121 1.75
4122 1.75
4123 1.75
4124 1.75
4125 1.75
4126 1.75
4127 1.75
4128 1.75
4129 1.75
4130 1.75
4131 1.75
4132 1.75
4133 1.75
4134 1.75
4135 1.75
4136 1.75
4137 1.75
4138 1.75
4139 1.75
4140 1.75
4141 1.75
4142 1.75
4143 1.75
4144 1.75
4145 1.75
4146 1.75
4147 1.75
4148 1.75
4149 1.75
4150 1.75
4151 1.75
4152 1.75
4153 1.75
4154 1.75
4155 1.75
4156 1.75
4157 1.75
4158 1.75
4159 1.75
4160 1.75
4161 1.75
4162 1.75
4163 1.75
4164 1.75
4165 1.75
4166 1.75
4167 1.75
4168 1.75
4169 1.75
4170 1.75
4171 1.75
4172 1.75
4173 1.75
4174 1.75
4175 1.75
4176 1.75
4177 1.75
4178 1.75
4179 1.75
4180 1.75
4181 1.75
4182 1.75
4183 1.75
4184 1.75
4185 1.75
4186 1.75
4187 1.75
4188 1.75
4189 1.75
4190 1.75
4191 1.75
4192 1.75
4193 1.75
4194 1.75
4195 1.75
4196 268
4197 1.75
4198 1.75
4199 1.75
4200 1.75
4201 268
4202 1.75
4203 1.75
4204 1.75
4205 1.75
4206 268
4207 1.75
4208 1.75
4209 268
4210 1.75
4211 1.75
4212 268
4213 1.75
4214 1.75
4215 268
4216 1.75
4217 1.75
4218 268
4219 1.75
4220 1.75
4221 268
4222 1.75
4223 1.75
4224 268
4225 1.75
4226 1.75
4227 268
4228 1.75
4229 1.75
4230 268
4231 268
4232 1.75
4233 1.75
4234 1.75
4235 268
4236 1.75
4237 1.75
4238 268
4239 1.75
4240 1.75
4241 268
4242 1.75
4243 1.75
4244 268
4245 1.75
4246 1.75
4247 268
4248 1.75
4249 1.75
4250 268
4251 1.75
4252 1.75
4253 268
4254 1.75
4255 1.75
4256 268
4257 1.75
4258 1.75
4259 268
4260 1.75
4261 1.75
4262 268
4263 1.75
4264 1.75
4265 1.75
4266 268
4267 1.75
4268 1.75
4269 268
4270 1.75
4271 1.75
4272 268
4273 1.75
4274 1.75
4275 268
4276 1.75
4277 1.75
4278 268
4279 1.75
4280 1.75
4281 268
4282 1.75
4283 1.75
4284 268
4285 1.75
4286 1.75
4287 1.75
4288 268
4289 1.75
4290 1.75
4291 268
4292 1.75
4293 100.5
4294 100.5
4295 2.375
4296 2.375
4297 2.375
4298 2.375
4299 2.375
4300 2.375
4301 2.375
4302 2.375
4303 267.375
4304 267.375
4305 267.375
4306 267.375
4307 267.375
4308 267.375
4309 267.375
4310 267.375
4311 268
4312 1.75
4313 267.375
4314 267.375
4315 267.375
4316 268
4317 1.75
4318 267.375
4319 267.375
4320 267.375
4321 267.375
4322 267.375
4323 267.375
4324 267.375
4325 267.375
4326 267.375
4327 267.375
4328 267.375
4329 267.375
4330 267.375
4331 267.375
4332 267.375
4333 267.375
4334 267.375
4335 267.375
4336 267.375
4337 267.375
4338 267.375
4339 267.375
4340 267.375
4341 267.375
4342 267.375
4343 267.375
4344 267.375
4345 267.375
4346 267.375
4347 267.375
4348 267.375
4349 267.375
4350 267.375
4351 267.375
4352 267.375
4353 267.375
4354 267.375
4355 267.375
4356 267.375
4357 267.375
4358 267.375
4359 267.375
4360 267.375
4361 267.375
4362 267.375
4363 267.375
4364 267.375
4365 267.375
4366 267.375
4367 267.375
4368 267.375
4369 267.375
4370 267.375
4371 267.375
4372 267.375
4373 267.375
4374 267.375
4375 267.375
4376 267.375
4377 267.375
4378 268
4379 1.75
4380 267.375
4381 267.375
4382 267.375
4383 267.375
4384 267.375
4385 267.375
4386 267.375
4387 267.375
4388 267.375
4389 267.375
4390 267.375
4391 267.375
4392 267.375
4393 267.375
4394 267.375
4395 267.375
4396 267.375
4397 267.375
4398 267.375
4399 267.375
4400 267.375
4401 267.375
4402 267.375
4403 267.375
4404 267.375
4405 267.375
4406 267.375
4407 267.375
4408 267.375
4409 267.375
4410 267.375
4411 267.375
4412 267.375
4413 267.375
4414 267.375
4415 267.375
4416 267.375
4417 267.375
4418 267.375
4419 267.375
4420 267.375
4421 267.375
4422 267.375
4423 267.375
4424 267.375
4425 267.375
4426 267.375
4427 267.375
4428 267.375
4429 267.375
4430 2.375
4431 2.375
4432 2.375
4433 2.375
4434 2.375
4435 2.375
4436 2.375
4437 2.375
4438 2.375
4439 2.375
4440 2.375
4441 2.375
4442 2.375
4443 2.375
4444 2.375
4445 2.375
4446 2.375
4447 2.375
4448 2.375
4449 2.375
4450 2.375
4451 2.375
4452 2.375
4453 2.375
4454 2.375
4455 2.375
4456 2.375
4457 2.375
4458 2.375
4459 2.375
4460 2.375
4461 2.375
4462 2.375
4463 2.375
4464 2.375
4465 99.875
4466 100.5
4467 1.75
4468 7.375
4469 1.75
4470 6.75
4471 7.375
4472 6.75
4473 1.75
4474 7.375
4475 1.75
4476 6.75
4477 7.375
4478 6.75
4479 6.75
4480 1.75
4481 7.375
4482 1.75
4483 6.75
4484 6.75
4485 6.75
4486 6.75
4487 6.75
4488 99.875
4489 99.875
4490 99.875
4491 99.875
4492 99.875
4493 99.875
4494 99.875
4495 99.875
4496 99.875
4497 99.875
4498 99.875
4499 99.875
4500 99.875
4501 99.875
4502 99.875
4503 99.875
4504 1.75
4505 100.5
4506 100.5
4507 6.75
4508 6.75
4509 6.75
4510 6.75
4511 6.75
4512 6.75
4513 6.75
4514 6.75
4515 6.75
4516 6.75
4517 6.75
4518 6.75
4519 6.75
4520 6.75
4521 6.75
4522 6.75
4523 6.75
4524 6.75
4525 6.75
4526 6.75
4527 6.75
4528 6.75
4529 99.875
4530 2.375
4531 99.875
4532 99.875
4533 99.875
4534 99.875
4535 2.375
4536 6.75
4537 6.75
4538 198.625
4539 198.625
4540 297.375
4541 198.625
4542 198.625
4543 198.625
4544 6.75
4545 6.75
4546 6.75
4547 6.75
4548 6.75
4549 6.75
4550 6.75
4551 6.75
4552 6.75
4553 6.75
4554 6.75
4555 6.75
4556 6.75
4557 6.75
4558 6.75
4559 6.75
4560 6.75
4561 6.75
4562 6.75
4563 6.75
4564 6.75
4565 6.75
4566 6.75
4567 6.75
4568 6.75
4569 6.75
4570 6.75
4571 6.75
4572 6.75
4573 6.75
4574 6.75
4575 6.75
4576 6.75
4577 6.75
4578 6.75
4579 6.75
4580 6.75
4581 6.75
4582 6.75
4583 6.75
4584 6.75
4585 6.75
4586 6.75
4587 6.75
4588 6.75
4589 6.75
4590 6.75
4591 6.75
4592 6.75
4593 6.75
4594 6.75
4595 6.75
4596 6.75
4597 6.75
4598 6.75
4599 6.75
4600 6.75
4601 6.75
4602 6.75
4603 6.75
4604 6.75
4605 6.75
4606 6.75
4607 6.75
4608 6.75
4609 6.75
4610 6.75
4611 99.875
4612 6.75
4613 6.75
4614 6.75
4615 6.75
4616 6.75
4617 6.75
4618 6.75
4619 6.75
4620 6.75
4621 6.75
4622 6.75
4623 6.75
4624 6.75
4625 6.75
4626 6.75
4627 6.75
4628 6.75
4629 6.75
4630 6.75
4631 6.75
4632 6.75
4633 6.75
4634 6.75
4635 6.75
4636 6.75
4637 6.75
4638 6.75
4639 6.75
4640 6.75
4641 6.75
4642 6.75
4643 6.75
4644 6.75
4645 6.75
4646 6.75
4647 6.75
4648 6.75
4649 6.75
4650 6.75
4651 1.75
4652 100.5
4653 6.75
4654 1.75
4655 100.5
4656 100.5
4657 100.5
4658 6.75
4659 6.75
4660 6.75
4661 6.75
4662 6.75
4663 6.75
4664 6.75
4665 6.75
4666 6.75
4667 6.75
4668 6.75
4669 6.75
4670 6.75
4671 6.75
4672 6.75
4673 6.75
4674 6.75
4675 6.75
4676 6.75
4677 6.75
4678 6.75
4679 6.75
4680 6.75
4681 6.75
4682 6.75
4683 6.75
4684 6.75
4685 6.75
4686 6.75
4687 6.75
4688 6.75
4689 6.75
4690 6.75
4691 1.75
4692 100.5
4693 100.5
4694 6.75
4695 6.75
4696 6.75
4697 6.75
4698 6.75
4699 6.75
4700 6.75
4701 6.75
4702 6.75
4703 6.75
4704 6.75
4705 6.75
4706 6.75
4707 6.75
4708 6.75
4709 6.75
4710 6.75
4711 6.75
4712 6.75
4713 6.75
4714 20.5
4715 19.25
4716 1.75
4717 19.875
4718 19.875
4719 1.75
4720 20.5
4721 1.75
4722 1.75
4723 20.5
4724 1.75
4725 20.5
4726 1.75
4727 20.5
4728 1.75
4729 20.5
4730 1.75
4731 20.5
4732 1.75
4733 99.875
4734 1.75
4735 198.625
4736 19.875
4737 99.875
4738 99.875
4739 99.875
4740 99.875
4741 19.875
4742 99.875
4743 198.625
4744 19.875
4745 20.5
4746 1.75
4747 198.625
4748 19.875
4749 19.875
4750 198.625
4751 20.5
4752 1.75
4753 198.625
4754 19.875
4755 99.875
4756 198.625
4757 19.875
4758 198.625
4759 297.375
4760 99.875
4761 1.75
4762 20.5
4763 99.875
4764 100.5
4765 1.75
4766 1.75
4767 20.5
4768 100.5
4769 1.75
4770 99.875
4771 1.75
4772 20.5
4773 99.875
4774 1.75
4775 20.5
4776 100.5
4777 1.75
4778 100.5
4779 1.75
4780 99.875
4781 1.75
4782 20.5
4783 100.5
4784 1.75
4785 99.875
4786 1.75
4787 20.5
4788 100.5
4789 1.75
4790 99.875
4791 1.75
4792 20.5
4793 99.875
4794 1.75
4795 20.5
4796 100.5
4797 1.75
4798 100.5
4799 1.75
4800 19.875
4801 19.875
4802 19.875
4803 99.875
4804 99.875
4805 99.875
4806 99.875
4807 19.875
4808 99.875
4809 1.75
4810 19.25
4811 19.875
4812 100.5
4813 1.75
4814 99.875
4815 1.75
4816 19.25
4817 100.5
4818 1.75
4819 99.875
4820 19.875
4821 1.75
4822 19.25
4823 100.5
4824 1.75
4825 99.875
4826 1.75
4827 19.25
4828 99.875
4829 100.5
4830 1.75
4831 1.75
4832 20.5
4833 99.875
4834 100.5
4835 1.75
4836 1.75
4837 20.5
4838 99.875
4839 100.5
4840 1.75
4841 1.75
4842 20.5
4843 99.875
4844 100.5
4845 1.75
4846 1.75
4847 20.5
4848 99.875
4849 100.5
4850 1.75
4851 1.75
4852 20.5
4853 100.5
4854 1.75
4855 1.75
4856 100.5
4857 100.5
4858 99.875
4859 99.875
4860 99.875
4861 99.875
4862 99.875
4863 1.75
4864 20.5
4865 100.5
4866 1.75
4867 19.875
4868 19.875
4869 19.875
4870 19.875
4871 19.875
4872 19.875
4873 19.875
4874 19.875
4875 19.875
4876 19.875
4877 19.875
4878 19.875
4879 19.875
4880 19.875
4881 19.875
4882 19.875
4883 19.875
4884 19.875
4885 19.875
4886 19.875
4887 19.875
4888 19.875
4889 19.875
4890 19.875
4891 19.875
4892 19.875
4893 19.875
4894 19.875
4895 19.875
4896 19.875
4897 19.875
4898 19.875
4899 19.875
4900 19.875
4901 19.875
4902 19.875
4903 19.875
4904 19.875
4905 19.875
4906 1.75
4907 19.875
4908 100.5
4909 100.5
4910 19.875
4911 19.875
4912 19.875
4913 19.875
4914 19.875
4915 19.875
4916 19.875
4917 19.875
4918 19.875
4919 19.875
4920 19.875
4921 19.875
4922 19.875
4923 19.875
4924 19.875
4925 19.875
4926 19.875
4927 19.875
4928 19.875
4929 19.875
4930 19.875
4931 19.875
4932 19.875
4933 19.875
4934 19.875
4935 19.875
4936 19.875
4937 19.875
4938 19.875
4939 19.875
4940 19.875
4941 19.875
4942 19.875
4943 19.875
4944 19.875
4945 19.875
4946 19.875
4947 19.875
4948 19.875
4949 19.875
4950 19.875
4951 19.875
4952 19.875
4953 19.875
4954 19.875
4955 19.875
4956 19.875
4957 19.875
4958 19.875
4959 19.875
4960 19.875
4961 19.875
4962 19.875
4963 19.875
4964 19.875
4965 19.875
4966 19.875
4967 19.875
4968 99.875
4969 19.875
4970 19.875
4971 19.875
4972 198.625
4973 99.875
4974 19.875
4975 99.875
4976 19.875
4977 19.875
4978 19.875
4979 99.875
4980 19.875
4981 19.875
4982 19.875
4983 19.875
4984 19.875
4985 19.875
4986 19.875
4987 19.875
4988 19.875
4989 19.875
4990 19.875
4991 19.875
4992 19.875
4993 19.875
4994 19.875
4995 19.875
4996 19.875
4997 19.875
4998 19.875
4999 19.875
5000 19.875
5001 19.875
5002 19.875
5003 19.875
5004 19.875
5005 19.875
5006 19.875
5007 19.875
5008 19.875
5009 19.875
5010 19.875
5011 19.875
5012 19.875
5013 19.875
5014 19.875
5015 19.875
5016 19.875
5017 19.875
5018 19.875
5019 19.875
5020 19.875
5021 19.875
5022 19.875
5023 19.875
5024 19.875
5025 19.875
5026 19.875
5027 19.875
5028 19.875
5029 19.875
5030 19.875
5031 19.875
5032 198.625
5033 198.625
5034 19.875
5035 19.875
5036 19.875
5037 19.875
5038 19.875
5039 297.375
5040 19.875
5041 19.875
5042 198.625
5043 19.875
5044 297.375
5045 19.875
5046 19.875
5047 19.875
5048 19.875
5049 19.875
5050 19.875
5051 19.875
5052 19.875
5053 19.875
5054 19.875
5055 19.875
5056 19.875
5057 19.875
5058 19.875
5059 19.875
5060 19.875
5061 19.875
5062 19.875
5063 19.875
5064 19.875
5065 19.875
5066 19.875
5067 19.875
5068 19.875
5069 19.875
5070 19.875
5071 19.875
5072 19.875
5073 19.875
5074 19.875
5075 19.875
5076 19.875
5077 19.875
5078 19.875
5079 19.875
5080 19.875
5081 19.875
5082 19.875
5083 19.875
5084 19.875
5085 19.875
5086 19.875
5087 19.875
5088 19.875
5089 19.875
5090 19.875
5091 19.875
5092 19.875
5093 19.875
5094 19.875
5095 19.875
5096 19.875
5097 19.875
5098 19.875
5099 19.875
5100 19.875
5101 19.875
5102 19.875
5103 19.875
5104 19.875
5105 19.875
5106 19.875
5107 19.875
5108 19.875
5109 19.875
5110 19.875
5111 19.875
5112 19.875
5113 19.875
5114 19.875
5115 19.875
5116 19.875
5117 19.875
5118 19.875
5119 19.875
5120 19.875
5121 19.875
5122 19.875
5123 19.875
5124 19.875
5125 19.875
5126 19.875
5127 19.875
5128 19.875
5129 19.875
5130 19.875
5131 19.875
5132 19.875
5133 19.875
5134 19.875
5135 19.875
5136 19.875
5137 19.875
5138 19.875
5139 19.875
5140 19.875
5141 19.875
5142 19.875
5143 19.875
5144 19.875
5145 19.875
5146 19.875
5147 19.875
5148 19.875
5149 19.875
5150 19.875
5151 19.875
5152 19.875
5153 19.875
5154 19.875
5155 19.875
5156 19.875
5157 19.875
5158 19.875
5159 19.875
5160 19.875
5161 19.875
5162 19.875
5163 19.875
5164 19.875
5165 19.875
5166 19.875
5167 19.875
5168 19.875
5169 19.875
5170 19.875
5171 19.875
5172 19.875
5173 19.875
5174 19.875
5175 19.875
5176 19.875
5177 19.875
5178 19.875
5179 19.875
5180 19.875
5181 19.875
5182 19.875
5183 19.875
5184 19.875
5185 19.875
5186 19.875
5187 19.875
5188 19.875
5189 19.875
5190 19.875
5191 19.875
5192 19.875
5193 19.875
5194 19.875
5195 19.875
5196 19.875
5197 19.875
5198 19.875
5199 19.875
5200 19.875
5201 19.875
5202 19.875
5203 19.875
5204 19.875
5205 19.875
5206 19.875
5207 19.875
5208 19.875
5209 19.875
5210 19.875
5211 19.875
5212 19.875
5213 19.875
5214 19.875
5215 19.875
5216 19.875
5217 19.875
5218 19.875
5219 19.875
5220 19.875
5221 19.875
5222 19.875
5223 19.875
5224 19.875
5225 19.875
5226 19.875
5227 19.875
5228 19.875
5229 19.875
5230 19.875
5231 19.875
5232 19.875
5233 19.875
5234 19.875
5235 19.875
5236 19.875
5237 19.875
5238 19.875
5239 19.875
5240 19.875
5241 19.875
5242 19.875
5243 19.875
5244 19.875
5245 19.875
5246 19.875
5247 19.875
5248 19.875
5249 19.875
5250 19.875
5251 19.875
5252 19.875
5253 19.875
5254 19.875
5255 19.875
5256 19.875
5257 19.875
5258 19.875
5259 19.875
5260 19.875
5261 19.875
5262 19.875
5263 19.875
5264 19.875
5265 19.875
5266 19.875
5267 19.875
5268 19.875
5269 19.875
5270 19.875
5271 19.875
5272 19.875
5273 19.875
5274 19.875
5275 19.875
5276 19.875
5277 19.875
5278 19.875
5279 19.875
5280 19.875
5281 19.875
5282 19.875
5283 19.875
5284 19.875
5285 19.875
5286 19.875
5287 19.875
5288 19.875
5289 19.875
5290 19.875
5291 19.875
5292 19.875
5293 19.875
5294 19.875
5295 19.875
5296 19.875
5297 19.875
5298 19.875
5299 19.875
5300 19.875
5301 19.875
5302 19.875
5303 19.875
5304 19.875
5305 19.875
5306 19.875
5307 19.875
5308 19.875
5309 19.875
5310 19.875
5311 19.875
5312 19.875
5313 19.875
5314 19.875
5315 19.875
5316 19.875
5317 19.875
5318 19.875
5319 19.875
5320 19.875
5321 19.875
5322 19.875
5323 19.875
5324 19.875
5325 19.875
5326 19.875
5327 19.875
5328 19.875
5329 19.875
5330 19.875
5331 19.875
5332 19.875
5333 19.875
5334 19.875
5335 19.875
5336 19.875
5337 19.875
5338 19.875
5339 19.875
5340 19.875
5341 19.875
5342 19.875
5343 19.875
5344 19.875
5345 19.875
5346 19.875
5347 19.875
5348 19.875
5349 19.875
5350 19.875
5351 19.875
5352 19.875
5353 19.875
5354 19.875
5355 19.875
5356 19.875
5357 19.875
5358 19.875
5359 19.875
5360 19.875
5361 19.875
5362 19.875
5363 19.875
5364 99.875
5365 1.75
5366 20.5
5367 99.875
5368 100.5
5369 1.75
5370 1.75
5371 20.5
5372 100.5
5373 1.75
5374 19.875
5375 19.875
5376 19.875
5377 19.875
5378 19.875
5379 19.875
5380 19.875
5381 19.875
5382 19.875
5383 19.875
5384 19.875
5385 19.875
5386 19.875
5387 19.875
5388 19.875
5389 19.875
5390 19.875
5391 99.875
5392 99.875
5393 19.875
5394 19.875
5395 198.625
5396 198.625
5397 19.875
5398 19.875
5399 19.875
5400 19.875
5401 19.875
5402 19.875
5403 19.875
5404 19.875
5405 19.875
5406 19.875
5407 19.875
5408 19.875
5409 19.875
5410 19.875
5411 19.875
5412 19.875
5413 99.875
5414 19.875
5415 1.75
5416 19.875
5417 19.875
5418 19.875
5419 19.875
5420 19.875
5421 19.875
5422 19.875
5423 19.875
5424 19.875
5425 19.875
5426 19.875
5427 19.875
5428 19.875
5429 19.875
5430 19.875
5431 19.875
5432 99.875
5433 1.75
5434 20.5
5435 99.875
5436 100.5
5437 1.75
5438 1.75
5439 20.5
5440 100.5
5441 1.75
5442 19.875
5443 19.875
5444 19.875
5445 19.875
5446 19.875
5447 19.875
5448 19.875
5449 19.875
5450 19.875
5451 19.875
5452 19.875
5453 19.875
5454 19.875
5455 19.875
5456 19.875
5457 19.875
5458 19.875
5459 19.875
5460 19.875
5461 19.875
5462 19.875
5463 19.875
5464 19.875
5465 19.875
5466 19.875
5467 19.875
5468 19.875
5469 19.875
5470 19.875
5471 19.875
5472 19.875
5473 19.875
5474 19.875
5475 19.875
5476 19.875
5477 19.875
5478 19.875
5479 19.875
5480 19.875
5481 19.875
5482 19.875
5483 19.875
5484 19.875
5485 19.875
5486 19.875
5487 19.875
5488 19.875
5489 19.875
5490 19.875
5491 19.875
5492 19.875
5493 19.875
5494 19.875
5495 19.875
5496 19.875
5497 19.875
5498 19.875
5499 19.875
5500 19.875
5501 19.875
5502 19.875
5503 19.875
5504 19.875
5505 19.875
5506 19.875
5507 19.875
5508 19.875
5509 19.875
5510 19.875
5511 19.875
5512 19.875
5513 19.875
5514 19.875
5515 19.875
5516 19.875
5517 19.875
5518 19.875
5519 19.875
5520 19.875
5521 19.875
5522 19.875
5523 19.875
5524 19.875
5525 19.875
5526 19.875
5527 19.875
5528 19.875
5529 19.875
5530 19.875
5531 19.875
5532 19.875
5533 19.875
5534 19.875
5535 19.875
5536 19.875
5537 19.875
5538 19.875
5539 19.875
5540 19.875
5541 19.875
5542 19.875
5543 19.875
5544 19.875
5545 19.875
5546 19.875
5547 19.875
5548 19.875
5549 19.875
5550 19.875
5551 19.875
5552 19.875
5553 19.875
5554 19.875
5555 19.875
5556 19.875
5557 19.875
5558 19.875
5559 19.875
5560 19.875
5561 19.875
5562 19.875
5563 19.875
5564 19.875
5565 19.875
5566 19.875
5567 19.875
5568 19.875
5569 19.875
5570 19.875
5571 19.875
5572 19.875
5573 19.875
5574 19.875
5575 19.875
5576 19.875
5577 19.875
5578 19.875
5579 19.875
5580 19.875
5581 19.875
5582 19.875
5583 19.875
5584 19.875
5585 1.75
5586 19.875
5587 100.5
5588 19.875
5589 100.5
5590 19.875
5591 19.875
5592 19.875
5593 19.875
5594 19.875
5595 19.875
5596 19.875
5597 19.875
5598 19.875
5599 19.875
5600 19.875
5601 19.875
5602 99.875
5603 198.625
5604 19.875
5605 19.875
5606 297.375
5607 19.875
5608 19.875
5609 19.875
5610 19.875
5611 19.875
5612 19.875
5613 19.875
5614 19.875
5615 19.875
5616 19.875
5617 19.875
5618 19.875
5619 19.875
5620 19.875
5621 19.875
5622 19.875
5623 19.875
5624 19.875
5625 19.875
5626 19.875
5627 19.875
5628 19.875
5629 19.875
5630 1.75
5631 100.5
5632 100.5
5633 19.875
5634 19.875
5635 19.875
5636 19.875
5637 19.875
5638 19.875
5639 19.875
5640 19.875
5641 19.875
5642 19.875
5643 19.875
5644 19.875
5645 19.875
5646 19.875
5647 99.875
5648 198.625
5649 297.375
5650 19.875
5651 19.875
5652 19.875
5653 19.875
5654 19.875
5655 19.875
5656 19.875
5657 19.875
5658 19.875
5659 19.875
5660 19.875
5661 19.875
5662 19.875
5663 19.875
5664 19.875
5665 19.875
5666 19.875
5667 19.875
5668 19.875
5669 19.875
5670 19.875
5671 19.875
5672 19.875
5673 19.875
5674 19.875
5675 19.875
5676 19.875
5677 19.875
5678 19.875
5679 19.875
5680 19.875
5681 19.875
5682 19.875
5683 19.875
5684 19.875
5685 19.875
5686 19.875
5687 19.875
5688 19.875
5689 19.875
5690 19.875
5691 19.875
5692 19.875
5693 19.875
5694 19.875
5695 19.875
5696 19.875
5697 19.875
5698 19.875
5699 19.875
5700 19.875
5701 19.875
5702 19.875
5703 19.875
5704 19.875
5705 19.875
5706 19.875
5707 19.875
5708 19.875
5709 19.875
5710 19.875
5711 19.875
5712 19.875
5713 19.875
5714 19.875
5715 19.875
5716 19.875
5717 19.875
5718 19.875
5719 19.875
5720 19.875
5721 19.875
5722 19.875
5723 19.875
5724 19.875
5725 19.875
5726 19.875
5727 19.875
5728 19.875
5729 19.875
5730 19.875
5731 19.875
5732 19.875
5733 19.875
5734 19.875
5735 19.875
5736 19.875
5737 2.375
5738 2.375
5739 2.375
5740 19.875
5741 19.875
5742 19.875
5743 19.875
5744 19.875
5745 19.875
5746 2.375
5747 19.875
5748 19.875
5749 19.875
5750 19.875
5751 2.375
5752 2.375
5753 2.375
5754 2.375
5755 2.375
5756 2.375
5757 2.375
5758 2.375
5759 2.375
5760 2.375
5761 2.375
5762 2.375
5763 2.375
5764 2.375
5765 2.375
5766 2.375
5767 2.375
5768 2.375
5769 2.375
5770 2.375
5771 2.375
5772 19.875
5773 19.875
5774 19.875
5775 19.875
5776 19.875
5777 19.875
5778 19.875
5779 19.875
5780 19.875
5781 19.875
5782 19.875
5783 19.875
5784 19.875
5785 19.875
5786 19.875
5787 19.875
5788 19.875
5789 19.875
5790 19.875
5791 19.875
5792 19.875
5793 19.875
5794 19.875
5795 19.875
5796 2.375
5797 2.375
5798 19.875
5799 19.875
5800 19.875
5801 19.875
5802 19.875
5803 19.875
5804 19.875
5805 19.875
5806 19.875
5807 19.875
5808 19.875
5809 19.875
5810 19.875
5811 19.875
5812 19.875
5813 19.875
5814 19.875
5815 19.875
5816 19.875
5817 19.875
5818 19.875
5819 19.875
5820 19.875
5821 19.875
5822 19.875
5823 19.875
5824 19.875
5825 19.875
5826 19.875
5827 19.875
5828 19.875
5829 19.875
5830 19.875
5831 19.875
5832 19.875
5833 19.875
5834 19.875
5835 19.875
5836 19.875
5837 19.875
5838 19.875
5839 19.875
5840 19.875
5841 19.875
5842 19.875
5843 19.875
5844 19.875
5845 19.875
5846 19.875
5847 19.875
5848 19.875
5849 19.875
5850 19.875
5851 19.875
5852 19.875
5853 19.875
5854 19.875
5855 19.875
5856 19.875
5857 19.875
5858 19.875
5859 19.875
5860 19.875
5861 19.875
5862 19.875
5863 19.875
5864 19.875
5865 19.875
5866 19.875
5867 19.875
5868 19.875
5869 19.875
5870 19.875
5871 19.875
5872 19.875
5873 19.875
5874 19.875
5875 19.875
5876 19.875
5877 19.875
5878 19.875
5879 19.875
5880 19.875
5881 19.875
5882 19.875
5883 19.875
5884 19.875
5885 19.875
5886 19.875
5887 19.875
5888 2.375
5889 19.875
5890 19.875
5891 19.875
5892 19.875
5893 19.875
5894 99.875
5895 99.875
5896 19.875
5897 19.875
5898 19.875
5899 19.875
5900 19.875
5901 19.875
5902 19.875
5903 19.875
5904 19.875
5905 19.875
5906 19.875
5907 19.875
5908 19.875
5909 19.875
5910 19.875
5911 19.875
5912 19.875
5913 19.875
5914 19.875
5915 19.875
5916 19.875
5917 19.875
5918 19.875
5919 19.875
5920 19.875
5921 19.875
5922 19.875
5923 19.875
5924 19.875
5925 19.875
5926 19.875
5927 19.875
5928 19.875
5929 19.875
5930 19.875
5931 1.75
5932 100.5
5933 1.75
5934 100.5
5935 19.875
5936 19.875
5937 100.5
5938 1.75
5939 100.5
5940 100.5
5941 100.5
5942 1.75
5943 100.5
5944 100.5
5945 19.875
5946 19.875
5947 19.875
5948 19.875
5949 19.875
5950 19.875
5951 19.875
5952 19.875
5953 99.875
5954 99.875
5955 99.875
5956 99.875
5957 99.875
5958 99.875
5959 99.875
5960 99.875
5961 19.875
5962 19.875
5963 2.375
5964 2.375
5965 2.375
5966 1.75
5967 100.5
5968 1.75
5969 100.5
5970 100.5
5971 1.75
5972 100.5
5973 1.75
5974 100.5
5975 100.5
5976 100.5
5977 100.5
5978 1.75
5979 100.5
5980 100.5
5981 1.75
5982 100.5
5983 100.5
5984 2.375
5985 2.375
5986 2.375
5987 2.375
5988 2.375
5989 2.375
5990 2.375
5991 2.375
5992 2.375
5993 2.375
5994 2.375
5995 2.375
5996 2.375
5997 2.375
5998 99.875
5999 1.75
6000 20.5
6001 99.875
6002 100.5
6003 1.75
6004 1.75
6005 20.5
6006 100.5
6007 1.75
6008 2.375
6009 99.875
6010 198.625
6011 19.875
6012 19.875
6013 19.875
6014 19.875
6015 19.875
6016 19.875
6017 19.875
6018 19.875
6019 19.875
6020 19.875
6021 19.875
6022 19.875
6023 19.875
6024 19.875
6025 19.875
6026 19.875
6027 19.875
6028 100.5
6029 99.875
6030 198.625
6031 19.875
6032 1.75
6033 1.125
6034 3.625
6035 1.75
6036 3.625
6037 1.75
6038 3.625
6039 1.75
6040 1.75
6041 1.75
6042 3
6043 1.75
6044 15.5
6045 1.75
6046 1.75
6047 1.75
6048 1.75
6049 4.25
6050 1.75
6051 1.75
6052 1.75
6053 1.75
6054 1.75
6055 1.75
6056 1.75
6057 1.75
6058 1.75
6059 1.75
6060 1.75
6061 1.75
6062 1.75
6063 1.75
6064 1.75
6065 1.75
6066 1.75
6067 1.75
