2688
2698
2689
2759
2699
2760
2856
2858
2859
2860
2861
2862
2863
2864
0
0
2700
2778
2780
2676
2701
2712
2677
2707
2682
2697
2692
2738
2737
2635
2691
2706
5042
4979
4980
4994
4995
5085
0
0
0
0
0
0
0
0
0
0
3971
4005
4003
4002
4001
3999
3998
3996
3994
3993
3992
3991
3990
3989
3988
3986
465
468
469
426
463
790
472
486
488
489
471
425
427
470
487
485
3221
3264
3250
3255
3246
3265
3248
3249
3251
3252
3253
3254
3245
3256
3257
3258
730
791
731
789
733
786
779
743
744
749
788
787
785
784
781
780
541
542
477
544
538
635
631
627
613
581
589
593
597
601
605
560
2975
0
0
0
0
0
0
0
0
0
0
0
0
0
0
0
2899
2912
2921
2920
2919
2918
2917
2916
2915
2914
2913
2911
2910
2909
2908
2907
3781
3784
3783
3785
3787
3788
3789
3786
3780
3782
3779
3790
0
0
0
0
4429
3403
4465
4493
4492
4491
4488
4489
4490
4481
4564
4558
4487
4486
4485
4484
2478
2517
2518
2479
2525
2528
2608
2623
2624
2625
2627
2628
2629
0
0
0
2480
2520
2519
2575
2571
2574
0
0
0
0
0
0
0
0
0
0
5606
5603
4747
5371
5366
5439
4847
4842
4837
4792
4787
4782
4775
4772
4767
4751
710
711
712
713
714
715
716
0
0
0
0
0
0
0
0
0
5649
5648
5644
5651
5653
5712
5693
5711
5710
5709
5708
5707
5706
5705
5704
5703
2589
2592
2590
2649
2591
2601
0
0
0
0
0
0
0
0
0
0
3303
3304
3360
3329
3332
3326
3333
3342
3346
3357
3361
3370
3315
3313
3310
3309
3275
3226
3269
3227
3268
3272
3273
3274
3276
3212
0
0
0
0
0
0
4858
4859
0
0
0
0
0
0
0
0
0
0
0
0
0
0
4412
4413
4422
4423
4569
4571
4572
4573
4574
4575
4576
4577
0
0
0
0
831
811
816
962
928
927
926
925
947
939
940
941
942
943
944
945
724
725
750
751
753
754
755
771
772
773
777
792
794
795
2775
0
3598
3597
3600
3596
3
212
286
280
192
213
206
207
232
241
245
284
2505
2507
2730
2731
2732
2733
2506
2734
0
0
0
0
0
0
0
0
5969
6002
6006
5983
5982
5980
5979
5977
5976
5975
5974
5972
5970
6029
6001
5998
4079
0
0
0
0
0
0
0
0
0
0
0
0
0
0
0
552
571
639
640
553
555
0
0
0
0
0
0
0
0
0
0
2144
2125
2140
2227
2215
2201
2202
2203
2204
2205
2206
2207
2208
2209
2210
2211
2389
2497
1564
2279
2383
2314
2313
2304
2610
2609
1616
2278
1617
1611
1602
1576
3282
3297
3298
3299
3283
3388
3281
0
0
0
0
0
0
0
0
0
3695
3697
3905
3904
3903
3872
3868
3864
3804
3803
3725
3724
3723
3722
3720
3716
3760
3763
3791
3762
3893
3908
3761
3764
3757
3874
3891
3892
0
0
0
0
4657
4656
4693
4692
4742
4739
4737
4795
4714
4762
4745
4731
4729
4727
4725
4723
3652
3649
3650
0
0
0
0
0
0
0
0
0
0
0
0
0
3901
3902
3914
3915
3916
3917
3918
4007
0
0
0
0
0
0
0
0
3507
0
0
0
0
0
0
0
0
0
0
0
0
0
0
0
2713
2714
2717
2721
2722
2723
2724
2725
2726
2727
2728
2729
2720
2716
0
0
3288
3289
3290
3293
3295
3296
0
0
0
0
0
0
0
0
0
0
3735
3738
3739
3740
3741
3742
3743
3744
3745
3752
3756
0
0
0
0
0
4498
0
0
0
0
0
0
0
0
0
0
0
0
0
0
0
5960
454
2465
3218
3134
3091
2965
2472
2469
2466
2081
2464
2463
2102
2097
2092
4253
4252
4256
4262
4284
4313
4398
4442
4261
4263
4264
4270
4271
4272
4269
4266
3793
3795
3828
3792
3794
451
1988
1989
0
0
0
0
0
0
0
0
2893
2740
2826
2846
2845
2841
2840
2839
2836
2835
2834
2833
2831
2830
2829
2828
