2  1
3  1
2  4
3  4
6  5
3  5
6  7
3  7
6  8
3  8
6  9
3  9
6  10
3  10
6  11
3  11
6  12
3  12
6  13
3  13
6  14
3  14
6  15
3  15
6  16
3  16
6  17
3  17
6  18
3  18
6  19
3  19
6  20
3  20
6  21
3  21
6  22
3  22
6  23
3  23
6  24
3  24
6  25
3  25
6  26
3  26
6  27
3  27
6  28
3  28
6  29
3  29
6  30
3  30
6  31
3  31
6  32
3  32
6  33
3  33
6  34
3  34
6  35
3  35
6  36
3  36
6  37
3  37
6  38
3  38
6  39
3  39
6  40
3  40
6  41
3  41
6  42
3  42
6  43
3  43
6  44
3  44
6  45
3  45
6  46
3  46
6  47
3  47
6  48
3  48
6  49
3  49
6  50
3  50
6  51
3  51
6  52
3  52
6  53
3  53
6  54
3  54
6  55
3  55
6  56
3  56
6  57
3  57
6  58
3  58
6  59
3  59
6  60
3  60
6  61
3  61
6  62
3  62
6  63
3  63
6  64
3  64
6  65
3  65
6  66
3  66
6  67
3  67
6  68
3  68
6  69
3  69
6  70
3  70
6  71
3  71
6  72
3  72
6  73
3  73
6  74
3  74
6  75
3  75
6  76
3  76
6  77
3  77
6  78
3  78
6  79
3  79
6  80
3  80
6  81
3  81
6  82
3  82
6  83
3  83
6  84
3  84
6  85
3  85
6  86
3  86
6  87
3  87
6  88
3  88
6  89
3  89
6  90
3  90
6  91
3  91
6  92
3  92
6  93
3  93
6  94
3  94
6  95
3  95
6  96
3  96
6  97
3  97
6  98
3  98
6  99
3  99
6  100
3  100
6  101
3  101
6  102
3  102
6  103
3  103
6  104
3  104
6  105
3  105
6  106
3  106
6  107
3  107
6  108
3  108
6  109
3  109
6  110
3  110
6  111
3  111
6  112
3  112
6  113
3  113
6  114
3  114
6  115
3  115
6  116
3  116
6  117
3  117
6  118
3  118
6  119
3  119
6  120
3  120
6  121
3  121
6  122
3  122
6  123
3  123
6  124
3  124
6  125
3  125
6  126
3  126
6  127
3  127
6  128
3  128
6  129
3  129
6  130
3  130
6  131
3  131
6  132
3  132
6  133
3  133
6  134
3  134
6  135
3  135
6  136
3  136
6  137
3  137
6  138
3  138
6  139
3  139
6  140
3  140
6  141
3  141
6  142
3  142
6  143
3  143
6  144
3  144
6  145
3  145
6  146
3  146
6  147
3  147
6  148
3  148
6  149
3  149
6  150
3  150
6  151
3  151
6  152
3  152
6  153
3  153
155  154
3  154
155  156
3  156
155  157
3  157
6  158
3  158
6  159
3  159
6  160
3  160
6  161
3  161
6  162
3  162
6  163
3  163
6  164
3  164
6  165
3  165
6  166
3  166
6  167
3  167
6  168
3  168
6  169
3  169
6  170
3  170
6  171
3  171
6  172
3  172
6  173
3  173
6  174
3  174
6  175
3  175
6  176
3  176
6  177
3  177
6  178
3  178
6  179
3  179
6  180
3  180
6  181
3  181
155  182
3  182
184  183
3  183
155  185
3  185
155  186
3  186
155  187
3  187
155  188
3  188
155  189
3  189
155  190
3  190
155  191
3  191
155  192
3  192
194  193
3  193
155  195
3  195
155  196
3  196
155  197
3  197
155  198
3  198
155  199
3  199
155  200
3  200
155  201
3  201
155  202
3  202
155  203
3  203
155  204
3  204
155  205
3  205
155  206
3  206
155  207
3  207
155  208
3  208
155  209
3  209
211  210
3  210
155  212
3  212
155  213
3  213
155  214
3  214
216  215
3  215
216  217
3  217
216  218
3  218
216  219
3  219
216  220
3  220
216  221
3  221
223  222
3  222
225  224
3  224
225  226
3  226
225  227
3  227
225  228
3  228
225  229
3  229
231  230
3  230
223  232
3  232
234  233
3  233
236  235
3  235
155  237
3  237
239  238
3  238
223  240
3  240
242  241
3  241
223  243
3  243
155  244
3  244
223  245
3  245
155  246
3  246
155  247
3  247
239  248
3  248
250  249
3  249
155  251
3  251
223  252
3  252
155  253
3  253
155  254
3  254
236  255
3  255
236  256
3  256
236  257
3  257
236  258
3  258
236  259
3  259
236  260
3  260
236  261
3  261
236  262
3  262
236  263
3  263
236  264
3  264
236  265
3  265
236  266
3  266
236  267
3  267
236  268
3  268
236  269
3  269
236  270
3  270
236  271
3  271
250  272
3  272
211  273
3  273
155  274
3  274
155  275
3  275
277  276
3  276
155  278
3  278
155  279
3  279
281  280
3  280
283  282
3  282
277  284
3  284
283  285
3  285
287  286
3  286
277  288
3  288
290  289
3  289
277  291
3  291
277  292
3  292
277  293
3  293
287  294
3  294
155  295
3  295
297  296
3  296
299  298
3  298
155  300
3  300
277  301
3  301
277  302
3  302
277  303
3  303
277  304
3  304
277  305
3  305
277  306
3  306
277  307
3  307
277  308
3  308
277  309
3  309
277  310
3  310
277  311
3  311
287  312
3  312
287  313
3  313
287  314
3  314
287  315
3  315
287  316
3  316
287  317
3  317
287  318
3  318
287  319
3  319
287  320
3  320
287  321
3  321
287  322
3  322
287  323
3  323
287  324
3  324
287  325
3  325
287  326
3  326
287  327
3  327
287  328
3  328
155  329
3  329
287  330
3  330
287  331
3  331
155  332
3  332
287  333
3  333
287  334
3  334
277  335
3  335
299  336
3  336
338  337
3  337
340  339
3  339
277  341
3  341
343  342
3  342
277  344
3  344
287  345
3  345
277  346
3  346
277  347
3  347
299  348
3  348
287  349
3  349
287  350
3  350
352  351
351  351
155  353
3  353
287  354
3  354
6  355
3  355
6  356
3  356
6  357
3  357
6  358
3  358
6  359
3  359
155  360
3  360
6  361
3  361
338  362
3  362
338  363
3  363
6  364
3  364
6  365
3  365
6  366
3  366
277  367
3  367
369  368
3  368
371  370
3  370
155  372
3  372
374  373
3  373
6  375
3  375
377  376
3  376
6  378
3  378
6  379
3  379
381  380
3  380
383  382
3  382
385  384
3  384
6  386
3  386
388  387
3  387
390  389
3  389
381  391
3  391
393  392
3  392
395  394
3  394
397  396
3  396
399  398
3  398
381  400
3  400
402  401
3  401
404  403
3  403
406  405
3  405
408  407
3  407
6  409
3  409
6  410
3  410
155  411
3  411
6  412
3  412
6  413
3  413
6  414
3  414
6  415
3  415
6  416
3  416
6  417
3  417
6  418
3  418
155  419
3  419
421  420
3  420
421  422
3  422
421  423
3  423
425  424
3  424
427  426
3  426
427  428
3  428
427  429
3  429
427  430
3  430
421  431
3  431
433  432
3  432
433  434
3  434
433  435
3  435
433  436
3  436
433  437
3  437
433  438
3  438
433  439
3  439
433  440
3  440
433  441
3  441
433  442
3  442
155  443
3  443
6  444
3  444
155  445
3  445
155  446
3  446
6  447
3  447
155  448
3  448
6  449
3  449
155  450
3  450
452  451
452  451
454  453
454  453
454  453
454  455
453  454
453  455
454  453
454  456
453  454
453  456
454  453
454  457
454  457
454  457
454  458
457  454
457  458
454  457
454  459
457  454
457  459
454  457
452  451
452  451
454  460
454  460
454  460
454  461
460  454
460  461
454  460
454  462
460  454
460  462
454  460
454  463
454  463
454  463
454  464
463  454
463  464
454  463
454  465
463  454
463  465
454  463
452  451
452  451
467  466
467  466
469  468
469  470
469  470
470  469
469  471
470  471
469  468
468  469
469  472
468  472
472  466
472  466
472  466
472  466
474  473
473  475
473  475
476  473
476  473
477  473
477  473
478  473
478  473
479  473
479  473
480  473
473  481
473  482
480  473
473  483
472  473
472  473
469  484
469  485
469  485
485  469
469  486
485  486
469  487
469  487
487  469
469  488
487  488
469  484
484  469
469  489
484  489
489  473
489  473
489  473
486  473
486  473
488  473
488  473
489  473
473  490
473  491
473  473
452  451
452  451
454  492
454  492
454  492
454  493
492  454
492  493
454  492
454  494
492  454
492  494
454  492
454  495
454  495
454  495
454  496
495  454
495  496
454  495
454  497
495  454
495  497
454  495
454  498
454  499
454  500
454  501
454  502
454  503
454  504
454  505
454  506
454  507
454  508
454  509
454  510
454  511
454  512
454  513
454  514
454  515
454  516
454  517
454  518
454  519
454  520
454  521
454  522
454  523
454  524
454  525
454  526
454  526
454  526
528  527
528  529
527  528
527  529
454  530
454  530
454  530
528  531
528  532
531  528
531  532
454  533
454  533
454  533
528  534
528  535
534  528
534  535
454  536
454  536
454  536
528  537
528  538
537  528
537  538
454  539
540  454
540  539
454  541
542  454
542  541
454  543
544  454
544  543
454  545
546  454
546  545
454  547
454  547
454  547
528  548
528  549
548  528
548  549
454  550
551  454
551  550
454  552
454  552
454  552
528  553
454  554
528  555
553  528
553  555
454  556
454  557
558  454
558  557
454  559
454  559
454  559
528  560
528  561
560  528
560  561
454  562
563  454
563  562
454  564
454  564
454  564
452  451
528  565
528  566
565  528
565  566
452  451
454  567
568  454
568  567
528  569
528  570
528  571
528  572
454  573
454  574
454  575
454  576
528  577
454  578
454  579
528  580
528  581
454  582
454  583
528  584
528  585
528  586
528  587
528  588
528  589
528  590
528  591
528  592
528  593
528  594
528  595
528  596
528  597
528  598
528  599
528  600
528  601
528  602
528  603
528  604
528  605
528  606
528  607
528  608
528  609
528  610
528  611
528  612
528  613
528  614
528  615
528  616
528  617
528  618
528  619
528  620
528  621
528  622
528  623
528  624
528  625
528  626
528  627
528  628
528  629
528  630
528  631
528  632
528  633
528  634
528  635
528  636
528  637
528  638
528  639
528  640
528  641
528  642
528  643
528  644
528  645
528  646
528  647
528  648
528  649
528  650
528  651
528  652
528  653
528  654
528  655
528  656
528  657
528  658
528  659
528  660
528  661
528  662
528  663
528  664
528  665
528  666
528  667
528  668
528  669
528  670
528  671
528  672
528  673
528  674
528  675
528  676
528  677
528  678
528  679
528  680
528  681
528  682
528  683
528  684
528  685
528  686
528  687
528  688
528  689
528  690
528  691
528  692
528  693
528  694
528  695
528  696
528  697
528  698
528  699
528  700
528  701
528  702
528  703
528  704
454  705
454  705
454  705
454  706
705  454
705  706
454  705
454  707
705  454
705  707
454  705
454  708
454  708
454  708
454  709
708  454
708  709
454  708
454  710
708  454
708  710
454  708
454  711
454  711
454  711
454  712
711  454
711  712
454  711
454  713
711  454
711  713
454  711
454  714
454  715
454  716
454  717
454  718
454  718
454  718
454  719
718  454
718  719
454  718
454  720
454  720
454  721
718  454
718  721
454  720
454  718
454  722
720  454
720  722
454  720
454  723
454  723
454  723
454  724
720  454
720  724
454  725
723  454
723  725
454  720
454  723
454  726
723  454
723  726
454  723
454  727
454  728
454  729
454  729
454  729
454  730
729  454
729  730
454  729
454  731
729  454
729  731
454  729
454  732
454  732
454  732
454  733
732  454
732  733
454  732
454  734
732  454
732  734
454  732
454  735
454  736
454  737
454  738
454  739
454  740
454  741
454  742
454  743
454  744
746  745
746  747
746  748
746  749
746  750
746  751
746  752
746  753
746  754
746  755
746  756
746  757
746  758
746  759
746  760
746  761
746  762
746  763
746  764
746  765
746  766
746  767
746  768
746  769
746  770
746  771
746  772
454  773
454  773
454  773
454  774
773  454
773  774
454  773
454  775
773  454
773  775
454  773
746  776
746  777
454  778
454  778
454  778
454  779
778  454
778  779
746  780
454  778
746  781
746  782
746  783
746  784
746  785
454  786
778  454
778  786
454  778
454  787
454  787
746  788
454  787
454  789
787  454
787  789
746  790
454  787
454  791
787  454
787  791
454  787
746  792
746  793
746  794
746  795
454  796
454  796
454  796
454  797
796  454
796  797
454  796
454  798
796  454
796  798
454  796
454  799
454  799
454  799
454  800
799  454
799  800
454  799
454  801
799  454
799  801
454  799
454  802
454  802
454  802
454  803
802  454
802  803
454  802
746  804
746  805
454  806
802  454
802  806
454  802
746  807
454  808
454  808
454  808
454  809
808  454
808  809
454  808
454  810
808  454
808  810
454  808
454  811
454  811
746  812
454  811
746  813
746  814
746  815
454  816
811  454
811  816
746  817
746  818
746  819
746  820
746  821
746  822
746  823
454  811
746  824
746  825
746  826
746  827
746  828
746  829
746  830
454  831
811  454
811  831
454  811
746  832
746  833
746  834
746  835
746  836
746  837
746  838
746  839
746  840
746  841
746  842
746  843
746  844
746  845
746  846
746  847
746  848
746  849
746  850
746  851
746  852
746  853
746  854
746  855
746  856
746  857
746  858
746  859
746  860
746  861
746  862
746  863
746  864
746  865
746  866
746  867
746  868
746  869
746  870
746  871
746  872
746  873
746  874
746  875
746  876
746  877
746  878
746  879
746  880
746  881
746  882
746  883
746  884
746  885
746  886
746  887
746  888
746  889
746  890
746  891
746  892
746  893
746  894
746  895
746  896
746  897
746  898
746  746
899  899
900  900
902  901
902  903
902  904
902  905
902  906
902  907
902  908
902  909
902  910
902  911
902  912
902  913
902  914
902  915
902  916
902  917
902  918
902  919
902  920
902  921
902  922
902  902
923  923
924  924
454  925
454  926
454  927
454  928
930  929
930  931
930  932
930  933
930  934
930  935
930  936
930  937
930  938
930  939
930  940
930  941
930  942
930  943
930  944
930  945
930  946
930  947
930  948
930  949
930  950
930  951
930  952
930  953
930  954
930  955
930  956
930  957
930  958
930  959
930  960
930  961
454  962
930  963
454  964
930  965
930  966
930  967
930  968
930  969
930  970
930  971
930  972
930  973
930  974
930  975
930  976
930  977
930  978
930  979
930  980
930  981
930  982
930  983
930  984
930  985
930  986
930  987
930  988
930  989
930  990
930  991
930  992
930  993
930  994
930  995
930  996
930  997
930  998
930  999
930  1000
930  1001
930  1002
930  1003
930  1004
930  1005
930  1006
930  1007
930  1008
930  1009
930  1010
930  1011
930  1012
930  1013
930  1014
930  1015
930  1016
930  1017
930  1018
930  1019
930  1020
930  1021
930  1022
930  1023
930  1024
930  1025
930  1026
930  1027
930  1028
930  1029
930  1030
930  1031
930  1032
930  1033
930  1034
930  1035
930  1036
930  1037
930  1038
930  1039
930  1040
930  1041
930  1042
930  1043
930  1044
930  1045
930  1046
930  1047
930  1048
930  1049
930  1050
930  1051
930  1052
930  1053
930  1054
930  1055
930  1056
930  1057
930  1058
930  1059
930  1060
930  1061
930  1062
930  1063
930  1064
930  1065
930  1066
930  1067
930  1068
930  1069
930  1070
930  1071
930  1072
930  1073
930  1074
930  1075
930  1076
930  1077
930  1078
930  1079
930  1080
930  1081
930  1082
930  1083
930  1084
930  1085
930  1086
930  1087
930  1088
930  1089
930  1090
930  1091
930  1092
930  1093
930  1094
930  1095
930  1096
930  1097
930  1098
930  1099
930  1100
930  1101
930  1102
930  1103
930  1104
930  1105
930  1106
930  1107
930  1108
930  1109
930  1110
930  1111
930  1112
930  1113
930  1114
930  1115
930  1116
930  1117
930  1118
930  1119
930  1120
930  1121
930  1122
930  1123
930  1124
930  1125
930  1126
930  1127
930  1128
930  1129
930  1130
930  1131
930  1132
930  1133
930  1134
930  1135
930  1136
930  1137
930  1138
930  1139
930  1140
930  1141
930  1142
930  1143
930  1144
930  1145
930  1146
930  1147
930  1148
930  1149
930  1150
930  1151
930  1152
930  1153
930  1154
930  1155
930  1156
930  1157
930  1158
930  1159
930  1160
930  1161
930  1162
930  1163
930  1164
930  930
1165  1165
1166  1166
1168  1167
1168  1169
1168  1170
1168  1171
1168  1172
1168  1173
1168  1174
1168  1175
1168  1176
1168  1177
1168  1178
1168  1179
1168  1180
1168  1181
1168  1182
1168  1183
1168  1184
1168  1185
1168  1186
1168  1187
1168  1188
1168  1189
1168  1190
1168  1191
1168  1192
1168  1193
1168  1194
1168  1195
1168  1196
1168  1197
1168  1198
1168  1199
1168  1200
1168  1201
1168  1202
1168  1203
1168  1204
1168  1205
1168  1206
1168  1207
1168  1208
1168  1209
1168  1210
1168  1211
1168  1212
1168  1213
1168  1214
1168  1215
1168  1216
1168  1217
1168  1218
1168  1219
1168  1220
1168  1221
1168  1222
1168  1223
1168  1224
1168  1225
1168  1226
1168  1227
1168  1228
1168  1229
1168  1230
1168  1231
1168  1232
1168  1233
1168  1234
1168  1235
1168  1236
1168  1237
1168  1238
1168  1239
1168  1240
1168  1241
1168  1242
1168  1243
1168  1244
1168  1245
1168  1246
1168  1247
1168  1248
1168  1249
1168  1250
1168  1251
1168  1252
1168  1253
1168  1254
1168  1255
1168  1256
1168  1257
1168  1258
1168  1259
1168  1260
1168  1261
1168  1262
1168  1263
1168  1264
1168  1265
1168  1266
1168  1267
1168  1268
1168  1269
1168  1270
1168  1271
1168  1272
1168  1273
1168  1274
1168  1275
1168  1276
1168  1277
1168  1278
1168  1279
1168  1280
1168  1281
1168  1282
1168  1283
1168  1284
1168  1285
1168  1286
1168  1287
1168  1288
1168  1289
1168  1290
1168  1291
1168  1292
1168  1293
1168  1294
1168  1295
1168  1296
1168  1297
1168  1298
1168  1299
1168  1300
1168  1301
1168  1302
1168  1303
1168  1304
1168  1305
1168  1306
1168  1307
1168  1308
1168  1309
1168  1310
1168  1311
1168  1312
1168  1313
1168  1314
1168  1315
1168  1316
1168  1317
1168  1318
1168  1319
1168  1320
1168  1321
1168  1322
1168  1323
1168  1324
1168  1325
1168  1326
1168  1327
1168  1328
1168  1329
1168  1330
1168  1331
1168  1332
1168  1333
1168  1334
1168  1335
1168  1336
1168  1337
1168  1338
1168  1339
1168  1340
1168  1341
1168  1342
1168  1343
1168  1344
1168  1345
1168  1346
1168  1347
1168  1348
1168  1349
1168  1350
1168  1351
1168  1352
1168  1353
1168  1354
1168  1355
1168  1356
1168  1357
1168  1358
1168  1359
1168  1360
1168  1361
1168  1362
1168  1363
1168  1364
1168  1365
1168  1366
1168  1367
1168  1368
1168  1369
1168  1370
1168  1371
1168  1372
1168  1373
1168  1374
1168  1375
1168  1376
1168  1377
1168  1378
1168  1379
1168  1380
1168  1381
1168  1382
1168  1383
1168  1384
1168  1385
1168  1386
1168  1387
1168  1388
1168  1389
1168  1390
1168  1391
1168  1392
1168  1393
1168  1394
1168  1395
1168  1396
1168  1397
1168  1398
1168  1399
1168  1400
1168  1401
1168  1402
1168  1403
1168  1404
1168  1405
1168  1406
1168  1407
1168  1408
1168  1409
1168  1410
1168  1411
1168  1412
1168  1413
1168  1414
1168  1415
1168  1416
1168  1417
1168  1418
1168  1419
1168  1420
1168  1421
1168  1422
1168  1423
1168  1424
1168  1425
1168  1426
1168  1427
1168  1428
1168  1429
1168  1430
1168  1431
1168  1432
1168  1433
1168  1434
1168  1435
1168  1436
1168  1437
1168  1438
1168  1439
1168  1440
1168  1441
1168  1442
1168  1443
1168  1444
1168  1445
1168  1446
1168  1447
1168  1448
1168  1449
1168  1450
1168  1451
1168  1452
1168  1453
1168  1454
1168  1455
1168  1456
1168  1457
1168  1458
1168  1459
1168  1460
1168  1461
1168  1462
1168  1463
1168  1464
1168  1465
1168  1466
1168  1467
1168  1468
1168  1469
1168  1470
1168  1471
1168  1472
1168  1473
1168  1474
1168  1475
1168  1476
1168  1477
1168  1478
1168  1479
1168  1480
1168  1481
1168  1482
1168  1483
1168  1484
1168  1485
1168  1486
1168  1487
1168  1488
1168  1489
1168  1490
1168  1491
1168  1492
1168  1493
1168  1494
1168  1495
1168  1496
1168  1497
1168  1498
1168  1499
1168  1500
1168  1501
1168  1502
1168  1503
1168  1504
1168  1505
1168  1506
1168  1507
1168  1508
1168  1509
1168  1510
1168  1511
1168  1512
1168  1513
1168  1514
1168  1515
1168  1516
1168  1517
1168  1518
1168  1519
1168  1520
1168  1521
1168  1522
1168  1523
1168  1524
1168  1525
1168  1526
1168  1527
1168  1528
1168  1529
1168  1530
1168  1531
1168  1532
1168  1533
1168  1534
1168  1535
1168  1536
1168  1537
1168  1538
1168  1539
1168  1540
1168  1541
1168  1542
1168  1543
1168  1544
1168  1545
1168  1546
1168  1547
1168  1548
1168  1549
1168  1550
1168  1551
1168  1552
1168  1553
1168  1554
1168  1555
1168  1556
1168  1557
1168  1558
1168  1559
1168  1560
1168  1561
1168  1562
1168  1563
1168  1564
1168  1565
1168  1566
1168  1567
1168  1568
1168  1569
1168  1570
1168  1571
1168  1572
1168  1573
1168  1574
1168  1575
1168  1576
1168  1577
1168  1578
1168  1579
1168  1580
1168  1581
1168  1582
1168  1583
1168  1584
1168  1585
1168  1586
1168  1587
1168  1588
1168  1589
1168  1590
1168  1591
1168  1592
1168  1593
1168  1594
1168  1595
1168  1596
1168  1597
1168  1598
1168  1599
1168  1600
1168  1601
1168  1602
1168  1603
1168  1604
1168  1605
1168  1606
1168  1607
1168  1608
1168  1609
1168  1610
1168  1611
1168  1612
1168  1613
1168  1614
1168  1615
1168  1616
1168  1617
1168  1618
1168  1619
1168  1620
1168  1621
1168  1622
1168  1623
1168  1624
1168  1625
1168  1626
1168  1627
1168  1628
1168  1629
1168  1630
1168  1631
1168  1632
1168  1633
1168  1634
1168  1635
1168  1636
1168  1637
1168  1638
1168  1639
1168  1640
1168  1641
1168  1642
1168  1643
1168  1644
1168  1645
1168  1646
1168  1647
1168  1648
1168  1649
1168  1650
1168  1651
1168  1652
1168  1653
1168  1654
1168  1655
1168  1656
1168  1657
1168  1658
1168  1659
1168  1660
1168  1661
1168  1662
1168  1663
1168  1664
1168  1665
1168  1666
1168  1667
1168  1668
1168  1669
1168  1670
1168  1671
1168  1672
1168  1673
1168  1674
1168  1675
1168  1676
1168  1677
1168  1678
1168  1679
1168  1680
1168  1681
1168  1682
1168  1683
1168  1684
1168  1685
1168  1686
1168  1687
1168  1688
1168  1689
1168  1690
1168  1691
1168  1692
1168  1693
1168  1694
1168  1695
1168  1696
1168  1697
1168  1698
1168  1699
1168  1700
1168  1701
1168  1702
1168  1703
1168  1704
1168  1705
1168  1706
1168  1707
1168  1708
1168  1168
1709  1709
454  1710
454  1711
1712  454
454  1713
1712  454
1712  1713
1712  454
1712  454
1712  454
454  1714
454  1715
1717  1716
1712  454
1717  1718
454  1719
1712  454
1712  1719
1717  1720
1717  1721
1712  454
1712  454
1712  454
454  1722
454  1723
1717  1724
1717  1725
1717  1726
1717  1727
1717  1728
1717  1729
454  1730
454  1731
454  1732
454  1733
1717  1734
1717  1735
1717  1736
1717  1737
1717  1738
1717  1739
1717  1740
1717  1741
1717  1742
1717  1743
454  1744
1717  1745
1717  1746
454  1747
1717  1748
1717  1749
1717  1750
1717  1751
454  1752
454  1753
454  1754
1717  1755
454  1756
1717  1757
1717  1758
1717  1759
454  1760
454  1761
1717  1762
1717  1763
1717  1764
454  1765
1717  1766
454  1767
1717  1768
1717  1769
454  1770
454  1771
1717  1772
1717  1773
1717  1774
1717  1775
454  1776
454  1777
454  1778
1717  1779
454  1780
1717  1781
454  1782
454  1783
1717  1784
1717  1785
1717  1786
1717  1787
1717  1788
1717  1789
1717  1790
1717  1791
1717  1792
1717  1793
1717  1794
1717  1795
1717  1796
1717  1797
1717  1798
1717  1799
1717  1800
1717  1801
452  451
452  451
1717  1802
1717  1803
1717  1804
1717  1805
1717  1806
1717  1807
1717  1808
1717  1809
1717  1810
1717  1811
1717  1812
1717  1813
1717  1814
1717  1815
1717  1816
1717  1817
1717  1818
1717  1819
1717  1820
1717  1821
1717  1822
1717  1823
1717  1824
1717  1825
1717  1826
1717  1827
1717  1828
1717  1829
1717  1830
1717  1831
1717  1832
1717  1833
1717  1834
1717  1835
1717  1836
1717  1837
1717  1838
1717  1839
1717  1840
1717  1841
1717  1842
1717  1843
1717  1844
1717  1845
1717  1846
1717  1847
1717  1848
1717  1849
1717  1850
1717  1851
1717  1852
1717  1853
1717  1854
1717  1855
1717  1856
1717  1857
1717  1858
1717  1859
1717  1860
1717  1861
1717  1862
1717  1863
1717  1864
1717  1865
1717  1866
1717  1867
1717  1868
1717  1869
1717  1870
1717  1871
1717  1872
1717  1873
1717  1874
1717  1875
1717  1876
1717  1877
1717  1878
1717  1879
1717  1880
1717  1881
1717  1882
1717  1883
1717  1884
1717  1885
1717  1886
1717  1887
1717  1888
1717  1889
1717  1890
1717  1891
1717  1892
1717  1893
1717  1894
1717  1895
1717  1896
1717  1897
1717  1898
1717  1899
1717  1900
1717  1901
1717  1902
1717  1903
1717  1904
1717  1905
1717  1906
1717  1907
1717  1908
1717  1909
1717  1910
1717  1911
1717  1912
1717  1913
1717  1914
1717  1915
1717  1916
1717  1917
1717  1918
1717  1919
1717  1920
1717  1921
1717  1922
1717  1923
1717  1924
1717  1925
1717  1926
1717  1927
1717  1928
1717  1929
1717  1930
1717  1931
1717  1932
1717  1933
1717  1934
1717  1935
1717  1936
1717  1937
1717  1938
1717  1939
1717  1940
1717  1941
1717  1942
1717  1943
1717  1944
1717  1945
1717  1946
1717  1947
1717  1948
1717  1949
1717  1950
1717  1951
1717  1952
1717  1953
1717  1954
1717  1955
1717  1956
1717  1957
1717  1958
1717  1959
1717  1960
1717  1961
1717  1962
1717  1963
1717  1964
1717  1965
1717  1966
1717  1967
1717  1968
1717  1969
1717  1970
1717  1971
1717  1972
1717  1973
1717  1974
1717  1975
1717  1976
1717  1977
1717  1978
1717  1979
1717  1980
1717  1981
1717  1982
1717  1983
1717  1984
1717  1985
1717  1986
1717  1987
451  1988
451  1989
1717  1990
1717  1991
1717  1992
1717  1993
1717  1994
1717  1995
1717  1996
1717  1997
1717  1998
1717  1999
1717  2000
1717  2001
1717  2002
1717  2003
1717  2004
1717  2005
1717  2006
1717  2007
1717  2008
1717  2009
1717  2010
1717  2011
1717  2012
1717  2013
1717  2014
1717  2015
1717  2016
1717  2017
1717  2018
1717  2019
1717  2020
1717  2021
1717  2022
1717  2023
1717  2024
1717  2025
1717  2026
1717  2027
1717  2028
1717  2029
1717  2030
1717  2031
1717  2032
1717  2033
1717  2034
1717  2035
1717  2036
1717  2037
1717  2038
1717  2039
1717  2040
1717  2041
1717  2042
1717  2043
1717  2044
1717  2045
1717  2046
1717  2047
1717  2048
1717  2049
1717  2050
1717  2051
1717  2052
1717  2053
1717  2054
1717  2055
1717  2056
1717  2057
1717  2058
1717  2059
1717  2060
1717  2061
1717  2062
1717  2063
1717  2064
1717  2065
1717  2066
1717  2067
1717  2068
1717  2069
1717  2070
1717  2071
1717  2072
1717  2073
1717  2074
1717  2075
1717  2076
1717  2077
1717  2078
1717  2079
1717  2080
2081  454
2081  454
2081  454
2081  454
2081  454
1717  2082
1717  2083
2084  454
2084  454
2084  454
2084  454
2084  454
1717  2085
2086  454
2086  454
1717  2087
2086  454
2086  454
2086  454
2088  454
1717  2089
2088  454
1717  2090
2088  454
2088  454
2088  454
2091  454
2091  454
2091  454
2091  454
2091  454
2092  454
2092  454
2092  454
2092  454
2092  454
1717  2093
1717  2094
1717  2095
1717  2096
2097  454
1717  2098
2097  454
1717  2099
2097  454
1717  2100
1717  2101
2097  454
2102  454
2102  454
2097  454
1717  2103
1717  2104
1717  2105
1717  2106
1717  2107
1717  2108
1717  2109
2102  454
1717  2110
2102  454
2102  454
1717  2111
1717  2112
1717  2113
1717  2114
1717  2115
1717  2116
1717  2117
1717  2118
1717  2119
1717  2120
1717  2121
1717  2122
1717  2123
1717  2124
1717  2125
1717  2126
1717  2127
1717  2128
1717  2129
1717  2130
1717  2131
1717  2132
1717  2133
1717  2134
1717  2135
1717  2136
1717  2137
1717  2138
1717  2139
1717  2140
1717  2141
1717  2142
1717  2143
454  2144
454  2144
454  2144
1717  2145
1717  2146
1717  2147
1717  2148
1717  2149
1717  2150
1717  2151
1717  2152
1717  2153
1717  2154
1717  2155
1717  2156
1717  2157
1717  2158
1717  2159
1717  2160
1717  2161
1717  2162
1717  2163
1717  2164
1717  2165
1717  2166
1717  2167
1717  2168
1717  2169
1717  2170
1717  2171
1717  2172
1717  2173
1717  2174
1717  2175
1717  2176
1717  2177
1717  2178
1717  2179
1717  2180
1717  2181
1717  2182
1717  2183
1717  2184
1717  2185
1717  2186
1717  2187
1717  2188
1717  2189
1717  2190
1717  2191
1717  2192
1717  2193
1717  2194
1717  2195
1717  2196
1717  2197
1717  2198
1717  2199
1717  2200
1717  2201
1717  2202
1717  2203
1717  2204
1717  2205
1717  2206
1717  2207
1717  2208
1717  2209
1717  2210
1717  2211
1717  2212
1717  2213
1717  2214
1717  2215
1717  2216
1717  2217
1717  2218
1717  2219
1717  2220
1717  2221
1717  2222
1717  2223
1717  2224
1717  2225
528  2226
528  2227
2226  528
2226  2227
454  2228
2229  454
2229  2228
1717  2230
454  2231
454  2231
1717  2232
454  2231
1717  2233
1717  2234
1717  2235
1717  2236
1717  2237
1717  2238
1717  2239
1717  2240
1717  2241
1717  2242
1717  2243
1717  2244
1717  2245
1717  2246
1717  2247
1717  2248
1717  2249
1717  2250
1717  2251
1717  2252
1717  2253
1717  2254
1717  2255
1717  2256
1717  2257
1717  2258
1717  2259
1717  2260
1717  2261
1717  2262
1717  2263
1717  2264
1717  2265
1717  2266
1717  2267
1717  2268
1717  2269
1717  2270
1717  2271
1717  2272
1717  2273
1717  2274
1717  2275
1717  2276
1717  2277
528  2278
528  2279
2278  528
2278  2279
454  2280
2281  454
2281  2280
454  2282
454  2282
454  2282
528  2283
528  2284
2283  528
2283  2284
1717  2285
454  2286
2287  454
2287  2286
454  2288
454  2288
1717  2289
1717  2290
454  2288
1717  2291
528  2292
528  2293
2292  528
2292  2293
454  2294
2295  454
2295  2294
454  2296
454  2296
1717  2297
454  2296
528  2298
528  2299
2298  528
2298  2299
1717  2300
454  2301
2302  454
2302  2301
1717  2303
1717  2304
1717  2305
1717  2306
1717  2307
1717  2308
1717  2309
1717  2310
1717  2311
1717  2312
1717  2313
1717  2314
1717  2315
1717  2316
1717  2317
1717  2318
1717  2319
1717  2320
1717  2321
1717  2322
1717  2323
1717  2324
1717  2325
1717  2326
1717  2327
1717  2328
1717  2329
1717  2330
1717  2331
1717  2332
1717  2333
1717  2334
1717  2335
1717  2336
1717  2337
1717  2338
1717  2339
1717  2340
1717  2341
1717  2342
1717  2343
1717  2344
1717  2345
1717  2346
1717  2347
1717  2348
1717  2349
1717  2350
1717  2351
1717  2352
1717  2353
1717  2354
1717  2355
1717  2356
1717  2357
1717  2358
1717  2359
1717  2360
1717  2361
1717  2362
1717  2363
1717  2364
1717  2365
1717  2366
1717  2367
1717  2368
1717  2369
1717  2370
1717  2371
1717  2372
1717  2373
1717  2374
1717  2375
1717  2376
1717  2377
1717  2378
1717  2379
1717  2380
1717  2381
1717  2382
1717  2383
1717  2384
1717  2385
1717  2386
1717  2387
1717  2388
454  2389
454  2389
1717  2390
1717  2391
1717  2392
1717  2393
1717  2394
1717  2395
1717  2396
1717  2397
1717  2398
1717  2399
1717  2400
1717  2401
1717  2402
1717  2403
1717  2404
1717  2405
1717  2406
1717  2407
1717  2408
1717  2409
1717  2410
1717  2411
1717  2412
1717  2413
1717  2414
1717  2415
1717  2416
1717  2417
1717  2418
1717  2419
1717  2420
1717  2421
454  2389
528  2422
528  2423
2422  528
2422  2423
454  2424
2425  454
2425  2424
1717  2426
1717  2427
454  2428
454  2428
454  2428
528  2429
528  2430
2429  528
2429  2430
1717  2431
454  2432
2433  454
2433  2432
454  2434
454  2434
1717  2435
1717  2436
1717  2437
454  2434
1717  2438
1717  2439
528  2440
528  2441
2440  528
2440  2441
1717  2442
1717  2443
1717  2444
1717  2445
1717  2446
1717  2447
454  2448
2449  454
2449  2448
1717  2450
1717  2451
1717  2452
1717  2453
1717  2454
1717  2455
1717  2456
1717  2457
1717  2458
1717  2459
1717  2460
1717  2461
1717  2462
2463  454
2463  454
2463  454
2463  454
2463  454
2464  454
2464  454
2464  454
2464  454
2464  454
2465  454
2465  454
2465  454
2465  454
2465  454
2466  454
1717  2467
1717  2468
2469  454
2466  454
2469  454
1717  2470
2471  1717
2471  2470
2472  454
2472  454
1717  2473
2474  1717
2474  2473
454  2475
454  2475
454  2475
1717  2476
1717  2477
2476  1717
2476  2477
454  2478
2479  454
2479  2478
454  2480
454  2480
454  2480
1717  2481
1717  2482
2481  1717
2481  2482
454  2483
454  2484
2485  454
2485  2484
454  2483
454  2483
1717  2486
1717  2487
2486  1717
2486  2487
454  2488
454  2489
2490  454
2490  2489
454  2488
454  2488
1717  2491
1717  2492
2491  1717
2491  2492
454  2493
2494  454
2494  2493
454  2495
454  2495
454  2495
1717  2496
1717  2497
2496  1717
2496  2497
454  2498
2499  454
2499  2498
454  2500
454  2500
454  2500
1717  2501
1717  2502
2501  1717
2501  2502
454  2503
2504  454
2504  2503
454  2505
454  2505
454  2505
1717  2506
1717  2507
2506  1717
2506  2507
454  2508
454  2508
454  2508
454  2509
2510  454
2510  2509
1717  2511
1717  2512
2511  1717
2511  2512
454  2513
2514  454
2514  2513
1717  2515
1717  2516
1717  2517
1717  2518
2519  454
2519  454
2519  454
2521  2520
2519  454
2523  2522
2519  454
1717  2524
1717  2525
2519  454
2527  2526
2529  2528
1717  2530
1717  2531
2527  2532
2527  2533
2527  2534
2527  2535
2527  2526
2527  2533
2519  454
2519  454
2521  2536
2527  2532
2527  2537
2527  2534
2527  2538
2523  2539
2523  2540
2523  2541
2519  454
2519  454
2523  2542
2519  454
2519  454
2523  2543
2527  2544
454  2545
454  2545
454  2545
1717  2546
1717  2547
2546  1717
2546  2547
454  2548
454  2548
454  2548
1717  2549
1717  2550
2549  1717
2549  2550
454  2551
454  2551
454  2551
1717  2552
1717  2553
2552  1717
2552  2553
454  2554
454  2554
454  2554
1717  2555
1717  2556
2555  1717
2555  2556
454  2557
454  2557
454  2557
1717  2558
1717  2559
2558  1717
2558  2559
454  2560
2561  454
2561  2560
454  2562
2563  454
2563  2562
454  2564
2565  454
2565  2564
454  2566
2567  454
2567  2566
454  2568
2569  454
2569  2568
454  2570
454  2570
454  2570
1717  2571
1717  2572
2571  1717
2571  2572
454  2573
454  2573
454  2573
1717  2574
1717  2575
2574  1717
2574  2575
454  2576
2577  454
2577  2576
454  2578
2579  454
2579  2578
454  2580
454  2580
454  2580
1717  2581
1717  2582
2581  1717
2581  2582
454  2583
2584  454
2584  2583
454  2585
454  2585
454  2585
1717  2586
1717  2587
2586  1717
2586  2587
454  2588
454  2588
454  2589
2590  454
2590  2589
454  2588
1717  2591
1717  2592
2591  1717
2591  2592
454  2593
2594  454
2594  2593
454  2595
454  2595
454  2595
1717  2596
1717  2597
2596  1717
2596  2597
454  2598
2599  454
2599  2598
454  2600
454  2600
454  2600
1717  2601
1717  2602
2601  1717
2601  2602
454  2603
2604  454
2604  2603
2527  2535
2519  454
2519  454
2529  2605
2529  2606
2529  2607
2529  2608
2519  454
2519  454
2529  2609
2527  2610
2527  2537
2527  2610
2527  2538
2519  454
2519  454
2529  2611
2521  2612
2529  2613
2527  2614
2529  2615
2529  2616
2529  2617
2529  2618
2527  2619
2529  2620
2529  2621
2529  2622
2529  2623
2529  2624
2529  2625
2529  2626
2529  2627
2529  2628
2519  454
2519  454
2529  2629
2527  2630
2527  2631
2527  2544
2523  2632
2523  2633
2523  2634
2523  2635
2523  2636
2523  2637
2523  2638
2519  454
2519  454
2523  2639
2527  2640
2527  2641
2527  2640
2527  2641
2523  2642
2523  2643
2523  2644
2523  2645
452  451
452  451
1717  2646
1717  2647
1717  2648
1717  2649
1717  2650
1717  2651
1717  2652
1717  2653
1717  2654
1717  2655
454  2656
454  2657
454  2658
454  2659
452  451
452  451
454  2660
454  2660
454  2660
528  2661
528  2662
2661  528
2661  2662
454  2663
2664  454
2664  2663
454  2665
454  2665
454  2665
528  2666
528  2667
2666  528
2666  2667
454  2668
2669  454
2669  2668
454  2670
454  2670
454  2670
528  2671
528  2672
2671  528
2671  2672
454  2673
2674  454
2674  2673
454  2675
454  2675
454  2675
528  2676
528  2677
2676  528
2676  2677
454  2678
454  2679
2680  454
2680  2679
454  2678
454  2678
528  2681
528  2682
2681  528
2681  2682
454  2683
2684  454
2684  2683
454  2685
454  2685
454  2685
528  2686
528  2687
2686  528
2686  2687
454  2688
2689  454
2689  2688
454  2690
454  2690
454  2690
528  2691
528  2692
2691  528
2691  2692
454  2693
2694  454
2694  2693
454  2695
454  2695
454  2695
528  2696
528  2697
2696  528
2696  2697
454  2698
2699  454
2699  2698
454  2700
454  2700
454  2700
528  2701
528  2702
2701  528
2701  2702
454  2703
2704  454
2704  2703
454  2705
454  2705
454  2705
528  2706
528  2707
2706  528
2706  2707
454  2708
2709  454
2709  2708
454  2710
454  2710
454  2710
528  2711
528  2712
2711  528
2711  2712
454  2713
2714  454
2714  2713
454  2715
454  2715
454  2715
528  2716
528  2717
2716  528
2716  2717
454  2718
2719  454
2719  2718
2527  2619
2527  2614
2527  2720
528  2721
528  2722
528  2723
528  2724
528  2725
528  2726
528  2727
528  2728
528  2729
528  2730
528  2731
528  2732
528  2733
528  2734
528  2735
528  2736
528  2737
528  2738
528  2739
528  2740
528  2741
528  2742
528  2743
528  2744
528  2745
528  2746
528  2747
528  2748
528  2749
528  2750
528  2751
528  2752
528  2753
528  2754
528  2755
528  2756
528  2757
528  2758
528  2759
528  2760
528  2761
528  2762
528  2763
528  2764
528  2765
528  2766
528  2767
528  2768
528  2769
528  2770
528  2771
528  2772
528  2773
528  2774
528  2775
528  2776
528  2777
528  2778
528  2779
528  2780
528  2781
528  2782
528  2783
528  2784
528  2785
528  2786
528  2787
528  2788
528  2789
528  2790
528  2791
528  2792
528  2793
528  2794
528  2795
528  2796
528  2797
528  2798
528  2799
528  2800
528  2801
528  2802
528  2803
528  2804
528  2805
528  2806
528  2807
528  2808
528  2809
528  2810
528  2811
528  2812
528  2813
528  2814
528  2815
528  2816
528  2817
528  2818
528  2819
528  2820
528  2821
528  2822
528  2823
528  2824
528  2825
528  2826
528  2827
528  2828
528  2829
528  2830
528  2831
528  2832
528  2833
528  2834
528  2835
528  2836
528  2837
528  2838
528  2839
528  2840
528  2841
2527  2720
2521  2842
2521  2843
2521  2844
528  2845
528  2846
528  2847
528  2848
528  2849
528  2850
528  2851
528  2852
528  2853
528  2854
528  2855
528  2856
528  2857
528  2858
528  2859
528  2860
528  2861
528  2862
528  2863
528  2864
528  2865
528  2866
528  2867
528  2868
528  2869
528  2870
528  2871
528  2872
528  2873
528  2874
528  2875
528  2876
2878  2877
528  2879
528  2880
452  451
452  451
528  2881
528  2882
528  2883
528  2884
528  2885
528  2886
528  2887
528  2888
528  2889
528  2890
454  2891
454  2891
454  2891
454  2892
2891  454
2891  2892
454  2891
454  2893
2891  454
2891  2893
454  2891
454  2894
454  2894
454  2894
454  2895
2894  454
2894  2895
454  2894
454  2896
454  2897
2894  454
2894  2897
454  2896
454  2896
454  2898
2896  454
2896  2898
454  2894
454  2896
454  2899
2896  454
2896  2899
454  2896
2527  2630
2527  2631
2527  2900
2527  2900
454  2901
528  2902
528  2903
528  2904
528  2905
528  2906
528  2907
528  2908
528  2909
528  2910
528  2911
528  2912
528  2913
528  2914
528  2915
528  2916
528  2917
528  2918
528  2919
528  2920
528  2921
528  2922
528  2923
528  2924
528  2925
528  2926
528  2927
528  2928
528  2929
528  2930
528  2931
454  2932
454  2933
454  2934
528  2935
528  2936
454  2937
528  2938
528  2939
528  2940
454  2941
454  2942
528  2943
528  2944
528  2945
528  2946
528  2947
528  2948
528  2949
528  2950
528  2951
528  2952
528  2953
528  2954
528  2955
528  2956
528  2957
528  2958
528  2959
2519  454
2519  454
2961  2960
2527  2962
2527  2963
2519  454
2519  454
2523  2964
2965  454
528  2966
528  2967
454  2968
454  2968
454  2968
454  2969
2968  454
2968  2969
454  2968
454  2970
454  2971
2968  454
2968  2971
454  2968
454  2970
454  2970
454  2972
2970  454
2970  2972
454  2970
454  2973
2970  454
2970  2973
454  2970
454  2974
454  2975
454  2976
454  2977
454  2978
454  2979
454  2980
454  2981
454  2982
454  2983
454  2984
454  2985
454  2986
454  2987
454  2988
454  2989
528  2990
528  2991
528  2992
528  2993
528  2994
528  2995
528  2996
528  2997
454  2998
528  2999
454  3000
528  3001
528  3002
528  3003
528  3004
528  3005
2965  454
454  3006
528  3007
528  3008
454  3009
528  3010
528  3011
528  3012
528  3013
528  3014
528  3015
528  3016
528  3017
528  3018
528  3019
528  3020
528  3021
528  3022
528  3023
528  3024
528  3025
528  3026
528  3027
528  3028
528  3029
528  3030
528  3031
528  3032
528  3033
528  3034
528  3035
528  3036
528  3037
528  3038
528  3039
528  3040
528  3041
528  3042
528  3043
528  3044
528  3045
528  3046
528  3047
528  3048
528  3049
528  3050
528  3051
528  3052
528  3053
528  3054
528  3055
528  3056
528  3057
528  3058
528  3059
528  3060
528  3061
528  3062
528  3063
528  3064
528  3065
528  3066
528  3067
528  3068
528  3069
528  3070
528  3071
528  3072
528  3073
528  3074
528  3075
528  3076
528  3077
528  3078
528  3079
528  3080
528  3081
528  3082
528  3083
528  3084
528  3085
528  3086
528  3087
528  3088
528  3089
528  3090
3091  454
528  3092
528  3093
528  3094
3091  454
528  3095
3097  3096
3098  3097
3098  3096
528  3099
528  3100
528  3101
528  3102
528  3103
528  3104
528  3105
528  3106
528  3107
528  3108
528  3109
528  3110
528  3111
528  3112
528  3113
528  3114
528  3115
528  3116
528  3117
528  3118
528  3119
528  3120
528  3121
528  3122
528  3123
528  3124
528  3125
528  3126
528  3127
528  3128
528  3129
528  3130
528  3131
528  3132
528  3133
3134  454
3134  454
528  3135
528  3136
528  3137
528  3138
528  3139
528  3140
528  3141
528  3142
528  3143
528  3144
528  3145
528  3146
528  3147
528  3148
528  3149
528  3150
528  3151
528  3152
528  3153
528  3154
528  3155
528  3156
528  3157
528  3158
528  3159
528  3160
528  3161
528  3162
528  3163
528  3164
528  3165
528  3166
528  3167
528  3168
528  3169
528  3170
528  3171
528  3172
528  3173
528  3174
528  3175
528  3176
528  3177
528  3178
528  3179
528  3180
528  3181
528  3182
3097  3183
3184  3097
3184  3183
528  3185
528  3186
528  3187
528  3188
528  3189
528  3190
528  3191
528  3192
528  3193
528  3194
528  3195
528  3196
528  3197
528  3198
528  3199
528  3200
528  3201
528  3202
528  3203
528  3204
528  3205
528  3206
3207  454
528  3208
528  3209
3207  454
528  3210
528  3211
528  3212
528  3213
528  3214
528  3215
528  3216
528  3217
3218  454
3218  454
454  2901
454  2901
454  3219
454  3219
454  3219
3220  454
3220  454
454  3221
3219  454
3219  3221
454  3219
3097  3222
3223  3097
3223  3222
528  3224
528  3225
528  3226
528  3227
528  3228
528  3229
528  3230
528  3231
528  3232
528  3233
528  3234
528  3235
528  3236
528  3237
528  3238
528  3239
528  3240
528  3241
528  3242
528  3243
528  3244
528  3245
528  3246
454  3247
528  3248
454  3247
528  3249
454  3247
454  3250
3247  454
3247  3250
528  3251
454  3247
528  3252
528  3253
528  3254
528  3255
528  3256
528  3257
528  3258
528  3259
528  3260
454  3261
528  3262
454  3261
454  3261
528  3263
454  3264
3261  454
3261  3264
454  3261
528  3265
528  3266
528  3267
528  3268
454  3269
528  3270
528  3271
528  3272
528  3273
454  3269
454  3269
528  3274
454  3275
3269  454
3269  3275
528  3276
454  3269
528  3277
528  3278
528  3279
528  3280
454  3281
454  3281
454  3281
454  3282
3281  454
3281  3282
454  3281
528  3283
528  3284
528  3285
528  3286
454  3287
3219  454
3219  3287
454  3219
454  3288
3247  454
3247  3288
454  3247
454  3289
3261  454
3261  3289
454  3261
454  3290
3269  454
3269  3290
454  3269
454  3291
3281  454
3281  3291
454  3281
454  3292
454  3293
454  3294
454  3295
454  3296
454  3297
454  3298
454  3299
1717  3300
1717  3301
454  3302
454  3303
454  3304
1717  3305
1717  3306
1717  3307
1717  3308
1717  3309
1717  3310
3312  3311
1717  3313
3312  3314
1717  3315
3312  3316
3312  3317
3312  3318
3312  3319
3312  3320
3312  3321
3312  3322
3312  3323
3312  3324
3312  3325
1717  3326
3312  3327
3312  3328
1717  3329
3312  3330
3312  3331
1717  3332
1717  3333
3312  3334
3312  3335
3312  3336
3312  3337
3312  3338
3312  3339
3312  3340
3312  3341
1717  3342
3312  3343
3312  3344
3312  3345
1717  3346
3312  3347
3312  3348
3312  3349
3312  3350
3312  3351
3312  3352
3312  3353
3312  3354
3312  3355
3312  3356
1717  3357
454  3358
3312  3359
454  3360
1717  3361
3312  3362
3312  3363
3312  3364
3312  3365
3312  3366
3312  3367
1717  3368
3312  3369
1717  3370
3312  3371
3312  3372
3312  3373
3312  3374
3312  3375
454  3376
3376  3377
3376  3377
3376  3378
3376  3378
3376  3379
3376  3379
3097  3380
3097  3381
3097  3382
3097  3383
3097  3384
3097  3385
3097  3386
3097  3387
3097  3388
3097  3389
3097  3390
3097  3391
3097  3392
3097  3393
3097  3394
3097  3395
3097  3396
3097  3397
3376  3398
3399  3398
3400  3376
3097  3401
3097  3402
3399  3398
3400  3376
3376  3403
3404  3403
3405  3403
3406  3403
3403  3407
3403  3408
3406  3403
3406  3408
3403  3409
3403  3410
3406  3403
3406  3410
3406  3403
3411  3403
3403  3412
3411  3403
3411  3412
3411  3403
3413  3403
3403  3414
3413  3403
3413  3414
3403  3415
3403  3416
3413  3403
3413  3416
3403  3417
3413  3403
3418  3403
3403  3419
3418  3403
3418  3419
3403  3420
3403  3421
3418  3403
3418  3421
3418  3403
3422  3403
3403  3423
3422  3403
3422  3423
3403  3424
3403  3425
3422  3403
3422  3425
3403  3426
3422  3403
3427  3403
3403  3428
3427  3403
3427  3428
3403  3429
3403  3430
3427  3403
3427  3430
3427  3403
3431  3403
3403  3432
3431  3403
3431  3432
3403  3433
3403  3434
3431  3403
3431  3434
3403  3435
3431  3403
3436  3403
3403  3437
3403  3438
3436  3403
3436  3438
3403  3439
3403  3440
3436  3403
3436  3440
3403  3441
3436  3403
3442  3403
3403  3443
3442  3403
3442  3443
3403  3444
3403  3445
3442  3403
3442  3445
3442  3403
3446  3403
3403  3447
3446  3403
3446  3447
3403  3448
3403  3449
3446  3403
3446  3449
3446  3403
3403  3450
3403  3451
3403  3452
3403  3453
3403  3454
3403  3455
3403  3456
3403  3457
3403  3458
3403  3459
3403  3460
3403  3461
3403  3462
3403  3463
3403  3464
3403  3465
3403  3466
3467  3403
3436  3403
3436  3403
3406  3403
3406  3403
3468  3403
3468  3403
3468  3403
3403  3469
3468  3403
3468  3469
3403  3470
3403  3471
3468  3403
3468  3471
3468  3403
3403  3472
3473  3403
3473  3403
3473  3403
3403  3474
3473  3403
3473  3474
3403  3475
3403  3476
3473  3403
3473  3476
3473  3403
3403  3477
3478  3403
3478  3403
3478  3403
3403  3479
3478  3403
3478  3479
3403  3480
3403  3481
3478  3403
3478  3481
3478  3403
3403  3482
3483  3403
3483  3403
3483  3403
3403  3484
3483  3403
3483  3484
3403  3485
3403  3486
3483  3403
3483  3486
3483  3403
3403  3487
3488  3403
3488  3403
3488  3403
3403  3489
3488  3403
3488  3489
3403  3490
3403  3491
3488  3403
3488  3491
3488  3403
3403  3492
3493  3403
3493  3403
3493  3403
3403  3494
3493  3403
3493  3494
3403  3495
3403  3496
3493  3403
3493  3496
3493  3403
3403  3497
3498  3403
3498  3403
3498  3403
3403  3499
3498  3403
3498  3499
3403  3500
3403  3501
3498  3403
3498  3501
3498  3403
3403  3502
3503  3403
3503  3403
3503  3403
3403  3504
3503  3403
3503  3504
3403  3505
3403  3506
3503  3403
3503  3506
3403  3507
3503  3403
3403  3508
3509  3403
3509  3403
3509  3403
3403  3510
3509  3403
3509  3510
3403  3511
3403  3512
3509  3403
3509  3512
3509  3403
3411  3403
3403  3513
3411  3403
3411  3513
3411  3403
3514  3403
3403  3515
3514  3403
3514  3515
3403  3516
3403  3517
3514  3403
3514  3517
3403  3518
3514  3403
3519  3403
3403  3520
3519  3403
3519  3520
3097  3521
3403  3522
3403  3523
3519  3403
3519  3523
3403  3524
3519  3403
3525  3403
3403  3526
3525  3403
3525  3526
3403  3527
3403  3528
3525  3403
3525  3528
3525  3403
3529  3403
3403  3530
3529  3403
3529  3530
3403  3531
3403  3532
3529  3403
3529  3532
3529  3403
3533  3403
3403  3534
3533  3403
3533  3534
3403  3535
3403  3536
3533  3403
3533  3536
3533  3403
3537  3403
3403  3538
3537  3403
3537  3538
3403  3539
3403  3540
3537  3403
3537  3540
3537  3403
3541  3403
3403  3542
3541  3403
3541  3542
3403  3543
3403  3544
3541  3403
3541  3544
3541  3403
3545  3403
3403  3546
3545  3403
3545  3546
3403  3547
3403  3548
3545  3403
3545  3548
3545  3403
3549  3403
3403  3550
3549  3403
3549  3550
3403  3551
3403  3552
3549  3403
3549  3552
3403  3553
3549  3403
3554  3403
3403  3555
3554  3403
3554  3555
3403  3556
3403  3557
3554  3403
3554  3557
3554  3403
3558  3403
3403  3559
3558  3403
3558  3559
3403  3560
3403  3561
3558  3403
3558  3561
3558  3403
3562  3403
3403  3563
3562  3403
3562  3563
3403  3564
3403  3565
3562  3403
3562  3565
3403  3566
3562  3403
3567  3403
3403  3568
3567  3403
3567  3568
3403  3569
3403  3570
3567  3403
3567  3570
3567  3403
3571  3403
3403  3572
3571  3403
3571  3572
3403  3573
3403  3574
3571  3403
3571  3574
3571  3403
3575  3403
3403  3576
3575  3403
3575  3576
3403  3577
3403  3578
3575  3403
3575  3578
3575  3403
3579  3403
3403  3580
3579  3403
3579  3580
3403  3581
3403  3582
3579  3403
3579  3582
3579  3403
3583  3403
3403  3584
3583  3403
3583  3584
3403  3585
3403  3586
3583  3403
3583  3586
3403  3587
3583  3403
3588  3403
3403  3589
3588  3403
3588  3589
3403  3590
3403  3591
3588  3403
3588  3591
3588  3403
3592  3403
3403  3593
3592  3403
3592  3593
3403  3594
3403  3595
3592  3403
3592  3595
3403  3596
3592  3403
3597  3403
3403  3598
3597  3403
3597  3598
3403  3599
3403  3600
3597  3403
3597  3600
3597  3403
3601  3403
3403  3602
3601  3403
3601  3602
3403  3603
3403  3604
3601  3403
3601  3604
3601  3403
3605  3403
3403  3606
3605  3403
3605  3606
3403  3607
3403  3608
3605  3403
3605  3608
3605  3403
3609  3403
3403  3610
3609  3403
3609  3610
3403  3611
3403  3612
3609  3403
3609  3612
3609  3403
3613  3403
3403  3614
3613  3403
3613  3614
3403  3615
3403  3616
3613  3403
3613  3616
3613  3403
3617  3403
3403  3618
3617  3403
3617  3618
3403  3619
3403  3620
3617  3403
3617  3620
3617  3403
3621  3403
3403  3622
3621  3403
3621  3622
3403  3623
3403  3624
3621  3403
3621  3624
3621  3403
3625  3403
3403  3626
3625  3403
3625  3626
3403  3627
3403  3628
3625  3403
3625  3628
3625  3403
3629  3403
3403  3630
3629  3403
3629  3630
3403  3631
3403  3632
3629  3403
3629  3632
3629  3403
3633  3403
3403  3634
3633  3403
3633  3634
3403  3635
3403  3636
3633  3403
3633  3636
3633  3403
3637  3403
3403  3638
3637  3403
3637  3638
3403  3639
3403  3640
3637  3403
3637  3640
3637  3403
3641  3403
3403  3642
3641  3403
3641  3642
3403  3643
3403  3644
3641  3403
3641  3644
3641  3403
3645  3403
3403  3646
3645  3403
3645  3646
3403  3647
3403  3648
3645  3403
3645  3648
3645  3403
3649  3403
3403  3650
3649  3403
3649  3650
3403  3651
3403  3652
3649  3403
3649  3652
3649  3403
3653  3403
3403  3654
3653  3403
3653  3654
3403  3655
3403  3656
3653  3403
3653  3656
3403  3657
3653  3403
3658  3403
3403  3659
3658  3403
3658  3659
3403  3660
3403  3661
3658  3403
3658  3661
3658  3403
3662  3403
3403  3663
3662  3403
3662  3663
3403  3664
3403  3665
3662  3403
3662  3665
3097  3666
3662  3403
3097  3667
3668  3403
3403  3669
3668  3403
3668  3669
3403  3670
3403  3671
3668  3403
3668  3671
3097  3672
3668  3403
3097  3673
3674  3403
3403  3675
3674  3403
3674  3675
3403  3676
3403  3677
3674  3403
3674  3677
3674  3403
3678  3403
3403  3679
3678  3403
3678  3679
3403  3680
3403  3681
3678  3403
3678  3681
3403  3682
3678  3403
3683  3403
3403  3684
3683  3403
3683  3684
3403  3685
3403  3686
3683  3403
3683  3686
3683  3403
3687  3403
3403  3688
3687  3403
3687  3688
3403  3689
3403  3690
3687  3403
3687  3690
3687  3403
3097  3691
3692  3403
3097  3693
3403  3694
3692  3403
3692  3694
3403  3695
3403  3696
3692  3403
3692  3696
3403  3697
3403  3698
3692  3403
3692  3698
3692  3403
3403  3699
3403  3700
3403  3701
3403  3702
3403  3703
3403  3704
3403  3705
3403  3706
3403  3707
3403  3708
3403  3709
3403  3710
3403  3711
3403  3712
3403  3713
3403  3714
3403  3715
3403  3716
3403  3717
3097  3718
3719  3097
3719  3718
3403  3720
3403  3721
3403  3722
3403  3723
3403  3724
3403  3725
3403  3726
3403  3727
3403  3728
3403  3729
3403  3730
3403  3731
3403  3732
3403  3733
3403  3734
3403  3735
3403  3736
3403  3737
3403  3738
3403  3739
3403  3740
3403  3741
3403  3742
3403  3743
3403  3744
3403  3745
3097  3746
3097  3747
3748  3403
3748  3403
3748  3403
3097  3749
3403  3750
3748  3403
3748  3750
3097  3751
3403  3752
3403  3753
3748  3403
3748  3753
3748  3403
3097  3754
3097  3755
3403  3756
3757  3403
3097  3758
3097  3759
3757  3403
3757  3403
3403  3760
3757  3403
3757  3760
3097  3761
3403  3762
3403  3763
3757  3403
3757  3763
3097  3764
3403  3765
3757  3403
3097  3766
3411  3403
3097  3767
3403  3768
3411  3403
3411  3768
3411  3403
3769  3403
3403  3770
3769  3403
3769  3770
3403  3771
3097  3772
3403  3773
3769  3403
3769  3773
3769  3403
3097  3774
3775  3403
3403  3776
3775  3403
3775  3776
3403  3777
3403  3778
3775  3403
3775  3778
3775  3403
3779  3403
3097  3780
3403  3781
3779  3403
3779  3781
3097  3782
3403  3783
3403  3784
3779  3403
3779  3784
3779  3403
3403  3785
454  3786
3467  3403
3403  3787
3403  3788
3403  3789
3790  3403
3403  3791
3790  3403
3790  3791
3790  3403
3792  3403
3403  3793
3792  3403
3792  3793
3792  3403
3794  3403
3403  3795
3794  3403
3794  3795
3794  3403
3796  3403
3403  3797
3796  3403
3796  3797
3796  3403
3411  3403
3403  3798
3411  3403
3411  3798
3411  3403
3411  3403
3403  3799
3411  3403
3411  3799
3411  3403
3800  3403
3800  3403
3802  3801
3802  3801
3403  3803
3403  3804
3805  3403
3403  3806
3805  3403
3805  3806
3805  3403
3807  3403
3807  3403
3808  3403
3809  3403
3403  3810
3809  3403
3809  3810
3809  3403
3808  3403
454  3811
451  3812
451  3813
451  3814
451  3815
451  3816
451  3817
451  3818
451  3819
451  3820
451  3821
451  3822
451  3823
451  3824
451  3825
451  3826
451  3827
451  3828
451  3829
451  3830
451  3831
451  3832
451  3833
451  3834
451  3835
451  3836
451  3837
451  3838
452  451
452  451
454  3839
454  3839
454  3839
454  3840
3839  454
3839  3840
454  3839
454  3841
3839  454
3839  3841
454  3839
3842  3403
3842  3403
3843  3403
3843  3403
451  3844
451  3845
3846  3403
3846  3403
3847  3403
3847  3403
3848  3403
3848  3403
3849  3403
3849  3403
454  3850
3851  3403
454  3852
3851  3403
3403  3853
3403  3854
3855  3403
3855  3403
3856  3403
3403  3857
3856  3403
3856  3857
3856  3403
3858  3403
3403  3859
3858  3403
3858  3859
3403  3860
3403  3861
3858  3403
3858  3861
3858  3403
3862  3403
3403  3863
3862  3403
3862  3863
3403  3864
3403  3865
3862  3403
3862  3865
3862  3403
3866  3403
3403  3867
3866  3403
3866  3867
3403  3868
3403  3869
3866  3403
3866  3869
3866  3403
3870  3403
3403  3871
3870  3403
3870  3871
3403  3872
3403  3873
3870  3403
3870  3873
3870  3403
3874  3403
3403  3875
3874  3403
3874  3875
3403  3876
3403  3877
3874  3403
3874  3877
3874  3403
3878  3403
3403  3879
3878  3403
3878  3879
3403  3880
3403  3881
3878  3403
3878  3881
3878  3403
3403  3882
3403  3883
3403  3884
3403  3885
3403  3886
3403  3887
3403  3888
3403  3889
3890  3403
3890  3403
3890  3403
3890  3403
3891  3403
3891  3403
3892  3403
3892  3403
3403  3893
3403  3894
3403  3895
3403  3896
3403  3897
3403  3898
3403  3899
3403  3900
3403  3901
3403  3902
3403  3903
3403  3904
3403  3905
3403  3906
3403  3907
3403  3908
3403  3909
3403  3910
3403  3911
3403  3912
3403  3913
3403  3914
3403  3915
3403  3916
3403  3917
3403  3918
3403  3919
3403  3920
3403  3921
3403  3922
3403  3923
3403  3924
3207  3403
3403  3925
3926  3403
3926  3403
3403  3927
454  3928
3403  3929
454  3928
454  3928
454  3930
3928  454
3928  3930
454  3928
3403  3931
454  3932
3928  454
3928  3932
454  3928
3403  3933
3403  3934
3403  3935
3403  3936
3403  3937
3403  3938
3403  3939
3403  3940
3403  3941
3403  3942
3403  3943
3403  3944
3403  3945
3403  3946
3403  3947
3403  3948
3403  3949
3403  3950
3403  3951
3403  3952
3403  3953
3403  3954
3403  3955
3403  3956
3403  3957
3403  3958
3403  3959
3403  3960
3403  3961
3403  3962
3403  3963
3403  3964
3403  3965
3403  3966
3403  3967
3403  3968
3403  3969
3403  3970
3403  3971
3403  3972
3403  3973
3403  3974
3403  3975
3403  3976
3403  3977
3403  3978
3403  3979
3403  3980
3403  3981
3403  3982
3403  3983
3403  3984
3403  3985
3403  3986
3403  3987
3403  3988
3403  3989
3403  3990
3403  3991
3403  3992
3403  3993
3403  3994
3403  3995
3403  3996
3403  3997
3403  3998
3403  3999
3403  4000
3403  4001
3403  4002
3403  4003
3403  4004
3403  4005
3403  4006
3403  4007
3403  4008
3403  4009
3403  4010
3403  4011
3403  4012
3403  4013
3403  4014
3403  4015
3403  4016
3403  4017
3403  4018
3403  4019
3403  4020
3403  4021
3403  4022
3403  4023
3403  4024
3403  4025
3403  4026
3403  4027
3403  4028
3403  4029
3403  4030
3403  4031
3403  4032
3403  4033
3403  4034
3403  4035
3403  4036
3403  4037
3403  4038
3403  4039
3403  4040
3403  4041
3403  4042
3403  4043
3403  4044
3403  4045
3403  4046
3403  4047
3403  4048
3403  4049
3403  4050
3403  4051
3403  4052
3403  4053
3403  4054
3403  4055
3403  4056
3403  4057
3403  4058
3403  4059
3403  4060
3403  4061
3403  4062
3403  4063
454  4064
3403  4065
3403  4066
3403  4067
3403  4068
3403  4069
3403  4070
3403  4071
3097  4072
4073  3097
4073  4072
3403  4074
3403  4075
454  4076
454  4076
454  4076
454  4077
4076  454
4076  4077
454  4076
454  4078
4076  454
4076  4078
454  4076
3403  4079
3403  4080
3403  4081
3403  4082
3403  4083
3403  4084
3403  4085
3403  4086
3403  4087
3403  4088
3403  4089
3403  4090
3403  4091
3403  4092
4093  3403
4093  3403
3403  4094
3403  4095
3403  4096
4097  3403
4097  3403
4098  3403
4099  3403
4099  3403
3403  4100
4101  3403
4101  3403
4102  3403
4102  3403
4103  3403
4103  3403
4104  3403
4104  3403
4105  3403
4105  3403
4106  3403
4106  3403
4107  3403
4107  3403
4108  3403
4108  3403
4109  3403
4109  3403
4110  3403
4110  3403
4111  3403
4111  3403
4112  3403
4112  3403
4113  3403
4113  3403
4114  3403
4114  3403
4115  3403
4115  3403
4116  3403
4116  3403
4117  3403
4117  3403
4118  3403
4118  3403
4119  3403
4119  3403
4120  3403
4120  3403
4121  3403
4121  3403
4122  3403
4122  3403
4123  3403
4123  3403
4124  3403
4124  3403
4125  3403
4125  3403
4126  3403
4126  3403
4127  3403
4127  3403
4128  3403
4128  3403
4129  3403
4129  3403
4130  3403
4130  3403
4131  3403
4131  3403
4132  3403
4132  3403
4133  3403
4133  3403
4134  3403
4134  3403
4135  3403
4135  3403
4136  3403
4136  3403
4137  3403
4137  3403
4138  3403
4138  3403
4139  3403
4139  3403
4140  3403
4140  3403
4141  3403
4141  3403
4142  3403
4142  3403
4143  3403
4143  3403
4144  3403
4144  3403
4145  3403
4145  3403
4146  3403
4146  3403
4147  3403
4147  3403
4148  3403
4148  3403
4149  3403
4149  3403
4150  3403
4150  3403
4151  3403
4151  3403
4152  3403
4152  3403
4153  3403
4153  3403
4154  3403
4154  3403
4155  3403
4155  3403
4156  3403
4156  3403
4157  3403
4157  3403
4158  3403
4158  3403
4159  3403
4159  3403
4160  3403
4160  3403
4161  3403
4161  3403
4162  3403
4162  3403
4163  3403
4163  3403
4164  3403
4164  3403
4165  3403
4165  3403
4166  3403
4166  3403
4167  3403
4167  3403
4168  3403
4168  3403
4169  3403
4169  3403
4170  3403
4170  3403
4171  3403
4171  3403
4172  3403
4172  3403
4173  3403
4173  3403
4174  3403
4174  3403
4175  3403
4175  3403
4176  3403
4176  3403
4177  3403
4177  3403
4178  3403
4178  3403
4179  3403
4179  3403
4180  3403
4180  3403
4181  3403
4181  3403
4098  3403
4182  3403
4182  3403
4183  3403
4183  3403
4184  3403
4184  3403
4185  3403
4185  3403
4186  3403
4186  3403
4187  3403
4187  3403
4188  3403
4188  3403
4189  3403
4189  3403
4190  3403
4190  3403
4191  3403
4191  3403
4192  3403
4192  3403
4193  3403
4193  3403
4194  3403
4194  3403
4195  3403
3403  4196
4195  3403
4195  4196
4195  3403
4197  3403
4197  3403
4198  3403
4198  3403
4199  3403
4199  3403
4200  3403
3403  4201
4200  3403
4200  4201
4200  3403
4202  3403
4202  3403
4203  3403
4203  3403
4204  3403
4204  3403
4205  3403
3403  4206
4205  3403
4205  4206
4205  3403
4207  3403
4207  3403
4208  3403
3403  4209
4208  3403
4208  4209
4208  3403
4210  3403
4210  3403
4211  3403
3403  4212
4211  3403
4211  4212
4211  3403
4213  3403
4213  3403
4214  3403
3403  4215
4214  3403
4214  4215
4214  3403
4216  3403
4216  3403
4217  3403
3403  4218
4217  3403
4217  4218
4217  3403
4219  3403
4219  3403
4220  3403
3403  4221
4220  3403
4220  4221
4220  3403
4222  3403
4222  3403
4223  3403
3403  4224
4223  3403
4223  4224
4223  3403
4225  3403
4225  3403
4226  3403
3403  4227
4226  3403
4226  4227
4226  3403
4228  3403
4228  3403
4229  3403
3403  4230
4229  3403
4229  4230
4229  3403
3403  4231
4232  3403
4232  4231
4233  3403
4233  3403
4234  3403
3403  4235
4234  3403
4234  4235
4234  3403
4236  3403
4236  3403
4237  3403
3403  4238
4237  3403
4237  4238
4237  3403
4239  3403
4239  3403
4240  3403
3403  4241
4240  3403
4240  4241
4240  3403
4242  3403
4242  3403
4243  3403
3403  4244
4243  3403
4243  4244
4243  3403
4245  3403
4245  3403
4246  3403
3403  4247
4246  3403
4246  4247
4246  3403
4248  3403
4248  3403
4249  3403
3403  4250
4249  3403
4249  4250
4249  3403
4251  3403
4251  3403
4252  3403
3403  4253
4252  3403
4252  4253
4252  3403
4254  3403
4254  3403
4255  3403
3403  4256
4255  3403
4255  4256
4255  3403
4257  3403
4257  3403
4258  3403
3403  4259
4258  3403
4258  4259
4258  3403
4260  3403
4260  3403
4261  3403
3403  4262
4261  3403
4261  4262
4261  3403
4263  3403
4263  3403
4264  3403
4264  3403
4265  3403
3403  4266
4265  3403
4265  4266
4265  3403
4267  3403
4267  3403
4268  3403
3403  4269
4268  3403
4268  4269
4268  3403
4270  3403
4270  3403
4271  3403
3403  4272
4271  3403
4271  4272
4271  3403
4273  3403
4273  3403
4274  3403
3403  4275
4274  3403
4274  4275
4274  3403
4276  3403
4276  3403
4277  3403
3403  4278
4277  3403
4277  4278
4277  3403
4279  3403
4279  3403
4280  3403
3403  4281
4280  3403
4280  4281
4280  3403
4282  3403
4282  3403
4283  3403
3403  4284
4283  3403
4283  4284
4283  3403
4285  3403
4285  3403
4286  3403
4286  3403
4287  3403
3403  4288
4287  3403
4287  4288
4287  3403
4289  3403
4289  3403
4290  3403
3403  4291
4290  3403
4290  4291
4290  3403
454  4292
454  4292
454  4292
454  4293
4292  454
4292  4293
454  4292
454  4294
4292  454
4292  4294
454  4292
2521  4295
454  3850
2521  4296
2521  4297
2521  4298
2521  4299
2521  4300
2521  4301
2521  4302
3403  4303
3403  4304
4093  3403
4093  3403
3403  4305
3403  4306
3403  4307
3403  4308
3403  4309
3403  4310
3403  4311
4312  3403
4312  4311
3403  4313
3403  4314
3403  4315
3403  4316
4317  3403
4317  4316
3403  4318
3403  4319
3403  4320
3403  4321
3403  4322
3403  4323
3403  4324
3403  4325
3403  4326
3403  4327
3403  4328
3403  4329
3403  4330
3403  4331
3403  4332
3403  4333
3403  4334
3403  4335
3403  4336
3403  4337
3403  4338
3403  4339
3403  4340
3403  4341
3403  4342
3403  4343
3403  4344
3403  4345
3403  4346
3403  4347
3403  4348
3403  4349
3403  4350
3403  4351
3403  4352
3403  4353
3403  4354
3403  4355
3403  4356
3403  4357
3403  4358
3403  4359
3403  4360
3403  4361
3403  4362
3403  4363
3403  4364
3403  4365
3403  4366
3403  4367
3403  4368
3398  3398
3403  4369
3403  4370
3403  4371
3403  4372
3403  4373
3403  4374
3403  4375
3403  4376
3403  4377
3403  4378
4379  3403
4379  4378
3403  4380
3403  4381
3403  4382
3403  4383
3403  4384
3403  4385
3403  4386
3403  4387
3403  4388
3403  4389
3403  4390
3403  4391
3403  4392
3403  4393
3403  4394
3403  4395
3403  4396
3403  4397
3403  4398
3403  4399
3403  4400
3403  4401
3403  4402
3403  4403
3403  4404
3403  4405
3403  4406
3403  4407
3403  4408
3403  4409
3403  4410
3403  4411
3403  4412
3403  4413
3403  4414
3403  4415
3403  4416
3403  4417
3403  4418
3403  4419
3403  4420
3403  4421
3403  4422
3403  4423
3403  4424
3403  4425
3403  4426
3403  4427
3403  4428
3403  4429
2527  2962
2527  2963
2523  4430
2523  4431
2523  4432
2523  4433
2523  4434
2523  4435
2523  4436
2523  4437
2527  4438
2523  4439
2523  4440
2523  4441
2523  4442
2523  4443
2523  4444
2523  4445
2878  4446
2878  4447
2527  4438
2961  4448
2961  4449
2961  4450
2961  4451
2961  4452
2961  4453
2961  4454
2961  4455
2961  4456
2961  4457
2961  4458
2961  4459
2961  4460
2961  4461
2961  4462
2878  4463
2878  4464
454  4465
3850  454
454  4466
3850  4466
4467  454
4467  454
3097  4468
4469  3097
4469  4468
3097  4470
3097  4471
4469  3097
4469  4471
3097  4472
4473  454
4473  454
3097  4474
4475  3097
4475  4474
3097  4476
3097  4477
4475  3097
4475  4477
3097  4478
3097  4479
4480  454
4480  454
3097  4481
4482  3097
4482  4481
3097  4483
3097  4484
3097  4485
3097  4486
3097  4487
454  4488
454  4489
454  4490
454  4491
454  4492
454  4493
454  4494
454  4495
454  4496
454  4497
454  4498
454  4499
454  4500
454  4501
454  4502
454  4503
454  4504
454  4504
454  4504
454  4505
4504  454
4504  4505
454  4504
454  4506
4504  454
4504  4506
454  4504
3097  4507
3097  4508
3097  4509
3097  4510
3097  4511
3097  4512
3097  4513
3097  4514
3097  4515
3097  4516
3097  4517
3097  4518
3097  4519
3097  4520
3097  4521
3097  4522
3097  4523
3097  4524
3097  4525
3097  4526
3097  4527
3097  4528
454  4529
2878  4530
454  4531
454  4532
454  4533
454  4534
2878  4535
3097  4536
3097  4537
4529  4538
454  4538
4531  4539
454  4539
4538  4540
454  4540
454  4539
454  4540
4532  4541
454  4541
454  4541
4533  4542
454  4542
4534  4543
454  4543
454  4542
454  4543
3097  4544
3097  4545
3097  4546
3097  4547
3097  4548
3097  4549
3097  4550
3097  4551
3097  4552
3097  4553
3097  4554
3097  4555
3097  4556
3097  4557
3097  4558
3097  4559
3097  4560
3097  4561
3097  4562
3097  4563
3097  4564
3097  4565
3097  4566
3097  4567
3097  4568
3097  4569
3097  4570
3097  4571
3097  4572
3097  4573
3097  4574
3097  4575
3097  4576
3097  4577
3097  4578
3097  4579
3097  4580
3097  4581
3097  4582
3097  4583
3097  4584
3097  4585
3097  4586
3097  4587
3097  4588
3097  4589
3097  4590
3097  4591
3097  4592
3097  4593
3097  4594
3097  4595
3097  4596
3097  4597
3097  4598
3097  4599
3097  4600
3097  4601
3097  4602
3097  4603
3097  4604
3097  4605
3097  4606
3097  4607
3097  4608
3097  4609
3097  4610
454  4611
452  451
452  451
3097  4612
3097  4613
3097  4614
3097  4615
3097  4616
3097  4617
3097  4618
3097  4619
3097  4620
3097  4621
3097  4622
3097  4623
3097  4624
3097  4625
3097  4626
3097  4627
3097  4628
3097  4629
3097  4630
3097  4631
3097  4632
3097  4633
3097  4634
3097  4635
3097  4636
3097  4637
3097  4638
3097  4639
3097  4640
3097  4641
3097  4642
3097  4643
3097  4644
3097  4645
3097  4646
3097  4647
3097  4648
3097  4649
3097  4650
454  4651
454  4651
454  4651
454  4652
4651  454
4651  4652
454  4651
3097  4653
454  4654
454  4654
454  4654
454  4655
4654  454
4654  4655
454  4654
454  4656
4651  454
4651  4656
454  4651
454  4657
4654  454
4654  4657
454  4654
3097  4658
3097  4659
3097  4660
3097  4661
3097  4662
3097  4663
3097  4664
3097  4665
3097  4666
3097  4667
3097  4668
3097  4669
3097  4670
3097  4671
3097  4672
3097  4673
3097  4674
3097  4675
3097  4676
3097  4677
3097  4678
3097  4679
3097  4680
3097  4681
3097  4682
3097  4683
3097  4684
3097  4685
3097  4686
3097  4687
3097  4688
3097  4689
3097  4690
454  4691
454  4691
454  4691
454  4692
4691  454
4691  4692
454  4691
454  4693
4691  454
4691  4693
454  4691
3097  4694
3097  4695
3097  4696
3097  4697
3097  4698
3097  4699
3097  4700
3097  4701
3097  4702
3097  4703
3097  4704
3097  4705
3097  4706
3097  4707
3097  4708
3097  4709
3097  4710
3097  4711
3097  4712
3097  4713
3097  3097
3220  454
3220  454
4715  4714
4716  4715
4716  4714
4715  4717
4715  4718
4719  454
4719  454
4715  4720
4721  4715
4721  4720
4722  454
4722  454
4715  4723
4724  4715
4724  4723
4722  454
4722  454
4715  4725
4726  4715
4726  4725
4722  454
4722  454
4715  4727
4728  4715
4728  4727
4719  454
4719  454
4715  4729
4730  4715
4730  4729
4719  454
4719  454
4715  4731
4732  4715
4732  4731
454  4733
4734  454
4734  454
4734  454
4734  454
4734  454
4734  454
4733  4735
454  4735
4734  454
4734  454
454  4735
4715  4736
454  4737
454  4738
454  4739
454  4740
4715  4741
454  4742
4737  4743
454  4743
4715  4744
454  4743
3220  454
3220  454
4715  4745
4746  4715
4746  4745
4738  4747
454  4747
454  4747
4715  4748
4715  4749
452  451
4739  4750
454  4750
454  4750
452  451
3220  454
3220  454
4715  4751
4752  4715
4752  4751
4740  4753
454  4753
4715  4754
454  4755
4742  4756
454  4756
454  4753
454  4756
4715  4757
4755  4758
454  4758
4758  4759
454  4759
454  4759
454  4760
454  4760
454  4760
4715  4761
4715  4762
4761  4715
4761  4762
454  4763
454  4763
454  4763
454  4764
4765  454
4765  4764
4715  4766
4715  4767
4766  4715
4766  4767
454  4768
4769  454
4769  4768
454  4770
454  4770
454  4770
4715  4771
4715  4772
4771  4715
4771  4772
454  4773
454  4773
454  4773
4715  4774
4715  4775
4774  4715
4774  4775
454  4776
4777  454
4777  4776
454  4778
4779  454
4779  4778
454  4780
454  4780
454  4780
4715  4781
4715  4782
4781  4715
4781  4782
454  4783
4784  454
4784  4783
454  4785
454  4785
454  4785
4715  4786
4715  4787
4786  4715
4786  4787
454  4788
4789  454
4789  4788
454  4790
454  4790
454  4790
4715  4791
4715  4792
4791  4715
4791  4792
454  4793
454  4793
454  4793
4715  4794
4715  4795
4794  4715
4794  4795
454  4796
4797  454
4797  4796
454  4798
4799  454
4799  4798
4715  4800
4715  4801
4715  4802
454  4803
454  4804
454  4805
454  4806
4715  4807
454  4808
454  4808
454  4808
1717  4809
1717  4810
4809  1717
4809  4810
4715  4811
454  4812
4813  454
4813  4812
4093  454
4093  454
454  4814
454  4814
454  4814
1717  4815
1717  4816
4815  1717
4815  4816
454  4817
4818  454
4818  4817
454  4819
4715  4820
454  4819
454  4819
1717  4821
1717  4822
4821  1717
4821  4822
454  4823
4824  454
4824  4823
454  4825
454  4825
454  4825
1717  4826
1717  4827
4826  1717
4826  4827
454  4828
454  4828
454  4829
4830  454
4830  4829
454  4828
4715  4831
4715  4832
4831  4715
4831  4832
454  4833
454  4833
454  4833
454  4834
4835  454
4835  4834
4715  4836
4715  4837
4836  4715
4836  4837
454  4838
454  4838
454  4839
4840  454
4840  4839
454  4838
4715  4841
4715  4842
4841  4715
4841  4842
454  4843
454  4843
454  4844
4845  454
4845  4844
454  4843
4715  4846
4715  4847
4846  4715
4846  4847
454  4848
454  4848
454  4849
4850  454
4850  4849
454  4848
4715  4851
4715  4852
4851  4715
4851  4852
454  4853
4854  454
4854  4853
454  4855
454  4855
454  4855
454  4856
4855  454
4855  4856
454  4855
454  4857
4855  454
4855  4857
454  4855
454  4858
454  4859
454  4860
454  4861
454  4862
454  4862
454  4862
4715  4863
4715  4864
4863  4715
4863  4864
454  4865
4866  454
4866  4865
4715  4867
4715  4868
4715  4869
4715  4870
4715  4871
4715  4872
4715  4873
4715  4874
4715  4875
4715  4876
4715  4877
4715  4878
4715  4879
4715  4880
4715  4881
4715  4882
4715  4883
4715  4884
4715  4885
4715  4886
4715  4887
4715  4888
4715  4889
4715  4890
4715  4891
4715  4892
4715  4893
4715  4894
4715  4895
4715  4896
4715  4897
4715  4898
4715  4899
4715  4900
4715  4901
4715  4902
4715  4903
4715  4904
4715  4905
454  4906
4715  4907
454  4906
454  4906
454  4908
4906  454
4906  4908
454  4906
454  4909
4906  454
4906  4909
454  4906
4715  4910
4715  4911
4715  4912
4715  4913
4715  4914
4715  4915
4715  4916
4715  4917
4715  4918
4715  4919
4715  4920
4715  4921
4715  4922
4715  4923
4715  4924
4715  4925
4715  4926
4715  4927
4715  4928
4715  4929
4715  4930
4715  4931
4715  4932
4715  4933
4715  4934
4715  4935
4715  4936
4715  4937
4715  4938
4715  4939
4715  4940
4715  4941
4715  4942
4715  4943
4715  4944
4715  4945
4715  4946
4715  4947
4715  4948
4715  4949
4715  4950
4715  4951
4715  4952
4715  4953
4715  4954
4715  4955
4715  4956
4715  4957
4715  4958
4715  4959
4715  4960
4715  4961
4715  4962
4715  4963
4715  4964
4715  4965
4715  4966
4715  4967
454  4968
4715  4969
4715  4970
4715  4971
4968  4972
454  4972
454  4972
454  4973
4715  4974
454  4975
4715  4976
4715  4977
4715  4978
454  4979
4715  4980
4715  4981
4715  4982
4715  4983
4715  4984
4715  4985
4715  4986
4715  4987
4715  4988
4715  4989
4715  4990
4715  4991
4715  4992
4715  4993
4715  4994
4715  4995
4715  4996
4715  4997
4715  4998
4715  4999
4715  5000
4715  5001
4715  5002
4715  5003
4715  5004
4715  5005
4715  5006
4715  5007
4715  5008
4715  5009
4715  5010
4715  5011
4715  5012
4715  5013
4715  5014
4715  5015
4715  5016
4715  5017
4715  5018
4715  5019
4715  5020
4715  5021
4715  5022
4715  5023
4715  5024
4715  5025
4715  5026
4715  5027
4715  5028
4715  5029
4715  5030
4715  5031
4973  5032
454  5032
4975  5033
454  5033
4715  5034
4715  5035
4715  5036
4715  5037
4715  5038
5032  5039
454  5039
4715  5040
4715  5041
4979  5042
454  5042
4715  5043
5033  5044
454  5044
454  5039
454  5042
454  5044
4715  5045
4715  5046
4715  5047
4715  5048
4715  5049
4715  5050
4715  5051
4715  5052
4715  5053
4715  5054
4715  5055
4715  5056
4715  5057
4715  5058
4715  5059
4715  5060
4715  5061
4715  5062
4715  5063
4715  5064
4715  5065
4715  5066
4715  5067
4715  5068
4715  5069
4715  5070
4715  5071
4715  5072
4715  5073
4715  5074
4715  5075
4715  5076
4715  5077
4715  5078
4715  5079
4715  5080
4715  5081
4715  5082
4715  5083
4715  5084
4715  5085
4715  5086
4715  5087
4715  5088
4715  5089
4715  5090
4715  5091
4715  5092
4715  5093
4715  5094
4715  5095
4715  5096
4715  5097
4715  5098
4715  5099
4715  5100
4715  5101
4715  5102
4715  5103
4715  5104
4715  5105
4715  5106
4715  5107
4715  5108
4715  5109
4715  5110
4715  5111
4715  5112
4715  5113
4715  5114
4715  5115
4715  5116
4715  5117
4715  5118
4715  5119
4715  5120
4715  5121
4715  5122
4715  5123
4715  5124
4715  5125
4715  5126
4715  5127
4715  5128
4715  5129
4715  5130
4715  5131
4715  5132
4715  5133
4715  5134
4715  5135
4715  5136
4715  5137
4715  5138
4715  5139
4715  5140
4715  5141
4715  5142
4715  5143
4715  5144
4715  5145
4715  5146
4715  5147
4715  5148
4715  5149
4715  5150
4715  5151
4715  5152
4715  5153
4715  5154
4715  5155
4715  5156
4715  5157
4715  5158
4715  5159
4715  5160
4715  5161
4715  5162
4715  5163
4715  5164
4715  5165
4715  5166
4715  5167
4715  5168
4715  5169
4715  5170
4715  5171
4715  5172
4715  5173
4715  5174
4715  5175
4715  5176
4715  5177
4715  5178
4715  5179
4715  5180
4715  5181
4715  5182
4715  5183
4715  5184
4715  5185
4715  5186
4715  5187
4715  5188
4715  5189
4715  5190
4715  5191
4715  5192
4715  5193
4715  5194
4715  5195
4715  5196
4715  5197
4715  5198
4715  5199
4715  5200
4715  5201
4715  5202
4715  5203
4715  5204
4715  5205
4715  5206
4715  5207
4715  5208
4715  5209
4715  5210
4715  5211
4715  5212
4715  5213
4715  5214
4715  5215
4715  5216
4715  5217
4715  5218
4715  5219
4715  5220
4715  5221
4715  5222
4715  5223
4715  5224
4715  5225
4715  5226
4715  5227
4715  5228
4715  5229
4715  5230
4715  5231
4715  5232
4715  5233
4715  5234
4715  5235
4715  5236
4715  5237
4715  5238
4715  5239
4715  5240
4715  5241
4715  5242
4715  5243
4715  5244
4715  5245
4715  5246
4715  5247
4715  5248
4715  5249
4715  5250
4715  5251
4715  5252
4715  5253
4715  5254
4715  5255
4715  5256
4715  5257
4715  5258
4715  5259
4715  5260
4715  5261
4715  5262
4715  5263
4715  5264
4715  5265
4715  5266
4715  5267
4715  5268
4715  5269
4715  5270
4715  5271
4715  5272
4715  5273
4715  5274
4715  5275
4715  5276
4715  5277
4715  5278
4715  5279
4715  5280
4715  5281
4715  5282
4715  5283
4715  5284
4715  5285
4715  5286
4715  5287
4715  5288
4715  5289
4715  5290
4715  5291
4715  5292
4715  5293
4715  5294
4715  5295
4715  5296
4715  5297
4715  5298
4715  5299
4715  5300
4715  5301
4715  5302
4715  5303
4715  5304
4715  5305
4715  5306
4715  5307
4715  5308
4715  5309
4715  5310
4715  5311
4715  5312
4715  5313
4715  5314
4715  5315
4715  5316
4715  5317
4715  5318
4715  5319
4715  5320
4715  5321
4715  5322
4715  5323
4715  5324
4715  5325
4715  5326
4715  5327
4715  5328
4715  5329
4715  5330
4715  5331
4715  5332
4715  5333
4715  5334
4715  5335
4715  5336
4715  5337
4715  5338
4715  5339
4715  5340
4715  5341
4715  5342
4715  5343
4715  5344
4715  5345
4715  5346
4715  5347
4715  5348
4715  5349
4715  5350
4715  5351
4715  5352
4715  5353
4715  5354
4715  5355
4715  5356
4715  5357
4715  5358
4715  5359
4715  5360
4715  5361
4715  5362
4715  5363
454  5364
454  5364
454  5364
4715  5365
4715  5366
5365  4715
5365  5366
454  5367
454  5367
454  5367
454  5368
5369  454
5369  5368
4715  5370
4715  5371
5370  4715
5370  5371
454  5372
5373  454
5373  5372
4715  5374
4715  5375
4715  5376
4715  5377
4715  5378
4715  5379
4715  5380
4715  5381
4715  5382
4715  5383
4715  5384
4715  5385
4715  5386
4715  5387
4715  5388
4715  5389
4715  5390
454  5391
454  5392
4715  5393
4715  5394
5391  5395
454  5395
454  5395
5392  5396
454  5396
454  5396
4715  5397
4715  5398
4715  5399
4715  5400
4715  5401
4715  5402
4715  5403
4715  5404
4715  5405
4715  5406
4715  5407
4715  5408
4715  5409
4715  5410
4715  5411
4715  5412
454  5413
4715  5414
454  5415
4715  5416
4715  5417
4715  5418
4715  5419
4715  5420
4715  5421
4715  5422
4715  5423
4715  5424
4715  5425
4715  5426
4715  5427
4715  5428
4715  5429
4715  5430
4715  5431
454  5432
454  5432
454  5432
4715  5433
4715  5434
5433  4715
5433  5434
454  5435
454  5435
454  5436
5437  454
5437  5436
454  5435
4715  5438
4715  5439
5438  4715
5438  5439
454  5440
5441  454
5441  5440
4715  5442
4715  5443
4715  5444
4715  5445
4715  5446
4715  5447
4715  5448
4715  5449
4715  5450
4715  5451
4715  5452
4715  5453
4715  5454
4715  5455
4715  5456
4715  5457
4715  5458
4715  5459
4715  5460
4715  5461
4715  5462
4715  5463
4715  5464
4715  5465
4715  5466
4715  5467
4715  5468
4715  5469
4715  5470
4715  5471
4715  5472
4715  5473
4715  5474
4715  5475
4715  5476
4715  5477
4715  5478
4715  5479
4715  5480
4715  5481
4715  5482
4715  5483
4715  5484
4715  5485
4715  5486
4715  5487
4715  5488
4715  5489
4715  5490
4715  5491
4715  5492
4715  5493
4715  5494
4715  5495
4715  5496
4715  5497
4715  5498
4715  5499
4715  5500
4715  5501
4715  5502
4715  5503
4715  5504
4715  5505
4715  5506
4715  5507
4715  5508
4715  5509
4715  5510
4715  5511
4715  5512
4715  5513
4715  5514
4715  5515
4715  5516
4715  5517
4715  5518
4715  5519
4715  5520
4715  5521
4715  5522
4715  5523
4715  5524
4715  5525
4715  5526
4715  5527
4715  5528
4715  5529
4715  5530
4715  5531
4715  5532
4715  5533
4715  5534
4715  5535
4715  5536
4715  5537
4715  5538
4715  5539
4715  5540
4715  5541
4715  5542
4715  5543
4715  5544
4715  5545
4715  5546
4715  5547
4715  5548
4715  5549
4715  5550
4715  5551
4715  5552
4715  5553
4715  5554
4715  5555
4715  5556
4715  5557
4715  5558
4715  5559
4715  5560
4715  5561
4715  5562
4715  5563
4715  5564
4715  5565
4715  5566
4715  5567
4715  5568
4715  5569
4715  5570
4715  5571
4715  5572
4715  5573
4715  5574
4715  5575
4715  5576
4715  5577
4715  5578
4715  5579
4715  5580
4715  5581
4715  5582
4715  5583
4715  5584
454  5585
454  5585
4715  5586
454  5585
454  5587
5585  454
5585  5587
454  5585
4715  5588
454  5589
5585  454
5585  5589
454  5585
4715  5590
4715  5591
4715  5592
4715  5593
4715  5594
4715  5595
4715  5596
4715  5597
4715  5598
4715  5599
4715  5600
4715  5601
454  5602
4734  454
4734  454
5602  5603
454  5603
4734  454
4715  5604
4715  5605
4734  454
5603  5606
454  5606
454  5606
4715  5607
4715  5608
4715  5609
4715  5610
4715  5611
4715  5612
4715  5613
4715  5614
4715  5615
4715  5616
4715  5617
4715  5618
4715  5619
4715  5620
4715  5621
4715  5622
4715  5623
4715  5624
4715  5625
4715  5626
4715  5627
4715  5628
4715  5629
454  5630
454  5630
454  5630
454  5631
5630  454
5630  5631
454  5630
454  5632
5630  454
5630  5632
454  5630
4715  5633
4715  5634
4715  5635
4715  5636
4715  5637
4715  5638
4715  5639
4715  5640
4715  5641
4715  5642
4715  5643
4715  5644
4715  5645
4715  5646
454  5647
4734  454
4734  454
5647  5648
454  5648
4734  454
4734  454
5648  5649
454  5649
454  5649
4715  5650
4715  5651
4715  5652
4715  5653
4715  5654
4715  5655
4715  5656
4715  5657
4715  5658
4715  5659
4715  5660
4715  5661
4715  5662
4715  5663
4715  5664
4715  5665
4715  5666
4715  5667
4715  5668
4715  5669
4715  5670
4715  5671
4715  5672
4715  5673
4715  5674
4715  5675
4715  5676
4715  5677
4715  5678
4715  5679
4715  5680
4715  5681
4715  5682
4715  5683
4715  5684
4715  5685
4715  5686
4715  5687
4715  5688
4715  5689
4715  5690
4715  5691
4715  5692
4715  5693
4715  5694
4715  5695
4715  5696
4715  5697
4715  5698
4715  5699
4715  5700
4715  5701
4715  5702
4715  5703
4715  5704
4715  5705
4715  5706
4715  5707
4715  5708
4715  5709
4715  5710
4715  5711
4715  5712
4715  5713
4715  5714
4715  5715
4715  5716
4715  5717
4715  5718
4715  5719
4715  5720
4715  5721
4715  5722
4715  5723
4715  5724
4715  5725
4715  5726
4715  5727
4715  5728
4715  5729
4715  5730
4715  5731
4715  5732
4715  5733
4715  5734
4715  5735
4715  5736
2519  454
2519  454
2521  5737
2527  5738
2527  5739
4715  5740
4715  5741
4715  5742
4715  5743
4715  5744
4715  5745
2878  5746
4715  5747
4715  5748
4715  5749
4715  5750
2527  5739
2527  5738
2521  5751
2521  5752
2521  5753
2521  5754
2521  5755
2521  5756
2521  5757
2521  5758
2521  5759
2521  5760
2521  5761
2521  5762
2521  5763
2521  5764
2521  5765
2521  5766
2521  5767
2521  5768
2521  5769
2521  5770
2521  5771
4715  5772
4715  5773
4715  5774
4715  5775
4715  5776
4715  5777
4715  5778
4715  5779
4715  5780
4715  5781
4715  5782
4715  5783
4715  5784
4715  5785
4715  5786
4715  5787
4715  5788
4715  5789
4715  5790
4715  5791
4715  5792
4715  5793
4715  5794
4715  5795
2519  454
2519  454
2523  5796
2527  5797
4715  5798
4715  5799
4715  5800
4715  5801
4715  5802
4715  5803
4715  5804
4715  5805
4715  5806
4715  5807
4715  5808
4715  5809
4715  5810
4715  5811
4715  5812
4715  5813
4715  5814
4715  5815
4715  5816
4715  5817
4715  5818
4715  5819
4715  5820
4715  5821
4715  5822
4715  5823
4715  5824
4715  5825
4715  5826
4715  5827
4715  5828
4715  5829
4715  5830
4715  5831
4715  5832
4715  5833
4715  5834
4715  5835
4715  5836
4715  5837
4715  5838
4715  5839
4715  5840
4715  5841
4715  5842
4715  5843
4715  5844
4715  5845
4715  5846
4715  5847
4715  5848
4715  5849
4715  5850
4715  5851
4715  5852
4715  5853
4715  5854
4715  5855
4715  5856
4715  5857
4715  5858
4715  5859
4715  5860
4715  5861
4715  5862
4715  5863
4715  5864
4715  5865
4715  5866
4715  5867
4715  5868
4715  5869
4715  5870
4715  5871
4715  5872
4715  5873
4715  5874
4715  5875
4715  5876
4715  5877
4715  5878
4715  5879
4715  5880
4715  5881
4715  5882
4715  5883
4715  5884
4715  5885
4715  5886
4715  5887
2878  5888
4715  5889
4715  5890
4715  5891
4715  5892
4715  5893
454  5894
454  5895
4715  5896
4715  5897
4715  5898
4715  5899
4715  5900
4715  5901
4715  5902
4715  5903
4715  5904
4715  5905
4715  5906
4715  5907
4715  5908
4715  5909
4715  5910
4715  5911
4715  5912
4715  5913
4715  5914
4715  5915
4715  5916
4715  5917
4715  5918
4715  5919
4715  5920
4715  5921
4715  5922
4715  5923
4715  5924
4715  5925
4715  5926
4715  5927
4715  5928
4715  5929
4715  5930
454  5931
454  5931
454  5931
454  5932
5931  454
5931  5932
454  5931
454  5933
454  5933
454  5933
454  5934
5933  454
5933  5934
454  5933
4715  5935
4715  5936
454  5937
5931  454
5931  5937
454  5938
454  5938
454  5938
454  5939
5938  454
5938  5939
454  5938
454  5931
454  5940
5933  454
5933  5940
454  5933
454  5941
5938  454
5938  5941
454  5938
454  5942
454  5942
454  5942
454  5943
5942  454
5942  5943
454  5942
454  5944
5942  454
5942  5944
454  5942
4715  5945
4715  5946
4715  5947
4715  5948
4715  5949
4715  5950
4715  5951
4715  5952
452  451
452  451
454  5953
454  5954
454  5955
454  5956
454  5957
454  5958
454  5959
454  5960
4715  5961
4715  5962
2527  5797
2523  5963
2523  5964
2523  5965
454  5966
454  5966
454  5966
454  5967
5966  454
5966  5967
454  5966
454  5968
454  5968
454  5968
454  5969
5968  454
5968  5969
454  5968
454  5970
5966  454
5966  5970
454  5971
454  5971
454  5971
454  5972
5971  454
5971  5972
454  5966
454  5971
454  5973
454  5973
454  5973
454  5974
5968  454
5968  5974
454  5975
5973  454
5973  5975
454  5968
454  5973
454  5976
5971  454
5971  5976
454  5971
454  5977
5973  454
5973  5977
454  5973
454  5978
454  5978
454  5978
454  5979
5978  454
5978  5979
454  5978
454  5980
5978  454
5978  5980
454  5978
454  5981
454  5981
454  5981
454  5982
5981  454
5981  5982
454  5981
454  5983
5981  454
5981  5983
454  5981
2519  454
2519  454
2961  5984
2961  5985
2961  5986
2961  5987
2519  454
2519  454
2961  5988
2519  454
2527  5989
2519  454
2521  5990
2521  5991
2519  454
2521  5992
2521  5993
2519  454
2523  5994
2878  5995
452  451
452  451
2878  5996
2878  5997
454  5998
454  5998
454  5998
4715  5999
4715  6000
5999  4715
5999  6000
454  6001
454  6001
454  6001
454  6002
6003  454
6003  6002
4715  6004
4715  6005
6004  4715
6004  6005
454  6006
6007  454
6007  6006
2527  5989
2878  6008
454  6009
5413  6010
454  6010
454  6010
4715  6011
4715  6012
4715  6013
4715  6014
4715  6015
4715  6016
4715  6017
4715  6018
4715  6019
4715  6020
4715  6021
4715  6022
4715  6023
4715  6024
452  451
452  451
4715  6025
4715  6026
4715  6027
454  5415
5415  454
454  6028
5415  6028
454  6029
4734  454
4734  454
4734  454
4734  454
4734  454
4734  454
6029  6030
454  6030
4734  454
4734  454
454  6030
4715  6031
4715  4715
6033  6032
6033  6033
6035  6034
6037  6036
6039  6038
6037  6036
6040  6036
6035  6034
6039  6038
6041  6034
6041  6038
6041  6034
6041  6038
6043  6042
6040  6036
6041  6036
6037  6038
6037  6038
6037  6034
6041  6036
6039  6038
6037  6034
6035  6034
6039  6038
6035  6034
6045  6044
6041  6038
6041  6034
6041  6038
6041  6034
6035  6034
6045  6044
6041  6044
6037  6038
6041  6044
6037  6038
6039  6038
6046  6044
6047  6044
6046  6044
6048  6044
6047  6044
6050  6049
6051  6044
6048  6044
6052  6044
6052  6044
6048  6044
6051  6044
6035  6034
6047  6044
6048  6044
6041  6034
6053  6044
6047  6044
6054  6044
6053  6044
6041  6034
6055  6044
6054  6044
6056  6044
6055  6044
6057  6044
6056  6044
6058  6044
6043  6042
6057  6044
6059  6044
6041  6042
6058  6044
6060  6044
6059  6044
6061  6044
6041  6042
6060  6044
6061  6044
6062  6044
6039  6038
6062  6044
6041  6038
6063  6044
6063  6044
6041  6038
6046  6044
6047  6044
6046  6044
6050  6049
6048  6044
6047  6044
6051  6044
6048  6044
6064  6044
6041  6049
6064  6044
6048  6044
6051  6044
6047  6044
6048  6044
6053  6044
6041  6049
6047  6044
6065  6044
6037  6038
6053  6044
6066  6044
6065  6044
6067  6044
6046  6049
6066  6044
6037  6038
6067  6044
6047  6049
6046  6049