52951.1  52953.0 
52951.1  52954.0 
52951.1  52955.0 
52951.1  52956.0 
52951.1  52957.0 
52951.1  52958.0 
52951.1  52959.0 
52951.1  52960.0 
52951.1  52961.0 
52951.1  52962.0 
52951.1  52963.0 
52951.1  52964.0 
52952.1  52966.0 
52952.1  52954.0 
52952.1  52957.0 
52953.0  52933.0 
52954.0  52934.0 
52955.0  52935.0 
52956.0  52936.0 
52957.0  52937.0 
52958.0  52938.0 
52959.0  52939.0 
52960.0  52940.0 
52963.0  52943.0 
52964.0  52585.0 
52965.1  52954.0 
52965.1  52967.0 
52965.1  52958.0 
52965.1  52957.0 
52965.1  52963.0 
52965.1  52968.0 
52965.1  52969.0 
52966.0  52946.0 
52967.0  52947.0 
52968.0  52948.0 
52969.0  52949.0 
52950.1  52951.1 
52951.0  52952.0 
52952.0  52965.0 
