52711.1  52713.0 
52711.1  52714.0 
52711.1  52715.0 
52711.1  52716.0 
52711.1  52717.0 
52711.1  52718.0 
52711.1  52719.0 
52711.1  52720.0 
52711.1  52721.0 
52711.1  52722.0 
52711.1  52723.0 
52711.1  52724.0 
52712.1  52726.0 
52712.1  52714.0 
52712.1  52717.0 
52713.0  52693.0 
52714.0  52694.0 
52715.0  52695.0 
52716.0  52696.0 
52717.0  52697.0 
52718.0  52698.0 
52719.0  52699.0 
52720.0  52700.0 
52723.0  52703.0 
52724.0  31451.0 
52725.1  52714.0 
52725.1  52727.0 
52725.1  52718.0 
52725.1  52717.0 
52725.1  52723.0 
52725.1  52728.0 
52725.1  52729.0 
52726.0  52706.0 
52727.0  52707.0 
52728.0  52708.0 
52729.0  52709.0 
52710.1  52711.1 
52711.0  52712.0 
52712.0  52725.0 
