382.1  384.0 
382.1  385.0 
382.1  386.0 
382.1  387.0 
382.1  388.0 
382.1  389.0 
382.1  390.0 
382.1  391.0 
382.1  392.0 
382.1  393.0 
382.1  394.0 
382.1  395.0 
383.1  397.0 
383.1  385.0 
383.1  388.0 
384.0  364.0 
385.0  365.0 
386.0  366.0 
387.0  367.0 
388.0  368.0 
389.0  369.0 
390.0  370.0 
391.0  371.0 
394.0  374.0 
395.0  370.0 
396.1  385.0 
396.1  398.0 
396.1  389.0 
396.1  388.0 
396.1  394.0 
396.1  399.0 
396.1  400.0 
397.0  377.0 
398.0  378.0 
399.0  379.0 
400.0  380.0 
381.1  382.1 
382.0  383.0 
383.0  396.0 
