35203.1  35205.0 
35203.1  35206.0 
35203.1  35207.0 
35203.1  35208.0 
35203.1  35209.0 
35203.1  35210.0 
35203.1  35211.0 
35203.1  35212.0 
35203.1  35213.0 
35203.1  35214.0 
35203.1  35215.0 
35203.1  35216.0 
35204.1  35218.0 
35204.1  35206.0 
35204.1  35209.0 
35205.0  34261.0 
35206.0  34262.0 
35207.0  34263.0 
35208.0  34264.0 
35209.0  34265.0 
35210.0  34266.0 
35211.0  34267.0 
35212.0  34268.0 
35215.0  34271.0 
35216.0  315.0 
35217.1  35206.0 
35217.1  35219.0 
35217.1  35210.0 
35217.1  35209.0 
35217.1  35215.0 
35217.1  35220.0 
35217.1  35221.0 
35218.0  34274.0 
35219.0  34275.0 
35220.0  34276.0 
35221.0  34277.0 
35202.1  35203.1 
35223.1  35225.0 
35223.1  35226.0 
35223.1  35227.0 
35223.1  35228.0 
35223.1  35206.0 
35223.1  35229.0 
35223.1  35230.0 
35223.1  35231.0 
35223.1  35232.0 
35223.1  35210.0 
35223.1  35233.0 
35223.1  35234.0 
35223.1  35235.0 
35223.1  35236.0 
35223.1  35237.0 
35223.1  35238.0 
35223.1  35239.0 
35223.1  35240.0 
35223.1  35241.0 
35223.1  35242.0 
35223.1  35243.0 
35223.1  35244.0 
35223.1  35245.0 
35223.1  35246.0 
35223.1  35247.0 
35223.1  35209.0 
35223.1  35248.0 
35223.1  35249.0 
35223.1  35250.0 
35223.1  35251.0 
35223.1  35252.0 
35223.1  35253.0 
35223.1  35254.0 
35223.1  35255.0 
35223.1  35256.0 
35223.1  35257.0 
35223.1  35258.0 
35223.1  35259.0 
35223.1  35260.0 
35223.1  35261.0 
35223.1  35262.0 
35223.1  35263.0 
35223.1  35264.0 
35223.1  35265.0 
35223.1  35266.0 
35223.1  35215.0 
35223.1  35267.0 
35223.1  35268.0 
35223.1  35269.0 
35223.1  35270.0 
35223.1  35221.0 
35223.1  35271.0 
35223.1  35272.0 
35223.1  35273.0 
35223.1  35274.0 
35223.1  35275.0 
35223.1  35276.0 
35223.1  35277.0 
35223.1  35278.0 
35223.1  35279.0 
35223.1  35280.0 
35223.1  35281.0 
35223.1  35282.0 
35223.1  35283.0 
35223.1  35284.0 
35223.1  35285.0 
35223.1  35286.0 
35223.1  35287.0 
35223.1  35288.0 
35223.1  35289.0 
35223.1  35290.0 
35223.1  35291.0 
35223.1  35292.0 
35223.1  35293.0 
35223.1  35294.0 
35223.1  35295.0 
35223.1  35296.0 
35223.1  35297.0 
35223.1  35298.0 
35223.1  35299.0 
35223.1  35300.0 
35223.1  35301.0 
35223.1  35302.0 
35223.1  35303.0 
35223.1  35304.0 
35223.1  35305.0 
35223.1  35306.0 
35223.1  35307.0 
35223.1  35308.0 
35223.1  35309.0 
35223.1  35310.0 
35223.1  35311.0 
35223.1  35312.0 
35223.1  35313.0 
35223.1  35314.0 
35223.1  35315.0 
35223.1  35316.0 
35223.1  35317.0 
35223.1  35318.0 
35223.1  35319.0 
35223.1  35320.0 
35223.1  35321.0 
35223.1  35322.0 
35223.1  35323.0 
35223.1  35324.0 
35223.1  35325.0 
35223.1  35326.0 
35223.1  35327.0 
35223.1  35328.0 
35223.1  35329.0 
35223.1  35330.0 
35223.1  35331.0 
35223.1  35332.0 
35223.1  35333.0 
35223.1  35334.0 
35223.1  35335.0 
35223.1  35336.0 
35223.1  35337.0 
35223.1  35338.0 
35223.1  35339.0 
35223.1  35340.0 
35223.1  35341.0 
35223.1  35342.0 
35223.1  35343.0 
35223.1  35344.0 
35223.1  35345.0 
35223.1  35346.0 
35223.1  35347.0 
35223.1  35348.0 
35223.1  35349.0 
35223.1  35350.0 
35223.1  35351.0 
35223.1  35352.0 
35223.1  35353.0 
35223.1  35354.0 
35223.1  35355.0 
35223.1  35356.0 
35223.1  35357.0 
35223.1  35358.0 
35223.1  35359.0 
35223.1  35360.0 
35223.1  35361.0 
35223.1  35362.0 
35223.1  35363.0 
35223.1  35364.0 
35223.1  35365.0 
35223.1  35366.0 
35223.1  35367.0 
35223.1  35368.0 
35223.1  35369.0 
35223.1  35370.0 
35223.1  35371.0 
35223.1  35372.0 
35223.1  35373.0 
35223.1  35374.0 
35223.1  35375.0 
35223.1  35376.0 
35223.1  35377.0 
35223.1  35378.0 
35223.1  35379.0 
35223.1  35380.0 
35223.1  35381.0 
35223.1  35382.0 
35223.1  35383.0 
35223.1  35384.0 
35223.1  35220.0 
35223.1  35385.0 
35223.1  35386.0 
35223.1  35387.0 
35223.1  35388.1 
35223.1  35389.0 
35223.1  35390.0 
35223.1  35391.0 
35223.1  35392.0 
35223.1  35393.0 
35223.1  35394.0 
35223.2  35395.0 
35223.2  35396.0 
35223.2  35397.0 
35223.2  35398.0 
35223.2  35399.0 
35223.2  35400.0 
35223.2  35401.0 
35223.2  35402.0 
35223.2  35403.0 
35223.2  35404.0 
35223.2  35405.0 
35223.2  35406.0 
35223.2  35407.0 
35223.2  35408.0 
35223.2  35409.0 
35223.2  35410.0 
35223.2  35411.0 
35223.2  35412.0 
35223.2  35413.0 
35223.2  35414.0 
35223.2  35415.0 
35223.2  35416.0 
35223.2  35417.0 
35223.2  35418.0 
35223.2  35419.0 
35223.2  35420.0 
35223.2  35421.0 
35223.2  35422.0 
35223.2  35423.0 
35223.2  35424.0 
35223.2  35425.0 
35223.2  35207.0 
35223.2  35426.0 
35223.2  35427.0 
35223.2  35428.0 
35223.2  35429.0 
35223.2  35430.0 
35223.2  35431.0 
35223.2  35432.0 
35223.2  35433.0 
35223.2  35434.0 
35223.2  35435.0 
35223.2  35436.0 
35223.2  35212.0 
35223.2  35437.0 
35223.2  35438.0 
35223.2  35439.0 
35223.2  35440.0 
35223.2  35441.0 
35223.2  35442.0 
35223.2  35443.0 
35223.2  35444.0 
35223.2  35445.0 
35223.2  35446.0 
35223.2  35447.0 
35223.2  35448.0 
35223.2  35449.0 
35223.2  35450.0 
35223.2  35451.0 
35223.2  35452.0 
35223.2  35453.0 
35223.2  35454.0 
35223.2  35455.0 
35223.2  35456.0 
35223.2  35457.0 
35223.2  35458.0 
35223.2  35459.0 
35223.2  35460.0 
35223.2  35461.0 
35223.2  35462.0 
35223.2  35463.0 
35223.2  35464.0 
35223.2  35465.0 
35223.2  35466.0 
35223.2  35467.0 
35223.2  35468.0 
35223.2  35469.0 
35223.2  35470.0 
35223.2  35471.0 
35223.2  35472.0 
35223.2  35473.0 
35223.2  35474.0 
35223.2  35475.0 
35223.2  35476.0 
35223.2  35477.0 
35223.2  35478.0 
35223.2  35479.0 
35223.2  35480.0 
35223.2  35481.0 
35223.2  35482.0 
35223.2  35483.0 
35223.2  35484.0 
35223.2  35485.0 
35223.2  35486.0 
35223.2  35487.0 
35223.2  35488.0 
35223.2  35489.0 
35223.2  35490.0 
35223.2  35491.0 
35223.2  35492.0 
35223.2  35493.0 
35223.2  35494.0 
35223.2  35495.0 
35223.2  35496.0 
35223.2  35497.0 
35223.2  35498.0 
35223.2  35499.0 
35223.2  35500.0 
35223.2  35501.0 
35223.2  35502.0 
35223.2  35503.0 
35223.2  35504.0 
35223.2  35505.0 
35223.2  35506.0 
35223.2  35507.0 
35223.2  35508.0 
35223.2  35509.0 
35223.2  35510.0 
35223.2  35511.0 
35223.2  35512.0 
35223.2  35513.0 
35223.2  35514.0 
35223.2  35515.0 
35223.2  35516.0 
35223.2  35517.0 
35223.2  35518.0 
35223.2  35519.0 
35223.2  35520.0 
35223.2  35521.0 
35223.2  35522.0 
35223.2  35523.0 
35223.2  35524.0 
35223.2  35525.0 
35223.2  35526.0 
35223.2  35527.0 
35223.2  35528.0 
35223.2  35529.0 
35223.2  35530.0 
35223.2  35531.0 
35223.2  35532.0 
35223.2  35533.0 
35223.2  35534.0 
35223.2  35535.0 
35223.2  35536.0 
35223.2  35537.0 
35223.2  35538.0 
35223.2  35539.0 
35223.2  35540.0 
35223.2  35541.0 
35223.2  35542.0 
35223.2  35543.0 
35223.2  35544.0 
35223.2  35545.0 
35223.2  35546.0 
35223.2  35547.0 
35223.2  35548.0 
35223.2  35549.0 
35223.2  35550.0 
35223.2  35551.0 
35223.2  35552.0 
35223.2  35553.1 
35223.2  35554.0 
35223.2  35555.0 
35223.2  35556.0 
35223.2  35557.0 
35223.2  35558.0 
35223.2  35559.0 
35223.2  35560.0 
35223.2  35561.0 
35223.2  35562.0 
35223.2  35563.0 
35223.2  35564.0 
35223.2  35565.0 
35223.2  35566.0 
35223.2  35567.0 
35223.2  35568.37 
35223.2  35569.37 
35223.2  35570.0 
35223.2  35571.0 
35223.2  35572.0 
35223.2  35573.0 
35223.2  35574.0 
35223.2  35575.0 
35223.2  35576.0 
35223.2  35577.0 
35223.2  35578.0 
35223.2  35579.0 
35223.2  35580.0 
35223.2  35581.0 
35223.2  35582.0 
35223.3  35583.0 
35223.3  35584.0 
35223.3  35585.0 
35223.3  35586.0 
35223.3  35587.0 
35223.3  35588.0 
35223.3  35589.0 
35223.3  35590.0 
35223.3  35591.2 
35223.3  35592.0 
35223.3  35593.0 
35223.3  35594.0 
35223.3  35595.0 
35223.3  35596.0 
35223.3  35597.0 
35223.4  35598.0 
35223.4  35599.0 
35223.4  35600.0 
35223.4  35601.0 
35223.4  35202.1 
35223.5  35602.0 
35223.5  35603.0 
35223.5  35604.0 
35223.5  35605.0 
35223.5  35606.0 
35223.5  35607.1 
35223.5  35608.0 
35223.5  35609.74 
35223.5  35610.74 
35223.5  35611.0 
35223.5  35612.0 
35223.6  35613.0 
35223.6  35614.0 
35223.6  35615.0 
35223.6  35616.0 
35223.6  35617.0 
35223.6  35618.0 
35223.6  35211.0 
35223.6  35208.0 
35223.6  35619.0 
35223.6  35620.3 
35223.6  35621.0 
35223.6  35622.0 
35223.6  35623.0 
35223.6  35624.0 
35223.6  35625.0 
35223.6  35626.0 
35223.6  35627.0 
35223.6  35628.0 
35223.6  35629.37 
35223.6  35630.0 
35223.6  35631.0 
35223.7  35632.0 
35223.7  35633.0 
35223.7  35634.89 
35223.7  35635.0 
35223.7  35636.0 
35223.7  35637.1 
35223.7  35638.0 
35223.7  35639.0 
35223.7  35640.0 
35223.7  35641.0 
35223.7  35642.0 
35223.8  35643.0 
35223.8  35644.0 
35223.8  35645.0 
35223.8  35646.0 
35223.8  35647.0 
35223.9  35648.0 
35223.9  35649.0 
35223.9  35650.0 
35223.9  35591.5 
35223.10  35651.0 
35223.11  35652.0 
35224.1  35654.0 
35224.1  35206.0 
35224.1  35219.0 
35224.1  35210.0 
35224.1  35209.0 
35224.1  35215.0 
35224.1  35220.0 
35224.1  35221.0 
35224.1  35655.1 
35224.1  35656.1 
35224.1  35657.1 
35225.0  34281.0 
35226.0  34282.0 
35227.0  34283.0 
35228.0  34284.0 
35229.0  34285.0 
35230.0  34286.0 
35231.0  34287.0 
35232.0  34288.0 
35233.0  34289.0 
35234.0  34290.0 
35235.0  34291.0 
35236.0  34292.0 
35237.0  34293.0 
35238.0  34294.0 
35239.0  34295.0 
35240.0  34296.0 
35241.0  34297.0 
35242.0  34298.0 
35243.0  34299.0 
35244.0  34300.0 
35245.0  34301.0 
35246.0  34302.0 
35247.0  34303.0 
35248.0  34304.0 
35249.0  34305.0 
35250.0  34306.0 
35251.0  34307.0 
35252.0  34308.0 
35253.0  34309.0 
35254.0  34310.0 
35255.0  34311.0 
35256.0  34312.0 
35257.0  34313.0 
35258.0  34314.0 
35259.0  34315.0 
35260.0  34316.0 
35261.0  34317.0 
35262.0  34318.0 
35263.0  34319.0 
35264.0  34320.0 
35265.0  34321.0 
35266.0  34322.0 
35267.0  34323.0 
35268.0  34324.0 
35269.0  34325.0 
35270.0  34326.0 
35271.0  34327.0 
35272.0  34328.0 
35273.0  34329.0 
35274.0  34330.0 
35275.0  34331.0 
35276.0  34332.0 
35277.0  34333.0 
35278.0  34334.0 
35279.0  34335.0 
35280.0  34336.0 
35281.0  34337.0 
35282.0  34338.0 
35283.0  34339.0 
35284.0  34340.0 
35285.0  34341.0 
35286.0  34342.0 
35287.0  34343.0 
35288.0  34344.0 
35289.0  34345.0 
35290.0  34346.0 
35291.0  34347.0 
35292.0  34348.0 
35293.0  34349.0 
35294.0  34350.0 
35295.0  34351.0 
35296.0  34352.0 
35297.0  34353.0 
35298.0  34354.0 
35299.0  34355.0 
35300.0  34356.0 
35301.0  34357.0 
35302.0  34358.0 
35303.0  34359.0 
35304.0  34360.0 
35305.0  34361.0 
35306.0  34362.0 
35307.0  34363.0 
35308.0  34364.0 
35309.0  34365.0 
35310.0  34366.0 
35311.0  34367.0 
35312.0  34368.0 
35313.0  34369.0 
35314.0  34370.0 
35315.0  34371.0 
35316.0  34372.0 
35317.0  34373.0 
35318.0  34374.0 
35319.0  34375.0 
35320.0  34376.0 
35321.0  34377.0 
35322.0  34378.0 
35323.0  34379.0 
35324.0  34380.0 
35325.0  34381.0 
35326.0  34382.0 
35327.0  34383.0 
35328.0  34384.0 
35329.0  34385.0 
35330.0  34386.0 
35331.0  34387.0 
35332.0  34388.0 
35333.0  34389.0 
35334.0  34390.0 
35335.0  34391.0 
35336.0  34392.0 
35337.0  34393.0 
35338.0  34394.0 
35339.0  34395.0 
35340.0  34396.0 
35341.0  34397.0 
35342.0  34398.0 
35343.0  34399.0 
35344.0  34400.0 
35345.0  34401.0 
35346.0  34402.0 
35347.0  34403.0 
35348.0  34404.0 
35349.0  34405.0 
35350.0  34406.0 
35351.0  34407.0 
35352.0  34408.0 
35353.0  34409.0 
35354.0  34410.0 
35355.0  34411.0 
35356.0  34412.0 
35357.0  34413.0 
35358.0  34414.0 
35359.0  34415.0 
35360.0  34416.0 
35361.0  34417.0 
35362.0  34418.0 
35363.0  34419.0 
35364.0  34420.0 
35365.0  34421.0 
35366.0  34422.0 
35367.0  34423.0 
35368.0  34424.0 
35369.0  34425.0 
35370.0  34426.0 
35371.0  34427.0 
35372.0  34428.0 
35373.0  34429.0 
35374.0  34430.0 
35375.0  34431.0 
35376.0  34432.0 
35377.0  34433.0 
35378.0  34434.0 
35379.0  34435.0 
35380.0  34436.0 
35381.0  34437.0 
35382.0  34438.0 
35383.0  34439.0 
35384.0  34440.0 
35385.0  34441.0 
35386.0  34442.0 
35387.0  34443.0 
35388.1  35658.14 
35389.0  34445.0 
35390.0  34446.0 
35391.0  34447.0 
35392.0  34448.0 
35393.0  34449.0 
35394.0  34450.0 
35395.0  34451.0 
35396.0  34452.0 
35397.0  34453.0 
35398.0  34454.0 
35399.0  34455.0 
35400.0  34456.0 
35401.0  34457.0 
35402.0  34458.0 
35403.0  34459.0 
35404.0  34460.0 
35405.0  34461.0 
35406.0  34462.0 
35407.0  34463.0 
35408.0  34464.0 
35409.0  34465.0 
35410.0  34466.0 
35411.0  34467.0 
35412.0  34468.0 
35413.0  34469.0 
35414.0  34470.0 
35415.0  34471.0 
35416.0  34472.0 
35417.0  34473.0 
35418.0  34474.0 
35419.0  34475.0 
35420.0  34476.0 
35421.0  34477.0 
35422.0  34478.0 
35423.0  34479.0 
35424.0  34480.0 
35425.0  34481.0 
35426.0  34482.0 
35427.0  34483.0 
35428.0  34484.0 
35429.0  34485.0 
35430.0  34486.0 
35431.0  34487.0 
35432.0  34488.0 
35433.0  34489.0 
35434.0  34490.0 
35435.0  34491.0 
35436.0  34492.0 
35438.0  34494.0 
35439.0  34495.0 
35440.0  34496.0 
35441.0  34497.0 
35442.0  34498.0 
35443.0  34499.0 
35444.0  34500.0 
35445.0  34501.0 
35446.0  34502.0 
35447.0  34503.0 
35448.0  34504.0 
35449.0  34505.0 
35450.0  34506.0 
35451.0  34507.0 
35452.0  34508.0 
35453.0  34509.0 
35454.0  34510.0 
35455.0  34511.0 
35456.0  34512.0 
35457.0  34513.0 
35458.0  34514.0 
35459.0  34515.0 
35460.0  34516.0 
35461.0  34517.0 
35462.0  34518.0 
35463.0  34519.0 
35464.0  34520.0 
35465.0  34521.0 
35466.0  34522.0 
35467.0  34523.0 
35468.0  34524.0 
35469.0  34525.0 
35470.0  34526.0 
35471.0  34527.0 
35472.0  34528.0 
35473.0  34529.0 
35474.0  34530.0 
35475.0  34531.0 
35476.0  34532.0 
35477.0  34533.0 
35478.0  34534.0 
35479.0  34535.0 
35480.0  34536.0 
35481.0  34537.0 
35482.0  34538.0 
35483.0  34539.0 
35484.0  34540.0 
35485.0  34541.0 
35486.0  34542.0 
35487.0  34543.0 
35488.0  34544.0 
35489.0  34545.0 
35490.0  34546.0 
35491.0  34547.0 
35492.0  34548.0 
35493.0  34549.0 
35494.0  34550.0 
35495.0  34551.0 
35496.0  34552.0 
35497.0  34553.0 
35498.0  34554.0 
35499.0  34555.0 
35500.0  34556.0 
35501.0  34557.0 
35502.0  34558.0 
35503.0  34559.0 
35504.0  34560.0 
35505.0  34561.0 
35506.0  34562.0 
35507.0  34563.0 
35508.0  34564.0 
35509.0  34565.0 
35510.0  34566.0 
35511.0  34567.0 
35512.0  34568.0 
35513.0  34569.0 
35514.0  34570.0 
35515.0  34571.0 
35516.0  34572.0 
35517.0  34573.0 
35518.0  34574.0 
35519.0  34575.0 
35520.0  34576.0 
35521.0  34577.0 
35522.0  34578.0 
35523.0  34579.0 
35524.0  34580.0 
35525.0  34581.0 
35526.0  34582.0 
35527.0  34583.0 
35528.0  34584.0 
35529.0  34585.0 
35530.0  34586.0 
35531.0  34587.0 
35532.0  34588.0 
35533.0  34589.0 
35534.0  34590.0 
35535.0  34591.0 
35536.0  34592.0 
35537.0  34593.0 
35538.0  34594.0 
35539.0  34595.0 
35540.0  34596.0 
35541.0  34597.0 
35542.0  34598.0 
35543.0  34599.0 
35544.0  34600.0 
35545.0  34601.0 
35546.0  34602.0 
35547.0  34603.0 
35548.0  34604.0 
35549.0  34605.0 
35550.0  34606.0 
35551.0  34607.0 
35552.0  34608.0 
35553.1  35658.12 
35554.0  34610.0 
35555.0  34611.0 
35556.0  34612.0 
35557.0  34613.0 
35558.0  34614.0 
35559.0  34615.0 
35560.0  34616.0 
35561.0  34617.0 
35562.0  34618.0 
35563.0  34619.0 
35564.0  34620.0 
35565.0  34621.0 
35566.0  34622.0 
35567.0  34623.0 
35568.37  35658.13 
35568.37  34624.37 
35569.37  35658.13 
35569.37  34625.37 
35570.0  34626.0 
35571.0  34627.0 
35572.0  34628.0 
35573.0  34629.0 
35574.0  34630.0 
35575.0  34631.0 
35576.0  34632.0 
35577.0  34633.0 
35578.0  34634.0 
35579.0  34635.0 
35580.0  34636.0 
35581.0  34637.0 
35582.0  34638.0 
35583.0  34639.0 
35584.0  34640.0 
35585.0  34641.0 
35586.0  34642.0 
35587.0  34643.0 
35588.0  34644.0 
35589.0  34645.0 
35590.0  34646.0 
35591.1  35223.1 
35591.2  35223.2 
35591.3  35223.3 
35591.4  35223.4 
35591.5  35223.8 
35591.6  35223.9 
35591.7  35223.10 
35592.0  34648.0 
35593.0  34649.0 
35594.0  34650.0 
35595.0  34651.0 
35596.0  34652.0 
35597.0  34653.0 
35598.0  34654.0 
35599.0  34655.0 
35600.0  34656.0 
35601.0  34657.0 
35602.0  34658.0 
35603.0  34659.0 
35604.0  34660.0 
35605.0  34661.0 
35606.0  34662.0 
35607.1  35658.14 
35608.0  34664.0 
35609.74  35658.14 
35609.74  34665.74 
35609.75  35223.5 
35610.74  35658.14 
35610.74  34666.74 
35610.75  35223.7 
35611.0  34667.0 
35612.0  34668.0 
35613.0  34669.0 
35614.0  34670.0 
35615.0  34671.0 
35616.0  34672.0 
35617.0  34673.0 
35618.0  34674.0 
35619.0  34675.0 
35620.1  35659.1 
35620.2  35660.1 
35620.3  35661.1 
35621.0  34677.0 
35622.0  34678.0 
35623.0  34679.0 
35624.0  34680.0 
35625.0  34681.0 
35626.0  34682.0 
35627.0  34683.0 
35628.0  34684.0 
35629.37  34685.37 
35629.38  35223.6 
35630.0  34686.0 
35631.0  34687.0 
35632.0  34688.0 
35633.0  34689.0 
35634.88  35658.11 
35634.89  35658.13 
35634.89  34690.89 
35635.0  34691.0 
35637.1  35662.1 
35638.0  34694.0 
35639.0  34695.0 
35641.0  34697.0 
35642.0  34698.0 
35643.0  34699.0 
35644.0  34700.0 
35645.0  34701.0 
35646.0  34702.0 
35647.0  34703.0 
35648.0  34704.0 
35649.0  34705.0 
35650.0  34706.0 
35651.0  34257.0 
35652.0  34707.0 
35653.1  35664.0 
35653.1  35206.0 
35653.1  35219.0 
35653.1  35210.0 
35653.1  35209.0 
35653.1  35215.0 
35653.1  35220.0 
35653.1  35221.0 
35653.1  35665.1 
35653.1  35666.1 
35653.1  35667.1 
35653.1  35668.1 
35653.1  35669.1 
35654.0  34709.0 
35655.1  35670.1 
35656.1  35671.1 
35657.1  35672.1 
35658.11  35651.0 
35658.12  34728.0 
35658.13  34690.88 
35658.14  35673.1 
35658.14  34279.14 
35659.1  35674.0 
35659.1  35206.0 
35659.1  35675.0 
35659.1  35676.0 
35659.1  35209.0 
35659.1  35677.0 
35659.1  35207.0 
35659.1  35678.0 
35659.1  35210.0 
35659.1  35212.0 
35659.1  35679.0 
35659.1  35215.0 
35659.1  35680.2 
35660.1  35682.0 
35660.1  35206.0 
35660.1  35675.0 
35660.1  35676.0 
35660.1  35207.0 
35660.1  35209.0 
35660.1  35677.0 
35660.1  35210.0 
35660.1  35678.0 
35660.1  35212.0 
35660.1  35683.0 
35660.1  35215.0 
35660.1  35620.1 
35661.1  35684.0 
35661.1  35206.0 
35661.1  35209.0 
35661.1  35620.2 
35662.1  35686.0 
35662.1  35206.0 
35662.1  35687.0 
35662.1  35209.0 
35662.1  35215.0 
35662.1  35221.0 
35662.1  35266.0 
35662.1  35688.1 
35662.1  35688.2 
35662.1  35688.3 
35662.1  35688.4 
35662.1  35688.5 
35662.1  35688.6 
35662.1  35688.7 
35663.1  35218.0 
35663.1  35206.0 
35663.1  35209.0 
35664.0  34719.0 
35665.1  35689.1 
35666.1  35690.1 
35667.1  35691.1 
35668.1  35692.1 
35669.1  35693.1 
35670.1  35694.0 
35670.1  35206.0 
35670.1  35209.0 
35670.1  35215.0 
35671.1  35695.0 
35671.1  35206.0 
35671.1  35209.0 
35671.1  35215.0 
35672.1  35697.0 
35672.1  35206.0 
35672.1  35209.0 
35673.1  35658.11 
35674.0  34730.0 
35675.0  34731.0 
35676.0  34732.0 
35677.0  34733.0 
35678.0  34734.0 
35680.1  35698.1 
35680.2  35699.1 
35681.1  35701.0 
35681.1  35206.0 
35681.1  35219.0 
35681.1  35210.0 
35681.1  35209.0 
35681.1  35215.0 
35681.1  35220.0 
35681.1  35221.0 
35681.1  35271.0 
35681.1  35272.0 
35681.1  35273.0 
35681.1  35702.1 
35681.1  35703.1 
35681.2  35704.1 
35681.3  35705.1 
35682.0  34738.0 
35684.0  34740.0 
35685.1  35706.0 
35685.1  35206.0 
35685.1  35219.0 
35685.1  35210.0 
35685.1  35209.0 
35685.1  35215.0 
35685.1  35220.0 
35685.1  35221.0 
35686.0  34742.0 
35687.0  34743.0 
35688.1  35707.1 
35688.2  35707.2 
35688.3  35707.3 
35688.4  35707.4 
35688.5  35707.5 
35688.6  35707.6 
35688.7  35707.7 
35689.1  35695.0 
35689.1  35206.0 
35689.1  35209.0 
35689.1  35215.0 
35690.1  35694.0 
35690.1  35206.0 
35690.1  35209.0 
35690.1  35215.0 
35691.1  35708.0 
35691.1  35206.0 
35691.1  35209.0 
35691.1  35215.0 
35692.1  35708.0 
35692.1  35206.0 
35692.1  35209.0 
35692.1  35215.0 
35693.1  35708.0 
35693.1  35206.0 
35693.1  35209.0 
35693.1  35215.0 
35694.0  34750.0 
35695.0  34751.0 
35697.0  34753.0 
35698.1  35674.0 
35698.1  35206.0 
35698.1  35675.0 
35698.1  35676.0 
35698.1  35209.0 
35698.1  35677.0 
35698.1  35207.0 
35698.1  35678.0 
35698.1  35210.0 
35698.1  35212.0 
35698.1  35710.0 
35698.1  35215.0 
35698.1  35711.1 
35699.1  35682.0 
35699.1  35206.0 
35699.1  35675.0 
35699.1  35676.0 
35699.1  35207.0 
35699.1  35209.0 
35699.1  35677.0 
35699.1  35210.0 
35699.1  35678.0 
35699.1  35212.0 
35699.1  35713.0 
35699.1  35215.0 
35699.1  35680.1 
35700.1  35682.0 
35700.1  35206.0 
35700.1  35675.0 
35700.1  35676.0 
35700.1  35207.0 
35700.1  35209.0 
35700.1  35677.0 
35700.1  35210.0 
35700.1  35678.0 
35700.1  35212.0 
35700.1  35714.0 
35700.1  35215.0 
35701.0  34757.0 
35702.1  35715.0 
35703.1  35716.1 
35704.1  35717.1 
35705.1  35718.1 
35706.0  34762.0 
35707.1  35719.0 
35707.1  35206.0 
35707.1  35720.0 
35707.1  35210.0 
35707.1  35209.0 
35707.1  35721.0 
35707.1  35215.0 
35707.1  35722.0 
35707.1  35723.0 
35707.1  35220.0 
35707.1  35724.0 
35707.1  35725.0 
35707.1  35726.0 
35707.1  35221.0 
35707.1  35727.0 
35707.1  35728.0 
35707.1  35729.0 
35707.1  35730.0 
35707.1  35731.0 
35707.1  35732.0 
35707.1  35733.0 
35707.1  35734.0 
35707.1  35735.0 
35707.1  35736.0 
35707.1  35737.0 
35707.1  35738.0 
35707.1  35739.0 
35707.1  35740.0 
35707.1  35741.0 
35707.1  35742.0 
35707.1  35743.0 
35707.1  35744.0 
35707.1  35745.0 
35707.1  35746.0 
35707.1  35747.0 
35707.1  35748.0 
35707.1  35749.0 
35707.1  35750.0 
35707.1  35751.0 
35707.1  35752.0 
35707.1  35753.0 
35707.1  35754.0 
35707.1  35755.0 
35707.1  35756.0 
35707.1  35757.0 
35707.1  35758.0 
35707.1  35759.0 
35707.1  35760.0 
35707.1  35761.0 
35707.1  35762.0 
35707.1  35763.0 
35707.1  35764.0 
35707.1  35765.0 
35707.1  35766.0 
35707.1  35767.0 
35707.1  35768.0 
35707.1  35769.0 
35707.1  35770.0 
35707.1  35771.0 
35707.1  35772.0 
35707.1  35773.0 
35707.1  35774.0 
35707.1  35775.0 
35707.1  35776.0 
35707.1  35777.0 
35707.1  35778.0 
35707.1  35779.0 
35707.1  35780.0 
35707.1  35781.0 
35707.1  35782.0 
35707.1  35783.0 
35707.1  35784.0 
35707.1  35785.0 
35707.1  35786.0 
35707.1  35787.0 
35707.1  35788.0 
35707.1  35789.0 
35707.1  35790.0 
35707.1  35791.0 
35707.1  35792.0 
35707.1  35793.0 
35707.1  35794.0 
35707.1  35795.0 
35707.1  35796.0 
35707.1  35797.0 
35707.1  35798.0 
35707.2  35799.0 
35707.2  35800.0 
35707.2  35801.0 
35707.2  35802.0 
35707.2  35803.0 
35707.2  35804.0 
35707.2  35805.0 
35707.2  35806.0 
35707.2  35807.0 
35707.2  35808.0 
35707.2  35809.0 
35707.2  35810.0 
35707.2  35811.0 
35707.2  35812.0 
35707.2  35813.0 
35707.2  35814.0 
35707.2  35815.0 
35707.2  35816.0 
35707.2  35817.0 
35707.2  35818.0 
35707.2  35819.0 
35707.2  35820.0 
35707.2  35821.0 
35707.2  35822.0 
35707.2  35823.0 
35707.2  35824.0 
35707.2  35825.0 
35707.2  35826.0 
35707.2  35827.0 
35707.2  35828.0 
35707.2  35829.0 
35707.2  35830.0 
35707.2  35831.0 
35707.2  35832.0 
35707.2  35833.0 
35707.2  35834.0 
35707.2  35835.0 
35707.2  35836.0 
35707.2  35837.0 
35707.2  35838.0 
35707.2  35839.0 
35707.2  35840.0 
35707.2  35841.0 
35707.2  35842.0 
35707.2  35843.0 
35707.2  35844.0 
35707.2  35845.0 
35707.2  35846.0 
35707.2  35847.0 
35707.2  35848.0 
35707.2  35849.0 
35707.2  35850.0 
35707.2  35851.0 
35707.2  35852.0 
35707.2  35853.0 
35707.2  35854.0 
35707.2  35855.0 
35707.2  35856.0 
35707.2  35857.0 
35707.2  35858.0 
35707.2  35859.0 
35707.2  35860.0 
35707.2  35861.0 
35707.2  35862.0 
35707.2  35863.0 
35707.2  35864.0 
35707.2  35865.0 
35707.2  35866.0 
35707.2  35867.0 
35707.2  35868.0 
35707.2  35869.0 
35707.2  35870.0 
35707.2  35871.0 
35707.2  35872.0 
35707.2  35873.0 
35707.2  35874.0 
35707.2  35875.0 
35707.2  35876.0 
35707.2  35877.0 
35707.2  35878.0 
35707.2  35879.0 
35707.2  35880.0 
35707.2  35881.0 
35707.2  35882.0 
35707.3  35883.0 
35707.3  35884.0 
35707.3  35885.0 
35707.3  35886.0 
35707.3  35887.0 
35707.3  35888.0 
35707.3  35889.0 
35707.3  35890.0 
35707.3  35891.0 
35707.3  35892.0 
35707.3  35893.0 
35707.3  35894.0 
35707.3  35895.0 
35707.3  35896.0 
35707.3  35897.0 
35707.3  35898.0 
35707.3  35899.0 
35707.3  35900.0 
35707.3  35901.0 
35707.3  35902.0 
35707.3  35903.0 
35707.3  35904.0 
35707.3  35905.0 
35707.3  35906.0 
35707.3  35907.0 
35707.3  35908.0 
35707.3  35909.0 
35707.3  35910.0 
35707.3  35911.0 
35707.3  35912.0 
35707.3  35913.0 
35707.3  35914.0 
35707.3  35915.0 
35707.3  35916.0 
35707.3  35917.0 
35707.3  35918.0 
35707.3  35919.0 
35707.3  35920.0 
35707.3  35921.0 
35707.3  35922.0 
35707.3  35923.0 
35707.3  35924.0 
35707.3  35925.0 
35707.3  35926.0 
35707.3  35927.0 
35707.3  35928.0 
35707.3  35929.0 
35707.3  35930.0 
35707.3  35931.0 
35707.3  35932.0 
35707.3  35933.0 
35707.3  35934.0 
35707.3  35935.0 
35707.3  35936.0 
35707.3  35937.0 
35707.3  35938.0 
35707.3  35939.0 
35707.3  35940.0 
35707.3  35941.0 
35707.3  35942.0 
35707.3  35943.0 
35707.3  35944.0 
35707.3  35945.0 
35707.3  35946.0 
35707.3  35947.0 
35707.3  35948.0 
35707.3  35949.0 
35707.3  35950.0 
35707.3  35951.0 
35707.3  35952.0 
35707.4  35953.0 
35707.4  35954.0 
35707.4  35955.0 
35707.4  35956.0 
35707.4  35957.0 
35707.4  35958.0 
35707.4  35959.0 
35707.4  35960.0 
35707.4  35961.0 
35707.4  35962.0 
35707.4  35963.0 
35707.4  35964.0 
35707.4  35965.0 
35707.4  35966.0 
35707.4  35967.0 
35707.4  35968.0 
35707.4  35969.0 
35707.4  35970.0 
35707.4  35971.0 
35707.4  35972.0 
35707.4  35973.0 
35707.4  35974.0 
35707.4  35975.0 
35707.4  35976.0 
35707.4  35977.0 
35707.4  35978.0 
35707.4  35979.0 
35707.4  35980.0 
35707.4  35981.0 
35707.4  35982.0 
35707.4  35983.0 
35707.4  35984.0 
35707.4  35985.0 
35707.4  35986.0 
35707.4  35987.0 
35707.4  35988.0 
35707.4  35989.0 
35707.4  35990.0 
35707.4  35991.0 
35707.5  35992.0 
35707.5  35993.0 
35707.5  35994.0 
35707.5  35995.0 
35707.5  35996.0 
35707.5  35997.0 
35707.5  35998.0 
35707.5  35999.0 
35707.5  36000.0 
35707.5  36001.0 
35707.5  36002.0 
35707.5  36003.0 
35707.5  36004.0 
35707.5  36005.0 
35707.5  36006.0 
35707.5  36007.0 
35707.5  36008.0 
35707.5  36009.0 
35707.5  36010.0 
35707.5  36011.0 
35707.5  36012.0 
35707.5  36013.0 
35707.5  36014.0 
35707.5  36015.0 
35707.5  36016.0 
35707.5  36017.0 
35707.5  36018.0 
35707.5  36019.0 
35707.5  36020.0 
35707.5  36021.0 
35707.5  36022.0 
35707.5  36023.0 
35707.5  36024.0 
35707.5  36025.0 
35707.5  36026.0 
35707.5  36027.0 
35707.5  36028.0 
35707.5  36029.0 
35707.5  36030.0 
35707.5  36031.0 
35707.5  36032.0 
35707.5  36033.0 
35707.5  36034.0 
35707.5  36035.0 
35707.5  36036.0 
35707.5  36037.0 
35707.5  36038.0 
35707.5  36039.0 
35707.6  36040.0 
35707.6  36041.0 
35707.6  36042.0 
35707.6  36043.0 
35707.6  36044.0 
35707.6  36045.0 
35707.6  36046.0 
35707.6  36047.0 
35707.6  36048.0 
35707.6  36049.0 
35707.6  36050.0 
35707.6  36051.0 
35707.6  36052.0 
35707.6  36053.0 
35707.6  36054.0 
35707.6  36055.0 
35707.6  36056.0 
35707.6  36057.0 
35707.6  36058.0 
35707.6  36059.0 
35707.6  36060.0 
35707.6  36061.0 
35707.6  36062.0 
35707.6  36063.0 
35707.6  36064.0 
35707.6  36065.0 
35707.6  36066.0 
35707.6  36067.0 
35707.6  36068.0 
35707.6  36069.0 
35707.7  36070.0 
35707.7  36071.0 
35707.7  36072.0 
35707.7  36073.0 
35707.7  36074.0 
35707.7  36075.0 
35707.7  36076.0 
35707.7  36077.0 
35707.7  36078.0 
35707.7  36079.0 
35707.7  36080.0 
35707.7  36081.0 
35707.7  36082.0 
35707.7  36083.0 
35707.7  36084.0 
35707.7  36085.0 
35707.7  36086.0 
35707.7  36087.0 
35707.7  36088.0 
35707.7  36089.0 
35707.7  36090.0 
35707.7  36091.0 
35707.7  36092.0 
35707.7  36093.0 
35707.7  36094.0 
35707.7  36095.0 
35707.7  36096.0 
35707.7  36097.0 
35707.7  36098.0 
35707.7  36099.0 
35707.7  36100.0 
35707.7  36101.0 
35707.7  36102.0 
35707.7  36103.0 
35707.7  36104.0 
35707.7  36105.0 
35707.7  36106.0 
35707.7  36107.0 
35707.7  36108.0 
35707.7  36109.0 
35707.7  36110.0 
35707.7  36111.0 
35707.7  36112.0 
35707.7  36113.0 
35707.7  36114.0 
35707.7  36115.0 
35707.7  36116.0 
35708.0  34764.0 
35709.1  35174.0 
35709.1  34262.0 
35709.1  34275.0 
35709.1  34266.0 
35709.1  34265.0 
35709.1  34271.0 
35709.1  34276.0 
35709.1  34277.0 
35709.1  34327.0 
35709.1  34328.0 
35709.1  34329.0 
35709.1  36118.1 
35709.1  36119.1 
35709.1  34322.0 
35709.1  34334.0 
35709.1  36120.1 
35711.1  36121.1 
35712.1  34273.1 
35716.1  36123.0 
35716.1  35206.0 
35716.1  35209.0 
35716.1  35215.0 
35716.1  35221.0 
35716.1  36124.1 
35717.1  36123.0 
35717.1  35206.0 
35717.1  35209.0 
35717.1  35215.0 
35717.1  35221.0 
35717.1  36126.1 
35718.1  36123.0 
35718.1  35206.0 
35718.1  35209.0 
35718.1  35215.0 
35718.1  35221.0 
35718.1  36128.1 
35719.0  34775.0 
35720.0  34776.0 
35721.0  34777.0 
35723.0  34779.0 
35724.0  34780.0 
35725.0  34781.0 
35726.0  34782.0 
35727.0  34783.0 
35728.0  34784.0 
35729.0  34785.0 
35730.0  34786.0 
35731.0  34787.0 
35732.0  34788.0 
35733.0  34789.0 
35734.0  34790.0 
35735.0  34791.0 
35736.0  34792.0 
35737.0  34793.0 
35738.0  34794.0 
35739.0  34795.0 
35740.0  34796.0 
35741.0  34797.0 
35742.0  34798.0 
35743.0  34799.0 
35744.0  34800.0 
35745.0  34801.0 
35746.0  34802.0 
35747.0  34803.0 
35748.0  34804.0 
35749.0  34805.0 
35750.0  34806.0 
35751.0  34807.0 
35752.0  34808.0 
35753.0  34809.0 
35754.0  34810.0 
35755.0  34811.0 
35756.0  34812.0 
35757.0  34813.0 
35758.0  34814.0 
35759.0  34815.0 
35760.0  34816.0 
35761.0  34817.0 
35762.0  34818.0 
35763.0  34819.0 
35764.0  34820.0 
35765.0  34821.0 
35766.0  34822.0 
35767.0  34823.0 
35768.0  34824.0 
35769.0  34825.0 
35770.0  34826.0 
35771.0  34827.0 
35772.0  34828.0 
35773.0  34829.0 
35774.0  34830.0 
35775.0  34831.0 
35776.0  34832.0 
35777.0  34833.0 
35778.0  34834.0 
35779.0  34835.0 
35780.0  34836.0 
35781.0  34837.0 
35782.0  34838.0 
35783.0  34839.0 
35784.0  34840.0 
35785.0  34841.0 
35786.0  34842.0 
35787.0  34843.0 
35788.0  34844.0 
35789.0  34845.0 
35790.0  34846.0 
35791.0  34847.0 
35792.0  34848.0 
35793.0  34849.0 
35794.0  34850.0 
35795.0  34851.0 
35796.0  34852.0 
35797.0  34853.0 
35798.0  34854.0 
35799.0  34855.0 
35800.0  34856.0 
35801.0  34857.0 
35802.0  34858.0 
35803.0  34859.0 
35804.0  34860.0 
35805.0  34861.0 
35806.0  34862.0 
35807.0  34863.0 
35808.0  34864.0 
35809.0  34865.0 
35810.0  34866.0 
35811.0  34867.0 
35812.0  34868.0 
35813.0  34869.0 
35814.0  34870.0 
35815.0  34871.0 
35816.0  34872.0 
35817.0  34873.0 
35818.0  34874.0 
35819.0  34875.0 
35820.0  34876.0 
35821.0  34877.0 
35822.0  34878.0 
35823.0  34879.0 
35824.0  34880.0 
35825.0  34881.0 
35826.0  34882.0 
35827.0  34883.0 
35828.0  34884.0 
35829.0  34885.0 
35830.0  34886.0 
35831.0  34887.0 
35832.0  34888.0 
35833.0  34889.0 
35834.0  34890.0 
35835.0  34891.0 
35836.0  34892.0 
35837.0  34893.0 
35838.0  34894.0 
35839.0  34895.0 
35840.0  34896.0 
35841.0  34897.0 
35842.0  34898.0 
35843.0  34899.0 
35844.0  34900.0 
35845.0  34901.0 
35846.0  34902.0 
35847.0  34903.0 
35848.0  34904.0 
35849.0  34905.0 
35850.0  34906.0 
35851.0  34907.0 
35852.0  34908.0 
35853.0  34909.0 
35854.0  34910.0 
35855.0  34911.0 
35856.0  34912.0 
35857.0  34913.0 
35858.0  34914.0 
35859.0  34915.0 
35860.0  34916.0 
35861.0  34917.0 
35862.0  34918.0 
35863.0  34919.0 
35864.0  34920.0 
35865.0  34921.0 
35866.0  34922.0 
35867.0  34923.0 
35868.0  34924.0 
35869.0  34925.0 
35870.0  34926.0 
35871.0  34927.0 
35872.0  34928.0 
35873.0  34929.0 
35874.0  34930.0 
35875.0  34931.0 
35876.0  34932.0 
35877.0  34933.0 
35878.0  34934.0 
35879.0  34935.0 
35880.0  34936.0 
35881.0  34937.0 
35882.0  34938.0 
35883.0  34939.0 
35884.0  34940.0 
35885.0  34941.0 
35886.0  34942.0 
35887.0  34943.0 
35888.0  34944.0 
35889.0  34945.0 
35890.0  34946.0 
35891.0  34947.0 
35892.0  34948.0 
35893.0  34949.0 
35894.0  34950.0 
35895.0  34951.0 
35896.0  34952.0 
35897.0  34953.0 
35898.0  34954.0 
35899.0  34955.0 
35900.0  34956.0 
35901.0  34957.0 
35902.0  34958.0 
35903.0  34959.0 
35904.0  34960.0 
35905.0  34961.0 
35906.0  34962.0 
35907.0  34963.0 
35908.0  34964.0 
35909.0  34965.0 
35910.0  34966.0 
35911.0  34967.0 
35912.0  34968.0 
35913.0  34969.0 
35914.0  34970.0 
35915.0  34971.0 
35917.0  34973.0 
35918.0  34974.0 
35919.0  34975.0 
35920.0  34976.0 
35921.0  34977.0 
35922.0  34978.0 
35923.0  34979.0 
35924.0  34980.0 
35925.0  34981.0 
35926.0  34982.0 
35927.0  34983.0 
35928.0  34984.0 
35929.0  34985.0 
35930.0  34986.0 
35931.0  34987.0 
35932.0  34988.0 
35933.0  34989.0 
35934.0  34990.0 
35935.0  34991.0 
35936.0  34992.0 
35937.0  34993.0 
35938.0  34994.0 
35939.0  34995.0 
35940.0  34996.0 
35941.0  34997.0 
35942.0  34998.0 
35943.0  34999.0 
35944.0  35000.0 
35945.0  35001.0 
35946.0  35002.0 
35947.0  35003.0 
35948.0  35004.0 
35949.0  35005.0 
35950.0  35006.0 
35951.0  35007.0 
35952.0  35008.0 
35953.0  35009.0 
35954.0  35010.0 
35955.0  35011.0 
35956.0  35012.0 
35957.0  35013.0 
35958.0  35014.0 
35959.0  35015.0 
35960.0  35016.0 
35961.0  35017.0 
35962.0  35018.0 
35963.0  35019.0 
35964.0  35020.0 
35965.0  35021.0 
35966.0  35022.0 
35967.0  35023.0 
35968.0  35024.0 
35969.0  35025.0 
35970.0  35026.0 
35971.0  35027.0 
35972.0  35028.0 
35973.0  35029.0 
35974.0  35030.0 
35975.0  35031.0 
35976.0  35032.0 
35977.0  35033.0 
35978.0  35034.0 
35979.0  35035.0 
35980.0  35036.0 
35981.0  35037.0 
35982.0  35038.0 
35983.0  35039.0 
35984.0  35040.0 
35985.0  35041.0 
35986.0  35042.0 
35987.0  35043.0 
35988.0  35044.0 
35989.0  35045.0 
35990.0  35046.0 
35991.0  35047.0 
35992.0  35048.0 
35993.0  35049.0 
35994.0  35050.0 
35995.0  35051.0 
35996.0  35052.0 
35997.0  35053.0 
35998.0  35054.0 
35999.0  35055.0 
36000.0  35056.0 
36001.0  35057.0 
36002.0  35058.0 
36003.0  35059.0 
36004.0  35060.0 
36005.0  35061.0 
36006.0  35062.0 
36007.0  35063.0 
36008.0  35064.0 
36009.0  35065.0 
36010.0  35066.0 
36011.0  35067.0 
36012.0  35068.0 
36013.0  35069.0 
36014.0  35070.0 
36015.0  35071.0 
36016.0  35072.0 
36017.0  35073.0 
36018.0  35074.0 
36019.0  35075.0 
36020.0  35076.0 
36021.0  35077.0 
36022.0  35078.0 
36023.0  35079.0 
36024.0  35080.0 
36025.0  35081.0 
36026.0  35082.0 
36027.0  35083.0 
36028.0  35084.0 
36029.0  35085.0 
36030.0  35086.0 
36031.0  35087.0 
36032.0  35088.0 
36033.0  35089.0 
36034.0  35090.0 
36035.0  35091.0 
36036.0  35092.0 
36037.0  35093.0 
36038.0  35094.0 
36039.0  35095.0 
36040.0  35096.0 
36041.0  35097.0 
36042.0  35098.0 
36043.0  35099.0 
36044.0  35100.0 
36045.0  35101.0 
36046.0  35102.0 
36047.0  35103.0 
36048.0  35104.0 
36049.0  35105.0 
36050.0  35106.0 
36051.0  35107.0 
36052.0  35108.0 
36053.0  35109.0 
36054.0  35110.0 
36055.0  35111.0 
36056.0  35112.0 
36057.0  35113.0 
36058.0  35114.0 
36059.0  35115.0 
36060.0  35116.0 
36061.0  35117.0 
36062.0  35118.0 
36063.0  35119.0 
36064.0  35120.0 
36065.0  35121.0 
36066.0  35122.0 
36067.0  35123.0 
36068.0  35124.0 
36069.0  35125.0 
36070.0  35126.0 
36071.0  35127.0 
36072.0  35128.0 
36073.0  35129.0 
36074.0  35130.0 
36075.0  35131.0 
36076.0  35132.0 
36077.0  35133.0 
36078.0  35134.0 
36079.0  35135.0 
36080.0  35136.0 
36081.0  35137.0 
36082.0  35138.0 
36083.0  35139.0 
36084.0  35140.0 
36085.0  35141.0 
36086.0  35142.0 
36087.0  35143.0 
36117.1  34730.0 
36117.1  34262.0 
36117.1  34731.0 
36117.1  34732.0 
36117.1  34265.0 
36117.1  34733.0 
36117.1  34263.0 
36117.1  34734.0 
36117.1  34266.0 
36117.1  34268.0 
36117.1  36129.0 
36117.1  34271.0 
36117.1  34676.3 
36118.1  36130.1 
36119.1  36131.1 
36120.1  36132.1 
36121.1  35190.0 
36121.1  34262.0 
36121.1  34265.0 
36121.1  36133.3 
36123.0  35180.0 
36124.1  36134.0 
36126.1  36135.0 
36128.1  36136.0 
36130.1  35180.0 
36130.1  34262.0 
36130.1  34265.0 
36130.1  34271.0 
36130.1  34277.0 
36130.1  36138.1 
36131.1  35197.0 
36131.1  34262.0 
36131.1  34265.0 
36131.1  34271.0 
36131.1  35198.39 
36132.1  35197.0 
36132.1  34262.0 
36132.1  34265.0 
36132.1  34271.0 
36132.1  35199.4 
36133.3  34676.3 
36138.1  36139.0 
35203.0  35204.0 
35204.0  35217.0 
35223.0  35224.0 
35224.0  35653.0 
35653.0  35663.0 
35659.0  35217.0 
35660.0  35681.0 
35661.0  35681.0 
35662.0  35685.0 
35663.0  35217.0 
35670.0  35224.0 
35671.0  35224.0 
35672.0  35696.0 
35681.0  35700.0 
35685.0  35223.0 
35689.0  35653.0 
35690.0  35653.0 
35691.0  35653.0 
35692.0  35653.0 
35693.0  35653.0 
35696.0  35224.0 
35698.0  35709.0 
35699.0  35712.0 
35700.0  35217.0 
35707.0  35685.0 
35709.0  36117.0 
35715.0  35681.0 
35716.0  36122.0 
35717.0  36125.0 
35718.0  36127.0 
36117.0  35712.0 
36121.0  35709.0 
36122.0  35681.0 
36125.0  35681.0 
36127.0  35681.0 
36130.0  36137.0 
36131.0  35709.0 
36132.0  35709.0 
36134.0  36122.0 
36135.0  36125.0 
36136.0  36127.0 
36137.0  35709.0 
36139.0  36137.0 
35222.1  35223.11 
