23342.1  23344.0 
23342.1  23345.0 
23342.1  23346.0 
23342.1  23347.0 
23342.1  23348.0 
23342.1  23349.0 
23342.1  23350.0 
23342.1  23351.0 
23342.1  23352.0 
23342.1  23353.0 
23342.1  23354.0 
23342.1  23355.0 
23343.1  23357.0 
23343.1  23345.0 
23343.1  23348.0 
23344.0  23324.0 
23345.0  23325.0 
23346.0  23326.0 
23347.0  23327.0 
23348.0  23328.0 
23349.0  23329.0 
23350.0  23330.0 
23351.0  23331.0 
23354.0  23334.0 
23355.0  55.0 
23356.1  23345.0 
23356.1  23358.0 
23356.1  23349.0 
23356.1  23348.0 
23356.1  23354.0 
23356.1  23359.0 
23356.1  23360.0 
23357.0  23337.0 
23358.0  23338.0 
23359.0  23339.0 
23360.0  23340.0 
23341.1  23342.1 
23362.1  23364.0 
23362.1  23365.0 
23362.1  23366.0 
23362.1  23367.0 
23362.1  23345.0 
23362.1  23368.0 
23362.1  23369.0 
23362.1  23370.0 
23362.1  23371.0 
23362.1  23349.0 
23362.1  23372.0 
23362.1  23373.0 
23362.1  23374.0 
23362.1  23375.0 
23362.1  23376.0 
23362.1  23377.0 
23362.1  23378.0 
23362.1  23379.0 
23362.1  23380.0 
23362.1  23381.0 
23362.1  23382.0 
23362.1  23383.0 
23362.1  23384.0 
23362.1  23385.0 
23362.1  23386.0 
23362.1  23348.0 
23362.1  23387.0 
23362.1  23388.0 
23362.1  23389.0 
23362.1  23390.0 
23362.1  23391.0 
23362.1  23392.0 
23362.1  23393.0 
23362.1  23394.0 
23362.1  23395.0 
23362.1  23396.0 
23362.1  23397.0 
23362.1  23398.0 
23362.1  23399.0 
23362.1  23400.0 
23362.1  23401.0 
23362.1  23402.0 
23362.1  23403.0 
23362.1  23404.0 
23362.1  23405.0 
23362.1  23354.0 
23362.1  23406.0 
23362.1  23407.0 
23362.1  23408.0 
23362.1  23409.0 
23362.1  23360.0 
23362.1  23410.0 
23362.1  23411.0 
23362.1  23412.0 
23362.1  23413.0 
23362.1  23414.0 
23362.1  23415.0 
23362.1  23416.0 
23362.1  23417.0 
23362.1  23418.0 
23362.1  23419.0 
23362.1  23420.0 
23362.1  23421.0 
23362.1  23422.0 
23362.1  23423.0 
23362.1  23424.0 
23362.1  23425.0 
23362.1  23426.0 
23362.1  23427.0 
23362.1  23428.0 
23362.1  23429.0 
23362.1  23430.0 
23362.1  23431.0 
23362.1  23432.0 
23362.1  23433.0 
23362.1  23434.0 
23362.1  23435.0 
23362.1  23436.0 
23362.1  23437.0 
23362.1  23438.0 
23362.1  23439.0 
23362.1  23440.0 
23362.1  23441.0 
23362.1  23442.0 
23362.1  23443.0 
23362.1  23444.0 
23362.1  23445.0 
23362.1  23446.0 
23362.1  23447.0 
23362.1  23448.0 
23362.1  23449.0 
23362.1  23450.0 
23362.1  23451.0 
23362.1  23452.0 
23362.1  23453.0 
23362.1  23454.0 
23362.1  23455.0 
23362.1  23456.0 
23362.1  23457.0 
23362.1  23458.0 
23362.1  23459.0 
23362.1  23460.0 
23362.1  23461.0 
23362.1  23462.0 
23362.1  23463.0 
23362.1  23464.0 
23362.1  23465.0 
23362.1  23466.0 
23362.1  23467.0 
23362.1  23468.0 
23362.1  23469.0 
23362.1  23470.0 
23362.1  23471.0 
23362.1  23472.0 
23362.1  23473.0 
23362.1  23474.0 
23362.1  23475.0 
23362.1  23476.0 
23362.1  23477.0 
23362.1  23478.0 
23362.1  23479.0 
23362.1  23480.0 
23362.1  23481.0 
23362.1  23482.0 
23362.1  23483.0 
23362.1  23484.0 
23362.1  23485.0 
23362.1  23486.0 
23362.1  23487.0 
23362.1  23488.0 
23362.1  23489.0 
23362.1  23490.0 
23362.1  23491.0 
23362.1  23492.0 
23362.1  23493.0 
23362.1  23494.0 
23362.1  23495.0 
23362.1  23496.0 
23362.1  23497.0 
23362.1  23498.0 
23362.1  23499.0 
23362.1  23500.0 
23362.1  23501.0 
23362.1  23502.0 
23362.1  23503.0 
23362.1  23504.0 
23362.1  23505.0 
23362.1  23506.0 
23362.1  23507.0 
23362.1  23508.0 
23362.1  23509.0 
23362.1  23510.0 
23362.1  23511.0 
23362.1  23512.0 
23362.1  23513.0 
23362.1  23514.0 
23362.1  23515.0 
23362.1  23516.0 
23362.1  23517.0 
23362.1  23518.0 
23362.1  23519.0 
23362.1  23520.0 
23362.1  23521.0 
23362.1  23522.0 
23362.1  23523.0 
23362.1  23359.0 
23362.1  23524.0 
23362.1  23525.0 
23362.1  23526.0 
23362.1  23527.1 
23362.1  23528.0 
23362.1  23529.0 
23362.1  23530.0 
23362.1  23531.0 
23362.1  23532.0 
23362.1  23533.0 
23362.2  23534.0 
23362.2  23535.0 
23362.2  23536.0 
23362.2  23537.0 
23362.2  23538.0 
23362.2  23539.0 
23362.2  23540.0 
23362.2  23541.0 
23362.2  23542.0 
23362.2  23543.0 
23362.2  23544.0 
23362.2  23545.0 
23362.2  23546.0 
23362.2  23547.0 
23362.2  23548.0 
23362.2  23549.0 
23362.2  23550.0 
23362.2  23551.0 
23362.2  23552.0 
23362.2  23553.0 
23362.2  23554.0 
23362.2  23555.0 
23362.2  23556.0 
23362.2  23557.0 
23362.2  23558.0 
23362.2  23559.0 
23362.2  23560.0 
23362.2  23561.0 
23362.2  23562.0 
23362.2  23563.0 
23362.2  23564.0 
23362.2  23346.0 
23362.2  23565.0 
23362.2  23566.0 
23362.2  23567.0 
23362.2  23568.0 
23362.2  23569.0 
23362.2  23570.0 
23362.2  23571.0 
23362.2  23572.0 
23362.2  23573.0 
23362.2  23574.0 
23362.2  23575.0 
23362.2  23351.0 
23362.2  23576.0 
23362.2  23577.0 
23362.2  23578.0 
23362.2  23579.0 
23362.2  23580.0 
23362.2  23581.0 
23362.2  23582.0 
23362.2  23583.0 
23362.2  23584.0 
23362.2  23585.0 
23362.2  23586.0 
23362.2  23587.0 
23362.2  23588.0 
23362.2  23589.0 
23362.2  23590.0 
23362.2  23591.0 
23362.2  23592.0 
23362.2  23593.0 
23362.2  23594.0 
23362.2  23595.0 
23362.2  23596.0 
23362.2  23597.0 
23362.2  23598.0 
23362.2  23599.0 
23362.2  23600.0 
23362.2  23601.0 
23362.2  23602.0 
23362.2  23603.0 
23362.2  23604.0 
23362.2  23605.0 
23362.2  23606.0 
23362.2  23607.0 
23362.2  23608.0 
23362.2  23609.0 
23362.2  23610.0 
23362.2  23611.0 
23362.2  23612.0 
23362.2  23613.0 
23362.2  23614.0 
23362.2  23615.0 
23362.2  23616.0 
23362.2  23617.0 
23362.2  23618.0 
23362.2  23619.0 
23362.2  23620.0 
23362.2  23621.0 
23362.2  23622.0 
23362.2  23623.0 
23362.2  23624.0 
23362.2  23625.0 
23362.2  23626.0 
23362.2  23627.0 
23362.2  23628.0 
23362.2  23629.0 
23362.2  23630.0 
23362.2  23631.0 
23362.2  23632.0 
23362.2  23633.0 
23362.2  23634.0 
23362.2  23635.0 
23362.2  23636.0 
23362.2  23637.0 
23362.2  23638.0 
23362.2  23639.0 
23362.2  23640.0 
23362.2  23641.0 
23362.2  23642.0 
23362.2  23643.0 
23362.2  23644.0 
23362.2  23645.0 
23362.2  23646.0 
23362.2  23647.0 
23362.2  23648.0 
23362.2  23649.0 
23362.2  23650.0 
23362.2  23651.0 
23362.2  23652.0 
23362.2  23653.0 
23362.2  23654.0 
23362.2  23655.0 
23362.2  23656.0 
23362.2  23657.0 
23362.2  23658.0 
23362.2  23659.0 
23362.2  23660.0 
23362.2  23661.0 
23362.2  23662.0 
23362.2  23663.0 
23362.2  23664.0 
23362.2  23665.0 
23362.2  23666.0 
23362.2  23667.0 
23362.2  23668.0 
23362.2  23669.0 
23362.2  23670.0 
23362.2  23671.0 
23362.2  23672.0 
23362.2  23673.0 
23362.2  23674.0 
23362.2  23675.0 
23362.2  23676.0 
23362.2  23677.0 
23362.2  23678.0 
23362.2  23679.0 
23362.2  23680.0 
23362.2  23681.0 
23362.2  23682.0 
23362.2  23683.0 
23362.2  23684.0 
23362.2  23685.0 
23362.2  23686.0 
23362.2  23687.0 
23362.2  23688.0 
23362.2  23689.0 
23362.2  23690.0 
23362.2  23691.0 
23362.2  23692.1 
23362.2  23693.0 
23362.2  23694.0 
23362.2  23695.0 
23362.2  23696.0 
23362.2  23697.0 
23362.2  23698.0 
23362.2  23699.0 
23362.2  23700.0 
23362.2  23701.0 
23362.2  23702.0 
23362.2  23703.0 
23362.2  23704.0 
23362.2  23705.0 
23362.2  23706.0 
23362.2  23707.23 
23362.2  23708.23 
23362.2  23709.0 
23362.2  23710.0 
23362.2  23711.0 
23362.2  23712.0 
23362.2  23713.0 
23362.2  23714.0 
23362.2  23715.0 
23362.2  23716.0 
23362.2  23717.0 
23362.2  23718.0 
23362.2  23719.0 
23362.2  23720.0 
23362.2  23721.0 
23362.3  23722.0 
23362.3  23723.0 
23362.3  23724.0 
23362.3  23725.0 
23362.3  23726.0 
23362.3  23727.0 
23362.3  23728.0 
23362.3  23729.0 
23362.3  23730.2 
23362.3  23731.0 
23362.3  23732.0 
23362.3  23733.0 
23362.3  23734.0 
23362.3  23735.0 
23362.3  23736.0 
23362.4  23737.0 
23362.4  23738.0 
23362.4  23739.0 
23362.4  23740.0 
23362.4  23341.1 
23362.5  23741.0 
23362.5  23742.0 
23362.5  23743.0 
23362.5  23744.0 
23362.5  23745.0 
23362.5  23746.1 
23362.5  23747.0 
23362.5  23748.46 
23362.5  23749.46 
23362.5  23750.0 
23362.5  23751.0 
23362.6  23752.0 
23362.6  23753.0 
23362.6  23754.0 
23362.6  23755.0 
23362.6  23756.0 
23362.6  23757.0 
23362.6  23350.0 
23362.6  23347.0 
23362.6  23758.0 
23362.6  23759.3 
23362.6  23760.0 
23362.6  23761.0 
23362.6  23762.0 
23362.6  23763.0 
23362.6  23764.0 
23362.6  23765.0 
23362.6  23766.0 
23362.6  23767.0 
23362.6  23768.23 
23362.6  23769.0 
23362.6  23770.0 
23362.7  23771.0 
23362.7  23772.0 
23362.7  23773.56 
23362.7  23774.0 
23362.7  23775.0 
23362.7  23776.1 
23362.7  23777.0 
23362.7  23778.0 
23362.7  23779.0 
23362.7  23780.0 
23362.7  23781.0 
23362.8  23782.0 
23362.8  23783.0 
23362.8  23784.0 
23362.8  23785.0 
23362.8  23786.0 
23362.9  23787.0 
23362.9  23788.0 
23362.9  23789.0 
23362.9  23730.5 
23362.10  23790.0 
23362.11  23791.0 
23363.1  23793.0 
23363.1  23345.0 
23363.1  23358.0 
23363.1  23349.0 
23363.1  23348.0 
23363.1  23354.0 
23363.1  23359.0 
23363.1  23360.0 
23363.1  23794.1 
23363.1  23795.1 
23363.1  23796.1 
23364.0  21397.0 
23365.0  21398.0 
23366.0  21399.0 
23367.0  21400.0 
23368.0  21401.0 
23369.0  21402.0 
23370.0  21403.0 
23371.0  21404.0 
23372.0  21405.0 
23373.0  21406.0 
23374.0  21407.0 
23375.0  21408.0 
23376.0  21409.0 
23377.0  21410.0 
23378.0  21411.0 
23379.0  21412.0 
23380.0  21413.0 
23381.0  21414.0 
23382.0  21415.0 
23383.0  21416.0 
23384.0  21417.0 
23385.0  21418.0 
23386.0  21419.0 
23387.0  21420.0 
23388.0  21421.0 
23389.0  21422.0 
23390.0  21423.0 
23391.0  21424.0 
23392.0  21425.0 
23393.0  21426.0 
23394.0  21427.0 
23395.0  21428.0 
23396.0  21429.0 
23397.0  21430.0 
23398.0  21431.0 
23399.0  21432.0 
23400.0  21433.0 
23401.0  21434.0 
23402.0  21435.0 
23403.0  21436.0 
23404.0  21437.0 
23405.0  21438.0 
23406.0  21439.0 
23407.0  21440.0 
23408.0  21441.0 
23409.0  21442.0 
23410.0  21443.0 
23411.0  21444.0 
23412.0  21445.0 
23413.0  21446.0 
23414.0  21447.0 
23415.0  21448.0 
23416.0  21449.0 
23417.0  21450.0 
23418.0  21451.0 
23419.0  21452.0 
23420.0  21453.0 
23421.0  21454.0 
23422.0  21455.0 
23423.0  21456.0 
23424.0  21457.0 
23425.0  21458.0 
23426.0  21459.0 
23427.0  21460.0 
23428.0  21461.0 
23429.0  21462.0 
23430.0  21463.0 
23431.0  21464.0 
23432.0  21465.0 
23433.0  21466.0 
23434.0  21467.0 
23435.0  21468.0 
23436.0  21469.0 
23437.0  21470.0 
23438.0  21471.0 
23439.0  21472.0 
23440.0  21473.0 
23441.0  21474.0 
23442.0  21475.0 
23443.0  21476.0 
23444.0  21477.0 
23445.0  21478.0 
23446.0  21479.0 
23447.0  21480.0 
23448.0  21481.0 
23449.0  21482.0 
23450.0  21483.0 
23451.0  21484.0 
23452.0  21485.0 
23453.0  21486.0 
23454.0  21487.0 
23455.0  21488.0 
23456.0  21489.0 
23457.0  21490.0 
23458.0  21491.0 
23459.0  21492.0 
23460.0  21493.0 
23461.0  21494.0 
23462.0  21495.0 
23463.0  21496.0 
23464.0  21497.0 
23465.0  21498.0 
23466.0  21499.0 
23467.0  21500.0 
23468.0  21501.0 
23469.0  21502.0 
23470.0  21503.0 
23471.0  21504.0 
23472.0  21505.0 
23473.0  21506.0 
23474.0  21507.0 
23475.0  21508.0 
23476.0  21509.0 
23477.0  21510.0 
23478.0  21511.0 
23479.0  21512.0 
23480.0  21513.0 
23481.0  21514.0 
23482.0  21515.0 
23483.0  21516.0 
23484.0  21517.0 
23485.0  21518.0 
23486.0  21519.0 
23487.0  21520.0 
23488.0  21521.0 
23489.0  21522.0 
23490.0  21523.0 
23491.0  21524.0 
23492.0  21525.0 
23493.0  21526.0 
23494.0  21527.0 
23495.0  21528.0 
23496.0  21529.0 
23497.0  21530.0 
23498.0  21531.0 
23499.0  21532.0 
23500.0  21533.0 
23501.0  21534.0 
23502.0  21535.0 
23503.0  21536.0 
23504.0  21537.0 
23505.0  21538.0 
23506.0  21539.0 
23507.0  21540.0 
23508.0  21541.0 
23509.0  21542.0 
23510.0  21543.0 
23511.0  21544.0 
23512.0  21545.0 
23513.0  21546.0 
23514.0  21547.0 
23515.0  21548.0 
23516.0  21549.0 
23517.0  21550.0 
23518.0  21551.0 
23519.0  21552.0 
23520.0  21553.0 
23521.0  21554.0 
23522.0  21555.0 
23523.0  21556.0 
23524.0  21557.0 
23525.0  21558.0 
23526.0  21559.0 
23527.1  23797.13 
23528.0  21561.0 
23529.0  21562.0 
23530.0  21563.0 
23531.0  21564.0 
23532.0  21565.0 
23533.0  21566.0 
23534.0  21567.0 
23535.0  21568.0 
23536.0  21569.0 
23537.0  21570.0 
23538.0  21571.0 
23539.0  21572.0 
23540.0  21573.0 
23541.0  21574.0 
23542.0  21575.0 
23543.0  21576.0 
23544.0  21577.0 
23545.0  21578.0 
23546.0  21579.0 
23547.0  21580.0 
23548.0  21581.0 
23549.0  21582.0 
23550.0  21583.0 
23551.0  21584.0 
23552.0  21585.0 
23553.0  21586.0 
23554.0  21587.0 
23555.0  21588.0 
23556.0  21589.0 
23557.0  21590.0 
23558.0  21591.0 
23559.0  21592.0 
23560.0  21593.0 
23561.0  21594.0 
23562.0  21595.0 
23563.0  21596.0 
23564.0  21597.0 
23565.0  21598.0 
23566.0  21599.0 
23567.0  21600.0 
23568.0  21601.0 
23569.0  21602.0 
23570.0  21603.0 
23571.0  21604.0 
23572.0  21605.0 
23573.0  21606.0 
23574.0  21607.0 
23575.0  21608.0 
23577.0  21610.0 
23578.0  21611.0 
23579.0  21612.0 
23580.0  21613.0 
23581.0  21614.0 
23582.0  21615.0 
23583.0  21616.0 
23584.0  21617.0 
23585.0  21618.0 
23586.0  21619.0 
23587.0  21620.0 
23588.0  21621.0 
23589.0  21622.0 
23590.0  21623.0 
23591.0  21624.0 
23592.0  21625.0 
23593.0  21626.0 
23594.0  21627.0 
23595.0  21628.0 
23596.0  21629.0 
23597.0  21630.0 
23598.0  21631.0 
23599.0  21632.0 
23600.0  21633.0 
23601.0  21634.0 
23602.0  21635.0 
23603.0  21636.0 
23604.0  21637.0 
23605.0  21638.0 
23606.0  21639.0 
23607.0  21640.0 
23608.0  21641.0 
23609.0  21642.0 
23610.0  21643.0 
23611.0  21644.0 
23612.0  21645.0 
23613.0  21646.0 
23614.0  21647.0 
23615.0  21648.0 
23616.0  21649.0 
23617.0  21650.0 
23618.0  21651.0 
23619.0  21652.0 
23620.0  21653.0 
23621.0  21654.0 
23622.0  21655.0 
23623.0  21656.0 
23624.0  21657.0 
23625.0  21658.0 
23626.0  21659.0 
23627.0  21660.0 
23628.0  21661.0 
23629.0  21662.0 
23630.0  21663.0 
23631.0  21664.0 
23632.0  21665.0 
23633.0  21666.0 
23634.0  21667.0 
23635.0  21668.0 
23636.0  21669.0 
23637.0  21670.0 
23638.0  21671.0 
23639.0  21672.0 
23640.0  21673.0 
23641.0  21674.0 
23642.0  21675.0 
23643.0  21676.0 
23644.0  21677.0 
23645.0  21678.0 
23646.0  21679.0 
23647.0  21680.0 
23648.0  21681.0 
23649.0  21682.0 
23650.0  21683.0 
23651.0  21684.0 
23652.0  21685.0 
23653.0  21686.0 
23654.0  21687.0 
23655.0  21688.0 
23656.0  21689.0 
23657.0  21690.0 
23658.0  21691.0 
23659.0  21692.0 
23660.0  21693.0 
23661.0  21694.0 
23662.0  21695.0 
23663.0  21696.0 
23664.0  21697.0 
23665.0  21698.0 
23666.0  21699.0 
23667.0  21700.0 
23668.0  21701.0 
23669.0  21702.0 
23670.0  21703.0 
23671.0  21704.0 
23672.0  21705.0 
23673.0  21706.0 
23674.0  21707.0 
23675.0  21708.0 
23676.0  21709.0 
23677.0  21710.0 
23678.0  21711.0 
23679.0  21712.0 
23680.0  21713.0 
23681.0  21714.0 
23682.0  21715.0 
23683.0  21716.0 
23684.0  21717.0 
23685.0  21718.0 
23686.0  21719.0 
23687.0  21720.0 
23688.0  21721.0 
23689.0  21722.0 
23690.0  21723.0 
23691.0  21724.0 
23692.1  23797.11 
23693.0  21726.0 
23694.0  21727.0 
23695.0  21728.0 
23696.0  21729.0 
23697.0  21730.0 
23698.0  21731.0 
23699.0  21732.0 
23700.0  21733.0 
23701.0  21734.0 
23702.0  21735.0 
23703.0  21736.0 
23704.0  21737.0 
23705.0  21738.0 
23706.0  21739.0 
23707.22  23798.14 
23707.22  21740.22 
23707.23  23797.12 
23708.22  23798.14 
23708.22  21741.22 
23708.23  23797.12 
23709.0  21742.0 
23710.0  21743.0 
23711.0  21744.0 
23712.0  21745.0 
23713.0  21746.0 
23714.0  21747.0 
23715.0  21748.0 
23716.0  21749.0 
23717.0  21750.0 
23718.0  21751.0 
23719.0  21752.0 
23720.0  21753.0 
23721.0  21754.0 
23722.0  21755.0 
23723.0  21756.0 
23724.0  21757.0 
23725.0  21758.0 
23726.0  21759.0 
23727.0  21760.0 
23728.0  21761.0 
23729.0  21762.0 
23730.1  23362.1 
23730.2  23362.2 
23730.3  23362.3 
23730.4  23362.4 
23730.5  23362.8 
23730.6  23362.9 
23730.7  23362.10 
23731.0  21764.0 
23732.0  21765.0 
23733.0  21766.0 
23734.0  21767.0 
23735.0  21768.0 
23736.0  21769.0 
23737.0  21770.0 
23738.0  21771.0 
23739.0  21772.0 
23740.0  21773.0 
23741.0  21774.0 
23742.0  21775.0 
23743.0  21776.0 
23744.0  21777.0 
23745.0  21778.0 
23746.1  23797.13 
23747.0  21780.0 
23748.44  23798.15 
23748.44  21781.44 
23748.45  23797.5 
23748.46  23797.13 
23748.47  23362.5 
23749.44  23798.15 
23749.44  21782.44 
23749.45  23797.7 
23749.46  23797.13 
23749.47  23362.7 
23750.0  21783.0 
23751.0  21784.0 
23752.0  21785.0 
23753.0  21786.0 
23754.0  21787.0 
23755.0  21788.0 
23756.0  21789.0 
23757.0  21790.0 
23758.0  21791.0 
23759.1  23799.1 
23759.2  23800.1 
23759.3  23801.1 
23760.0  21793.0 
23761.0  21794.0 
23762.0  21795.0 
23763.0  21796.0 
23764.0  21797.0 
23765.0  21798.0 
23766.0  21799.0 
23767.0  21800.0 
23768.22  21801.22 
23768.23  23797.6 
23768.24  23362.6 
23769.0  21802.0 
23770.0  21803.0 
23771.0  21804.0 
23772.0  21805.0 
23773.53  23798.12 
23773.54  23798.14 
23773.54  21806.54 
23773.55  23797.10 
23773.56  23797.12 
23773.57  23362.10 
23774.0  21807.0 
23776.1  23802.1 
23777.0  21810.0 
23778.0  21811.0 
23780.0  21813.0 
23781.0  21814.0 
23782.0  21815.0 
23783.0  21816.0 
23784.0  21817.0 
23785.0  21818.0 
23786.0  21819.0 
23787.0  21824.0 
23788.0  21825.0 
23789.0  21826.0 
23790.0  21827.0 
23791.0  21828.0 
23792.1  23804.0 
23792.1  23345.0 
23792.1  23358.0 
23792.1  23349.0 
23792.1  23348.0 
23792.1  23354.0 
23792.1  23359.0 
23792.1  23360.0 
23792.1  23805.1 
23792.1  23806.1 
23792.1  23807.1 
23792.1  23808.1 
23792.1  23809.1 
23793.0  21830.0 
23794.1  23810.1 
23795.1  23811.1 
23796.1  23812.1 
23797.1  23364.0 
23797.1  23365.0 
23797.1  23366.0 
23797.1  23367.0 
23797.1  23325.0 
23797.1  23368.0 
23797.1  23369.0 
23797.1  23370.0 
23797.1  23371.0 
23797.1  23329.0 
23797.1  23372.0 
23797.1  23373.0 
23797.1  23374.0 
23797.1  23375.0 
23797.1  23376.0 
23797.1  23377.0 
23797.1  23378.0 
23797.1  23379.0 
23797.1  23380.0 
23797.1  23381.0 
23797.1  23382.0 
23797.1  23383.0 
23797.1  23384.0 
23797.1  23385.0 
23797.1  23386.0 
23797.1  23328.0 
23797.1  23387.0 
23797.1  23388.0 
23797.1  23389.0 
23797.1  23390.0 
23797.1  23391.0 
23797.1  23392.0 
23797.1  23393.0 
23797.1  23394.0 
23797.1  23395.0 
23797.1  23396.0 
23797.1  23397.0 
23797.1  23398.0 
23797.1  23399.0 
23797.1  23400.0 
23797.1  23401.0 
23797.1  23402.0 
23797.1  23403.0 
23797.1  23404.0 
23797.1  23405.0 
23797.1  23334.0 
23797.1  23406.0 
23797.1  23407.0 
23797.1  23408.0 
23797.1  23409.0 
23797.1  23340.0 
23797.1  23410.0 
23797.1  23411.0 
23797.1  23412.0 
23797.1  23413.0 
23797.1  23414.0 
23797.1  23415.0 
23797.1  23416.0 
23797.1  23417.0 
23797.1  23418.0 
23797.1  23419.0 
23797.1  23420.0 
23797.1  23421.0 
23797.1  23422.0 
23797.1  23423.0 
23797.1  23424.0 
23797.1  23425.0 
23797.1  23426.0 
23797.1  23427.0 
23797.1  23428.0 
23797.1  23429.0 
23797.1  23430.0 
23797.1  23431.0 
23797.1  23432.0 
23797.1  23433.0 
23797.1  23434.0 
23797.1  23435.0 
23797.1  23436.0 
23797.1  23437.0 
23797.1  23438.0 
23797.1  23439.0 
23797.1  23440.0 
23797.1  23441.0 
23797.1  23442.0 
23797.1  23443.0 
23797.1  23444.0 
23797.1  23445.0 
23797.1  23446.0 
23797.1  23447.0 
23797.1  23448.0 
23797.1  23449.0 
23797.1  23450.0 
23797.1  23451.0 
23797.1  23452.0 
23797.1  23453.0 
23797.1  23454.0 
23797.1  23455.0 
23797.1  23456.0 
23797.1  23457.0 
23797.1  23458.0 
23797.1  23459.0 
23797.1  23460.0 
23797.1  23461.0 
23797.1  23462.0 
23797.1  23463.0 
23797.1  23464.0 
23797.1  23465.0 
23797.1  23466.0 
23797.1  23467.0 
23797.1  23468.0 
23797.1  23469.0 
23797.1  23470.0 
23797.1  23471.0 
23797.1  23472.0 
23797.1  23473.0 
23797.1  23474.0 
23797.1  23475.0 
23797.1  23476.0 
23797.1  23477.0 
23797.1  23478.0 
23797.1  23479.0 
23797.1  23480.0 
23797.1  23481.0 
23797.1  23482.0 
23797.1  23483.0 
23797.1  23484.0 
23797.1  23485.0 
23797.1  23486.0 
23797.1  23487.0 
23797.1  23488.0 
23797.1  23489.0 
23797.1  23490.0 
23797.1  23491.0 
23797.1  23492.0 
23797.1  23493.0 
23797.1  23494.0 
23797.1  23495.0 
23797.1  23496.0 
23797.1  23497.0 
23797.1  23498.0 
23797.1  23499.0 
23797.1  23500.0 
23797.1  23501.0 
23797.1  23502.0 
23797.1  23503.0 
23797.1  23504.0 
23797.1  23505.0 
23797.1  23506.0 
23797.1  23507.0 
23797.1  23508.0 
23797.1  23509.0 
23797.1  23510.0 
23797.1  23511.0 
23797.1  23512.0 
23797.1  23513.0 
23797.1  23514.0 
23797.1  23515.0 
23797.1  23516.0 
23797.1  23517.0 
23797.1  23518.0 
23797.1  23519.0 
23797.1  23520.0 
23797.1  23521.0 
23797.1  23522.0 
23797.1  23523.0 
23797.1  23339.0 
23797.1  23524.0 
23797.1  23525.0 
23797.1  23526.0 
23797.1  23814.1 
23797.1  23528.0 
23797.1  23529.0 
23797.1  23530.0 
23797.1  23531.0 
23797.1  23532.0 
23797.1  23533.0 
23797.2  23534.0 
23797.2  23535.0 
23797.2  23536.0 
23797.2  23537.0 
23797.2  23538.0 
23797.2  23539.0 
23797.2  23540.0 
23797.2  23541.0 
23797.2  23542.0 
23797.2  23543.0 
23797.2  23544.0 
23797.2  23545.0 
23797.2  23546.0 
23797.2  23547.0 
23797.2  23548.0 
23797.2  23549.0 
23797.2  23550.0 
23797.2  23551.0 
23797.2  23552.0 
23797.2  23553.0 
23797.2  23554.0 
23797.2  23555.0 
23797.2  23556.0 
23797.2  23557.0 
23797.2  23558.0 
23797.2  23559.0 
23797.2  23560.0 
23797.2  23561.0 
23797.2  23562.0 
23797.2  23563.0 
23797.2  23564.0 
23797.2  23326.0 
23797.2  23565.0 
23797.2  23566.0 
23797.2  23567.0 
23797.2  23568.0 
23797.2  23569.0 
23797.2  23570.0 
23797.2  23571.0 
23797.2  23572.0 
23797.2  23573.0 
23797.2  23574.0 
23797.2  23575.0 
23797.2  23331.0 
23797.2  23815.0 
23797.2  23577.0 
23797.2  23578.0 
23797.2  23579.0 
23797.2  23580.0 
23797.2  23581.0 
23797.2  23582.0 
23797.2  23583.0 
23797.2  23584.0 
23797.2  23585.0 
23797.2  23586.0 
23797.2  23587.0 
23797.2  23588.0 
23797.2  23589.0 
23797.2  23590.0 
23797.2  23591.0 
23797.2  23592.0 
23797.2  23593.0 
23797.2  23594.0 
23797.2  23595.0 
23797.2  23596.0 
23797.2  23597.0 
23797.2  23598.0 
23797.2  23599.0 
23797.2  23600.0 
23797.2  23601.0 
23797.2  23602.0 
23797.2  23603.0 
23797.2  23604.0 
23797.2  23605.0 
23797.2  23606.0 
23797.2  23607.0 
23797.2  23608.0 
23797.2  23609.0 
23797.2  23610.0 
23797.2  23611.0 
23797.2  23612.0 
23797.2  23613.0 
23797.2  23614.0 
23797.2  23615.0 
23797.2  23616.0 
23797.2  23617.0 
23797.2  23618.0 
23797.2  23619.0 
23797.2  23620.0 
23797.2  23621.0 
23797.2  23622.0 
23797.2  23623.0 
23797.2  23624.0 
23797.2  23625.0 
23797.2  23626.0 
23797.2  23627.0 
23797.2  23628.0 
23797.2  23629.0 
23797.2  23630.0 
23797.2  23631.0 
23797.2  23632.0 
23797.2  23633.0 
23797.2  23634.0 
23797.2  23635.0 
23797.2  23636.0 
23797.2  23637.0 
23797.2  23638.0 
23797.2  23639.0 
23797.2  23640.0 
23797.2  23641.0 
23797.2  23642.0 
23797.2  23643.0 
23797.2  23644.0 
23797.2  23645.0 
23797.2  23646.0 
23797.2  23647.0 
23797.2  23648.0 
23797.2  23649.0 
23797.2  23650.0 
23797.2  23651.0 
23797.2  23652.0 
23797.2  23653.0 
23797.2  23654.0 
23797.2  23655.0 
23797.2  23656.0 
23797.2  23657.0 
23797.2  23658.0 
23797.2  23659.0 
23797.2  23660.0 
23797.2  23661.0 
23797.2  23662.0 
23797.2  23663.0 
23797.2  23664.0 
23797.2  23665.0 
23797.2  23666.0 
23797.2  23667.0 
23797.2  23668.0 
23797.2  23669.0 
23797.2  23670.0 
23797.2  23671.0 
23797.2  23672.0 
23797.2  23673.0 
23797.2  23674.0 
23797.2  23675.0 
23797.2  23676.0 
23797.2  23677.0 
23797.2  23678.0 
23797.2  23679.0 
23797.2  23680.0 
23797.2  23681.0 
23797.2  23682.0 
23797.2  23683.0 
23797.2  23684.0 
23797.2  23685.0 
23797.2  23686.0 
23797.2  23687.0 
23797.2  23688.0 
23797.2  23689.0 
23797.2  23690.0 
23797.2  23691.0 
23797.2  23816.1 
23797.2  23693.0 
23797.2  23694.0 
23797.2  23695.0 
23797.2  23696.0 
23797.2  23697.0 
23797.2  23698.0 
23797.2  23699.0 
23797.2  23700.0 
23797.2  23701.0 
23797.2  23702.0 
23797.2  23703.0 
23797.2  23704.0 
23797.2  23705.0 
23797.2  23706.0 
23797.2  23707.22 
23797.2  23708.22 
23797.2  23709.0 
23797.2  23710.0 
23797.2  23711.0 
23797.2  23712.0 
23797.2  23713.0 
23797.2  23714.0 
23797.2  23715.0 
23797.2  23716.0 
23797.2  23717.0 
23797.2  23718.0 
23797.2  23719.0 
23797.2  23720.0 
23797.2  23721.0 
23797.3  23722.0 
23797.3  23723.0 
23797.3  23724.0 
23797.3  23725.0 
23797.3  23726.0 
23797.3  23727.0 
23797.3  23728.0 
23797.3  23729.0 
23797.3  23817.2 
23797.3  23731.0 
23797.3  23732.0 
23797.3  23733.0 
23797.3  23734.0 
23797.3  23735.0 
23797.3  23736.0 
23797.4  23737.0 
23797.4  23738.0 
23797.4  23739.0 
23797.4  23740.0 
23797.4  23321.1 
23797.5  23741.0 
23797.5  23742.0 
23797.5  23743.0 
23797.5  23744.0 
23797.5  23745.0 
23797.5  23818.1 
23797.5  23747.0 
23797.5  23748.44 
23797.5  23749.44 
23797.5  23750.0 
23797.5  23751.0 
23797.6  23752.0 
23797.6  23753.0 
23797.6  23754.0 
23797.6  23755.0 
23797.6  23756.0 
23797.6  23757.0 
23797.6  23330.0 
23797.6  23327.0 
23797.6  23758.0 
23797.6  23819.3 
23797.6  23760.0 
23797.6  23761.0 
23797.6  23762.0 
23797.6  23763.0 
23797.6  23764.0 
23797.6  23765.0 
23797.6  23766.0 
23797.6  23767.0 
23797.6  23768.22 
23797.6  23769.0 
23797.6  23770.0 
23797.7  23771.0 
23797.7  23772.0 
23797.7  23773.54 
23797.7  23774.0 
23797.7  23820.0 
23797.7  23821.1 
23797.7  23777.0 
23797.7  23778.0 
23797.7  23822.0 
23797.7  23780.0 
23797.7  23781.0 
23797.8  23782.0 
23797.8  23783.0 
23797.8  23784.0 
23797.8  23785.0 
23797.8  23786.0 
23797.9  23787.0 
23797.9  23788.0 
23797.9  23789.0 
23797.9  23817.5 
23797.10  23790.0 
23797.11  23823.0 
23797.12  23773.55 
23797.13  23824.1 
23798.13  21863.0 
23798.14  21806.53 
23798.15  23825.1 
23798.16  21763.9 
23798.16  21395.16 
23799.1  23826.0 
23799.1  23345.0 
23799.1  23827.0 
23799.1  23828.0 
23799.1  23348.0 
23799.1  23829.0 
23799.1  23346.0 
23799.1  23830.0 
23799.1  23349.0 
23799.1  23351.0 
23799.1  23831.0 
23799.1  23354.0 
23799.1  23832.2 
23800.1  23834.0 
23800.1  23345.0 
23800.1  23827.0 
23800.1  23828.0 
23800.1  23346.0 
23800.1  23348.0 
23800.1  23829.0 
23800.1  23349.0 
23800.1  23830.0 
23800.1  23351.0 
23800.1  23835.0 
23800.1  23354.0 
23800.1  23759.1 
23801.1  23836.0 
23801.1  23345.0 
23801.1  23348.0 
23801.1  23759.2 
23802.1  23838.0 
23802.1  23345.0 
23802.1  23839.0 
23802.1  23348.0 
23802.1  23354.0 
23802.1  23360.0 
23802.1  23405.0 
23802.1  23840.2 
23802.1  23840.3 
23802.1  23840.4 
23802.1  23840.5 
23802.1  23840.6 
23802.1  23840.7 
23803.1  23357.0 
23803.1  23345.0 
23803.1  23348.0 
23804.0  21841.0 
23805.1  23841.1 
23806.1  23842.1 
23807.1  23843.1 
23808.1  23844.1 
23809.1  23845.1 
23810.1  23846.0 
23810.1  23345.0 
23810.1  23348.0 
23810.1  23354.0 
23811.1  23847.0 
23811.1  23345.0 
23811.1  23348.0 
23811.1  23354.0 
23812.1  23849.0 
23812.1  23345.0 
23812.1  23348.0 
23813.1  23793.0 
23813.1  23325.0 
23813.1  23338.0 
23813.1  23329.0 
23813.1  23328.0 
23813.1  23334.0 
23813.1  23339.0 
23813.1  23340.0 
23813.1  23851.1 
23813.1  23852.1 
23813.1  23853.1 
23814.1  23798.15 
23816.1  23798.13 
23817.1  23797.1 
23817.2  23797.2 
23817.3  23797.3 
23817.4  23797.4 
23817.5  23797.8 
23817.6  23797.9 
23817.7  23797.10 
23817.8  23797.13 
23818.1  23798.15 
23819.1  23854.1 
23819.2  23855.1 
23819.3  23856.1 
23821.1  23857.1 
23823.0  21863.0 
23824.1  23797.10 
23825.1  23798.12 
23826.0  21866.0 
23827.0  21867.0 
23828.0  21868.0 
23829.0  21869.0 
23830.0  21870.0 
23832.1  23858.1 
23832.2  23859.1 
23833.1  23861.0 
23833.1  23345.0 
23833.1  23358.0 
23833.1  23349.0 
23833.1  23348.0 
23833.1  23354.0 
23833.1  23359.0 
23833.1  23360.0 
23833.1  23410.0 
23833.1  23411.0 
23833.1  23412.0 
23833.1  23862.1 
23833.1  23863.1 
23833.2  23864.1 
23833.3  23865.1 
23834.0  21874.0 
23836.0  21876.0 
23837.1  23866.0 
23837.1  23345.0 
23837.1  23358.0 
23837.1  23349.0 
23837.1  23348.0 
23837.1  23354.0 
23837.1  23359.0 
23837.1  23360.0 
23838.0  21878.0 
23839.0  21879.0 
23840.1  23867.1 
23840.2  23867.2 
23840.3  23867.3 
23840.4  23867.4 
23840.5  23867.5 
23840.6  23867.6 
23840.7  23867.7 
23841.1  23847.0 
23841.1  23345.0 
23841.1  23348.0 
23841.1  23354.0 
23842.1  23846.0 
23842.1  23345.0 
23842.1  23348.0 
23842.1  23354.0 
23843.1  23868.0 
23843.1  23345.0 
23843.1  23348.0 
23843.1  23354.0 
23844.1  23868.0 
23844.1  23345.0 
23844.1  23348.0 
23844.1  23354.0 
23845.1  23868.0 
23845.1  23345.0 
23845.1  23348.0 
23845.1  23354.0 
23846.0  21886.0 
23847.0  21887.0 
23849.0  21889.0 
23850.1  23804.0 
23850.1  23325.0 
23850.1  23338.0 
23850.1  23329.0 
23850.1  23328.0 
23850.1  23334.0 
23850.1  23339.0 
23850.1  23340.0 
23850.1  23870.1 
23850.1  23871.1 
23850.1  23872.1 
23850.1  23873.1 
23850.1  23874.1 
23851.1  23875.1 
23852.1  23876.1 
23853.1  23877.1 
23854.1  23826.0 
23854.1  23345.0 
23854.1  23827.0 
23854.1  23828.0 
23854.1  23348.0 
23854.1  23829.0 
23854.1  23346.0 
23854.1  23830.0 
23854.1  23349.0 
23854.1  23351.0 
23854.1  23879.0 
23854.1  23354.0 
23854.1  23880.2 
23855.1  23834.0 
23855.1  23345.0 
23855.1  23827.0 
23855.1  23828.0 
23855.1  23346.0 
23855.1  23348.0 
23855.1  23829.0 
23855.1  23349.0 
23855.1  23830.0 
23855.1  23351.0 
23855.1  23882.0 
23855.1  23354.0 
23855.1  23819.1 
23856.1  23836.0 
23856.1  23345.0 
23856.1  23348.0 
23856.1  23819.2 
23857.1  23838.0 
23857.1  23325.0 
23857.1  23839.0 
23857.1  23328.0 
23857.1  23334.0 
23857.1  23340.0 
23857.1  23405.0 
23857.1  23884.1 
23857.1  23884.4 
23857.1  23884.5 
23857.1  23884.6 
23857.1  23884.7 
23858.1  23826.0 
23858.1  23345.0 
23858.1  23827.0 
23858.1  23828.0 
23858.1  23348.0 
23858.1  23829.0 
23858.1  23346.0 
23858.1  23830.0 
23858.1  23349.0 
23858.1  23351.0 
23858.1  23886.0 
23858.1  23354.0 
23858.1  23887.1 
23859.1  23834.0 
23859.1  23345.0 
23859.1  23827.0 
23859.1  23828.0 
23859.1  23346.0 
23859.1  23348.0 
23859.1  23829.0 
23859.1  23349.0 
23859.1  23830.0 
23859.1  23351.0 
23859.1  23888.0 
23859.1  23354.0 
23859.1  23832.1 
23860.1  23834.0 
23860.1  23345.0 
23860.1  23827.0 
23860.1  23828.0 
23860.1  23346.0 
23860.1  23348.0 
23860.1  23829.0 
23860.1  23349.0 
23860.1  23830.0 
23860.1  23351.0 
23860.1  23889.0 
23860.1  23354.0 
23861.0  21901.0 
23862.1  23890.0 
23863.1  23891.1 
23864.1  23892.1 
23865.1  23893.1 
23866.0  21906.0 
23867.1  23894.0 
23867.1  23345.0 
23867.1  23895.0 
23867.1  23349.0 
23867.1  23348.0 
23867.1  23896.0 
23867.1  23354.0 
23867.1  23897.0 
23867.1  23898.0 
23867.1  23359.0 
23867.1  23899.0 
23867.1  23900.0 
23867.1  23901.0 
23867.1  23360.0 
23867.1  23902.0 
23867.1  23903.0 
23867.1  23904.0 
23867.1  23905.0 
23867.1  23906.0 
23867.1  23907.0 
23867.1  23908.0 
23867.1  23909.0 
23867.1  23910.0 
23867.1  23911.0 
23867.1  23912.0 
23867.1  23913.0 
23867.1  23914.0 
23867.1  23915.0 
23867.1  23916.0 
23867.1  23917.0 
23867.1  23918.0 
23867.1  23919.0 
23867.1  23920.0 
23867.1  23921.0 
23867.1  23922.0 
23867.1  23923.0 
23867.1  23924.0 
23867.1  23925.0 
23867.1  23926.0 
23867.1  23927.0 
23867.1  23928.0 
23867.1  23929.0 
23867.1  23930.0 
23867.1  23931.0 
23867.1  23932.0 
23867.1  23933.0 
23867.1  23934.0 
23867.1  23935.0 
23867.1  23936.0 
23867.1  23937.0 
23867.1  23938.0 
23867.1  23939.0 
23867.1  23940.0 
23867.1  23941.0 
23867.1  23942.0 
23867.1  23943.0 
23867.1  23944.0 
23867.1  23945.0 
23867.1  23946.0 
23867.1  23947.0 
23867.1  23948.0 
23867.1  23949.0 
23867.1  23950.0 
23867.1  23951.0 
23867.1  23952.0 
23867.1  23953.0 
23867.1  23954.0 
23867.1  23955.0 
23867.1  23956.0 
23867.1  23957.0 
23867.1  23958.0 
23867.1  23959.0 
23867.1  23960.0 
23867.1  23961.0 
23867.1  23962.0 
23867.1  23963.0 
23867.1  23964.0 
23867.1  23965.0 
23867.1  23966.0 
23867.1  23967.0 
23867.1  23968.0 
23867.1  23969.0 
23867.1  23970.0 
23867.1  23971.0 
23867.1  23972.0 
23867.1  23973.0 
23867.2  23974.0 
23867.2  23975.0 
23867.2  23976.0 
23867.2  23977.0 
23867.2  23978.0 
23867.2  23979.0 
23867.2  23980.0 
23867.2  23981.0 
23867.2  23982.0 
23867.2  23983.0 
23867.2  23984.0 
23867.2  23985.0 
23867.2  23986.0 
23867.2  23987.0 
23867.2  23988.0 
23867.2  23989.0 
23867.2  23990.0 
23867.2  23991.0 
23867.2  23992.0 
23867.2  23993.0 
23867.2  23994.0 
23867.2  23995.0 
23867.2  23996.0 
23867.2  23997.0 
23867.2  23998.0 
23867.2  23999.0 
23867.2  24000.0 
23867.2  24001.0 
23867.2  24002.0 
23867.2  24003.0 
23867.2  24004.0 
23867.2  24005.0 
23867.2  24006.0 
23867.2  24007.0 
23867.2  24008.0 
23867.2  24009.0 
23867.2  24010.0 
23867.2  24011.0 
23867.2  24012.0 
23867.2  24013.0 
23867.2  24014.0 
23867.2  24015.0 
23867.2  24016.0 
23867.2  24017.0 
23867.2  24018.0 
23867.2  24019.0 
23867.2  24020.0 
23867.2  24021.0 
23867.2  24022.0 
23867.2  24023.0 
23867.2  24024.0 
23867.2  24025.0 
23867.2  24026.0 
23867.2  24027.0 
23867.2  24028.0 
23867.2  24029.0 
23867.2  24030.0 
23867.2  24031.0 
23867.2  24032.0 
23867.2  24033.0 
23867.2  24034.0 
23867.2  24035.0 
23867.2  24036.0 
23867.2  24037.0 
23867.2  24038.0 
23867.2  24039.0 
23867.2  24040.0 
23867.2  24041.0 
23867.2  24042.0 
23867.2  24043.0 
23867.2  24044.0 
23867.2  24045.0 
23867.2  24046.0 
23867.2  24047.0 
23867.2  24048.0 
23867.2  24049.0 
23867.2  24050.0 
23867.2  24051.0 
23867.2  24052.0 
23867.2  24053.0 
23867.2  24054.0 
23867.2  24055.0 
23867.2  24056.0 
23867.2  24057.0 
23867.3  24058.0 
23867.3  24059.0 
23867.3  24060.0 
23867.3  24061.0 
23867.3  24062.0 
23867.3  24063.0 
23867.3  24064.0 
23867.3  24065.0 
23867.3  24066.0 
23867.3  24067.0 
23867.3  24068.0 
23867.3  24069.0 
23867.3  24070.0 
23867.3  24071.0 
23867.3  24072.0 
23867.3  24073.0 
23867.3  24074.0 
23867.3  24075.0 
23867.3  24076.0 
23867.3  24077.0 
23867.3  24078.0 
23867.3  24079.0 
23867.3  24080.0 
23867.3  24081.0 
23867.3  24082.0 
23867.3  24083.0 
23867.3  24084.0 
23867.3  24085.0 
23867.3  24086.0 
23867.3  24087.0 
23867.3  24088.0 
23867.3  24089.0 
23867.3  24090.0 
23867.3  24091.0 
23867.3  24092.0 
23867.3  24093.0 
23867.3  24094.0 
23867.3  24095.0 
23867.3  24096.0 
23867.3  24097.0 
23867.3  24098.0 
23867.3  24099.0 
23867.3  24100.0 
23867.3  24101.0 
23867.3  24102.0 
23867.3  24103.0 
23867.3  24104.0 
23867.3  24105.0 
23867.3  24106.0 
23867.3  24107.0 
23867.3  24108.0 
23867.3  24109.0 
23867.3  24110.0 
23867.3  24111.0 
23867.3  24112.0 
23867.3  24113.0 
23867.3  24114.0 
23867.3  24115.0 
23867.3  24116.0 
23867.3  24117.0 
23867.3  24118.0 
23867.3  24119.0 
23867.3  24120.0 
23867.3  24121.0 
23867.3  24122.0 
23867.3  24123.0 
23867.3  24124.0 
23867.3  24125.0 
23867.3  24126.0 
23867.3  24127.0 
23867.4  24128.0 
23867.4  24129.0 
23867.4  24130.0 
23867.4  24131.0 
23867.4  24132.0 
23867.4  24133.0 
23867.4  24134.0 
23867.4  24135.0 
23867.4  24136.0 
23867.4  24137.0 
23867.4  24138.0 
23867.4  24139.0 
23867.4  24140.0 
23867.4  24141.0 
23867.4  24142.0 
23867.4  24143.0 
23867.4  24144.0 
23867.4  24145.0 
23867.4  24146.0 
23867.4  24147.0 
23867.4  24148.0 
23867.4  24149.0 
23867.4  24150.0 
23867.4  24151.0 
23867.4  24152.0 
23867.4  24153.0 
23867.4  24154.0 
23867.4  24155.0 
23867.4  24156.0 
23867.4  24157.0 
23867.4  24158.0 
23867.4  24159.0 
23867.4  24160.0 
23867.4  24161.0 
23867.4  24162.0 
23867.4  24163.0 
23867.4  24164.0 
23867.4  24165.0 
23867.4  24166.0 
23867.5  24167.0 
23867.5  24168.0 
23867.5  24169.0 
23867.5  24170.0 
23867.5  24171.0 
23867.5  24172.0 
23867.5  24173.0 
23867.5  24174.0 
23867.5  24175.0 
23867.5  24176.0 
23867.5  24177.0 
23867.5  24178.0 
23867.5  24179.0 
23867.5  24180.0 
23867.5  24181.0 
23867.5  24182.0 
23867.5  24183.0 
23867.5  24184.0 
23867.5  24185.0 
23867.5  24186.0 
23867.5  24187.0 
23867.5  24188.0 
23867.5  24189.0 
23867.5  24190.0 
23867.5  24191.0 
23867.5  24192.0 
23867.5  24193.0 
23867.5  24194.0 
23867.5  24195.0 
23867.5  24196.0 
23867.5  24197.0 
23867.5  24198.0 
23867.5  24199.0 
23867.5  24200.0 
23867.5  24201.0 
23867.5  24202.0 
23867.5  24203.0 
23867.5  24204.0 
23867.5  24205.0 
23867.5  24206.0 
23867.5  24207.0 
23867.5  24208.0 
23867.5  24209.0 
23867.5  24210.0 
23867.5  24211.0 
23867.5  24212.0 
23867.5  24213.0 
23867.5  24214.0 
23867.6  24215.0 
23867.6  24216.0 
23867.6  24217.0 
23867.6  24218.0 
23867.6  24219.0 
23867.6  24220.0 
23867.6  24221.0 
23867.6  24222.0 
23867.6  24223.0 
23867.6  24224.0 
23867.6  24225.0 
23867.6  24226.0 
23867.6  24227.0 
23867.6  24228.0 
23867.6  24229.0 
23867.6  24230.0 
23867.6  24231.0 
23867.6  24232.0 
23867.6  24233.0 
23867.6  24234.0 
23867.6  24235.0 
23867.6  24236.0 
23867.6  24237.0 
23867.6  24238.0 
23867.6  24239.0 
23867.6  24240.0 
23867.6  24241.0 
23867.6  24242.0 
23867.6  24243.0 
23867.6  24244.0 
23867.7  24245.0 
23867.7  24246.0 
23867.7  24247.0 
23867.7  24248.0 
23867.7  24249.0 
23867.7  24250.0 
23867.7  24251.0 
23867.7  24252.0 
23867.7  24253.0 
23867.7  24254.0 
23867.7  24255.0 
23867.7  24256.0 
23867.7  24257.0 
23867.7  24258.0 
23867.7  24259.0 
23867.7  24260.0 
23867.7  24261.0 
23867.7  24262.0 
23867.7  24263.0 
23867.7  24264.0 
23867.7  24265.0 
23867.7  24266.0 
23867.7  24267.0 
23867.7  24268.0 
23867.7  24269.0 
23867.7  24270.0 
23867.7  24271.0 
23867.7  24272.0 
23867.7  24273.0 
23867.7  24274.0 
23867.7  24275.0 
23867.7  24276.0 
23867.7  24277.0 
23867.7  24278.0 
23867.7  24279.0 
23867.7  24280.0 
23867.7  24281.0 
23867.7  24282.0 
23867.7  24283.0 
23867.7  24284.0 
23867.7  24285.0 
23867.7  24286.0 
23867.7  24287.0 
23867.7  24288.0 
23867.7  24289.0 
23867.7  24290.0 
23867.7  24291.0 
23868.0  21908.0 
23869.1  23337.0 
23869.1  23325.0 
23869.1  23328.0 
23870.1  24292.1 
23871.1  24293.1 
23872.1  24294.1 
23873.1  24295.1 
23874.1  24296.1 
23875.1  23846.0 
23875.1  23325.0 
23875.1  23328.0 
23875.1  23334.0 
23876.1  23847.0 
23876.1  23325.0 
23876.1  23328.0 
23876.1  23334.0 
23877.1  23849.0 
23877.1  23325.0 
23877.1  23328.0 
23878.1  23336.1 
23880.1  24298.1 
23880.2  24299.1 
23881.1  23861.0 
23881.1  23345.0 
23881.1  23358.0 
23881.1  23349.0 
23881.1  23348.0 
23881.1  23354.0 
23881.1  23359.0 
23881.1  23360.0 
23881.1  23410.0 
23881.1  23411.0 
23881.1  23412.0 
23881.1  24301.1 
23881.1  24302.1 
23881.2  24303.1 
23881.3  24304.1 
23883.1  23866.0 
23883.1  23325.0 
23883.1  23338.0 
23883.1  23329.0 
23883.1  23328.0 
23883.1  23334.0 
23883.1  23339.0 
23883.1  23340.0 
23884.1  24305.1 
23884.2  24305.2 
23884.3  24305.3 
23884.4  24305.4 
23884.5  24305.5 
23884.6  24305.6 
23884.7  24305.7 
23885.1  24307.0 
23885.1  23325.0 
23885.1  23338.0 
23885.1  23329.0 
23885.1  23328.0 
23885.1  23334.0 
23885.1  23339.0 
23885.1  23340.0 
23885.1  23410.0 
23885.1  23411.0 
23885.1  23412.0 
23885.1  24308.1 
23885.1  24309.1 
23885.1  23405.0 
23885.1  23417.0 
23885.1  24310.1 
23887.1  24311.1 
23891.1  24313.0 
23891.1  23345.0 
23891.1  23348.0 
23891.1  23354.0 
23891.1  23360.0 
23891.1  24314.1 
23892.1  24313.0 
23892.1  23345.0 
23892.1  23348.0 
23892.1  23354.0 
23892.1  23360.0 
23892.1  24316.1 
23893.1  24313.0 
23893.1  23345.0 
23893.1  23348.0 
23893.1  23354.0 
23893.1  23360.0 
23893.1  24318.1 
23894.0  21936.0 
23895.0  21937.0 
23896.0  21938.0 
23898.0  21940.0 
23899.0  21941.0 
23900.0  21942.0 
23901.0  21943.0 
23902.0  21944.0 
23903.0  21945.0 
23904.0  21946.0 
23905.0  21947.0 
23906.0  21948.0 
23907.0  21949.0 
23908.0  21950.0 
23909.0  21951.0 
23910.0  21952.0 
23911.0  21953.0 
23912.0  21954.0 
23913.0  21955.0 
23914.0  21956.0 
23915.0  21957.0 
23916.0  21958.0 
23917.0  21959.0 
23918.0  21960.0 
23919.0  21961.0 
23920.0  21962.0 
23921.0  21963.0 
23922.0  21964.0 
23923.0  21965.0 
23924.0  21966.0 
23925.0  21967.0 
23926.0  21968.0 
23927.0  21969.0 
23928.0  21970.0 
23929.0  21971.0 
23930.0  21972.0 
23931.0  21973.0 
23932.0  21974.0 
23933.0  21975.0 
23934.0  21976.0 
23935.0  21977.0 
23936.0  21978.0 
23937.0  21979.0 
23938.0  21980.0 
23939.0  21981.0 
23940.0  21982.0 
23941.0  21983.0 
23942.0  21984.0 
23943.0  21985.0 
23944.0  21986.0 
23945.0  21987.0 
23946.0  21988.0 
23947.0  21989.0 
23948.0  21990.0 
23949.0  21991.0 
23950.0  21992.0 
23951.0  21993.0 
23952.0  21994.0 
23953.0  21995.0 
23954.0  21996.0 
23955.0  21997.0 
23956.0  21998.0 
23957.0  21999.0 
23958.0  22000.0 
23959.0  22001.0 
23960.0  22002.0 
23961.0  22003.0 
23962.0  22004.0 
23963.0  22005.0 
23964.0  22006.0 
23965.0  22007.0 
23966.0  22008.0 
23967.0  22009.0 
23968.0  22010.0 
23969.0  22011.0 
23970.0  22012.0 
23971.0  22013.0 
23972.0  22014.0 
23973.0  22015.0 
23974.0  22016.0 
23975.0  22017.0 
23976.0  22018.0 
23977.0  22019.0 
23978.0  22020.0 
23979.0  22021.0 
23980.0  22022.0 
23981.0  22023.0 
23982.0  22024.0 
23983.0  22025.0 
23984.0  22026.0 
23985.0  22027.0 
23986.0  22028.0 
23987.0  22029.0 
23988.0  22030.0 
23989.0  22031.0 
23990.0  22032.0 
23991.0  22033.0 
23992.0  22034.0 
23993.0  22035.0 
23994.0  22036.0 
23995.0  22037.0 
23996.0  22038.0 
23997.0  22039.0 
23998.0  22040.0 
23999.0  22041.0 
24000.0  22042.0 
24001.0  22043.0 
24002.0  22044.0 
24003.0  22045.0 
24004.0  22046.0 
24005.0  22047.0 
24006.0  22048.0 
24007.0  22049.0 
24008.0  22050.0 
24009.0  22051.0 
24010.0  22052.0 
24011.0  22053.0 
24012.0  22054.0 
24013.0  22055.0 
24014.0  22056.0 
24015.0  22057.0 
24016.0  22058.0 
24017.0  22059.0 
24018.0  22060.0 
24019.0  22061.0 
24020.0  22062.0 
24021.0  22063.0 
24022.0  22064.0 
24023.0  22065.0 
24024.0  22066.0 
24025.0  22067.0 
24026.0  22068.0 
24027.0  22069.0 
24028.0  22070.0 
24029.0  22071.0 
24030.0  22072.0 
24031.0  22073.0 
24032.0  22074.0 
24033.0  22075.0 
24034.0  22076.0 
24035.0  22077.0 
24036.0  22078.0 
24037.0  22079.0 
24038.0  22080.0 
24039.0  22081.0 
24040.0  22082.0 
24041.0  22083.0 
24042.0  22084.0 
24043.0  22085.0 
24044.0  22086.0 
24045.0  22087.0 
24046.0  22088.0 
24047.0  22089.0 
24048.0  22090.0 
24049.0  22091.0 
24050.0  22092.0 
24051.0  22093.0 
24052.0  22094.0 
24053.0  22095.0 
24054.0  22096.0 
24055.0  22097.0 
24056.0  22098.0 
24057.0  22099.0 
24058.0  22100.0 
24059.0  22101.0 
24060.0  22102.0 
24061.0  22103.0 
24062.0  22104.0 
24063.0  22105.0 
24064.0  22106.0 
24065.0  22107.0 
24066.0  22108.0 
24067.0  22109.0 
24068.0  22110.0 
24069.0  22111.0 
24070.0  22112.0 
24071.0  22113.0 
24072.0  22114.0 
24073.0  22115.0 
24074.0  22116.0 
24075.0  22117.0 
24076.0  22118.0 
24077.0  22119.0 
24078.0  22120.0 
24079.0  22121.0 
24080.0  22122.0 
24081.0  22123.0 
24082.0  22124.0 
24083.0  22125.0 
24084.0  22126.0 
24085.0  22127.0 
24086.0  22128.0 
24087.0  22129.0 
24088.0  22130.0 
24089.0  22131.0 
24090.0  22132.0 
24092.0  22134.0 
24093.0  22135.0 
24094.0  22136.0 
24095.0  22137.0 
24096.0  22138.0 
24097.0  22139.0 
24098.0  22140.0 
24099.0  22141.0 
24100.0  22142.0 
24101.0  22143.0 
24102.0  22144.0 
24103.0  22145.0 
24104.0  22146.0 
24105.0  22147.0 
24106.0  22148.0 
24107.0  22149.0 
24108.0  22150.0 
24109.0  22151.0 
24110.0  22152.0 
24111.0  22153.0 
24112.0  22154.0 
24113.0  22155.0 
24114.0  22156.0 
24115.0  22157.0 
24116.0  22158.0 
24117.0  22159.0 
24118.0  22160.0 
24119.0  22161.0 
24120.0  22162.0 
24121.0  22163.0 
24122.0  22164.0 
24123.0  22165.0 
24124.0  22166.0 
24125.0  22167.0 
24126.0  22168.0 
24127.0  22169.0 
24128.0  22170.0 
24129.0  22171.0 
24130.0  22172.0 
24131.0  22173.0 
24132.0  22174.0 
24133.0  22175.0 
24134.0  22176.0 
24135.0  22177.0 
24136.0  22178.0 
24137.0  22179.0 
24138.0  22180.0 
24139.0  22181.0 
24140.0  22182.0 
24141.0  22183.0 
24142.0  22184.0 
24143.0  22185.0 
24144.0  22186.0 
24145.0  22187.0 
24146.0  22188.0 
24147.0  22189.0 
24148.0  22190.0 
24149.0  22191.0 
24150.0  22192.0 
24151.0  22193.0 
24152.0  22194.0 
24153.0  22195.0 
24154.0  22196.0 
24155.0  22197.0 
24156.0  22198.0 
24157.0  22199.0 
24158.0  22200.0 
24159.0  22201.0 
24160.0  22202.0 
24161.0  22203.0 
24162.0  22204.0 
24163.0  22205.0 
24164.0  22206.0 
24165.0  22207.0 
24166.0  22208.0 
24167.0  22209.0 
24168.0  22210.0 
24169.0  22211.0 
24170.0  22212.0 
24171.0  22213.0 
24172.0  22214.0 
24173.0  22215.0 
24174.0  22216.0 
24175.0  22217.0 
24176.0  22218.0 
24177.0  22219.0 
24178.0  22220.0 
24179.0  22221.0 
24180.0  22222.0 
24181.0  22223.0 
24182.0  22224.0 
24183.0  22225.0 
24184.0  22226.0 
24185.0  22227.0 
24186.0  22228.0 
24187.0  22229.0 
24188.0  22230.0 
24189.0  22231.0 
24190.0  22232.0 
24191.0  22233.0 
24192.0  22234.0 
24193.0  22235.0 
24194.0  22236.0 
24195.0  22237.0 
24196.0  22238.0 
24197.0  22239.0 
24198.0  22240.0 
24199.0  22241.0 
24200.0  22242.0 
24201.0  22243.0 
24202.0  22244.0 
24203.0  22245.0 
24204.0  22246.0 
24205.0  22247.0 
24206.0  22248.0 
24207.0  22249.0 
24208.0  22250.0 
24209.0  22251.0 
24210.0  22252.0 
24211.0  22253.0 
24212.0  22254.0 
24213.0  22255.0 
24214.0  22256.0 
24215.0  22257.0 
24216.0  22258.0 
24217.0  22259.0 
24218.0  22260.0 
24219.0  22261.0 
24220.0  22262.0 
24221.0  22263.0 
24222.0  22264.0 
24223.0  22265.0 
24224.0  22266.0 
24225.0  22267.0 
24226.0  22268.0 
24227.0  22269.0 
24228.0  22270.0 
24229.0  22271.0 
24230.0  22272.0 
24231.0  22273.0 
24232.0  22274.0 
24233.0  22275.0 
24234.0  22276.0 
24235.0  22277.0 
24236.0  22278.0 
24237.0  22279.0 
24238.0  22280.0 
24239.0  22281.0 
24240.0  22282.0 
24241.0  22283.0 
24242.0  22284.0 
24243.0  22285.0 
24244.0  22286.0 
24245.0  22287.0 
24246.0  22288.0 
24247.0  22289.0 
24248.0  22290.0 
24249.0  22291.0 
24250.0  22292.0 
24251.0  22293.0 
24252.0  22294.0 
24253.0  22295.0 
24254.0  22296.0 
24255.0  22297.0 
24256.0  22298.0 
24257.0  22299.0 
24258.0  22300.0 
24259.0  22301.0 
24260.0  22302.0 
24261.0  22303.0 
24262.0  22304.0 
24292.1  23847.0 
24292.1  23325.0 
24292.1  23328.0 
24292.1  23334.0 
24293.1  23846.0 
24293.1  23325.0 
24293.1  23328.0 
24293.1  23334.0 
24294.1  23868.0 
24294.1  23325.0 
24294.1  23328.0 
24294.1  23334.0 
24295.1  23868.0 
24295.1  23325.0 
24295.1  23328.0 
24295.1  23334.0 
24296.1  23868.0 
24296.1  23325.0 
24296.1  23328.0 
24296.1  23334.0 
24298.1  23826.0 
24298.1  23345.0 
24298.1  23827.0 
24298.1  23828.0 
24298.1  23348.0 
24298.1  23829.0 
24298.1  23346.0 
24298.1  23830.0 
24298.1  23349.0 
24298.1  23351.0 
24298.1  24320.0 
24298.1  23354.0 
24298.1  24321.1 
24299.1  23834.0 
24299.1  23345.0 
24299.1  23827.0 
24299.1  23828.0 
24299.1  23346.0 
24299.1  23348.0 
24299.1  23829.0 
24299.1  23349.0 
24299.1  23830.0 
24299.1  23351.0 
24299.1  24323.0 
24299.1  23354.0 
24299.1  23880.1 
24300.1  23834.0 
24300.1  23345.0 
24300.1  23827.0 
24300.1  23828.0 
24300.1  23346.0 
24300.1  23348.0 
24300.1  23829.0 
24300.1  23349.0 
24300.1  23830.0 
24300.1  23351.0 
24300.1  24324.0 
24300.1  23354.0 
24301.1  24325.0 
24302.1  24326.1 
24303.1  24327.1 
24304.1  24328.1 
24305.1  23894.0 
24305.1  23325.0 
24305.1  23895.0 
24305.1  23329.0 
24305.1  23328.0 
24305.1  23896.0 
24305.1  23334.0 
24305.1  24329.0 
24305.1  23898.0 
24305.1  23339.0 
24305.1  23899.0 
24305.1  23900.0 
24305.1  23901.0 
24305.1  23340.0 
24305.1  23902.0 
24305.1  23903.0 
24305.1  23904.0 
24305.1  23905.0 
24305.1  23906.0 
24305.1  23907.0 
24305.1  23908.0 
24305.1  23909.0 
24305.1  23910.0 
24305.1  23911.0 
24305.1  23912.0 
24305.1  23913.0 
24305.1  23914.0 
24305.1  23915.0 
24305.1  23916.0 
24305.1  23917.0 
24305.1  23918.0 
24305.1  23919.0 
24305.1  23920.0 
24305.1  23921.0 
24305.1  23922.0 
24305.1  23923.0 
24305.1  23924.0 
24305.1  23925.0 
24305.1  23926.0 
24305.1  23927.0 
24305.1  23928.0 
24305.1  23929.0 
24305.1  23930.0 
24305.1  23931.0 
24305.1  23932.0 
24305.1  23933.0 
24305.1  23934.0 
24305.1  23935.0 
24305.1  23936.0 
24305.1  23937.0 
24305.1  23938.0 
24305.1  23939.0 
24305.1  23940.0 
24305.1  23941.0 
24305.1  23942.0 
24305.1  23943.0 
24305.1  23944.0 
24305.1  23945.0 
24305.1  23946.0 
24305.1  23947.0 
24305.1  23948.0 
24305.1  23949.0 
24305.1  23950.0 
24305.1  23951.0 
24305.1  23952.0 
24305.1  23953.0 
24305.1  23954.0 
24305.1  23955.0 
24305.1  23956.0 
24305.1  23957.0 
24305.1  23958.0 
24305.1  23959.0 
24305.1  23960.0 
24305.1  23961.0 
24305.1  23962.0 
24305.1  23963.0 
24305.1  23964.0 
24305.1  23965.0 
24305.1  23966.0 
24305.1  23967.0 
24305.1  23968.0 
24305.1  23969.0 
24305.1  23970.0 
24305.1  23971.0 
24305.1  23972.0 
24305.1  23973.0 
24305.2  23974.0 
24305.2  23975.0 
24305.2  23976.0 
24305.2  23977.0 
24305.2  23978.0 
24305.2  23979.0 
24305.2  23980.0 
24305.2  23981.0 
24305.2  23982.0 
24305.2  23983.0 
24305.2  23984.0 
24305.2  23985.0 
24305.2  23986.0 
24305.2  23987.0 
24305.2  23988.0 
24305.2  23989.0 
24305.2  23990.0 
24305.2  23991.0 
24305.2  23992.0 
24305.2  23993.0 
24305.2  23994.0 
24305.2  23995.0 
24305.2  23996.0 
24305.2  23997.0 
24305.2  23998.0 
24305.2  23999.0 
24305.2  24000.0 
24305.2  24001.0 
24305.2  24002.0 
24305.2  24003.0 
24305.2  24004.0 
24305.2  24005.0 
24305.2  24006.0 
24305.2  24007.0 
24305.2  24008.0 
24305.2  24009.0 
24305.2  24010.0 
24305.2  24011.0 
24305.2  24012.0 
24305.2  24013.0 
24305.2  24014.0 
24305.2  24015.0 
24305.2  24016.0 
24305.2  24017.0 
24305.2  24018.0 
24305.2  24019.0 
24305.2  24020.0 
24305.2  24021.0 
24305.2  24022.0 
24305.2  24023.0 
24305.2  24024.0 
24305.2  24025.0 
24305.2  24026.0 
24305.2  24027.0 
24305.2  24028.0 
24305.2  24029.0 
24305.2  24030.0 
24305.2  24031.0 
24305.2  24032.0 
24305.2  24033.0 
24305.2  24034.0 
24305.2  24035.0 
24305.2  24036.0 
24305.2  24037.0 
24305.2  24038.0 
24305.2  24039.0 
24305.2  24040.0 
24305.2  24041.0 
24305.2  24042.0 
24305.2  24043.0 
24305.2  24044.0 
24305.2  24045.0 
24305.2  24046.0 
24305.2  24047.0 
24305.2  24048.0 
24305.2  24049.0 
24305.2  24050.0 
24305.2  24051.0 
24305.2  24052.0 
24305.2  24053.0 
24305.2  24054.0 
24305.2  24055.0 
24305.2  24056.0 
24305.2  24057.0 
24305.3  24058.0 
24305.3  24059.0 
24305.3  24060.0 
24305.3  24061.0 
24305.3  24062.0 
24305.3  24063.0 
24305.3  24064.0 
24305.3  24065.0 
24305.3  24066.0 
24305.3  24067.0 
24305.3  24068.0 
24305.3  24069.0 
24305.3  24070.0 
24305.3  24071.0 
24305.3  24072.0 
24305.3  24073.0 
24305.3  24074.0 
24305.3  24075.0 
24305.3  24076.0 
24305.3  24077.0 
24305.3  24078.0 
24305.3  24079.0 
24305.3  24080.0 
24305.3  24081.0 
24305.3  24082.0 
24305.3  24083.0 
24305.3  24084.0 
24305.3  24085.0 
24305.3  24086.0 
24305.3  24087.0 
24305.3  24088.0 
24305.3  24089.0 
24305.3  24090.0 
24305.3  24330.0 
24305.3  24092.0 
24305.3  24093.0 
24305.3  24094.0 
24305.3  24095.0 
24305.3  24096.0 
24305.3  24097.0 
24305.3  24098.0 
24305.3  24099.0 
24305.3  24100.0 
24305.3  24101.0 
24305.3  24102.0 
24305.3  24103.0 
24305.3  24104.0 
24305.3  24105.0 
24305.3  24106.0 
24305.3  24107.0 
24305.3  24108.0 
24305.3  24109.0 
24305.3  24110.0 
24305.3  24111.0 
24305.3  24112.0 
24305.3  24113.0 
24305.3  24114.0 
24305.3  24115.0 
24305.3  24116.0 
24305.3  24117.0 
24305.3  24118.0 
24305.3  24119.0 
24305.3  24120.0 
24305.3  24121.0 
24305.3  24122.0 
24305.3  24123.0 
24305.3  24124.0 
24305.3  24125.0 
24305.3  24126.0 
24305.3  24127.0 
24305.4  24128.0 
24305.4  24129.0 
24305.4  24130.0 
24305.4  24131.0 
24305.4  24132.0 
24305.4  24133.0 
24305.4  24134.0 
24305.4  24135.0 
24305.4  24136.0 
24305.4  24137.0 
24305.4  24138.0 
24305.4  24139.0 
24305.4  24140.0 
24305.4  24141.0 
24305.4  24142.0 
24305.4  24143.0 
24305.4  24144.0 
24305.4  24145.0 
24305.4  24146.0 
24305.4  24147.0 
24305.4  24148.0 
24305.4  24149.0 
24305.4  24150.0 
24305.4  24151.0 
24305.4  24152.0 
24305.4  24153.0 
24305.4  24154.0 
24305.4  24155.0 
24305.4  24156.0 
24305.4  24157.0 
24305.4  24158.0 
24305.4  24159.0 
24305.4  24160.0 
24305.4  24161.0 
24305.4  24162.0 
24305.4  24163.0 
24305.4  24164.0 
24305.4  24165.0 
24305.4  24166.0 
24305.5  24167.0 
24305.5  24168.0 
24305.5  24169.0 
24305.5  24170.0 
24305.5  24171.0 
24305.5  24172.0 
24305.5  24173.0 
24305.5  24174.0 
24305.5  24175.0 
24305.5  24176.0 
24305.5  24177.0 
24305.5  24178.0 
24305.5  24179.0 
24305.5  24180.0 
24305.5  24181.0 
24305.5  24182.0 
24305.5  24183.0 
24305.5  24184.0 
24305.5  24185.0 
24305.5  24186.0 
24305.5  24187.0 
24305.5  24188.0 
24305.5  24189.0 
24305.5  24190.0 
24305.5  24191.0 
24305.5  24192.0 
24305.5  24193.0 
24305.5  24194.0 
24305.5  24195.0 
24305.5  24196.0 
24305.5  24197.0 
24305.5  24198.0 
24305.5  24199.0 
24305.5  24200.0 
24305.5  24201.0 
24305.5  24202.0 
24305.5  24203.0 
24305.5  24204.0 
24305.5  24205.0 
24305.5  24206.0 
24305.5  24207.0 
24305.5  24208.0 
24305.5  24209.0 
24305.5  24210.0 
24305.5  24211.0 
24305.5  24212.0 
24305.5  24213.0 
24305.5  24214.0 
24305.6  24215.0 
24305.6  24216.0 
24305.6  24217.0 
24305.6  24218.0 
24305.6  24219.0 
24305.6  24220.0 
24305.6  24221.0 
24305.6  24222.0 
24305.6  24223.0 
24305.6  24224.0 
24305.6  24225.0 
24305.6  24226.0 
24305.6  24227.0 
24305.6  24228.0 
24305.6  24229.0 
24305.6  24230.0 
24305.6  24231.0 
24305.6  24232.0 
24305.6  24233.0 
24305.6  24234.0 
24305.6  24235.0 
24305.6  24236.0 
24305.6  24237.0 
24305.6  24238.0 
24305.6  24239.0 
24305.6  24240.0 
24305.6  24241.0 
24305.6  24242.0 
24305.6  24243.0 
24305.6  24244.0 
24305.7  24245.0 
24305.7  24246.0 
24305.7  24247.0 
24305.7  24248.0 
24305.7  24249.0 
24305.7  24250.0 
24305.7  24251.0 
24305.7  24252.0 
24305.7  24253.0 
24305.7  24254.0 
24305.7  24255.0 
24305.7  24256.0 
24305.7  24257.0 
24305.7  24258.0 
24305.7  24259.0 
24305.7  24260.0 
24305.7  24261.0 
24305.7  24262.0 
24305.7  24331.0 
24305.7  24332.0 
24305.7  24333.0 
24305.7  24334.0 
24305.7  24335.0 
24305.7  24336.0 
24305.7  24337.0 
24305.7  24338.0 
24305.7  24339.0 
24305.7  24340.0 
24305.7  24341.0 
24305.7  24342.0 
24305.7  24343.0 
24305.7  24344.0 
24305.7  24345.0 
24305.7  24346.0 
24305.7  24347.0 
24305.7  24348.0 
24305.7  24349.0 
24305.7  24350.0 
24305.7  24351.0 
24305.7  24352.0 
24305.7  24353.0 
24305.7  24354.0 
24305.7  24355.0 
24305.7  24356.0 
24305.7  24357.0 
24305.7  24358.0 
24305.7  24359.0 
24306.1  23826.0 
24306.1  23325.0 
24306.1  23827.0 
24306.1  23828.0 
24306.1  23328.0 
24306.1  23829.0 
24306.1  23326.0 
24306.1  23830.0 
24306.1  23329.0 
24306.1  23331.0 
24306.1  24360.0 
24306.1  23334.0 
24306.1  23819.3 
24307.0  22341.0 
24308.1  24361.1 
24309.1  24362.1 
24310.1  24363.1 
24311.1  24364.0 
24311.1  23325.0 
24311.1  23328.0 
24311.1  23819.3 
24313.0  22348.0 
24314.1  24365.0 
24316.1  24366.0 
24318.1  24367.0 
24319.1  22341.0 
24319.1  21378.0 
24319.1  21391.0 
24319.1  21382.0 
24319.1  21381.0 
24319.1  21387.0 
24319.1  21392.0 
24319.1  21393.0 
24319.1  21443.0 
24319.1  21444.0 
24319.1  21445.0 
24319.1  24369.1 
24319.1  24370.1 
24319.1  21438.0 
24319.1  21450.0 
24319.1  24371.1 
24321.1  24372.1 
24322.1  21389.1 
24326.1  24313.0 
24326.1  23345.0 
24326.1  23348.0 
24326.1  23354.0 
24326.1  23360.0 
24326.1  24374.1 
24327.1  24313.0 
24327.1  23345.0 
24327.1  23348.0 
24327.1  23354.0 
24327.1  23360.0 
24327.1  24376.1 
24328.1  24313.0 
24328.1  23345.0 
24328.1  23348.0 
24328.1  23354.0 
24328.1  23360.0 
24328.1  24378.1 
24361.1  24313.0 
24361.1  23325.0 
24361.1  23328.0 
24361.1  23334.0 
24361.1  23340.0 
24361.1  24380.1 
24362.1  24381.0 
24362.1  23325.0 
24362.1  23328.0 
24362.1  23334.0 
24362.1  24382.26 
24363.1  24381.0 
24363.1  23325.0 
24363.1  23328.0 
24363.1  23334.0 
24363.1  24383.2 
24364.0  22359.0 
24368.1  21866.0 
24368.1  21378.0 
24368.1  21867.0 
24368.1  21868.0 
24368.1  21381.0 
24368.1  21869.0 
24368.1  21379.0 
24368.1  21870.0 
24368.1  21382.0 
24368.1  21384.0 
24368.1  24384.0 
24368.1  21387.0 
24368.1  21792.3 
24369.1  24385.1 
24370.1  24386.1 
24371.1  24387.1 
24372.1  22359.0 
24372.1  21378.0 
24372.1  21381.0 
24372.1  24388.3 
24374.1  24389.0 
24376.1  24390.0 
24378.1  24391.0 
24380.1  24392.0 
24381.0  22396.0 
24382.25  22397.25 
24382.26  23881.1 
24382.27  23833.1 
24383.1  24393.2 
24383.2  23881.2 
24383.3  23833.2 
24385.1  22348.0 
24385.1  21378.0 
24385.1  21381.0 
24385.1  21387.0 
24385.1  21393.0 
24385.1  24395.1 
24386.1  22396.0 
24386.1  21378.0 
24386.1  21381.0 
24386.1  21387.0 
24386.1  22397.25 
24387.1  22396.0 
24387.1  21378.0 
24387.1  21381.0 
24387.1  21387.0 
24387.1  24383.1 
24388.3  21792.3 
24393.3  21873.3 
24395.1  24396.0 
23362.12  23823.0 
23362.13  23773.57 
23362.14  24397.1 
24397.1  23362.10 
23342.0  23343.0 
23343.0  23356.0 
23362.0  23363.0 
23363.0  23792.0 
23792.0  23803.0 
23797.0  23813.0 
23799.0  23356.0 
23800.0  23833.0 
23801.0  23833.0 
23802.0  23837.0 
23803.0  23356.0 
23810.0  23363.0 
23811.0  23363.0 
23812.0  23848.0 
23813.0  23850.0 
23833.0  23860.0 
23837.0  23362.0 
23841.0  23792.0 
23842.0  23792.0 
23843.0  23792.0 
23844.0  23792.0 
23845.0  23792.0 
23848.0  23363.0 
23850.0  23869.0 
23854.0  23878.0 
23855.0  23881.0 
23856.0  23881.0 
23857.0  23883.0 
23858.0  23885.0 
23859.0  23878.0 
23860.0  23356.0 
23867.0  23837.0 
23869.0  23878.0 
23875.0  23813.0 
23876.0  23813.0 
23877.0  24297.0 
23881.0  24300.0 
23883.0  23797.0 
23885.0  24306.0 
23890.0  23833.0 
23891.0  24312.0 
23892.0  24315.0 
23893.0  24317.0 
24292.0  23850.0 
24293.0  23850.0 
24294.0  23850.0 
24295.0  23850.0 
24296.0  23850.0 
24297.0  23813.0 
24298.0  24319.0 
24299.0  24322.0 
24300.0  23878.0 
24305.0  23883.0 
24306.0  23878.0 
24311.0  23885.0 
24312.0  23833.0 
24315.0  23833.0 
24317.0  23833.0 
24319.0  24368.0 
24325.0  23881.0 
24326.0  24373.0 
24327.0  24375.0 
24328.0  24377.0 
24361.0  24379.0 
24362.0  23885.0 
24363.0  23885.0 
24365.0  24312.0 
24366.0  24315.0 
24367.0  24317.0 
24368.0  24322.0 
24372.0  24319.0 
24373.0  23881.0 
24375.0  23881.0 
24377.0  23881.0 
24379.0  23885.0 
24385.0  24394.0 
24386.0  24319.0 
24387.0  24319.0 
24389.0  24373.0 
24390.0  24375.0 
24391.0  24377.0 
24392.0  24379.0 
24394.0  24319.0 
24396.0  24394.0 
23361.1  23362.11 
24398.1  23362.14 
23361.2  23362.14 
