362.1  364.0 
362.1  365.0 
362.1  366.0 
362.1  367.0 
362.1  368.0 
362.1  369.0 
362.1  370.0 
362.1  371.0 
362.1  372.0 
362.1  373.0 
362.1  374.0 
362.1  375.0 
363.1  377.0 
363.1  365.0 
363.1  368.0 
364.0  344.0 
365.0  345.0 
366.0  346.0 
367.0  347.0 
368.0  348.0 
369.0  349.0 
370.0  350.0 
371.0  351.0 
374.0  354.0 
376.1  365.0 
376.1  378.0 
376.1  369.0 
376.1  368.0 
376.1  374.0 
376.1  379.0 
376.1  380.0 
377.0  357.0 
378.0  358.0 
379.0  359.0 
380.0  360.0 
361.1  362.1 
362.0  363.0 
363.0  376.0 
