77435.1  77437.0 
77435.1  77438.0 
77435.1  77439.0 
77435.1  77440.0 
77435.1  77441.0 
77435.1  77442.0 
77435.1  77443.0 
77435.1  77444.0 
77435.1  77445.0 
77435.1  77446.0 
77435.1  77447.0 
77435.1  77448.0 
77436.1  77450.0 
77436.1  77438.0 
77436.1  77441.0 
77437.0  77417.0 
77438.0  77418.0 
77439.0  77419.0 
77440.0  77420.0 
77441.0  77421.0 
77442.0  77422.0 
77443.0  77423.0 
77444.0  77424.0 
77447.0  77427.0 
77448.0  61929.0 
77449.1  77438.0 
77449.1  77451.0 
77449.1  77442.0 
77449.1  77441.0 
77449.1  77447.0 
77449.1  77452.0 
77449.1  77453.0 
77450.0  77430.0 
77451.0  77431.0 
77452.0  77432.0 
77453.0  77433.0 
77434.1  77435.1 
77455.1  77457.0 
77455.1  77458.0 
77455.1  77459.0 
77455.1  77460.0 
77455.1  77438.0 
77455.1  77461.0 
77455.1  77462.0 
77455.1  77463.0 
77455.1  77464.0 
77455.1  77442.0 
77455.1  77465.0 
77455.1  77466.0 
77455.1  77467.0 
77455.1  77468.0 
77455.1  77469.0 
77455.1  77470.0 
77455.1  77471.0 
77455.1  77472.0 
77455.1  77473.0 
77455.1  77474.0 
77455.1  77475.0 
77455.1  77476.0 
77455.1  77477.0 
77455.1  77478.0 
77455.1  77479.0 
77455.1  77441.0 
77455.1  77480.0 
77455.1  77481.0 
77455.1  77482.0 
77455.1  77483.0 
77455.1  77484.0 
77455.1  77485.0 
77455.1  77486.0 
77455.1  77487.0 
77455.1  77488.0 
77455.1  77489.0 
77455.1  77490.0 
77455.1  77491.0 
77455.1  77492.0 
77455.1  77493.0 
77455.1  77494.0 
77455.1  77495.0 
77455.1  77496.0 
77455.1  77497.0 
77455.1  77498.0 
77455.1  77447.0 
77455.1  77499.0 
77455.1  77500.0 
77455.1  77501.0 
77455.1  77502.0 
77455.1  77453.0 
77455.1  77503.0 
77455.1  77504.0 
77455.1  77505.0 
77455.1  77506.0 
77455.1  77507.0 
77455.1  77508.0 
77455.1  77509.0 
77455.1  77510.0 
77455.1  77511.0 
77455.1  77512.0 
77455.1  77513.0 
77455.1  77514.0 
77455.1  77515.0 
77455.1  77516.0 
77455.1  77517.0 
77455.1  77518.0 
77455.1  77519.0 
77455.1  77520.0 
77455.1  77521.0 
77455.1  77522.0 
77455.1  77523.0 
77455.1  77524.0 
77455.1  77525.0 
77455.1  77526.0 
77455.1  77527.0 
77455.1  77528.0 
77455.1  77529.0 
77455.1  77530.0 
77455.1  77531.0 
77455.1  77532.0 
77455.1  77533.0 
77455.1  77534.0 
77455.1  77535.0 
77455.1  77536.0 
77455.1  77537.0 
77455.1  77538.0 
77455.1  77539.0 
77455.1  77540.0 
77455.1  77541.0 
77455.1  77542.0 
77455.1  77543.0 
77455.1  77544.0 
77455.1  77545.0 
77455.1  77546.0 
77455.1  77547.0 
77455.1  77548.0 
77455.1  77549.0 
77455.1  77550.0 
77455.1  77551.0 
77455.1  77552.0 
77455.1  77553.0 
77455.1  77554.0 
77455.1  77555.0 
77455.1  77556.0 
77455.1  77557.0 
77455.1  77558.0 
77455.1  77559.0 
77455.1  77560.0 
77455.1  77561.0 
77455.1  77562.0 
77455.1  77563.0 
77455.1  77564.0 
77455.1  77565.0 
77455.1  77566.0 
77455.1  77567.0 
77455.1  77568.0 
77455.1  77569.0 
77455.1  77570.0 
77455.1  77571.0 
77455.1  77572.0 
77455.1  77573.0 
77455.1  77574.0 
77455.1  77575.0 
77455.1  77576.0 
77455.1  77577.0 
77455.1  77578.0 
77455.1  77579.0 
77455.1  77580.0 
77455.1  77581.0 
77455.1  77582.0 
77455.1  77583.0 
77455.1  77584.0 
77455.1  77585.0 
77455.1  77586.0 
77455.1  77587.0 
77455.1  77588.0 
77455.1  77589.0 
77455.1  77590.0 
77455.1  77591.0 
77455.1  77592.0 
77455.1  77593.0 
77455.1  77594.0 
77455.1  77595.0 
77455.1  77596.0 
77455.1  77597.0 
77455.1  77598.0 
77455.1  77599.0 
77455.1  77600.0 
77455.1  77601.0 
77455.1  77602.0 
77455.1  77603.0 
77455.1  77604.0 
77455.1  77605.0 
77455.1  77606.0 
77455.1  77607.0 
77455.1  77608.0 
77455.1  77609.0 
77455.1  77610.0 
77455.1  77611.0 
77455.1  77612.0 
77455.1  77613.0 
77455.1  77614.0 
77455.1  77615.0 
77455.1  77616.0 
77455.1  77452.0 
77455.1  77617.0 
77455.1  77618.0 
77455.1  77619.0 
77455.1  77620.1 
77455.1  77621.0 
77455.1  77622.0 
77455.1  77623.0 
77455.1  77624.0 
77455.1  77625.0 
77455.1  77626.0 
77455.2  77627.0 
77455.2  77628.0 
77455.2  77629.0 
77455.2  77630.0 
77455.2  77631.0 
77455.2  77632.0 
77455.2  77633.0 
77455.2  77634.0 
77455.2  77635.0 
77455.2  77636.0 
77455.2  77637.0 
77455.2  77638.0 
77455.2  77639.0 
77455.2  77640.0 
77455.2  77641.0 
77455.2  77642.0 
77455.2  77643.0 
77455.2  77644.0 
77455.2  77645.0 
77455.2  77646.0 
77455.2  77647.0 
77455.2  77648.0 
77455.2  77649.0 
77455.2  77650.0 
77455.2  77651.0 
77455.2  77652.0 
77455.2  77653.0 
77455.2  77654.0 
77455.2  77655.0 
77455.2  77656.0 
77455.2  77657.0 
77455.2  77439.0 
77455.2  77658.0 
77455.2  77659.0 
77455.2  77660.0 
77455.2  77661.0 
77455.2  77662.0 
77455.2  77663.0 
77455.2  77664.0 
77455.2  77665.0 
77455.2  77666.0 
77455.2  77667.0 
77455.2  77668.0 
77455.2  77444.0 
77455.2  77669.0 
77455.2  77670.0 
77455.2  77671.0 
77455.2  77672.0 
77455.2  77673.0 
77455.2  77674.0 
77455.2  77675.0 
77455.2  77676.0 
77455.2  77677.0 
77455.2  77678.0 
77455.2  77679.0 
77455.2  77680.0 
77455.2  77681.0 
77455.2  77682.0 
77455.2  77683.0 
77455.2  77684.0 
77455.2  77685.0 
77455.2  77686.0 
77455.2  77687.0 
77455.2  77688.0 
77455.2  77689.0 
77455.2  77690.0 
77455.2  77691.0 
77455.2  77692.0 
77455.2  77693.0 
77455.2  77694.0 
77455.2  77695.0 
77455.2  77696.0 
77455.2  77697.0 
77455.2  77698.0 
77455.2  77699.0 
77455.2  77700.0 
77455.2  77701.0 
77455.2  77702.0 
77455.2  77703.0 
77455.2  77704.0 
77455.2  77705.0 
77455.2  77706.0 
77455.2  77707.0 
77455.2  77708.0 
77455.2  77709.0 
77455.2  77710.0 
77455.2  77711.0 
77455.2  77712.0 
77455.2  77713.0 
77455.2  77714.0 
77455.2  77715.0 
77455.2  77716.0 
77455.2  77717.0 
77455.2  77718.0 
77455.2  77719.0 
77455.2  77720.0 
77455.2  77721.0 
77455.2  77722.0 
77455.2  77723.0 
77455.2  77724.0 
77455.2  77725.0 
77455.2  77726.0 
77455.2  77727.0 
77455.2  77728.0 
77455.2  77729.0 
77455.2  77730.0 
77455.2  77731.0 
77455.2  77732.0 
77455.2  77733.0 
77455.2  77734.0 
77455.2  77735.0 
77455.2  77736.0 
77455.2  77737.0 
77455.2  77738.0 
77455.2  77739.0 
77455.2  77740.0 
77455.2  77741.0 
77455.2  77742.0 
77455.2  77743.0 
77455.2  77744.0 
77455.2  77745.0 
77455.2  77746.0 
77455.2  77747.0 
77455.2  77748.0 
77455.2  77749.0 
77455.2  77750.0 
77455.2  77751.0 
77455.2  77752.0 
77455.2  77753.0 
77455.2  77754.0 
77455.2  77755.0 
77455.2  77756.0 
77455.2  77757.0 
77455.2  77758.0 
77455.2  77759.0 
77455.2  77760.0 
77455.2  77761.0 
77455.2  77762.0 
77455.2  77763.0 
77455.2  77764.0 
77455.2  77765.0 
77455.2  77766.0 
77455.2  77767.0 
77455.2  77768.0 
77455.2  77769.0 
77455.2  77770.0 
77455.2  77771.0 
77455.2  77772.0 
77455.2  77773.0 
77455.2  77774.0 
77455.2  77775.0 
77455.2  77776.0 
77455.2  77777.0 
77455.2  77778.0 
77455.2  77779.0 
77455.2  77780.0 
77455.2  77781.0 
77455.2  77782.0 
77455.2  77783.0 
77455.2  77784.0 
77455.2  77785.1 
77455.2  77786.0 
77455.2  77787.0 
77455.2  77788.0 
77455.2  77789.0 
77455.2  77790.0 
77455.2  77791.0 
77455.2  77792.0 
77455.2  77793.0 
77455.2  77794.0 
77455.2  77795.0 
77455.2  77796.0 
77455.2  77797.0 
77455.2  77798.0 
77455.2  77799.0 
77455.2  77800.31 
77455.2  77801.31 
77455.2  77802.0 
77455.2  77803.0 
77455.2  77804.0 
77455.2  77805.0 
77455.2  77806.0 
77455.2  77807.0 
77455.2  77808.0 
77455.2  77809.0 
77455.2  77810.0 
77455.2  77811.0 
77455.2  77812.0 
77455.2  77813.0 
77455.2  77814.0 
77455.3  77815.0 
77455.3  77816.0 
77455.3  77817.0 
77455.3  77818.0 
77455.3  77819.0 
77455.3  77820.0 
77455.3  77821.0 
77455.3  77822.0 
77455.3  77823.2 
77455.3  77824.0 
77455.3  77825.0 
77455.3  77826.0 
77455.3  77827.0 
77455.3  77828.0 
77455.3  77829.0 
77455.4  77830.0 
77455.4  77831.0 
77455.4  77832.0 
77455.4  77833.0 
77455.4  77434.1 
77455.5  77834.0 
77455.5  77835.0 
77455.5  77836.0 
77455.5  77837.0 
77455.5  77838.0 
77455.5  77839.1 
77455.5  77840.0 
77455.5  77841.62 
77455.5  77842.62 
77455.5  77843.0 
77455.5  77844.2 
77455.6  77845.0 
77455.6  77846.0 
77455.6  77847.0 
77455.6  77848.0 
77455.6  77849.0 
77455.6  77850.0 
77455.6  77443.0 
77455.6  77440.0 
77455.6  77851.0 
77455.6  77852.3 
77455.6  77853.0 
77455.6  77854.0 
77455.6  77855.0 
77455.6  77856.0 
77455.6  77857.0 
77455.6  77858.0 
77455.6  77859.0 
77455.6  77860.0 
77455.6  77861.31 
77455.6  77862.0 
77455.6  77863.0 
77455.7  77864.0 
77455.7  77865.0 
77455.7  77866.72 
77455.7  77867.0 
77455.7  77868.0 
77455.7  77869.1 
77455.7  77870.0 
77455.7  77871.0 
77455.7  77872.0 
77455.7  77873.0 
77455.7  77874.0 
77455.8  77875.0 
77455.8  77876.0 
77455.8  77877.0 
77455.8  77878.0 
77455.8  77879.0 
77455.9  77880.0 
77455.9  77881.0 
77455.9  77882.0 
77455.9  77823.5 
77455.10  77883.0 
77456.1  77885.0 
77456.1  77438.0 
77456.1  77451.0 
77456.1  77442.0 
77456.1  77441.0 
77456.1  77447.0 
77456.1  77452.0 
77456.1  77453.0 
77456.1  77886.1 
77456.1  77887.1 
77456.1  77888.1 
77457.0  76473.0 
77458.0  76474.0 
77459.0  76475.0 
77460.0  76476.0 
77461.0  76477.0 
77462.0  76478.0 
77463.0  76479.0 
77464.0  76480.0 
77465.0  76481.0 
77466.0  76482.0 
77467.0  76483.0 
77468.0  76484.0 
77469.0  76485.0 
77470.0  76486.0 
77471.0  76487.0 
77472.0  76488.0 
77473.0  76489.0 
77474.0  76490.0 
77475.0  76491.0 
77476.0  76492.0 
77477.0  76493.0 
77478.0  76494.0 
77479.0  76495.0 
77480.0  76496.0 
77481.0  76497.0 
77482.0  76498.0 
77483.0  76499.0 
77484.0  76500.0 
77485.0  76501.0 
77486.0  76502.0 
77487.0  76503.0 
77488.0  76504.0 
77489.0  76505.0 
77490.0  76506.0 
77491.0  76507.0 
77492.0  76508.0 
77493.0  76509.0 
77494.0  76510.0 
77495.0  76511.0 
77496.0  76512.0 
77497.0  76513.0 
77498.0  76514.0 
77499.0  76515.0 
77500.0  76516.0 
77501.0  76517.0 
77502.0  76518.0 
77503.0  76519.0 
77504.0  76520.0 
77505.0  76521.0 
77506.0  76522.0 
77507.0  76523.0 
77508.0  76524.0 
77509.0  76525.0 
77510.0  76526.0 
77511.0  76527.0 
77512.0  76528.0 
77513.0  76529.0 
77514.0  76530.0 
77515.0  76531.0 
77516.0  76532.0 
77517.0  76533.0 
77518.0  76534.0 
77519.0  76535.0 
77520.0  76536.0 
77521.0  76537.0 
77522.0  76538.0 
77523.0  76539.0 
77524.0  76540.0 
77525.0  76541.0 
77526.0  76542.0 
77527.0  76543.0 
77528.0  76544.0 
77529.0  76545.0 
77530.0  76546.0 
77531.0  76547.0 
77532.0  76548.0 
77533.0  76549.0 
77534.0  76550.0 
77535.0  76551.0 
77536.0  76552.0 
77537.0  76553.0 
77538.0  76554.0 
77539.0  76555.0 
77540.0  76556.0 
77541.0  76557.0 
77542.0  76558.0 
77543.0  76559.0 
77544.0  76560.0 
77545.0  76561.0 
77546.0  76562.0 
77547.0  76563.0 
77548.0  76564.0 
77549.0  76565.0 
77550.0  76566.0 
77551.0  76567.0 
77552.0  76568.0 
77553.0  76569.0 
77554.0  76570.0 
77555.0  76571.0 
77556.0  76572.0 
77557.0  76573.0 
77558.0  76574.0 
77559.0  76575.0 
77560.0  76576.0 
77561.0  76577.0 
77562.0  76578.0 
77563.0  76579.0 
77564.0  76580.0 
77565.0  76581.0 
77566.0  76582.0 
77567.0  76583.0 
77568.0  76584.0 
77569.0  76585.0 
77570.0  76586.0 
77571.0  76587.0 
77572.0  76588.0 
77573.0  76589.0 
77574.0  76590.0 
77575.0  76591.0 
77576.0  76592.0 
77577.0  76593.0 
77578.0  76594.0 
77579.0  76595.0 
77580.0  76596.0 
77581.0  76597.0 
77582.0  76598.0 
77583.0  76599.0 
77584.0  76600.0 
77585.0  76601.0 
77586.0  76602.0 
77587.0  76603.0 
77588.0  76604.0 
77589.0  76605.0 
77590.0  76606.0 
77591.0  76607.0 
77592.0  76608.0 
77593.0  76609.0 
77594.0  76610.0 
77595.0  76611.0 
77596.0  76612.0 
77597.0  76613.0 
77598.0  76614.0 
77599.0  76615.0 
77600.0  76616.0 
77601.0  76617.0 
77602.0  76618.0 
77603.0  76619.0 
77604.0  76620.0 
77605.0  76621.0 
77606.0  76622.0 
77607.0  76623.0 
77608.0  76624.0 
77609.0  76625.0 
77610.0  76626.0 
77611.0  76627.0 
77612.0  76628.0 
77613.0  76629.0 
77614.0  76630.0 
77615.0  76631.0 
77616.0  76632.0 
77617.0  76633.0 
77618.0  76634.0 
77619.0  76635.0 
77620.1  77889.12 
77621.0  76637.0 
77622.0  76638.0 
77623.0  76639.0 
77624.0  76640.0 
77625.0  76641.0 
77626.0  76642.0 
77627.0  76643.0 
77628.0  76644.0 
77629.0  76645.0 
77630.0  76646.0 
77631.0  76647.0 
77632.0  76648.0 
77633.0  76649.0 
77634.0  76650.0 
77635.0  76651.0 
77636.0  76652.0 
77637.0  76653.0 
77638.0  76654.0 
77639.0  76655.0 
77640.0  76656.0 
77641.0  76657.0 
77642.0  76658.0 
77643.0  76659.0 
77644.0  76660.0 
77645.0  76661.0 
77646.0  76662.0 
77647.0  76663.0 
77648.0  76664.0 
77649.0  76665.0 
77650.0  76666.0 
77651.0  76667.0 
77652.0  76668.0 
77653.0  76669.0 
77654.0  76670.0 
77655.0  76671.0 
77656.0  76672.0 
77657.0  76673.0 
77658.0  76674.0 
77659.0  76675.0 
77660.0  76676.0 
77661.0  76677.0 
77662.0  76678.0 
77663.0  76679.0 
77664.0  76680.0 
77665.0  76681.0 
77666.0  76682.0 
77667.0  76683.0 
77668.0  76684.0 
77670.0  76686.0 
77671.0  76687.0 
77672.0  76688.0 
77673.0  76689.0 
77674.0  76690.0 
77675.0  76691.0 
77676.0  76692.0 
77677.0  76693.0 
77678.0  76694.0 
77679.0  76695.0 
77680.0  76696.0 
77681.0  76698.0 
77682.0  76697.0 
77683.0  76699.0 
77684.0  76700.0 
77685.0  76701.0 
77686.0  76702.0 
77687.0  76703.0 
77688.0  76704.0 
77689.0  76705.0 
77690.0  76706.0 
77691.0  76707.0 
77692.0  76708.0 
77693.0  76709.0 
77694.0  76710.0 
77695.0  76711.0 
77696.0  76712.0 
77697.0  76713.0 
77698.0  76714.0 
77699.0  76715.0 
77700.0  76716.0 
77701.0  76717.0 
77702.0  76718.0 
77703.0  76719.0 
77704.0  76720.0 
77705.0  76721.0 
77706.0  76722.0 
77707.0  76723.0 
77708.0  76724.0 
77709.0  76725.0 
77710.0  76726.0 
77711.0  76727.0 
77712.0  76728.0 
77713.0  76729.0 
77714.0  76730.0 
77715.0  76731.0 
77716.0  76732.0 
77717.0  76733.0 
77718.0  76734.0 
77719.0  76735.0 
77720.0  76736.0 
77721.0  76737.0 
77722.0  76738.0 
77723.0  76739.0 
77724.0  76740.0 
77725.0  76741.0 
77726.0  76742.0 
77727.0  76743.0 
77728.0  76744.0 
77729.0  76745.0 
77730.0  76746.0 
77731.0  76747.0 
77732.0  76748.0 
77733.0  76749.0 
77734.0  76750.0 
77735.0  76751.0 
77736.0  76752.0 
77737.0  76753.0 
77738.0  76754.0 
77739.0  76755.0 
77740.0  76756.0 
77741.0  76757.0 
77742.0  76758.0 
77743.0  76759.0 
77744.0  76760.0 
77745.0  76761.0 
77746.0  76762.0 
77747.0  76763.0 
77748.0  76764.0 
77749.0  76765.0 
77750.0  76766.0 
77751.0  76767.0 
77752.0  76768.0 
77753.0  76769.0 
77754.0  76770.0 
77755.0  76771.0 
77756.0  76772.0 
77757.0  76773.0 
77758.0  76774.0 
77759.0  76775.0 
77760.0  76776.0 
77761.0  76777.0 
77762.0  76778.0 
77763.0  76779.0 
77764.0  76780.0 
77765.0  76781.0 
77766.0  76782.0 
77767.0  76783.0 
77768.0  76784.0 
77769.0  76785.0 
77770.0  76786.0 
77771.0  76787.0 
77772.0  76788.0 
77773.0  76789.0 
77774.0  76790.0 
77775.0  76791.0 
77776.0  76792.0 
77777.0  76793.0 
77778.0  76794.0 
77779.0  76795.0 
77780.0  76796.0 
77781.0  76797.0 
77782.0  76798.0 
77783.0  76799.0 
77784.0  76800.0 
77785.1  77889.10 
77786.0  76802.0 
77787.0  76803.0 
77788.0  76804.0 
77789.0  76805.0 
77790.0  76806.0 
77791.0  76807.0 
77792.0  76808.0 
77793.0  76809.0 
77794.0  76810.0 
77795.0  76811.0 
77796.0  76812.0 
77797.0  76813.0 
77798.0  76814.0 
77799.0  76815.0 
77800.29  77890.14 
77800.29  76816.29 
77800.30  77891.11 
77800.31  77889.11 
77801.29  77890.14 
77801.29  76817.29 
77801.30  77891.11 
77801.31  77889.11 
77802.0  76818.0 
77803.0  76819.0 
77804.0  76820.0 
77805.0  76821.0 
77806.0  76822.0 
77807.0  76823.0 
77808.0  76824.0 
77809.0  76825.0 
77810.0  76826.0 
77811.0  76827.0 
77812.0  76828.0 
77813.0  76829.0 
77814.0  76830.0 
77815.0  76831.0 
77816.0  76832.0 
77817.0  76833.0 
77818.0  76834.0 
77819.0  76835.0 
77820.0  76836.0 
77821.0  76837.0 
77822.0  76838.0 
77823.1  77455.1 
77823.2  77455.2 
77823.3  77455.3 
77823.4  77455.4 
77823.5  77455.8 
77823.6  77455.9 
77824.0  76840.0 
77825.0  76841.0 
77826.0  76842.0 
77827.0  76843.0 
77828.0  76844.0 
77829.0  76845.0 
77830.0  76846.0 
77831.0  76847.0 
77832.0  76848.0 
77833.0  76849.0 
77834.0  76850.0 
77835.0  76851.0 
77836.0  76852.0 
77837.0  76853.0 
77838.0  76854.0 
77839.1  77889.12 
77840.0  76856.0 
77841.58  77890.15 
77841.58  76857.58 
77841.59  77891.5 
77841.60  77891.12 
77841.61  77889.5 
77841.62  77889.12 
77841.63  77455.5 
77842.58  77890.15 
77842.58  76858.58 
77842.59  77891.7 
77842.60  77891.12 
77842.61  77889.7 
77842.62  77889.12 
77842.63  77455.7 
77843.0  76859.0 
77844.2  76860.2 
77845.0  76861.0 
77846.0  76862.0 
77847.0  76863.0 
77848.0  76864.0 
77849.0  76865.0 
77850.0  76866.0 
77851.0  76867.0 
77852.1  77892.1 
77852.2  77893.1 
77852.3  77894.1 
77853.0  76869.0 
77854.0  76870.0 
77855.0  76871.0 
77856.0  76872.0 
77857.0  76873.0 
77858.0  76874.0 
77859.0  76875.0 
77860.0  76876.0 
77861.29  76877.29 
77861.30  77891.6 
77861.31  77889.6 
77861.32  77455.6 
77862.0  76878.0 
77863.0  76879.0 
77864.0  76880.0 
77865.0  76881.0 
77866.67  77890.12 
77866.68  77890.14 
77866.68  76882.68 
77866.69  77891.9 
77866.70  77891.11 
77866.71  77889.9 
77866.72  77889.11 
77867.0  76883.0 
77869.1  77895.1 
77870.0  76886.0 
77871.0  76887.0 
77873.0  76889.0 
77874.0  76890.0 
77875.0  76891.0 
77876.0  76892.0 
77877.0  76893.0 
77878.0  76894.0 
77879.0  76895.0 
77880.0  76900.0 
77881.0  76901.0 
77882.0  76902.0 
77883.0  76903.0 
77884.1  77897.0 
77884.1  77438.0 
77884.1  77451.0 
77884.1  77442.0 
77884.1  77441.0 
77884.1  77447.0 
77884.1  77452.0 
77884.1  77453.0 
77884.1  77898.1 
77884.1  77899.1 
77884.1  77900.1 
77884.1  77901.1 
77884.1  77902.1 
77885.0  76905.0 
77886.1  77903.1 
77887.1  77904.1 
77888.1  77905.1 
77889.1  77457.0 
77889.1  77458.0 
77889.1  77459.0 
77889.1  77460.0 
77889.1  77418.0 
77889.1  77461.0 
77889.1  77462.0 
77889.1  77463.0 
77889.1  77464.0 
77889.1  77422.0 
77889.1  77465.0 
77889.1  77466.0 
77889.1  77467.0 
77889.1  77468.0 
77889.1  77469.0 
77889.1  77470.0 
77889.1  77471.0 
77889.1  77472.0 
77889.1  77473.0 
77889.1  77474.0 
77889.1  77475.0 
77889.1  77476.0 
77889.1  77477.0 
77889.1  77478.0 
77889.1  77479.0 
77889.1  77421.0 
77889.1  77480.0 
77889.1  77481.0 
77889.1  77482.0 
77889.1  77483.0 
77889.1  77484.0 
77889.1  77485.0 
77889.1  77486.0 
77889.1  77487.0 
77889.1  77488.0 
77889.1  77489.0 
77889.1  77490.0 
77889.1  77491.0 
77889.1  77492.0 
77889.1  77493.0 
77889.1  77494.0 
77889.1  77495.0 
77889.1  77496.0 
77889.1  77497.0 
77889.1  77498.0 
77889.1  77427.0 
77889.1  77499.0 
77889.1  77500.0 
77889.1  77501.0 
77889.1  77502.0 
77889.1  77433.0 
77889.1  77503.0 
77889.1  77504.0 
77889.1  77505.0 
77889.1  77506.0 
77889.1  77507.0 
77889.1  77508.0 
77889.1  77509.0 
77889.1  77510.0 
77889.1  77511.0 
77889.1  77512.0 
77889.1  77513.0 
77889.1  77514.0 
77889.1  77515.0 
77889.1  77516.0 
77889.1  77517.0 
77889.1  77518.0 
77889.1  77519.0 
77889.1  77520.0 
77889.1  77521.0 
77889.1  77522.0 
77889.1  77523.0 
77889.1  77524.0 
77889.1  77525.0 
77889.1  77526.0 
77889.1  77527.0 
77889.1  77528.0 
77889.1  77529.0 
77889.1  77530.0 
77889.1  77531.0 
77889.1  77532.0 
77889.1  77533.0 
77889.1  77534.0 
77889.1  77535.0 
77889.1  77536.0 
77889.1  77537.0 
77889.1  77538.0 
77889.1  77539.0 
77889.1  77540.0 
77889.1  77541.0 
77889.1  77542.0 
77889.1  77543.0 
77889.1  77544.0 
77889.1  77545.0 
77889.1  77546.0 
77889.1  77547.0 
77889.1  77548.0 
77889.1  77549.0 
77889.1  77550.0 
77889.1  77551.0 
77889.1  77552.0 
77889.1  77553.0 
77889.1  77554.0 
77889.1  77555.0 
77889.1  77556.0 
77889.1  77557.0 
77889.1  77558.0 
77889.1  77559.0 
77889.1  77560.0 
77889.1  77561.0 
77889.1  77562.0 
77889.1  77563.0 
77889.1  77564.0 
77889.1  77565.0 
77889.1  77566.0 
77889.1  77567.0 
77889.1  77568.0 
77889.1  77569.0 
77889.1  77570.0 
77889.1  77571.0 
77889.1  77572.0 
77889.1  77573.0 
77889.1  77574.0 
77889.1  77575.0 
77889.1  77576.0 
77889.1  77577.0 
77889.1  77578.0 
77889.1  77579.0 
77889.1  77580.0 
77889.1  77581.0 
77889.1  77582.0 
77889.1  77583.0 
77889.1  77584.0 
77889.1  77585.0 
77889.1  77586.0 
77889.1  77587.0 
77889.1  77588.0 
77889.1  77589.0 
77889.1  77590.0 
77889.1  77591.0 
77889.1  77592.0 
77889.1  77593.0 
77889.1  77594.0 
77889.1  77595.0 
77889.1  77596.0 
77889.1  77597.0 
77889.1  77598.0 
77889.1  77599.0 
77889.1  77600.0 
77889.1  77601.0 
77889.1  77602.0 
77889.1  77603.0 
77889.1  77604.0 
77889.1  77605.0 
77889.1  77606.0 
77889.1  77607.0 
77889.1  77608.0 
77889.1  77609.0 
77889.1  77610.0 
77889.1  77611.0 
77889.1  77612.0 
77889.1  77613.0 
77889.1  77614.0 
77889.1  77615.0 
77889.1  77616.0 
77889.1  77432.0 
77889.1  77617.0 
77889.1  77618.0 
77889.1  77619.0 
77889.1  77907.1 
77889.1  77621.0 
77889.1  77622.0 
77889.1  77623.0 
77889.1  77624.0 
77889.1  77625.0 
77889.1  77626.0 
77889.2  77627.0 
77889.2  77628.0 
77889.2  77629.0 
77889.2  77630.0 
77889.2  77631.0 
77889.2  77632.0 
77889.2  77633.0 
77889.2  77634.0 
77889.2  77635.0 
77889.2  77636.0 
77889.2  77637.0 
77889.2  77638.0 
77889.2  77639.0 
77889.2  77640.0 
77889.2  77641.0 
77889.2  77642.0 
77889.2  77643.0 
77889.2  77644.0 
77889.2  77645.0 
77889.2  77646.0 
77889.2  77647.0 
77889.2  77648.0 
77889.2  77649.0 
77889.2  77650.0 
77889.2  77651.0 
77889.2  77652.0 
77889.2  77653.0 
77889.2  77654.0 
77889.2  77655.0 
77889.2  77656.0 
77889.2  77657.0 
77889.2  77419.0 
77889.2  77658.0 
77889.2  77659.0 
77889.2  77660.0 
77889.2  77661.0 
77889.2  77662.0 
77889.2  77663.0 
77889.2  77664.0 
77889.2  77665.0 
77889.2  77666.0 
77889.2  77667.0 
77889.2  77668.0 
77889.2  77424.0 
77889.2  77908.0 
77889.2  77670.0 
77889.2  77671.0 
77889.2  77672.0 
77889.2  77673.0 
77889.2  77674.0 
77889.2  77675.0 
77889.2  77676.0 
77889.2  77677.0 
77889.2  77678.0 
77889.2  77679.0 
77889.2  77680.0 
77889.2  77681.0 
77889.2  77682.0 
77889.2  77683.0 
77889.2  77684.0 
77889.2  77685.0 
77889.2  77686.0 
77889.2  77687.0 
77889.2  77688.0 
77889.2  77689.0 
77889.2  77690.0 
77889.2  77691.0 
77889.2  77692.0 
77889.2  77693.0 
77889.2  77694.0 
77889.2  77695.0 
77889.2  77696.0 
77889.2  77697.0 
77889.2  77698.0 
77889.2  77699.0 
77889.2  77700.0 
77889.2  77701.0 
77889.2  77702.0 
77889.2  77703.0 
77889.2  77704.0 
77889.2  77705.0 
77889.2  77706.0 
77889.2  77707.0 
77889.2  77708.0 
77889.2  77709.0 
77889.2  77710.0 
77889.2  77711.0 
77889.2  77712.0 
77889.2  77713.0 
77889.2  77714.0 
77889.2  77715.0 
77889.2  77716.0 
77889.2  77717.0 
77889.2  77718.0 
77889.2  77719.0 
77889.2  77720.0 
77889.2  77721.0 
77889.2  77722.0 
77889.2  77723.0 
77889.2  77724.0 
77889.2  77725.0 
77889.2  77726.0 
77889.2  77727.0 
77889.2  77728.0 
77889.2  77729.0 
77889.2  77730.0 
77889.2  77731.0 
77889.2  77732.0 
77889.2  77733.0 
77889.2  77734.0 
77889.2  77735.0 
77889.2  77736.0 
77889.2  77737.0 
77889.2  77738.0 
77889.2  77739.0 
77889.2  77740.0 
77889.2  77741.0 
77889.2  77742.0 
77889.2  77743.0 
77889.2  77744.0 
77889.2  77745.0 
77889.2  77746.0 
77889.2  77747.0 
77889.2  77748.0 
77889.2  77749.0 
77889.2  77750.0 
77889.2  77751.0 
77889.2  77752.0 
77889.2  77753.0 
77889.2  77754.0 
77889.2  77755.0 
77889.2  77756.0 
77889.2  77757.0 
77889.2  77758.0 
77889.2  77759.0 
77889.2  77760.0 
77889.2  77761.0 
77889.2  77762.0 
77889.2  77763.0 
77889.2  77764.0 
77889.2  77765.0 
77889.2  77766.0 
77889.2  77767.0 
77889.2  77768.0 
77889.2  77769.0 
77889.2  77770.0 
77889.2  77771.0 
77889.2  77772.0 
77889.2  77773.0 
77889.2  77774.0 
77889.2  77775.0 
77889.2  77776.0 
77889.2  77777.0 
77889.2  77778.0 
77889.2  77779.0 
77889.2  77780.0 
77889.2  77781.0 
77889.2  77782.0 
77889.2  77783.0 
77889.2  77784.0 
77889.2  77909.1 
77889.2  77786.0 
77889.2  77787.0 
77889.2  77788.0 
77889.2  77789.0 
77889.2  77790.0 
77889.2  77791.0 
77889.2  77792.0 
77889.2  77793.0 
77889.2  77794.0 
77889.2  77795.0 
77889.2  77796.0 
77889.2  77797.0 
77889.2  77798.0 
77889.2  77799.0 
77889.2  77800.30 
77889.2  77801.30 
77889.2  77802.0 
77889.2  77803.0 
77889.2  77804.0 
77889.2  77805.0 
77889.2  77806.0 
77889.2  77807.0 
77889.2  77808.0 
77889.2  77809.0 
77889.2  77810.0 
77889.2  77811.0 
77889.2  77812.0 
77889.2  77813.0 
77889.2  77814.0 
77889.3  77815.0 
77889.3  77816.0 
77889.3  77817.0 
77889.3  77818.0 
77889.3  77819.0 
77889.3  77820.0 
77889.3  77821.0 
77889.3  77822.0 
77889.3  77910.2 
77889.3  77824.0 
77889.3  77825.0 
77889.3  77826.0 
77889.3  77827.0 
77889.3  77828.0 
77889.3  77829.0 
77889.4  77830.0 
77889.4  77831.0 
77889.4  77832.0 
77889.4  77833.0 
77889.4  77414.1 
77889.5  77834.0 
77889.5  77835.0 
77889.5  77836.0 
77889.5  77837.0 
77889.5  77838.0 
77889.5  77911.1 
77889.5  77840.0 
77889.5  77841.60 
77889.5  77842.60 
77889.5  77843.0 
77889.5  77844.2 
77889.6  77845.0 
77889.6  77846.0 
77889.6  77847.0 
77889.6  77848.0 
77889.6  77849.0 
77889.6  77850.0 
77889.6  77423.0 
77889.6  77420.0 
77889.6  77851.0 
77889.6  77912.3 
77889.6  77853.0 
77889.6  77854.0 
77889.6  77855.0 
77889.6  77856.0 
77889.6  77857.0 
77889.6  77858.0 
77889.6  77859.0 
77889.6  77860.0 
77889.6  77861.30 
77889.6  77862.0 
77889.6  77863.0 
77889.7  77864.0 
77889.7  77865.0 
77889.7  77866.70 
77889.7  77867.0 
77889.7  77913.0 
77889.7  77914.1 
77889.7  77870.0 
77889.7  77871.0 
77889.7  77915.0 
77889.7  77873.0 
77889.7  77874.0 
77889.8  77875.0 
77889.8  77876.0 
77889.8  77877.0 
77889.8  77878.0 
77889.8  77879.0 
77889.9  77880.0 
77889.9  77881.0 
77889.9  77882.0 
77889.9  77910.5 
77889.10  77916.0 
77889.11  77866.71 
77889.12  77917.1 
77890.13  76924.0 
77890.14  76882.67 
77890.15  77918.1 
77890.16  76839.8 
77890.16  76471.16 
77891.1  77457.0 
77891.1  77458.0 
77891.1  77459.0 
77891.1  77460.0 
77891.1  77398.0 
77891.1  77461.0 
77891.1  77462.0 
77891.1  77463.0 
77891.1  77464.0 
77891.1  77402.0 
77891.1  77465.0 
77891.1  77466.0 
77891.1  77467.0 
77891.1  77468.0 
77891.1  77469.0 
77891.1  77470.0 
77891.1  77471.0 
77891.1  77472.0 
77891.1  77473.0 
77891.1  77474.0 
77891.1  77475.0 
77891.1  77476.0 
77891.1  77477.0 
77891.1  77478.0 
77891.1  77479.0 
77891.1  77401.0 
77891.1  77480.0 
77891.1  77481.0 
77891.1  77482.0 
77891.1  77483.0 
77891.1  77484.0 
77891.1  77485.0 
77891.1  77486.0 
77891.1  77487.0 
77891.1  77488.0 
77891.1  77489.0 
77891.1  77490.0 
77891.1  77491.0 
77891.1  77492.0 
77891.1  77493.0 
77891.1  77494.0 
77891.1  77495.0 
77891.1  77496.0 
77891.1  77497.0 
77891.1  77498.0 
77891.1  77407.0 
77891.1  77499.0 
77891.1  77500.0 
77891.1  77501.0 
77891.1  77502.0 
77891.1  77413.0 
77891.1  77503.0 
77891.1  77504.0 
77891.1  77505.0 
77891.1  77506.0 
77891.1  77507.0 
77891.1  77508.0 
77891.1  77509.0 
77891.1  77510.0 
77891.1  77511.0 
77891.1  77512.0 
77891.1  77513.0 
77891.1  77514.0 
77891.1  77515.0 
77891.1  77516.0 
77891.1  77517.0 
77891.1  77518.0 
77891.1  77519.0 
77891.1  77520.0 
77891.1  77521.0 
77891.1  77522.0 
77891.1  77523.0 
77891.1  77524.0 
77891.1  77525.0 
77891.1  77526.0 
77891.1  77527.0 
77891.1  77528.0 
77891.1  77529.0 
77891.1  77530.0 
77891.1  77531.0 
77891.1  77532.0 
77891.1  77533.0 
77891.1  77534.0 
77891.1  77535.0 
77891.1  77536.0 
77891.1  77537.0 
77891.1  77538.0 
77891.1  77539.0 
77891.1  77540.0 
77891.1  77541.0 
77891.1  77542.0 
77891.1  77543.0 
77891.1  77544.0 
77891.1  77545.0 
77891.1  77546.0 
77891.1  77547.0 
77891.1  77548.0 
77891.1  77549.0 
77891.1  77550.0 
77891.1  77551.0 
77891.1  77552.0 
77891.1  77553.0 
77891.1  77554.0 
77891.1  77555.0 
77891.1  77556.0 
77891.1  77557.0 
77891.1  77558.0 
77891.1  77559.0 
77891.1  77560.0 
77891.1  77561.0 
77891.1  77562.0 
77891.1  77563.0 
77891.1  77564.0 
77891.1  77565.0 
77891.1  77566.0 
77891.1  77567.0 
77891.1  77568.0 
77891.1  77569.0 
77891.1  77570.0 
77891.1  77571.0 
77891.1  77572.0 
77891.1  77573.0 
77891.1  77574.0 
77891.1  77575.0 
77891.1  77576.0 
77891.1  77577.0 
77891.1  77578.0 
77891.1  77579.0 
77891.1  77580.0 
77891.1  77581.0 
77891.1  77582.0 
77891.1  77583.0 
77891.1  77584.0 
77891.1  77585.0 
77891.1  77586.0 
77891.1  77587.0 
77891.1  77588.0 
77891.1  77589.0 
77891.1  77590.0 
77891.1  77591.0 
77891.1  77592.0 
77891.1  77593.0 
77891.1  77594.0 
77891.1  77595.0 
77891.1  77596.0 
77891.1  77597.0 
77891.1  77598.0 
77891.1  77599.0 
77891.1  77600.0 
77891.1  77601.0 
77891.1  77602.0 
77891.1  77603.0 
77891.1  77604.0 
77891.1  77605.0 
77891.1  77606.0 
77891.1  77607.0 
77891.1  77608.0 
77891.1  77609.0 
77891.1  77610.0 
77891.1  77611.0 
77891.1  77612.0 
77891.1  77613.0 
77891.1  77614.0 
77891.1  77615.0 
77891.1  77616.0 
77891.1  77412.0 
77891.1  77617.0 
77891.1  77618.0 
77891.1  77619.0 
77891.1  77920.1 
77891.1  77621.0 
77891.1  77622.0 
77891.1  77623.0 
77891.1  77624.0 
77891.1  77625.0 
77891.1  77626.0 
77891.2  77627.0 
77891.2  77628.0 
77891.2  77629.0 
77891.2  77630.0 
77891.2  77631.0 
77891.2  77632.0 
77891.2  77633.0 
77891.2  77634.0 
77891.2  77635.0 
77891.2  77636.0 
77891.2  77637.0 
77891.2  77638.0 
77891.2  77639.0 
77891.2  77640.0 
77891.2  77641.0 
77891.2  77642.0 
77891.2  77643.0 
77891.2  77644.0 
77891.2  77645.0 
77891.2  77646.0 
77891.2  77647.0 
77891.2  77648.0 
77891.2  77649.0 
77891.2  77650.0 
77891.2  77651.0 
77891.2  77652.0 
77891.2  77653.0 
77891.2  77654.0 
77891.2  77655.0 
77891.2  77656.0 
77891.2  77657.0 
77891.2  77399.0 
77891.2  77658.0 
77891.2  77659.0 
77891.2  77660.0 
77891.2  77661.0 
77891.2  77662.0 
77891.2  77663.0 
77891.2  77664.0 
77891.2  77665.0 
77891.2  77666.0 
77891.2  77667.0 
77891.2  77668.0 
77891.2  77404.0 
77891.2  77921.0 
77891.2  77670.0 
77891.2  77671.0 
77891.2  77672.0 
77891.2  77673.0 
77891.2  77674.0 
77891.2  77675.0 
77891.2  77676.0 
77891.2  77677.0 
77891.2  77678.0 
77891.2  77679.0 
77891.2  77680.0 
77891.2  77681.0 
77891.2  77682.0 
77891.2  77683.0 
77891.2  77684.0 
77891.2  77685.0 
77891.2  77686.0 
77891.2  77687.0 
77891.2  77688.0 
77891.2  77689.0 
77891.2  77690.0 
77891.2  77691.0 
77891.2  77692.0 
77891.2  77693.0 
77891.2  77694.0 
77891.2  77695.0 
77891.2  77696.0 
77891.2  77697.0 
77891.2  77698.0 
77891.2  77699.0 
77891.2  77700.0 
77891.2  77701.0 
77891.2  77702.0 
77891.2  77703.0 
77891.2  77704.0 
77891.2  77705.0 
77891.2  77706.0 
77891.2  77707.0 
77891.2  77708.0 
77891.2  77709.0 
77891.2  77710.0 
77891.2  77711.0 
77891.2  77712.0 
77891.2  77713.0 
77891.2  77714.0 
77891.2  77715.0 
77891.2  77716.0 
77891.2  77717.0 
77891.2  77718.0 
77891.2  77719.0 
77891.2  77720.0 
77891.2  77721.0 
77891.2  77722.0 
77891.2  77723.0 
77891.2  77724.0 
77891.2  77725.0 
77891.2  77726.0 
77891.2  77727.0 
77891.2  77728.0 
77891.2  77729.0 
77891.2  77730.0 
77891.2  77731.0 
77891.2  77732.0 
77891.2  77733.0 
77891.2  77734.0 
77891.2  77735.0 
77891.2  77736.0 
77891.2  77737.0 
77891.2  77738.0 
77891.2  77739.0 
77891.2  77740.0 
77891.2  77741.0 
77891.2  77742.0 
77891.2  77743.0 
77891.2  77744.0 
77891.2  77745.0 
77891.2  77746.0 
77891.2  77747.0 
77891.2  77748.0 
77891.2  77749.0 
77891.2  77750.0 
77891.2  77751.0 
77891.2  77752.0 
77891.2  77753.0 
77891.2  77754.0 
77891.2  77755.0 
77891.2  77756.0 
77891.2  77757.0 
77891.2  77758.0 
77891.2  77759.0 
77891.2  77760.0 
77891.2  77761.0 
77891.2  77762.0 
77891.2  77763.0 
77891.2  77764.0 
77891.2  77765.0 
77891.2  77766.0 
77891.2  77767.0 
77891.2  77768.0 
77891.2  77769.0 
77891.2  77770.0 
77891.2  77771.0 
77891.2  77772.0 
77891.2  77773.0 
77891.2  77774.0 
77891.2  77775.0 
77891.2  77776.0 
77891.2  77777.0 
77891.2  77778.0 
77891.2  77779.0 
77891.2  77780.0 
77891.2  77781.0 
77891.2  77782.0 
77891.2  77783.0 
77891.2  77784.0 
77891.2  77922.1 
77891.2  77786.0 
77891.2  77787.0 
77891.2  77788.0 
77891.2  77789.0 
77891.2  77790.0 
77891.2  77791.0 
77891.2  77792.0 
77891.2  77793.0 
77891.2  77794.0 
77891.2  77795.0 
77891.2  77796.0 
77891.2  77797.0 
77891.2  77798.0 
77891.2  77799.0 
77891.2  77800.29 
77891.2  77801.29 
77891.2  77802.0 
77891.2  77803.0 
77891.2  77804.0 
77891.2  77805.0 
77891.2  77806.0 
77891.2  77807.0 
77891.2  77808.0 
77891.2  77809.0 
77891.2  77810.0 
77891.2  77811.0 
77891.2  77812.0 
77891.2  77813.0 
77891.2  77814.0 
77891.3  77815.0 
77891.3  77816.0 
77891.3  77817.0 
77891.3  77818.0 
77891.3  77819.0 
77891.3  77820.0 
77891.3  77821.0 
77891.3  77822.0 
77891.3  77923.2 
77891.3  77824.0 
77891.3  77825.0 
77891.3  77826.0 
77891.3  77827.0 
77891.3  77828.0 
77891.3  77829.0 
77891.4  77830.0 
77891.4  77831.0 
77891.4  77832.0 
77891.4  77833.0 
77891.4  77394.1 
77891.5  77834.0 
77891.5  77835.0 
77891.5  77836.0 
77891.5  77837.0 
77891.5  77838.0 
77891.5  77924.1 
77891.5  77840.0 
77891.5  77841.58 
77891.5  77842.58 
77891.5  77843.0 
77891.5  77844.2 
77891.6  77845.0 
77891.6  77846.0 
77891.6  77847.0 
77891.6  77848.0 
77891.6  77849.0 
77891.6  77850.0 
77891.6  77403.0 
77891.6  77400.0 
77891.6  77851.0 
77891.6  77925.3 
77891.6  77853.0 
77891.6  77854.0 
77891.6  77855.0 
77891.6  77856.0 
77891.6  77857.0 
77891.6  77858.0 
77891.6  77859.0 
77891.6  77860.0 
77891.6  77861.29 
77891.6  77862.0 
77891.6  77863.0 
77891.7  77864.0 
77891.7  77865.0 
77891.7  77866.68 
77891.7  77867.0 
77891.7  77926.0 
77891.7  77927.1 
77891.7  77870.0 
77891.7  77871.0 
77891.7  77928.0 
77891.7  77873.0 
77891.7  77874.0 
77891.8  77875.0 
77891.8  77876.0 
77891.8  77877.0 
77891.8  77878.0 
77891.8  77879.0 
77891.9  77880.0 
77891.9  77881.0 
77891.9  77882.0 
77891.9  77923.5 
77891.10  77916.0 
77891.11  77866.69 
77891.12  77929.1 
77892.1  77930.0 
77892.1  77438.0 
77892.1  77931.0 
77892.1  77932.0 
77892.1  77441.0 
77892.1  77933.0 
77892.1  77439.0 
77892.1  77934.0 
77892.1  77442.0 
77892.1  77444.0 
77892.1  77935.0 
77892.1  77447.0 
77892.1  77936.2 
77893.1  77938.0 
77893.1  77438.0 
77893.1  77931.0 
77893.1  77932.0 
77893.1  77439.0 
77893.1  77441.0 
77893.1  77933.0 
77893.1  77442.0 
77893.1  77934.0 
77893.1  77444.0 
77893.1  77939.0 
77893.1  77447.0 
77893.1  77852.1 
77894.1  77940.0 
77894.1  77438.0 
77894.1  77441.0 
77894.1  77852.2 
77895.1  77942.0 
77895.1  77438.0 
77895.1  77943.0 
77895.1  77441.0 
77895.1  77447.0 
77895.1  77453.0 
77895.1  77498.0 
77895.1  77944.1 
77895.1  77944.2 
77895.1  77944.3 
77895.1  77944.4 
77895.1  77944.5 
77895.1  77944.6 
77895.1  77944.7 
77896.1  77450.0 
77896.1  77438.0 
77896.1  77441.0 
77897.0  76915.0 
77898.1  77945.1 
77899.1  77946.1 
77900.1  77947.1 
77901.1  77948.1 
77902.1  77949.1 
77903.1  77950.0 
77903.1  77438.0 
77903.1  77441.0 
77903.1  77447.0 
77904.1  77951.0 
77904.1  77438.0 
77904.1  77441.0 
77904.1  77447.0 
77905.1  77953.0 
77905.1  77438.0 
77905.1  77441.0 
77906.1  77885.0 
77906.1  77418.0 
77906.1  77431.0 
77906.1  77422.0 
77906.1  77421.0 
77906.1  77427.0 
77906.1  77432.0 
77906.1  77433.0 
77906.1  77955.1 
77906.1  77956.1 
77906.1  77957.1 
77907.1  77891.12 
77909.1  77891.10 
77910.1  77889.1 
77910.2  77889.2 
77910.3  77889.3 
77910.4  77889.4 
77910.5  77889.8 
77910.6  77889.9 
77910.7  77889.12 
77911.1  77891.12 
77912.1  77958.1 
77912.2  77959.1 
77912.3  77960.1 
77914.1  77961.1 
77916.0  76924.0 
77917.1  77889.9 
77918.1  77890.12 
77919.1  77885.0 
77919.1  77398.0 
77919.1  77411.0 
77919.1  77402.0 
77919.1  77401.0 
77919.1  77407.0 
77919.1  77412.0 
77919.1  77413.0 
77919.1  77963.1 
77919.1  77964.1 
77919.1  77965.1 
77920.1  77890.15 
77922.1  77890.13 
77923.1  77891.1 
77923.2  77891.2 
77923.3  77891.3 
77923.4  77891.4 
77923.5  77891.8 
77923.6  77891.9 
77923.7  77891.12 
77924.1  77890.15 
77925.1  77966.1 
77925.2  77967.1 
77925.3  77968.1 
77927.1  77969.1 
77929.1  77891.9 
77930.0  76926.0 
77931.0  76927.0 
77932.0  76928.0 
77933.0  76929.0 
77934.0  76930.0 
77936.1  77970.1 
77936.2  77971.1 
77937.1  77973.0 
77937.1  77438.0 
77937.1  77451.0 
77937.1  77442.0 
77937.1  77441.0 
77937.1  77447.0 
77937.1  77452.0 
77937.1  77453.0 
77937.1  77503.0 
77937.1  77504.0 
77937.1  77505.0 
77937.1  77974.1 
77937.1  77975.1 
77937.2  77976.1 
77937.3  77977.1 
77938.0  76934.0 
77940.0  76936.0 
77941.1  77978.0 
77941.1  77438.0 
77941.1  77451.0 
77941.1  77442.0 
77941.1  77441.0 
77941.1  77447.0 
77941.1  77452.0 
77941.1  77453.0 
77942.0  76938.0 
77943.0  76939.0 
77944.1  77979.1 
77944.2  77979.2 
77944.3  77979.3 
77944.4  77979.4 
77944.5  77979.5 
77944.6  77979.6 
77944.7  77979.7 
77945.1  77951.0 
77945.1  77438.0 
77945.1  77441.0 
77945.1  77447.0 
77946.1  77950.0 
77946.1  77438.0 
77946.1  77441.0 
77946.1  77447.0 
77947.1  77980.0 
77947.1  77438.0 
77947.1  77441.0 
77947.1  77447.0 
77948.1  77980.0 
77948.1  77438.0 
77948.1  77441.0 
77948.1  77447.0 
77949.1  77980.0 
77949.1  77438.0 
77949.1  77441.0 
77949.1  77447.0 
77950.0  76946.0 
77951.0  76947.0 
77953.0  76949.0 
77954.1  77897.0 
77954.1  77418.0 
77954.1  77431.0 
77954.1  77422.0 
77954.1  77421.0 
77954.1  77427.0 
77954.1  77432.0 
77954.1  77433.0 
77954.1  77982.1 
77954.1  77983.1 
77954.1  77984.1 
77954.1  77985.1 
77954.1  77986.1 
77955.1  77987.1 
77956.1  77988.1 
77957.1  77989.1 
77958.1  77930.0 
77958.1  77438.0 
77958.1  77931.0 
77958.1  77932.0 
77958.1  77441.0 
77958.1  77933.0 
77958.1  77439.0 
77958.1  77934.0 
77958.1  77442.0 
77958.1  77444.0 
77958.1  77991.0 
77958.1  77447.0 
77958.1  77992.2 
77959.1  77938.0 
77959.1  77438.0 
77959.1  77931.0 
77959.1  77932.0 
77959.1  77439.0 
77959.1  77441.0 
77959.1  77933.0 
77959.1  77442.0 
77959.1  77934.0 
77959.1  77444.0 
77959.1  77994.0 
77959.1  77447.0 
77959.1  77912.1 
77960.1  77940.0 
77960.1  77438.0 
77960.1  77441.0 
77960.1  77912.2 
77961.1  77942.0 
77961.1  77418.0 
77961.1  77943.0 
77961.1  77421.0 
77961.1  77427.0 
77961.1  77433.0 
77961.1  77498.0 
77961.1  77996.1 
77961.1  77996.2 
77961.1  77996.3 
77961.1  77996.4 
77961.1  77996.5 
77961.1  77996.6 
77961.1  77996.7 
77962.1  77897.0 
77962.1  77398.0 
77962.1  77411.0 
77962.1  77402.0 
77962.1  77401.0 
77962.1  77407.0 
77962.1  77412.0 
77962.1  77413.0 
77962.1  77998.1 
77962.1  77999.1 
77962.1  78000.1 
77962.1  78001.1 
77962.1  78002.1 
77963.1  78003.1 
77964.1  78004.1 
77965.1  78005.1 
77966.1  77930.0 
77966.1  77438.0 
77966.1  77931.0 
77966.1  77932.0 
77966.1  77441.0 
77966.1  77933.0 
77966.1  77439.0 
77966.1  77934.0 
77966.1  77442.0 
77966.1  77444.0 
77966.1  78007.0 
77966.1  77447.0 
77966.1  78008.2 
77967.1  77938.0 
77967.1  77438.0 
77967.1  77931.0 
77967.1  77932.0 
77967.1  77439.0 
77967.1  77441.0 
77967.1  77933.0 
77967.1  77442.0 
77967.1  77934.0 
77967.1  77444.0 
77967.1  78010.0 
77967.1  77447.0 
77967.1  77925.1 
77968.1  77940.0 
77968.1  77438.0 
77968.1  77441.0 
77968.1  77925.2 
77969.1  77942.0 
77969.1  77398.0 
77969.1  77943.0 
77969.1  77401.0 
77969.1  77407.0 
77969.1  77413.0 
77969.1  77498.0 
77969.1  78012.6 
77969.1  78012.7 
77970.1  77930.0 
77970.1  77438.0 
77970.1  77931.0 
77970.1  77932.0 
77970.1  77441.0 
77970.1  77933.0 
77970.1  77439.0 
77970.1  77934.0 
77970.1  77442.0 
77970.1  77444.0 
77970.1  78014.0 
77970.1  77447.0 
77970.1  78015.1 
77971.1  77938.0 
77971.1  77438.0 
77971.1  77931.0 
77971.1  77932.0 
77971.1  77439.0 
77971.1  77441.0 
77971.1  77933.0 
77971.1  77442.0 
77971.1  77934.0 
77971.1  77444.0 
77971.1  78016.0 
77971.1  77447.0 
77971.1  77936.1 
77972.1  77938.0 
77972.1  77438.0 
77972.1  77931.0 
77972.1  77932.0 
77972.1  77439.0 
77972.1  77441.0 
77972.1  77933.0 
77972.1  77442.0 
77972.1  77934.0 
77972.1  77444.0 
77972.1  78017.0 
77972.1  77447.0 
77973.0  76953.0 
77974.1  78018.0 
77975.1  78019.1 
77976.1  78020.1 
77977.1  78021.1 
77978.0  76958.0 
77979.1  78022.0 
77979.1  77438.0 
77979.1  78023.0 
77979.1  77442.0 
77979.1  77441.0 
77979.1  78024.0 
77979.1  77447.0 
77979.1  78025.0 
77979.1  78026.0 
77979.1  77452.0 
77979.1  78027.0 
77979.1  78028.0 
77979.1  78029.0 
77979.1  77453.0 
77979.1  78030.0 
77979.1  78031.0 
77979.1  78032.0 
77979.1  78033.0 
77979.1  78034.0 
77979.1  78035.0 
77979.1  78036.0 
77979.1  78037.0 
77979.1  78038.0 
77979.1  78039.0 
77979.1  78040.0 
77979.1  78041.0 
77979.1  78042.0 
77979.1  78043.0 
77979.1  78044.0 
77979.1  78045.0 
77979.1  78046.0 
77979.1  78047.0 
77979.1  78048.0 
77979.1  78049.0 
77979.1  78050.0 
77979.1  78051.0 
77979.1  78052.0 
77979.1  78053.0 
77979.1  78054.0 
77979.1  78055.0 
77979.1  78056.0 
77979.1  78057.0 
77979.1  78058.0 
77979.1  78059.0 
77979.1  78060.0 
77979.1  78061.0 
77979.1  78062.0 
77979.1  78063.0 
77979.1  78064.0 
77979.1  78065.0 
77979.1  78066.0 
77979.1  78067.0 
77979.1  78068.0 
77979.1  78069.0 
77979.1  78070.0 
77979.1  78071.0 
77979.1  78072.0 
77979.1  78073.0 
77979.1  78074.0 
77979.1  78075.0 
77979.1  78076.0 
77979.1  78077.0 
77979.1  78078.0 
77979.1  78079.0 
77979.1  78080.0 
77979.1  78081.0 
77979.1  78082.0 
77979.1  78083.0 
77979.1  78084.0 
77979.1  78085.0 
77979.1  78086.0 
77979.1  78087.0 
77979.1  78088.0 
77979.1  78089.0 
77979.1  78090.0 
77979.1  78091.0 
77979.1  78092.0 
77979.1  78093.0 
77979.1  78094.0 
77979.1  78095.0 
77979.1  78096.0 
77979.1  78097.0 
77979.1  78098.0 
77979.1  78099.0 
77979.1  78100.0 
77979.1  78101.0 
77979.2  78102.0 
77979.2  78103.0 
77979.2  78104.0 
77979.2  78105.0 
77979.2  78106.0 
77979.2  78107.0 
77979.2  78108.0 
77979.2  78109.0 
77979.2  78110.0 
77979.2  78111.0 
77979.2  78112.0 
77979.2  78113.0 
77979.2  78114.0 
77979.2  78115.0 
77979.2  78116.0 
77979.2  78117.0 
77979.2  78118.0 
77979.2  78119.0 
77979.2  78120.0 
77979.2  78121.0 
77979.2  78122.0 
77979.2  78123.0 
77979.2  78124.0 
77979.2  78125.0 
77979.2  78126.0 
77979.2  78127.0 
77979.2  78128.0 
77979.2  78129.0 
77979.2  78130.0 
77979.2  78131.0 
77979.2  78132.0 
77979.2  78133.0 
77979.2  78134.0 
77979.2  78135.0 
77979.2  78136.0 
77979.2  78137.0 
77979.2  78138.0 
77979.2  78139.0 
77979.2  78140.0 
77979.2  78141.0 
77979.2  78142.0 
77979.2  78143.0 
77979.2  78144.0 
77979.2  78145.0 
77979.2  78146.0 
77979.2  78147.0 
77979.2  78148.0 
77979.2  78149.0 
77979.2  78150.0 
77979.2  78151.0 
77979.2  78152.0 
77979.2  78153.0 
77979.2  78154.0 
77979.2  78155.0 
77979.2  78156.0 
77979.2  78157.0 
77979.2  78158.0 
77979.2  78159.0 
77979.2  78160.0 
77979.2  78161.0 
77979.2  78162.0 
77979.2  78163.0 
77979.2  78164.0 
77979.2  78165.0 
77979.2  78166.0 
77979.2  78167.0 
77979.2  78168.0 
77979.2  78169.0 
77979.2  78170.0 
77979.2  78171.0 
77979.2  78172.0 
77979.2  78173.0 
77979.2  78174.0 
77979.2  78175.0 
77979.2  78176.0 
77979.2  78177.0 
77979.2  78178.0 
77979.2  78179.0 
77979.3  78180.0 
77979.3  78181.0 
77979.3  78182.0 
77979.3  78183.0 
77979.3  78184.0 
77979.3  78185.0 
77979.3  78186.0 
77979.3  78187.0 
77979.3  78188.0 
77979.3  78189.0 
77979.3  78190.0 
77979.3  78191.0 
77979.3  78192.0 
77979.3  78193.0 
77979.3  78194.0 
77979.3  78195.0 
77979.3  78196.0 
77979.3  78197.0 
77979.3  78198.0 
77979.3  78199.0 
77979.3  78200.0 
77979.3  78201.0 
77979.3  78202.0 
77979.3  78203.0 
77979.3  78204.0 
77979.3  78205.0 
77979.3  78206.0 
77979.3  78207.0 
77979.3  78208.0 
77979.3  78209.0 
77979.3  78210.0 
77979.3  78211.0 
77979.3  78212.0 
77979.3  78213.0 
77979.3  78214.0 
77979.3  78215.0 
77979.3  78216.0 
77979.3  78217.0 
77979.3  78218.0 
77979.3  78219.0 
77979.3  78220.0 
77979.3  78221.0 
77979.3  78222.0 
77979.3  78223.0 
77979.3  78224.0 
77979.3  78225.0 
77979.3  78226.0 
77979.3  78227.0 
77979.3  78228.0 
77979.3  78229.0 
77979.3  78230.0 
77979.3  78231.0 
77979.3  78232.0 
77979.3  78233.0 
77979.3  78234.0 
77979.3  78235.0 
77979.3  78236.0 
77979.3  78237.0 
77979.3  78238.0 
77979.3  78239.0 
77979.3  78240.0 
77979.3  78241.0 
77979.3  78242.0 
77979.3  78243.0 
77979.3  78244.0 
77979.3  78245.0 
77979.3  78246.0 
77979.3  78247.0 
77979.3  78248.0 
77979.3  78249.0 
77979.3  78250.0 
77979.3  78251.0 
77979.3  78252.0 
77979.3  78253.0 
77979.3  78254.0 
77979.3  78255.0 
77979.3  78256.0 
77979.3  78257.0 
77979.3  78258.0 
77979.4  78259.0 
77979.4  78260.0 
77979.4  78261.0 
77979.4  78262.0 
77979.4  78263.0 
77979.4  78264.0 
77979.4  78265.0 
77979.4  78266.0 
77979.4  78267.0 
77979.4  78268.0 
77979.4  78269.0 
77979.4  78270.0 
77979.4  78271.0 
77979.4  78272.0 
77979.4  78273.0 
77979.4  78274.0 
77979.4  78275.0 
77979.4  78276.0 
77979.4  78277.0 
77979.4  78278.0 
77979.4  78279.0 
77979.4  78280.0 
77979.4  78281.0 
77979.4  78282.0 
77979.4  78283.0 
77979.4  78284.0 
77979.4  78285.0 
77979.4  78286.0 
77979.4  78287.0 
77979.4  78288.0 
77979.4  78289.0 
77979.4  78290.0 
77979.4  78291.0 
77979.4  78292.0 
77979.4  78293.0 
77979.4  78294.0 
77979.4  78295.0 
77979.4  78296.0 
77979.4  78297.0 
77979.5  78298.0 
77979.5  78299.0 
77979.5  78300.0 
77979.5  78301.0 
77979.5  78302.0 
77979.5  78303.0 
77979.5  78304.0 
77979.5  78305.0 
77979.5  78306.0 
77979.5  78307.0 
77979.5  78308.0 
77979.5  78309.0 
77979.5  78310.0 
77979.5  78311.0 
77979.5  78312.0 
77979.5  78313.0 
77979.5  78314.0 
77979.5  78315.0 
77979.5  78316.0 
77979.5  78317.0 
77979.5  78318.0 
77979.5  78319.0 
77979.5  78320.0 
77979.5  78321.0 
77979.5  78322.0 
77979.5  78323.0 
77979.5  78324.0 
77979.5  78325.0 
77979.5  78326.0 
77979.5  78327.0 
77979.5  78328.0 
77979.5  78329.0 
77979.5  78330.0 
77979.5  78331.0 
77979.5  78332.0 
77979.5  78333.0 
77979.5  78334.0 
77979.5  78335.0 
77979.5  78336.0 
77979.5  78337.0 
77979.5  78338.0 
77979.5  78339.0 
77979.5  78340.0 
77979.5  78341.0 
77979.5  78342.0 
77979.5  78343.0 
77979.5  78344.0 
77979.5  78345.0 
77979.6  78346.0 
77979.6  78347.0 
77979.6  78348.0 
77979.6  78349.0 
77979.6  78350.0 
77979.6  78351.0 
77979.6  78352.0 
77979.6  78353.0 
77979.6  78354.0 
77979.6  78355.0 
77979.6  78356.0 
77979.6  78357.0 
77979.6  78358.0 
77979.6  78359.0 
77979.6  78360.0 
77979.6  78361.0 
77979.6  78362.0 
77979.6  78363.0 
77979.6  78364.0 
77979.6  78365.0 
77979.6  78366.0 
77979.6  78367.0 
77979.6  78368.0 
77979.6  78369.0 
77979.6  78370.0 
77979.6  78371.0 
77979.6  78372.0 
77979.7  78373.0 
77979.7  78374.0 
77979.7  78375.0 
77979.7  78376.0 
77979.7  78377.0 
77979.7  78378.0 
77979.7  78379.0 
77979.7  78380.0 
77979.7  78381.0 
77979.7  78382.0 
77979.7  78383.0 
77979.7  78384.0 
77979.7  78385.0 
77979.7  78386.0 
77979.7  78387.0 
77979.7  78388.0 
77979.7  78389.0 
77979.7  78390.0 
77979.7  78391.0 
77979.7  78392.0 
77979.7  78393.0 
77979.7  78394.0 
77979.7  78395.0 
77979.7  78396.0 
77979.7  78397.0 
77979.7  78398.0 
77979.7  78399.0 
77979.7  78400.0 
77979.7  78401.0 
77979.7  78402.0 
77979.7  78403.0 
77979.7  78404.0 
77979.7  78405.0 
77979.7  78406.0 
77979.7  78407.0 
77979.7  78408.0 
77979.7  78409.0 
77979.7  78410.0 
77979.7  78411.0 
77979.7  78412.0 
77979.7  78413.0 
77980.0  76960.0 
77981.1  77430.0 
77981.1  77418.0 
77981.1  77421.0 
77982.1  78414.1 
77983.1  78415.1 
77984.1  78416.1 
77985.1  78417.1 
77986.1  78418.1 
77987.1  77950.0 
77987.1  77418.0 
77987.1  77421.0 
77987.1  77427.0 
77988.1  77951.0 
77988.1  77418.0 
77988.1  77421.0 
77988.1  77427.0 
77989.1  77953.0 
77989.1  77418.0 
77989.1  77421.0 
77990.1  77429.1 
77992.1  78420.1 
77992.2  78421.1 
77993.1  77973.0 
77993.1  77438.0 
77993.1  77451.0 
77993.1  77442.0 
77993.1  77441.0 
77993.1  77447.0 
77993.1  77452.0 
77993.1  77453.0 
77993.1  77503.0 
77993.1  77504.0 
77993.1  77505.0 
77993.1  78423.1 
77993.1  78424.1 
77993.2  78425.1 
77993.3  78426.1 
77995.1  77978.0 
77995.1  77418.0 
77995.1  77431.0 
77995.1  77422.0 
77995.1  77421.0 
77995.1  77427.0 
77995.1  77432.0 
77995.1  77433.0 
77996.1  78427.1 
77996.2  78427.2 
77996.3  78427.3 
77996.4  78427.4 
77996.5  78427.5 
77996.6  78427.6 
77996.7  78427.7 
77997.1  77410.0 
77997.1  77398.0 
77997.1  77401.0 
77998.1  78428.1 
77999.1  78429.1 
78000.1  78430.1 
78001.1  78431.1 
78002.1  78432.1 
78003.1  77950.0 
78003.1  77398.0 
78003.1  77401.0 
78003.1  77407.0 
78004.1  77951.0 
78004.1  77398.0 
78004.1  77401.0 
78004.1  77407.0 
78005.1  77953.0 
78005.1  77398.0 
78005.1  77401.0 
78006.1  77409.1 
78008.1  78434.1 
78008.2  78435.1 
78009.1  77973.0 
78009.1  77438.0 
78009.1  77451.0 
78009.1  77442.0 
78009.1  77441.0 
78009.1  77447.0 
78009.1  77452.0 
78009.1  77453.0 
78009.1  77503.0 
78009.1  77504.0 
78009.1  77505.0 
78009.1  78437.1 
78009.1  78438.1 
78009.2  78439.1 
78009.3  78440.1 
78011.1  77978.0 
78011.1  77398.0 
78011.1  77411.0 
78011.1  77402.0 
78011.1  77401.0 
78011.1  77407.0 
78011.1  77412.0 
78011.1  77413.0 
78012.1  78441.1 
78012.2  78441.2 
78012.3  78441.3 
78012.4  78441.4 
78012.5  78441.5 
78012.6  78441.6 
78012.7  78441.7 
78013.1  78443.0 
78013.1  77418.0 
78013.1  77431.0 
78013.1  77422.0 
78013.1  77421.0 
78013.1  77427.0 
78013.1  77432.0 
78013.1  77433.0 
78013.1  77503.0 
78013.1  77504.0 
78013.1  77505.0 
78013.1  78444.1 
78013.1  78445.1 
78013.1  77498.0 
78013.1  77510.0 
78013.1  78446.1 
78015.1  78447.1 
78019.1  78449.0 
78019.1  77438.0 
78019.1  77441.0 
78019.1  77447.0 
78019.1  77453.0 
78019.1  78450.1 
78020.1  78449.0 
78020.1  77438.0 
78020.1  77441.0 
78020.1  77447.0 
78020.1  77453.0 
78020.1  78452.1 
78021.1  78449.0 
78021.1  77438.0 
78021.1  77441.0 
78021.1  77447.0 
78021.1  77453.0 
78021.1  78454.1 
78022.0  76971.0 
78023.0  76972.0 
78024.0  76973.0 
78026.0  76975.0 
78027.0  76976.0 
78028.0  76977.0 
78029.0  76978.0 
78030.0  76979.0 
78031.0  76980.0 
78032.0  76981.0 
78033.0  76982.0 
78034.0  76983.0 
78035.0  76984.0 
78036.0  76985.0 
78037.0  76986.0 
78038.0  76987.0 
78039.0  76988.0 
78040.0  76989.0 
78041.0  76990.0 
78042.0  76991.0 
78043.0  76992.0 
78044.0  76993.0 
78045.0  76994.0 
78046.0  76995.0 
78047.0  76996.0 
78048.0  76997.0 
78049.0  76998.0 
78050.0  76999.0 
78051.0  77000.0 
78052.0  77001.0 
78053.0  77002.0 
78054.0  77003.0 
78055.0  77004.0 
78056.0  77005.0 
78057.0  77006.0 
78058.0  77007.0 
78059.0  77008.0 
78060.0  77009.0 
78061.0  77010.0 
78062.0  77011.0 
78063.0  77012.0 
78064.0  77013.0 
78065.0  77014.0 
78066.0  77015.0 
78067.0  77016.0 
78068.0  77017.0 
78069.0  77018.0 
78070.0  77019.0 
78071.0  77020.0 
78072.0  77021.0 
78073.0  77022.0 
78074.0  77023.0 
78075.0  77024.0 
78076.0  77025.0 
78077.0  77026.0 
78078.0  77027.0 
78079.0  77028.0 
78080.0  77029.0 
78081.0  77030.0 
78082.0  77031.0 
78083.0  77032.0 
78084.0  77033.0 
78085.0  77034.0 
78086.0  77035.0 
78087.0  77036.0 
78088.0  77037.0 
78089.0  77038.0 
78090.0  77039.0 
78091.0  77040.0 
78092.0  77041.0 
78093.0  77042.0 
78094.0  77043.0 
78095.0  77044.0 
78096.0  77045.0 
78097.0  77046.0 
78098.0  77047.0 
78099.0  77048.0 
78100.0  77049.0 
78101.0  77050.0 
78102.0  77051.0 
78103.0  77052.0 
78104.0  77053.0 
78105.0  77054.0 
78106.0  77055.0 
78107.0  77056.0 
78108.0  77057.0 
78109.0  77058.0 
78110.0  77059.0 
78111.0  77060.0 
78112.0  77061.0 
78113.0  77062.0 
78114.0  77063.0 
78115.0  77064.0 
78116.0  77065.0 
78117.0  77066.0 
78118.0  77067.0 
78119.0  77068.0 
78120.0  77069.0 
78121.0  77070.0 
78122.0  77071.0 
78123.0  77072.0 
78124.0  77073.0 
78125.0  77074.0 
78126.0  77075.0 
78127.0  77076.0 
78128.0  77077.0 
78129.0  77078.0 
78130.0  77079.0 
78131.0  77080.0 
78132.0  77081.0 
78133.0  77082.0 
78134.0  77083.0 
78135.0  77084.0 
78136.0  77085.0 
78137.0  77086.0 
78138.0  77087.0 
78139.0  77088.0 
78140.0  77089.0 
78141.0  77090.0 
78142.0  77091.0 
78143.0  77092.0 
78144.0  77093.0 
78145.0  77094.0 
78146.0  77095.0 
78147.0  77096.0 
78148.0  77097.0 
78149.0  77098.0 
78150.0  77099.0 
78151.0  77100.0 
78152.0  77101.0 
78153.0  77102.0 
78154.0  77103.0 
78155.0  77104.0 
78156.0  77105.0 
78157.0  77106.0 
78158.0  77107.0 
78159.0  77108.0 
78160.0  77109.0 
78161.0  77110.0 
78162.0  77111.0 
78163.0  77112.0 
78164.0  77113.0 
78165.0  77114.0 
78166.0  77115.0 
78167.0  77116.0 
78168.0  77117.0 
78169.0  77118.0 
78170.0  77119.0 
78171.0  77120.0 
78172.0  77121.0 
78173.0  77122.0 
78174.0  77123.0 
78175.0  77124.0 
78176.0  77125.0 
78177.0  77126.0 
78178.0  77127.0 
78179.0  77128.0 
78180.0  77129.0 
78181.0  77130.0 
78182.0  77131.0 
78183.0  77132.0 
78184.0  77133.0 
78185.0  77134.0 
78186.0  77135.0 
78187.0  77136.0 
78188.0  77137.0 
78189.0  77138.0 
78190.0  77139.0 
78191.0  77140.0 
78192.0  77141.0 
78193.0  77142.0 
78194.0  77143.0 
78195.0  77144.0 
78196.0  77145.0 
78197.0  77146.0 
78198.0  77147.0 
78199.0  77148.0 
78200.0  77149.0 
78201.0  77150.0 
78202.0  77151.0 
78203.0  77152.0 
78204.0  77153.0 
78205.0  77154.0 
78206.0  77155.0 
78207.0  77156.0 
78208.0  77157.0 
78209.0  77158.0 
78210.0  77159.0 
78211.0  77160.0 
78212.0  77161.0 
78213.0  77162.0 
78214.0  77163.0 
78215.0  77164.0 
78216.0  77165.0 
78217.0  77166.0 
78218.0  77167.0 
78219.0  77168.0 
78220.0  77169.0 
78221.0  77170.0 
78222.0  77171.0 
78223.0  77172.0 
78224.0  77173.0 
78225.0  77174.0 
78226.0  77175.0 
78227.0  77176.0 
78229.0  77178.0 
78230.0  77179.0 
78231.0  77180.0 
78232.0  77181.0 
78233.0  77182.0 
78234.0  77183.0 
78235.0  77184.0 
78236.0  77185.0 
78237.0  77186.0 
78238.0  77187.0 
78239.0  77188.0 
78240.0  77189.0 
78241.0  77190.0 
78242.0  77191.0 
78243.0  77192.0 
78244.0  77193.0 
78245.0  77194.0 
78246.0  77195.0 
78247.0  77196.0 
78248.0  77197.0 
78249.0  77198.0 
78250.0  77199.0 
78251.0  77200.0 
78252.0  77201.0 
78253.0  77202.0 
78254.0  77203.0 
78255.0  77204.0 
78256.0  77205.0 
78257.0  77206.0 
78258.0  77207.0 
78259.0  77208.0 
78260.0  77209.0 
78261.0  77210.0 
78262.0  77211.0 
78263.0  77212.0 
78264.0  77213.0 
78265.0  77214.0 
78266.0  77215.0 
78267.0  77216.0 
78268.0  77217.0 
78269.0  77218.0 
78270.0  77219.0 
78271.0  77220.0 
78272.0  77221.0 
78273.0  77222.0 
78274.0  77223.0 
78275.0  77224.0 
78276.0  77225.0 
78277.0  77226.0 
78278.0  77227.0 
78279.0  77228.0 
78280.0  77229.0 
78281.0  77230.0 
78282.0  77231.0 
78283.0  77232.0 
78284.0  77233.0 
78285.0  77234.0 
78286.0  77235.0 
78287.0  77236.0 
78288.0  77237.0 
78289.0  77238.0 
78290.0  77239.0 
78291.0  77240.0 
78292.0  77241.0 
78293.0  77242.0 
78294.0  77243.0 
78295.0  77244.0 
78296.0  77245.0 
78297.0  77246.0 
78298.0  77247.0 
78299.0  77248.0 
78300.0  77249.0 
78301.0  77250.0 
78302.0  77251.0 
78303.0  77252.0 
78304.0  77253.0 
78305.0  77254.0 
78306.0  77255.0 
78307.0  77256.0 
78308.0  77257.0 
78309.0  77258.0 
78310.0  77259.0 
78311.0  77260.0 
78312.0  77261.0 
78313.0  77262.0 
78314.0  77263.0 
78315.0  77264.0 
78316.0  77265.0 
78317.0  77266.0 
78318.0  77267.0 
78319.0  77268.0 
78320.0  77269.0 
78321.0  77270.0 
78322.0  77271.0 
78323.0  77272.0 
78324.0  77273.0 
78325.0  77274.0 
78326.0  77275.0 
78327.0  77276.0 
78328.0  77277.0 
78329.0  77278.0 
78330.0  77279.0 
78331.0  77280.0 
78332.0  77281.0 
78333.0  77282.0 
78334.0  77283.0 
78335.0  77284.0 
78336.0  77285.0 
78337.0  77286.0 
78338.0  77287.0 
78339.0  77288.0 
78340.0  77289.0 
78341.0  77290.0 
78342.0  77291.0 
78343.0  77292.0 
78344.0  77293.0 
78345.0  77294.0 
78346.0  77295.0 
78347.0  77296.0 
78348.0  77297.0 
78349.0  77298.0 
78350.0  77299.0 
78351.0  77300.0 
78352.0  77301.0 
78353.0  77302.0 
78354.0  77303.0 
78355.0  77304.0 
78356.0  77305.0 
78357.0  77306.0 
78358.0  77307.0 
78359.0  77308.0 
78360.0  77309.0 
78361.0  77310.0 
78362.0  77311.0 
78363.0  77312.0 
78364.0  77313.0 
78365.0  77314.0 
78366.0  77315.0 
78367.0  77316.0 
78368.0  77317.0 
78369.0  77318.0 
78370.0  77319.0 
78371.0  77320.0 
78372.0  77321.0 
78373.0  77322.0 
78374.0  77323.0 
78375.0  77324.0 
78376.0  77325.0 
78377.0  77326.0 
78378.0  77327.0 
78379.0  77328.0 
78380.0  77329.0 
78381.0  77330.0 
78382.0  77331.0 
78383.0  77332.0 
78384.0  77333.0 
78414.1  77951.0 
78414.1  77418.0 
78414.1  77421.0 
78414.1  77427.0 
78415.1  77950.0 
78415.1  77418.0 
78415.1  77421.0 
78415.1  77427.0 
78416.1  77980.0 
78416.1  77418.0 
78416.1  77421.0 
78416.1  77427.0 
78417.1  77980.0 
78417.1  77418.0 
78417.1  77421.0 
78417.1  77427.0 
78418.1  77980.0 
78418.1  77418.0 
78418.1  77421.0 
78418.1  77427.0 
78420.1  77930.0 
78420.1  77438.0 
78420.1  77931.0 
78420.1  77932.0 
78420.1  77441.0 
78420.1  77933.0 
78420.1  77439.0 
78420.1  77934.0 
78420.1  77442.0 
78420.1  77444.0 
78420.1  78456.0 
78420.1  77447.0 
78420.1  78457.1 
78421.1  77938.0 
78421.1  77438.0 
78421.1  77931.0 
78421.1  77932.0 
78421.1  77439.0 
78421.1  77441.0 
78421.1  77933.0 
78421.1  77442.0 
78421.1  77934.0 
78421.1  77444.0 
78421.1  78458.0 
78421.1  77447.0 
78421.1  77992.1 
78422.1  77938.0 
78422.1  77438.0 
78422.1  77931.0 
78422.1  77932.0 
78422.1  77439.0 
78422.1  77441.0 
78422.1  77933.0 
78422.1  77442.0 
78422.1  77934.0 
78422.1  77444.0 
78422.1  78459.0 
78422.1  77447.0 
78423.1  78460.0 
78424.1  78461.1 
78425.1  78462.1 
78426.1  78463.1 
78427.1  78022.0 
78427.1  77418.0 
78427.1  78023.0 
78427.1  77422.0 
78427.1  77421.0 
78427.1  78024.0 
78427.1  77427.0 
78427.1  78464.0 
78427.1  78026.0 
78427.1  77432.0 
78427.1  78027.0 
78427.1  78028.0 
78427.1  78029.0 
78427.1  77433.0 
78427.1  78030.0 
78427.1  78031.0 
78427.1  78032.0 
78427.1  78033.0 
78427.1  78034.0 
78427.1  78035.0 
78427.1  78036.0 
78427.1  78037.0 
78427.1  78038.0 
78427.1  78039.0 
78427.1  78040.0 
78427.1  78041.0 
78427.1  78042.0 
78427.1  78043.0 
78427.1  78044.0 
78427.1  78045.0 
78427.1  78046.0 
78427.1  78047.0 
78427.1  78048.0 
78427.1  78049.0 
78427.1  78050.0 
78427.1  78051.0 
78427.1  78052.0 
78427.1  78053.0 
78427.1  78054.0 
78427.1  78055.0 
78427.1  78056.0 
78427.1  78057.0 
78427.1  78058.0 
78427.1  78059.0 
78427.1  78060.0 
78427.1  78061.0 
78427.1  78062.0 
78427.1  78063.0 
78427.1  78064.0 
78427.1  78065.0 
78427.1  78066.0 
78427.1  78067.0 
78427.1  78068.0 
78427.1  78069.0 
78427.1  78070.0 
78427.1  78071.0 
78427.1  78072.0 
78427.1  78073.0 
78427.1  78074.0 
78427.1  78075.0 
78427.1  78076.0 
78427.1  78077.0 
78427.1  78078.0 
78427.1  78079.0 
78427.1  78080.0 
78427.1  78081.0 
78427.1  78082.0 
78427.1  78083.0 
78427.1  78084.0 
78427.1  78085.0 
78427.1  78086.0 
78427.1  78087.0 
78427.1  78088.0 
78427.1  78089.0 
78427.1  78090.0 
78427.1  78091.0 
78427.1  78092.0 
78427.1  78093.0 
78427.1  78094.0 
78427.1  78095.0 
78427.1  78096.0 
78427.1  78097.0 
78427.1  78098.0 
78427.1  78099.0 
78427.1  78100.0 
78427.1  78101.0 
78427.2  78102.0 
78427.2  78103.0 
78427.2  78104.0 
78427.2  78105.0 
78427.2  78106.0 
78427.2  78107.0 
78427.2  78108.0 
78427.2  78109.0 
78427.2  78110.0 
78427.2  78111.0 
78427.2  78112.0 
78427.2  78113.0 
78427.2  78114.0 
78427.2  78115.0 
78427.2  78116.0 
78427.2  78117.0 
78427.2  78118.0 
78427.2  78119.0 
78427.2  78120.0 
78427.2  78121.0 
78427.2  78122.0 
78427.2  78123.0 
78427.2  78124.0 
78427.2  78125.0 
78427.2  78126.0 
78427.2  78127.0 
78427.2  78128.0 
78427.2  78129.0 
78427.2  78130.0 
78427.2  78131.0 
78427.2  78132.0 
78427.2  78133.0 
78427.2  78134.0 
78427.2  78135.0 
78427.2  78136.0 
78427.2  78137.0 
78427.2  78138.0 
78427.2  78139.0 
78427.2  78140.0 
78427.2  78141.0 
78427.2  78142.0 
78427.2  78143.0 
78427.2  78144.0 
78427.2  78145.0 
78427.2  78146.0 
78427.2  78147.0 
78427.2  78148.0 
78427.2  78149.0 
78427.2  78150.0 
78427.2  78151.0 
78427.2  78152.0 
78427.2  78153.0 
78427.2  78154.0 
78427.2  78155.0 
78427.2  78156.0 
78427.2  78157.0 
78427.2  78158.0 
78427.2  78159.0 
78427.2  78160.0 
78427.2  78161.0 
78427.2  78162.0 
78427.2  78163.0 
78427.2  78164.0 
78427.2  78165.0 
78427.2  78166.0 
78427.2  78167.0 
78427.2  78168.0 
78427.2  78169.0 
78427.2  78170.0 
78427.2  78171.0 
78427.2  78172.0 
78427.2  78173.0 
78427.2  78174.0 
78427.2  78175.0 
78427.2  78176.0 
78427.2  78177.0 
78427.2  78178.0 
78427.2  78179.0 
78427.3  78180.0 
78427.3  78181.0 
78427.3  78182.0 
78427.3  78183.0 
78427.3  78184.0 
78427.3  78185.0 
78427.3  78186.0 
78427.3  78187.0 
78427.3  78188.0 
78427.3  78189.0 
78427.3  78190.0 
78427.3  78191.0 
78427.3  78192.0 
78427.3  78193.0 
78427.3  78194.0 
78427.3  78195.0 
78427.3  78196.0 
78427.3  78197.0 
78427.3  78198.0 
78427.3  78199.0 
78427.3  78200.0 
78427.3  78201.0 
78427.3  78202.0 
78427.3  78203.0 
78427.3  78204.0 
78427.3  78205.0 
78427.3  78206.0 
78427.3  78207.0 
78427.3  78208.0 
78427.3  78209.0 
78427.3  78210.0 
78427.3  78211.0 
78427.3  78212.0 
78427.3  78213.0 
78427.3  78214.0 
78427.3  78215.0 
78427.3  78216.0 
78427.3  78217.0 
78427.3  78218.0 
78427.3  78219.0 
78427.3  78220.0 
78427.3  78221.0 
78427.3  78222.0 
78427.3  78223.0 
78427.3  78224.0 
78427.3  78225.0 
78427.3  78226.0 
78427.3  78227.0 
78427.3  78465.0 
78427.3  78229.0 
78427.3  78230.0 
78427.3  78231.0 
78427.3  78232.0 
78427.3  78233.0 
78427.3  78234.0 
78427.3  78235.0 
78427.3  78236.0 
78427.3  78237.0 
78427.3  78238.0 
78427.3  78239.0 
78427.3  78240.0 
78427.3  78241.0 
78427.3  78242.0 
78427.3  78243.0 
78427.3  78244.0 
78427.3  78245.0 
78427.3  78246.0 
78427.3  78247.0 
78427.3  78248.0 
78427.3  78249.0 
78427.3  78250.0 
78427.3  78251.0 
78427.3  78252.0 
78427.3  78253.0 
78427.3  78254.0 
78427.3  78255.0 
78427.3  78256.0 
78427.3  78257.0 
78427.3  78258.0 
78427.4  78259.0 
78427.4  78260.0 
78427.4  78261.0 
78427.4  78262.0 
78427.4  78263.0 
78427.4  78264.0 
78427.4  78265.0 
78427.4  78266.0 
78427.4  78267.0 
78427.4  78268.0 
78427.4  78269.0 
78427.4  78270.0 
78427.4  78271.0 
78427.4  78272.0 
78427.4  78273.0 
78427.4  78274.0 
78427.4  78275.0 
78427.4  78276.0 
78427.4  78277.0 
78427.4  78278.0 
78427.4  78279.0 
78427.4  78280.0 
78427.4  78281.0 
78427.4  78282.0 
78427.4  78283.0 
78427.4  78284.0 
78427.4  78285.0 
78427.4  78286.0 
78427.4  78287.0 
78427.4  78288.0 
78427.4  78289.0 
78427.4  78290.0 
78427.4  78291.0 
78427.4  78292.0 
78427.4  78293.0 
78427.4  78294.0 
78427.4  78295.0 
78427.4  78296.0 
78427.4  78297.0 
78427.5  78298.0 
78427.5  78299.0 
78427.5  78300.0 
78427.5  78301.0 
78427.5  78302.0 
78427.5  78303.0 
78427.5  78304.0 
78427.5  78305.0 
78427.5  78306.0 
78427.5  78307.0 
78427.5  78308.0 
78427.5  78309.0 
78427.5  78310.0 
78427.5  78311.0 
78427.5  78312.0 
78427.5  78313.0 
78427.5  78314.0 
78427.5  78315.0 
78427.5  78316.0 
78427.5  78317.0 
78427.5  78318.0 
78427.5  78319.0 
78427.5  78320.0 
78427.5  78321.0 
78427.5  78322.0 
78427.5  78323.0 
78427.5  78324.0 
78427.5  78325.0 
78427.5  78326.0 
78427.5  78327.0 
78427.5  78328.0 
78427.5  78329.0 
78427.5  78330.0 
78427.5  78331.0 
78427.5  78332.0 
78427.5  78333.0 
78427.5  78334.0 
78427.5  78335.0 
78427.5  78336.0 
78427.5  78337.0 
78427.5  78338.0 
78427.5  78339.0 
78427.5  78340.0 
78427.5  78341.0 
78427.5  78342.0 
78427.5  78343.0 
78427.5  78344.0 
78427.5  78345.0 
78427.6  78346.0 
78427.6  78347.0 
78427.6  78348.0 
78427.6  78349.0 
78427.6  78350.0 
78427.6  78351.0 
78427.6  78352.0 
78427.6  78353.0 
78427.6  78354.0 
78427.6  78355.0 
78427.6  78356.0 
78427.6  78357.0 
78427.6  78358.0 
78427.6  78359.0 
78427.6  78360.0 
78427.6  78361.0 
78427.6  78362.0 
78427.6  78363.0 
78427.6  78364.0 
78427.6  78365.0 
78427.6  78366.0 
78427.6  78367.0 
78427.6  78368.0 
78427.6  78369.0 
78427.6  78370.0 
78427.6  78371.0 
78427.6  78372.0 
78427.7  78373.0 
78427.7  78374.0 
78427.7  78375.0 
78427.7  78376.0 
78427.7  78377.0 
78427.7  78378.0 
78427.7  78379.0 
78427.7  78380.0 
78427.7  78381.0 
78427.7  78382.0 
78427.7  78383.0 
78427.7  78384.0 
78427.7  78466.0 
78427.7  78467.0 
78427.7  78468.0 
78427.7  78469.0 
78427.7  78470.0 
78427.7  78471.0 
78427.7  78472.0 
78427.7  78473.0 
78427.7  78474.0 
78427.7  78475.0 
78427.7  78476.0 
78427.7  78477.0 
78427.7  78478.0 
78427.7  78479.0 
78427.7  78480.0 
78427.7  78481.0 
78427.7  78482.0 
78427.7  78483.0 
78427.7  78484.0 
78427.7  78485.0 
78427.7  78486.0 
78427.7  78487.0 
78427.7  78488.0 
78427.7  78489.0 
78427.7  78490.0 
78427.7  78491.0 
78427.7  78492.0 
78427.7  78493.0 
78427.7  78494.0 
78428.1  77951.0 
78428.1  77398.0 
78428.1  77401.0 
78428.1  77407.0 
78429.1  77950.0 
78429.1  77398.0 
78429.1  77401.0 
78429.1  77407.0 
78430.1  77980.0 
78430.1  77398.0 
78430.1  77401.0 
78430.1  77407.0 
78431.1  77980.0 
78431.1  77398.0 
78431.1  77401.0 
78431.1  77407.0 
78432.1  77980.0 
78432.1  77398.0 
78432.1  77401.0 
78432.1  77407.0 
78434.1  77930.0 
78434.1  77438.0 
78434.1  77931.0 
78434.1  77932.0 
78434.1  77441.0 
78434.1  77933.0 
78434.1  77439.0 
78434.1  77934.0 
78434.1  77442.0 
78434.1  77444.0 
78434.1  78496.0 
78434.1  77447.0 
78434.1  78497.1 
78435.1  77938.0 
78435.1  77438.0 
78435.1  77931.0 
78435.1  77932.0 
78435.1  77439.0 
78435.1  77441.0 
78435.1  77933.0 
78435.1  77442.0 
78435.1  77934.0 
78435.1  77444.0 
78435.1  78499.0 
78435.1  77447.0 
78435.1  78008.1 
78436.1  77938.0 
78436.1  77438.0 
78436.1  77931.0 
78436.1  77932.0 
78436.1  77439.0 
78436.1  77441.0 
78436.1  77933.0 
78436.1  77442.0 
78436.1  77934.0 
78436.1  77444.0 
78436.1  78500.0 
78436.1  77447.0 
78437.1  78501.0 
78438.1  78502.1 
78439.1  78503.1 
78440.1  78504.1 
78441.1  78022.0 
78441.1  77398.0 
78441.1  78023.0 
78441.1  77402.0 
78441.1  77401.0 
78441.1  78024.0 
78441.1  77407.0 
78441.1  78505.0 
78441.1  78026.0 
78441.1  77412.0 
78441.1  78027.0 
78441.1  78028.0 
78441.1  78029.0 
78441.1  77413.0 
78441.1  78030.0 
78441.1  78031.0 
78441.1  78032.0 
78441.1  78033.0 
78441.1  78034.0 
78441.1  78035.0 
78441.1  78036.0 
78441.1  78037.0 
78441.1  78038.0 
78441.1  78039.0 
78441.1  78040.0 
78441.1  78041.0 
78441.1  78042.0 
78441.1  78043.0 
78441.1  78044.0 
78441.1  78045.0 
78441.1  78046.0 
78441.1  78047.0 
78441.1  78048.0 
78441.1  78049.0 
78441.1  78050.0 
78441.1  78051.0 
78441.1  78052.0 
78441.1  78053.0 
78441.1  78054.0 
78441.1  78055.0 
78441.1  78056.0 
78441.1  78057.0 
78441.1  78058.0 
78441.1  78059.0 
78441.1  78060.0 
78441.1  78061.0 
78441.1  78062.0 
78441.1  78063.0 
78441.1  78064.0 
78441.1  78065.0 
78441.1  78066.0 
78441.1  78067.0 
78441.1  78068.0 
78441.1  78069.0 
78441.1  78070.0 
78441.1  78071.0 
78441.1  78072.0 
78441.1  78073.0 
78441.1  78074.0 
78441.1  78075.0 
78441.1  78076.0 
78441.1  78077.0 
78441.1  78078.0 
78441.1  78079.0 
78441.1  78080.0 
78441.1  78081.0 
78441.1  78082.0 
78441.1  78083.0 
78441.1  78084.0 
78441.1  78085.0 
78441.1  78086.0 
78441.1  78087.0 
78441.1  78088.0 
78441.1  78089.0 
78441.1  78090.0 
78441.1  78091.0 
78441.1  78092.0 
78441.1  78093.0 
78441.1  78094.0 
78441.1  78095.0 
78441.1  78096.0 
78441.1  78097.0 
78441.1  78098.0 
78441.1  78099.0 
78441.1  78100.0 
78441.1  78101.0 
78441.2  78102.0 
78441.2  78103.0 
78441.2  78104.0 
78441.2  78105.0 
78441.2  78106.0 
78441.2  78107.0 
78441.2  78108.0 
78441.2  78109.0 
78441.2  78110.0 
78441.2  78111.0 
78441.2  78112.0 
78441.2  78113.0 
78441.2  78114.0 
78441.2  78115.0 
78441.2  78116.0 
78441.2  78117.0 
78441.2  78118.0 
78441.2  78119.0 
78441.2  78120.0 
78441.2  78121.0 
78441.2  78122.0 
78441.2  78123.0 
78441.2  78124.0 
78441.2  78125.0 
78441.2  78126.0 
78441.2  78127.0 
78441.2  78128.0 
78441.2  78129.0 
78441.2  78130.0 
78441.2  78131.0 
78441.2  78132.0 
78441.2  78133.0 
78441.2  78134.0 
78441.2  78135.0 
78441.2  78136.0 
78441.2  78137.0 
78441.2  78138.0 
78441.2  78139.0 
78441.2  78140.0 
78441.2  78141.0 
78441.2  78142.0 
78441.2  78143.0 
78441.2  78144.0 
78441.2  78145.0 
78441.2  78146.0 
78441.2  78147.0 
78441.2  78148.0 
78441.2  78149.0 
78441.2  78150.0 
78441.2  78151.0 
78441.2  78152.0 
78441.2  78153.0 
78441.2  78154.0 
78441.2  78155.0 
78441.2  78156.0 
78441.2  78157.0 
78441.2  78158.0 
78441.2  78159.0 
78441.2  78160.0 
78441.2  78161.0 
78441.2  78162.0 
78441.2  78163.0 
78441.2  78164.0 
78441.2  78165.0 
78441.2  78166.0 
78441.2  78167.0 
78441.2  78168.0 
78441.2  78169.0 
78441.2  78170.0 
78441.2  78171.0 
78441.2  78172.0 
78441.2  78173.0 
78441.2  78174.0 
78441.2  78175.0 
78441.2  78176.0 
78441.2  78177.0 
78441.2  78178.0 
78441.2  78179.0 
78441.3  78180.0 
78441.3  78181.0 
78441.3  78182.0 
78441.3  78183.0 
78441.3  78184.0 
78441.3  78185.0 
78441.3  78186.0 
78441.3  78187.0 
78441.3  78188.0 
78441.3  78189.0 
78441.3  78190.0 
78441.3  78191.0 
78441.3  78192.0 
78441.3  78193.0 
78441.3  78194.0 
78441.3  78195.0 
78441.3  78196.0 
78441.3  78197.0 
78441.3  78198.0 
78441.3  78199.0 
78441.3  78200.0 
78441.3  78201.0 
78441.3  78202.0 
78441.3  78203.0 
78441.3  78204.0 
78441.3  78205.0 
78441.3  78206.0 
78441.3  78207.0 
78441.3  78208.0 
78441.3  78209.0 
78441.3  78210.0 
78441.3  78211.0 
78441.3  78212.0 
78441.3  78213.0 
78441.3  78214.0 
78441.3  78215.0 
78441.3  78216.0 
78441.3  78217.0 
78441.3  78218.0 
78441.3  78219.0 
78441.3  78220.0 
78441.3  78221.0 
78441.3  78222.0 
78441.3  78223.0 
78441.3  78224.0 
78441.3  78225.0 
78441.3  78226.0 
78441.3  78227.0 
78441.3  78506.0 
78441.3  78229.0 
78441.3  78230.0 
78441.3  78231.0 
78441.3  78232.0 
78441.3  78233.0 
78441.3  78234.0 
78441.3  78235.0 
78441.3  78236.0 
78441.3  78237.0 
78441.3  78238.0 
78441.3  78239.0 
78441.3  78240.0 
78441.3  78241.0 
78441.3  78242.0 
78441.3  78243.0 
78441.3  78244.0 
78441.3  78245.0 
78441.3  78246.0 
78441.3  78247.0 
78441.3  78248.0 
78441.3  78249.0 
78441.3  78250.0 
78441.3  78251.0 
78441.3  78252.0 
78441.3  78253.0 
78441.3  78254.0 
78441.3  78255.0 
78441.3  78256.0 
78441.3  78257.0 
78441.3  78258.0 
78441.4  78259.0 
78441.4  78260.0 
78441.4  78261.0 
78441.4  78262.0 
78441.4  78263.0 
78441.4  78264.0 
78441.4  78265.0 
78441.4  78266.0 
78441.4  78267.0 
78441.4  78268.0 
78441.4  78269.0 
78441.4  78270.0 
78441.4  78271.0 
78441.4  78272.0 
78441.4  78273.0 
78441.4  78274.0 
78441.4  78275.0 
78441.4  78276.0 
78441.4  78277.0 
78441.4  78278.0 
78441.4  78279.0 
78441.4  78280.0 
78441.4  78281.0 
78441.4  78282.0 
78441.4  78283.0 
78441.4  78284.0 
78441.4  78285.0 
78441.4  78286.0 
78441.4  78287.0 
78441.4  78288.0 
78441.4  78289.0 
78441.4  78290.0 
78441.4  78291.0 
78441.4  78292.0 
78441.4  78293.0 
78441.4  78294.0 
78441.4  78295.0 
78441.4  78296.0 
78441.4  78297.0 
78441.5  78298.0 
78441.5  78299.0 
78441.5  78300.0 
78441.5  78301.0 
78441.5  78302.0 
78441.5  78303.0 
78441.5  78304.0 
78441.5  78305.0 
78441.5  78306.0 
78441.5  78307.0 
78441.5  78308.0 
78441.5  78309.0 
78441.5  78310.0 
78441.5  78311.0 
78441.5  78312.0 
78441.5  78313.0 
78441.5  78314.0 
78441.5  78315.0 
78441.5  78316.0 
78441.5  78317.0 
78441.5  78318.0 
78441.5  78319.0 
78441.5  78320.0 
78441.5  78321.0 
78441.5  78322.0 
78441.5  78323.0 
78441.5  78324.0 
78441.5  78325.0 
78441.5  78326.0 
78441.5  78327.0 
78441.5  78328.0 
78441.5  78329.0 
78441.5  78330.0 
78441.5  78331.0 
78441.5  78332.0 
78441.5  78333.0 
78441.5  78334.0 
78441.5  78335.0 
78441.5  78336.0 
78441.5  78337.0 
78441.5  78338.0 
78441.5  78339.0 
78441.5  78340.0 
78441.5  78341.0 
78441.5  78342.0 
78441.5  78343.0 
78441.5  78344.0 
78441.5  78345.0 
78441.6  78346.0 
78441.6  78347.0 
78441.6  78348.0 
78441.6  78349.0 
78441.6  78350.0 
78441.6  78351.0 
78441.6  78352.0 
78441.6  78353.0 
78441.6  78354.0 
78441.6  78355.0 
78441.6  78356.0 
78441.6  78357.0 
78441.6  78358.0 
78441.6  78359.0 
78441.6  78360.0 
78441.6  78361.0 
78441.6  78362.0 
78441.6  78363.0 
78441.6  78364.0 
78441.6  78365.0 
78441.6  78366.0 
78441.6  78367.0 
78441.6  78368.0 
78441.6  78369.0 
78441.6  78370.0 
78441.6  78371.0 
78441.6  78372.0 
78441.7  78373.0 
78441.7  78374.0 
78441.7  78375.0 
78441.7  78376.0 
78441.7  78377.0 
78441.7  78378.0 
78441.7  78379.0 
78441.7  78380.0 
78441.7  78381.0 
78441.7  78382.0 
78441.7  78383.0 
78441.7  78384.0 
78441.7  78507.0 
78441.7  78508.0 
78441.7  78509.0 
78441.7  78510.0 
78441.7  78511.0 
78441.7  78512.0 
78441.7  78513.0 
78441.7  78514.0 
78441.7  78515.0 
78441.7  78516.0 
78441.7  78517.0 
78441.7  78518.0 
78441.7  78519.0 
78441.7  78520.0 
78441.7  78521.0 
78441.7  78522.0 
78441.7  78523.0 
78441.7  78524.0 
78441.7  78525.0 
78441.7  78526.0 
78441.7  78527.0 
78441.7  78528.0 
78441.7  78529.0 
78441.7  78530.0 
78441.7  78531.0 
78441.7  78532.0 
78441.7  78533.0 
78441.7  78534.0 
78441.7  78535.0 
78442.1  77930.0 
78442.1  77418.0 
78442.1  77931.0 
78442.1  77932.0 
78442.1  77421.0 
78442.1  77933.0 
78442.1  77419.0 
78442.1  77934.0 
78442.1  77422.0 
78442.1  77424.0 
78442.1  78536.0 
78442.1  77427.0 
78442.1  77912.3 
78443.0  77364.0 
78444.1  78537.1 
78445.1  78538.1 
78446.1  78539.1 
78447.1  78540.0 
78447.1  77418.0 
78447.1  77421.0 
78447.1  77912.3 
78449.0  77370.0 
78450.1  78541.0 
78452.1  78542.0 
78454.1  78543.0 
78455.1  78443.0 
78455.1  77398.0 
78455.1  77411.0 
78455.1  77402.0 
78455.1  77401.0 
78455.1  77407.0 
78455.1  77412.0 
78455.1  77413.0 
78455.1  77503.0 
78455.1  77504.0 
78455.1  77505.0 
78455.1  78545.1 
78455.1  78546.1 
78455.1  77498.0 
78455.1  77510.0 
78455.1  78547.1 
78457.1  78548.1 
78461.1  78449.0 
78461.1  77438.0 
78461.1  77441.0 
78461.1  77447.0 
78461.1  77453.0 
78461.1  78550.1 
78462.1  78449.0 
78462.1  77438.0 
78462.1  77441.0 
78462.1  77447.0 
78462.1  77453.0 
78462.1  78552.1 
78463.1  78449.0 
78463.1  77438.0 
78463.1  77441.0 
78463.1  77447.0 
78463.1  77453.0 
78463.1  78554.1 
78495.1  77364.0 
78495.1  76454.0 
78495.1  76467.0 
78495.1  76458.0 
78495.1  76457.0 
78495.1  76463.0 
78495.1  76468.0 
78495.1  76469.0 
78495.1  76519.0 
78495.1  76520.0 
78495.1  76521.0 
78495.1  78556.1 
78495.1  78557.1 
78495.1  76514.0 
78495.1  76526.0 
78495.1  78558.1 
78497.1  78559.1 
78498.1  76465.1 
78502.1  78449.0 
78502.1  77438.0 
78502.1  77441.0 
78502.1  77447.0 
78502.1  77453.0 
78502.1  78561.1 
78503.1  78449.0 
78503.1  77438.0 
78503.1  77441.0 
78503.1  77447.0 
78503.1  77453.0 
78503.1  78563.1 
78504.1  78449.0 
78504.1  77438.0 
78504.1  77441.0 
78504.1  77447.0 
78504.1  77453.0 
78504.1  78565.1 
78537.1  78449.0 
78537.1  77418.0 
78537.1  77421.0 
78537.1  77427.0 
78537.1  77433.0 
78537.1  78567.1 
78538.1  78568.0 
78538.1  77418.0 
78538.1  77421.0 
78538.1  77427.0 
78538.1  78569.40 
78539.1  78568.0 
78539.1  77418.0 
78539.1  77421.0 
78539.1  77427.0 
78539.1  78570.40 
78540.0  77380.0 
78544.1  77930.0 
78544.1  77398.0 
78544.1  77931.0 
78544.1  77932.0 
78544.1  77401.0 
78544.1  77933.0 
78544.1  77399.0 
78544.1  77934.0 
78544.1  77402.0 
78544.1  77404.0 
78544.1  78571.0 
78544.1  77407.0 
78544.1  77925.3 
78545.1  78572.1 
78546.1  78573.1 
78547.1  78574.1 
78548.1  78540.0 
78548.1  77398.0 
78548.1  77401.0 
78548.1  77925.3 
78550.1  78575.0 
78552.1  78576.0 
78554.1  78577.0 
78555.1  76926.0 
78555.1  76454.0 
78555.1  76927.0 
78555.1  76928.0 
78555.1  76457.0 
78555.1  76929.0 
78555.1  76455.0 
78555.1  76930.0 
78555.1  76458.0 
78555.1  76460.0 
78555.1  78578.0 
78555.1  76463.0 
78555.1  76868.3 
78556.1  78579.1 
78557.1  78580.1 
78558.1  78581.1 
78559.1  77380.0 
78559.1  76454.0 
78559.1  76457.0 
78559.1  78582.3 
78561.1  78583.0 
78563.1  78584.0 
78565.1  78585.0 
78567.1  78586.0 
78568.0  77387.0 
78569.38  77388.38 
78569.39  78009.1 
78569.40  77993.1 
78569.41  77937.1 
78570.38  77389.38 
78570.39  78009.2 
78570.40  77993.2 
78570.41  77937.2 
78572.1  78449.0 
78572.1  77398.0 
78572.1  77401.0 
78572.1  77407.0 
78572.1  77413.0 
78572.1  78588.1 
78573.1  78568.0 
78573.1  77398.0 
78573.1  77401.0 
78573.1  77407.0 
78573.1  78569.39 
78574.1  78568.0 
78574.1  77398.0 
78574.1  77401.0 
78574.1  77407.0 
78574.1  78570.39 
78579.1  77370.0 
78579.1  76454.0 
78579.1  76457.0 
78579.1  76463.0 
78579.1  76469.0 
78579.1  78590.1 
78580.1  77387.0 
78580.1  76454.0 
78580.1  76457.0 
78580.1  76463.0 
78580.1  77388.38 
78581.1  77387.0 
78581.1  76454.0 
78581.1  76457.0 
78581.1  76463.0 
78581.1  77389.38 
78582.3  76868.3 
78588.1  78591.0 
78590.1  78592.0 
77455.11  78595.0 
78595.0  76449.0 
77435.0  77436.0 
77436.0  77449.0 
77455.0  77456.0 
77456.0  77884.0 
77884.0  77896.0 
77889.0  77906.0 
77891.0  77919.0 
77892.0  77449.0 
77893.0  77937.0 
77894.0  77937.0 
77895.0  77941.0 
77896.0  77449.0 
77903.0  77456.0 
77904.0  77456.0 
77905.0  77952.0 
77906.0  77954.0 
77919.0  77962.0 
77937.0  77972.0 
77941.0  77455.0 
77945.0  77884.0 
77946.0  77884.0 
77947.0  77884.0 
77948.0  77884.0 
77949.0  77884.0 
77952.0  77456.0 
77954.0  77981.0 
77958.0  77990.0 
77959.0  77993.0 
77960.0  77993.0 
77961.0  77995.0 
77962.0  77997.0 
77966.0  78006.0 
77967.0  78009.0 
77968.0  78009.0 
77969.0  78011.0 
77970.0  78013.0 
77971.0  77990.0 
77972.0  77449.0 
77979.0  77941.0 
77981.0  77990.0 
77987.0  77906.0 
77988.0  77906.0 
77989.0  78419.0 
77993.0  78422.0 
77995.0  77889.0 
77997.0  78006.0 
78003.0  77919.0 
78004.0  77919.0 
78005.0  78433.0 
78009.0  78436.0 
78011.0  77891.0 
78013.0  78442.0 
78018.0  77937.0 
78019.0  78448.0 
78020.0  78451.0 
78021.0  78453.0 
78414.0  77954.0 
78415.0  77954.0 
78416.0  77954.0 
78417.0  77954.0 
78418.0  77954.0 
78419.0  77906.0 
78420.0  78455.0 
78421.0  78006.0 
78422.0  77990.0 
78427.0  77995.0 
78428.0  77962.0 
78429.0  77962.0 
78430.0  77962.0 
78431.0  77962.0 
78432.0  77962.0 
78433.0  77919.0 
78434.0  78495.0 
78435.0  78498.0 
78436.0  78006.0 
78441.0  78011.0 
78442.0  77990.0 
78447.0  78013.0 
78448.0  77937.0 
78451.0  77937.0 
78453.0  77937.0 
78455.0  78544.0 
78460.0  77993.0 
78461.0  78549.0 
78462.0  78551.0 
78463.0  78553.0 
78495.0  78555.0 
78501.0  78009.0 
78502.0  78560.0 
78503.0  78562.0 
78504.0  78564.0 
78537.0  78566.0 
78538.0  78013.0 
78539.0  78013.0 
78541.0  78448.0 
78542.0  78451.0 
78543.0  78453.0 
78544.0  78006.0 
78548.0  78455.0 
78549.0  77993.0 
78551.0  77993.0 
78553.0  77993.0 
78555.0  78498.0 
78559.0  78495.0 
78560.0  78009.0 
78562.0  78009.0 
78564.0  78009.0 
78566.0  78013.0 
78572.0  78587.0 
78573.0  78455.0 
78574.0  78455.0 
78575.0  78549.0 
78576.0  78551.0 
78577.0  78553.0 
78579.0  78589.0 
78580.0  78495.0 
78581.0  78495.0 
78583.0  78560.0 
78584.0  78562.0 
78585.0  78564.0 
78586.0  78566.0 
78587.0  78455.0 
78589.0  78495.0 
78591.0  78587.0 
78592.0  78589.0 
77454.1  77455.10 
78593.1  77455.10 
78594.1  77455.11 
