3537.1  3539.0 
3537.1  3540.0 
3537.1  3541.0 
3537.1  3542.0 
3537.1  3543.0 
3537.1  3544.0 
3537.1  3545.0 
3537.1  3546.0 
3537.1  3547.0 
3537.1  3548.0 
3537.1  3549.0 
3537.1  3550.0 
3537.1  3551.0 
3537.1  3552.0 
3537.1  3553.0 
3537.1  3554.0 
3537.1  3555.0 
3537.1  3556.0 
3537.1  3557.0 
3537.1  3558.0 
3537.1  3559.0 
3537.1  3560.0 
3537.1  3561.0 
3537.1  3562.0 
3537.1  3563.0 
3537.1  3564.0 
3537.1  3565.0 
3537.1  3566.0 
3537.1  3567.0 
3537.1  3568.0 
3537.1  3569.0 
3537.1  3570.0 
3537.1  3571.0 
3537.1  3572.0 
3537.1  3573.0 
3537.1  3574.0 
3537.1  3575.0 
3537.1  3576.0 
3537.1  3577.0 
3537.1  3578.0 
3537.1  3579.0 
3537.1  3580.0 
3537.1  3581.0 
3537.1  3582.0 
3537.1  3583.0 
3537.1  3584.0 
3537.1  3585.0 
3537.1  3586.0 
3537.1  3587.0 
3537.1  3588.0 
3537.1  3589.0 
3537.1  3590.0 
3537.1  3591.0 
3537.1  3592.0 
3537.1  3593.0 
3537.1  3594.0 
3537.1  3595.0 
3537.1  3596.0 
3537.1  3597.0 
3537.1  3598.0 
3537.1  3599.0 
3537.1  3600.0 
3537.1  3601.0 
3537.1  3602.0 
3537.1  3603.0 
3537.1  3604.0 
3537.1  3605.0 
3537.1  3606.0 
3537.1  3607.0 
3537.1  3608.0 
3537.1  3609.0 
3537.1  3610.0 
3537.1  3611.0 
3537.1  3612.0 
3537.1  3613.0 
3537.1  3614.0 
3537.1  3615.0 
3537.1  3616.0 
3537.1  3617.0 
3537.1  3618.0 
3537.1  3619.0 
3537.1  3620.0 
3537.1  3621.0 
3537.1  3622.0 
3537.1  3623.0 
3537.1  3624.0 
3537.1  3625.0 
3537.1  3626.0 
3537.1  3627.0 
3537.1  3628.0 
3537.1  3629.0 
3537.1  3630.0 
3537.1  3631.0 
3537.1  3632.0 
3537.1  3633.0 
3537.1  3634.0 
3537.1  3635.0 
3537.1  3636.0 
3537.1  3637.0 
3537.1  3638.0 
3537.1  3639.0 
3537.1  3640.0 
3537.1  3641.0 
3537.1  3642.0 
3537.1  3643.0 
3537.1  3644.0 
3537.1  3645.0 
3537.1  3646.0 
3537.1  3647.0 
3537.1  3648.0 
3537.1  3649.0 
3537.1  3650.0 
3537.1  3651.0 
3537.1  3652.0 
3537.1  3653.0 
3537.1  3654.0 
3537.1  3655.0 
3537.1  3656.0 
3537.1  3657.0 
3537.1  3658.0 
3537.1  3659.0 
3537.1  3660.0 
3537.1  3661.0 
3537.1  3662.0 
3537.1  3663.0 
3537.1  3664.0 
3537.1  3665.0 
3537.1  3666.0 
3537.1  3667.0 
3537.1  3668.0 
3537.1  3669.0 
3537.1  3670.0 
3537.1  3671.0 
3537.1  3672.0 
3537.1  3673.0 
3537.1  3674.0 
3537.1  3675.0 
3537.1  3676.0 
3537.1  3677.0 
3537.1  3678.0 
3537.1  3679.0 
3537.1  3680.0 
3537.1  3681.0 
3537.1  3682.0 
3537.1  3683.0 
3537.1  3684.0 
3537.1  3685.0 
3537.1  3686.0 
3537.1  3687.0 
3537.1  3688.0 
3537.1  3689.0 
3537.1  3690.0 
3537.1  3691.0 
3537.1  3692.0 
3537.1  3693.0 
3537.1  3694.0 
3537.1  3695.0 
3537.1  3696.0 
3537.1  3697.0 
3537.1  3698.0 
3537.1  3699.0 
3537.1  3700.0 
3537.1  3701.0 
3537.1  3702.0 
3537.1  3703.0 
3537.1  3704.0 
3537.1  3705.0 
3537.1  3706.0 
3537.1  3707.0 
3537.1  3708.1 
3537.1  3709.0 
3537.1  3710.0 
3537.1  3711.0 
3537.1  3712.0 
3537.1  3713.0 
3537.1  3714.0 
3537.2  3715.0 
3537.2  3716.0 
3537.2  3717.0 
3537.2  3718.0 
3537.2  3719.0 
3537.2  3720.0 
3537.2  3721.0 
3537.2  3722.0 
3537.2  3723.0 
3537.2  3724.0 
3537.2  3725.0 
3537.2  3726.0 
3537.2  3727.0 
3537.2  3728.0 
3537.2  3729.0 
3537.2  3730.0 
3537.2  3731.0 
3537.2  3732.0 
3537.2  3733.0 
3537.2  3734.0 
3537.2  3735.0 
3537.2  3736.0 
3537.2  3737.0 
3537.2  3738.0 
3537.2  3739.0 
3537.2  3740.0 
3537.2  3741.0 
3537.2  3742.0 
3537.2  3743.0 
3537.2  3744.0 
3537.2  3745.0 
3537.2  3746.0 
3537.2  3747.0 
3537.2  3748.0 
3537.2  3749.0 
3537.2  3750.0 
3537.2  3751.0 
3537.2  3752.0 
3537.2  3753.0 
3537.2  3754.0 
3537.2  3755.0 
3537.2  3756.0 
3537.2  3757.0 
3537.2  3758.0 
3537.2  3759.0 
3537.2  3760.0 
3537.2  3761.0 
3537.2  3762.0 
3537.2  3763.0 
3537.2  3764.0 
3537.2  3765.0 
3537.2  3766.0 
3537.2  3767.0 
3537.2  3768.0 
3537.2  3769.0 
3537.2  3770.0 
3537.2  3771.0 
3537.2  3772.0 
3537.2  3773.0 
3537.2  3774.0 
3537.2  3775.0 
3537.2  3776.0 
3537.2  3777.0 
3537.2  3778.0 
3537.2  3779.0 
3537.2  3780.0 
3537.2  3781.0 
3537.2  3782.0 
3537.2  3783.0 
3537.2  3784.0 
3537.2  3785.0 
3537.2  3786.0 
3537.2  3787.0 
3537.2  3788.0 
3537.2  3789.0 
3537.2  3790.0 
3537.2  3791.0 
3537.2  3792.0 
3537.2  3793.0 
3537.2  3794.0 
3537.2  3795.0 
3537.2  3796.0 
3537.2  3797.0 
3537.2  3798.0 
3537.2  3799.0 
3537.2  3800.0 
3537.2  3801.0 
3537.2  3802.0 
3537.2  3803.0 
3537.2  3804.0 
3537.2  3805.0 
3537.2  3806.0 
3537.2  3807.0 
3537.2  3808.0 
3537.2  3809.0 
3537.2  3810.0 
3537.2  3811.0 
3537.2  3812.0 
3537.2  3813.0 
3537.2  3814.0 
3537.2  3815.0 
3537.2  3816.0 
3537.2  3817.0 
3537.2  3818.0 
3537.2  3819.0 
3537.2  3820.0 
3537.2  3821.0 
3537.2  3822.0 
3537.2  3823.0 
3537.2  3824.0 
3537.2  3825.0 
3537.2  3826.0 
3537.2  3827.0 
3537.2  3828.0 
3537.2  3829.0 
3537.2  3830.0 
3537.2  3831.0 
3537.2  3832.0 
3537.2  3833.0 
3537.2  3834.0 
3537.2  3835.0 
3537.2  3836.0 
3537.2  3837.0 
3537.2  3838.0 
3537.2  3839.0 
3537.2  3840.0 
3537.2  3841.0 
3537.2  3842.0 
3537.2  3843.0 
3537.2  3844.0 
3537.2  3845.0 
3537.2  3846.0 
3537.2  3847.0 
3537.2  3848.0 
3537.2  3849.0 
3537.2  3850.0 
3537.2  3851.0 
3537.2  3852.0 
3537.2  3853.0 
3537.2  3854.0 
3537.2  3855.0 
3537.2  3856.0 
3537.2  3857.0 
3537.2  3858.0 
3537.2  3859.0 
3537.2  3860.0 
3537.2  3861.0 
3537.2  3862.0 
3537.2  3863.0 
3537.2  3864.0 
3537.2  3865.0 
3537.2  3866.0 
3537.2  3867.0 
3537.2  3868.0 
3537.2  3869.0 
3537.2  3870.0 
3537.2  3871.0 
3537.2  3872.0 
3537.2  3873.0 
3537.2  3874.0 
3537.2  3875.1 
3537.2  3876.0 
3537.2  3877.0 
3537.2  3878.0 
3537.2  3879.0 
3537.2  3880.0 
3537.2  3881.0 
3537.2  3882.0 
3537.2  3883.0 
3537.2  3884.0 
3537.2  3885.0 
3537.2  3886.0 
3537.2  3887.0 
3537.2  3888.0 
3537.2  3889.0 
3537.2  3890.1 
3537.2  3891.1 
3537.2  3892.0 
3537.2  3893.0 
3537.2  3894.0 
3537.2  3895.0 
3537.2  3896.0 
3537.2  3897.0 
3537.2  3898.0 
3537.2  3899.0 
3537.2  3900.0 
3537.2  3901.0 
3537.2  3902.0 
3537.2  3903.0 
3537.2  3904.0 
3537.3  3905.0 
3537.3  3906.0 
3537.3  3907.0 
3537.3  3908.0 
3537.3  3909.0 
3537.3  3910.0 
3537.3  3911.0 
3537.3  3912.0 
3537.3  3913.2 
3537.3  3914.0 
3537.3  3915.0 
3537.3  3916.0 
3537.3  3917.0 
3537.3  3918.0 
3537.3  3919.0 
3537.4  3920.0 
3537.4  3921.0 
3537.4  3922.0 
3537.4  3923.0 
3537.4  21.1 
3537.5  3924.0 
3537.5  3925.0 
3537.5  3926.0 
3537.5  3927.0 
3537.5  3928.0 
3537.5  3929.1 
3537.5  3930.0 
3537.5  3931.2 
3537.5  3932.2 
3537.5  3933.0 
3537.5  3934.0 
3537.6  3935.0 
3537.6  3936.0 
3537.6  3937.0 
3537.6  3938.0 
3537.6  3939.0 
3537.6  3940.0 
3537.6  3941.0 
3537.6  3942.0 
3537.6  3943.0 
3537.6  3944.3 
3537.6  3945.0 
3537.6  3946.0 
3537.6  3947.0 
3537.6  3948.0 
3537.6  3949.0 
3537.6  3950.0 
3537.6  3951.0 
3537.6  3952.0 
3537.6  3953.1 
3537.6  3954.0 
3537.6  3955.0 
3537.7  3956.0 
3537.7  3957.0 
3537.7  3958.3 
3537.7  3959.0 
3537.7  3960.0 
3537.7  3961.1 
3537.7  3962.0 
3537.7  3963.0 
3537.7  3964.0 
3537.7  3965.0 
3537.7  3966.0 
3537.8  3967.0 
3537.8  3968.0 
3537.8  3969.0 
3537.8  3970.0 
3537.8  3971.0 
3537.9  3972.0 
3537.9  3973.0 
3537.9  3974.0 
3537.9  3913.5 
3537.10  3975.0 
3538.1  3977.0 
3538.1  3543.0 
3538.1  3978.0 
3538.1  3548.0 
3538.1  3564.0 
3538.1  3584.0 
3538.1  3704.0 
3538.1  3589.0 
3538.1  3979.1 
3538.1  3980.1 
3538.1  3981.1 
3539.0  404.0 
3540.0  405.0 
3541.0  406.0 
3542.0  407.0 
3543.0  408.0 
3544.0  409.0 
3545.0  410.0 
3546.0  411.0 
3547.0  412.0 
3548.0  413.0 
3549.0  414.0 
3550.0  415.0 
3551.0  416.0 
3552.0  417.0 
3553.0  418.0 
3554.0  419.0 
3555.0  420.0 
3556.0  421.0 
3557.0  422.0 
3558.0  423.0 
3559.0  424.0 
3560.0  425.0 
3561.0  426.0 
3562.0  427.0 
3563.0  428.0 
3564.0  429.0 
3565.0  430.0 
3566.0  431.0 
3567.0  432.0 
3568.0  433.0 
3569.0  434.0 
3570.0  435.0 
3571.0  436.0 
3572.0  437.0 
3573.0  438.0 
3574.0  439.0 
3575.0  440.0 
3576.0  441.0 
3577.0  442.0 
3578.0  443.0 
3579.0  444.0 
3580.0  445.0 
3581.0  446.0 
3582.0  447.0 
3583.0  448.0 
3584.0  449.0 
3585.0  450.0 
3586.0  451.0 
3587.0  452.0 
3588.0  453.0 
3589.0  454.0 
3590.0  455.0 
3591.0  456.0 
3592.0  457.0 
3593.0  458.0 
3594.0  459.0 
3595.0  460.0 
3596.0  461.0 
3597.0  462.0 
3598.0  463.0 
3599.0  464.0 
3600.0  465.0 
3601.0  466.0 
3602.0  467.0 
3603.0  468.0 
3604.0  469.0 
3605.0  470.0 
3606.0  471.0 
3607.0  472.0 
3608.0  473.0 
3609.0  474.0 
3610.0  475.0 
3611.0  476.0 
3612.0  477.0 
3613.0  478.0 
3614.0  479.0 
3615.0  480.0 
3616.0  481.0 
3617.0  482.0 
3618.0  483.0 
3619.0  484.0 
3620.0  485.0 
3621.0  486.0 
3622.0  487.0 
3623.0  488.0 
3624.0  489.0 
3625.0  490.0 
3626.0  491.0 
3627.0  492.0 
3628.0  493.0 
3629.0  494.0 
3630.0  495.0 
3631.0  496.0 
3632.0  497.0 
3633.0  498.0 
3634.0  499.0 
3635.0  500.0 
3636.0  501.0 
3637.0  502.0 
3638.0  503.0 
3639.0  504.0 
3640.0  505.0 
3641.0  506.0 
3642.0  507.0 
3643.0  508.0 
3644.0  509.0 
3645.0  510.0 
3646.0  511.0 
3647.0  512.0 
3648.0  513.0 
3649.0  514.0 
3650.0  515.0 
3651.0  516.0 
3652.0  517.0 
3653.0  518.0 
3654.0  519.0 
3655.0  520.0 
3656.0  521.0 
3657.0  522.0 
3658.0  523.0 
3659.0  524.0 
3660.0  525.0 
3661.0  526.0 
3662.0  527.0 
3663.0  528.0 
3664.0  529.0 
3665.0  530.0 
3666.0  531.0 
3667.0  532.0 
3668.0  533.0 
3669.0  534.0 
3670.0  535.0 
3671.0  536.0 
3672.0  537.0 
3673.0  538.0 
3674.0  539.0 
3675.0  540.0 
3676.0  541.0 
3677.0  542.0 
3678.0  543.0 
3679.0  544.0 
3680.0  545.0 
3681.0  546.0 
3682.0  547.0 
3683.0  548.0 
3684.0  549.0 
3685.0  550.0 
3686.0  551.0 
3687.0  552.0 
3688.0  553.0 
3689.0  554.0 
3690.0  555.0 
3691.0  556.0 
3692.0  557.0 
3693.0  558.0 
3694.0  559.0 
3695.0  560.0 
3696.0  561.0 
3697.0  562.0 
3698.0  563.0 
3699.0  564.0 
3700.0  565.0 
3701.0  566.0 
3702.0  567.0 
3703.0  568.0 
3704.0  569.0 
3705.0  570.0 
3706.0  571.0 
3707.0  572.0 
3708.1  3982.17 
3709.0  574.0 
3710.0  575.0 
3711.0  576.0 
3712.0  577.0 
3713.0  578.0 
3714.0  579.0 
3715.0  580.0 
3716.0  581.0 
3717.0  582.0 
3718.0  583.0 
3719.0  584.0 
3720.0  585.0 
3721.0  586.0 
3722.0  587.0 
3723.0  588.0 
3724.0  589.0 
3725.0  590.0 
3726.0  591.0 
3727.0  592.0 
3728.0  593.0 
3729.0  594.0 
3730.0  595.0 
3731.0  596.0 
3732.0  597.0 
3733.0  598.0 
3734.0  599.0 
3735.0  600.0 
3736.0  601.0 
3737.0  602.0 
3738.0  603.0 
3739.0  604.0 
3740.0  605.0 
3741.0  606.0 
3742.0  607.0 
3743.0  608.0 
3744.0  609.0 
3745.0  610.0 
3746.0  611.0 
3747.0  612.0 
3748.0  613.0 
3749.0  614.0 
3750.0  615.0 
3751.0  616.0 
3752.0  617.0 
3753.0  618.0 
3754.0  619.0 
3755.0  620.0 
3756.0  621.0 
3757.0  622.0 
3758.0  623.0 
3760.0  625.0 
3761.0  626.0 
3762.0  627.0 
3763.0  628.0 
3764.0  629.0 
3765.0  630.0 
3766.0  631.0 
3767.0  632.0 
3768.0  633.0 
3769.0  634.0 
3770.0  635.0 
3771.0  636.0 
3772.0  637.0 
3773.0  638.0 
3774.0  639.0 
3775.0  640.0 
3776.0  641.0 
3777.0  642.0 
3778.0  643.0 
3779.0  644.0 
3780.0  645.0 
3781.0  646.0 
3782.0  647.0 
3783.0  648.0 
3784.0  649.0 
3785.0  650.0 
3786.0  651.0 
3787.0  652.0 
3788.0  653.0 
3789.0  654.0 
3790.0  655.0 
3791.0  656.0 
3792.0  657.0 
3793.0  658.0 
3794.0  659.0 
3795.0  660.0 
3796.0  661.0 
3797.0  662.0 
3798.0  663.0 
3799.0  664.0 
3800.0  665.0 
3801.0  666.0 
3802.0  667.0 
3803.0  668.0 
3804.0  669.0 
3805.0  670.0 
3806.0  671.0 
3807.0  672.0 
3808.0  673.0 
3809.0  674.0 
3810.0  675.0 
3811.0  676.0 
3812.0  677.0 
3813.0  678.0 
3814.0  679.0 
3815.0  680.0 
3816.0  681.0 
3817.0  682.0 
3818.0  683.0 
3819.0  684.0 
3820.0  685.0 
3821.0  686.0 
3822.0  687.0 
3823.0  688.0 
3824.0  689.0 
3825.0  690.0 
3826.0  691.0 
3827.0  692.0 
3828.0  693.0 
3829.0  694.0 
3830.0  695.0 
3831.0  696.0 
3832.0  697.0 
3833.0  698.0 
3834.0  699.0 
3835.0  700.0 
3836.0  701.0 
3837.0  702.0 
3838.0  703.0 
3839.0  704.0 
3840.0  705.0 
3841.0  706.0 
3842.0  707.0 
3843.0  708.0 
3844.0  709.0 
3845.0  710.0 
3846.0  711.0 
3847.0  712.0 
3848.0  713.0 
3849.0  714.0 
3850.0  715.0 
3851.0  716.0 
3852.0  717.0 
3853.0  718.0 
3854.0  719.0 
3855.0  720.0 
3856.0  721.0 
3857.0  722.0 
3858.0  723.0 
3859.0  724.0 
3860.0  725.0 
3861.0  726.0 
3862.0  727.0 
3863.0  728.0 
3864.0  729.0 
3865.0  730.0 
3866.0  731.0 
3867.0  732.0 
3868.0  733.0 
3869.0  734.0 
3870.0  735.0 
3871.0  736.0 
3872.0  737.0 
3873.0  738.0 
3874.0  739.0 
3875.1  3982.15 
3876.0  741.0 
3877.0  742.0 
3878.0  743.0 
3879.0  744.0 
3880.0  745.0 
3881.0  746.0 
3882.0  747.0 
3883.0  748.0 
3884.0  749.0 
3885.0  750.0 
3886.0  751.0 
3887.0  752.0 
3888.0  753.0 
3889.0  754.0 
3890.1  3982.16 
3890.1  755.1 
3891.1  3982.16 
3891.1  756.1 
3892.0  757.0 
3893.0  758.0 
3894.0  759.0 
3895.0  760.0 
3896.0  761.0 
3897.0  762.0 
3898.0  763.0 
3899.0  764.0 
3900.0  765.0 
3901.0  766.0 
3902.0  767.0 
3903.0  768.0 
3904.0  769.0 
3905.0  770.0 
3906.0  771.0 
3907.0  772.0 
3908.0  773.0 
3909.0  774.0 
3910.0  775.0 
3911.0  776.0 
3912.0  777.0 
3913.1  3537.1 
3913.2  3537.2 
3913.3  3537.3 
3913.4  3537.4 
3913.5  3537.8 
3913.6  3537.9 
3914.0  779.0 
3915.0  780.0 
3916.0  781.0 
3917.0  782.0 
3918.0  783.0 
3919.0  784.0 
3920.0  785.0 
3921.0  786.0 
3922.0  787.0 
3923.0  788.0 
3924.0  789.0 
3925.0  790.0 
3926.0  791.0 
3927.0  792.0 
3928.0  793.0 
3929.1  3982.17 
3930.0  795.0 
3931.2  3982.17 
3931.2  796.2 
3931.3  3537.5 
3932.2  3982.17 
3932.2  797.2 
3932.3  3537.7 
3933.0  798.0 
3934.0  799.0 
3935.0  800.0 
3936.0  801.0 
3937.0  802.0 
3938.0  803.0 
3939.0  804.0 
3940.0  805.0 
3941.0  806.0 
3942.0  807.0 
3943.0  808.0 
3944.1  3983.1 
3944.2  3984.1 
3944.3  3985.1 
3945.0  810.0 
3946.0  811.0 
3947.0  812.0 
3948.0  813.0 
3949.0  814.0 
3950.0  815.0 
3951.0  816.0 
3952.0  817.0 
3953.1  818.1 
3953.2  3537.6 
3954.0  819.0 
3955.0  820.0 
3956.0  821.0 
3957.0  822.0 
3958.1  3982.10 
3958.2  3982.13 
3958.3  3982.16 
3958.3  823.3 
3959.0  824.0 
3961.1  3986.1 
3962.0  827.0 
3963.0  828.0 
3965.0  830.0 
3966.0  831.0 
3967.0  832.0 
3968.0  833.0 
3969.0  834.0 
3970.0  835.0 
3971.0  836.0 
3972.0  837.0 
3973.0  838.0 
3974.0  839.0 
3975.0  844.0 
3976.1  3988.0 
3976.1  3543.0 
3976.1  3978.0 
3976.1  3548.0 
3976.1  3564.0 
3976.1  3584.0 
3976.1  3704.0 
3976.1  3589.0 
3976.1  3989.1 
3976.1  3990.1 
3976.1  3991.1 
3976.1  3992.1 
3976.1  3993.1 
3977.0  846.0 
3978.0  847.0 
3979.1  3994.1 
3980.1  3995.1 
3981.1  3996.1 
3982.11  3997.0 
3982.12  3998.0 
3982.13  823.1 
3982.14  778.9 
3982.15  3999.0 
3982.16  823.2 
3982.17  4000.1 
3982.18  778.10 
3982.18  402.18 
3983.1  4002.0 
3983.1  3543.0 
3983.1  4003.0 
3983.1  4004.0 
3983.1  3564.0 
3983.1  4005.0 
3983.1  3746.0 
3983.1  4006.0 
3983.1  3548.0 
3983.1  3758.0 
3983.1  4007.0 
3983.1  3584.0 
3983.1  4008.2 
3984.1  4010.0 
3984.1  3543.0 
3984.1  4003.0 
3984.1  4004.0 
3984.1  3746.0 
3984.1  3564.0 
3984.1  4005.0 
3984.1  3548.0 
3984.1  4006.0 
3984.1  3758.0 
3984.1  4011.0 
3984.1  3584.0 
3984.1  3944.1 
3985.1  4012.0 
3985.1  3543.0 
3985.1  3564.0 
3985.1  3944.2 
3986.1  4014.0 
3986.1  3543.0 
3986.1  4015.0 
3986.1  3564.0 
3986.1  3584.0 
3986.1  3589.0 
3986.1  3583.0 
3986.1  4016.2 
3986.1  4016.3 
3986.1  4016.4 
3986.1  4016.5 
3986.1  4016.6 
3986.1  4016.7 
3987.1  4017.0 
3987.1  3543.0 
3987.1  3564.0 
3988.0  856.0 
3989.1  4018.1 
3990.1  4019.1 
3991.1  4020.1 
3992.1  4021.1 
3993.1  4022.1 
3994.1  4023.0 
3994.1  3543.0 
3994.1  3564.0 
3994.1  3584.0 
3995.1  4024.0 
3995.1  3543.0 
3995.1  3564.0 
3995.1  3584.0 
3996.1  4026.0 
3996.1  3543.0 
3996.1  3564.0 
4000.1  3982.13 
4001.1  3543.0 
4001.1  3978.0 
4001.1  3548.0 
4001.1  3564.0 
4001.1  3584.0 
4001.1  3704.0 
4001.1  3589.0 
4002.0  866.0 
4003.0  867.0 
4004.0  868.0 
4005.0  869.0 
4006.0  870.0 
4008.1  4027.1 
4008.2  4028.1 
4009.1  4030.0 
4009.1  3543.0 
4009.1  3978.0 
4009.1  3548.0 
4009.1  3564.0 
4009.1  3584.0 
4009.1  3704.0 
4009.1  3589.0 
4009.1  3590.0 
4009.1  3591.0 
4009.1  3592.0 
4009.1  4031.1 
4009.1  4032.1 
4009.2  4033.1 
4009.3  4034.1 
4010.0  874.0 
4012.0  876.0 
4013.1  4035.0 
4013.1  3543.0 
4013.1  3978.0 
4013.1  3548.0 
4013.1  3564.0 
4013.1  3584.0 
4013.1  3704.0 
4013.1  3589.0 
4014.0  878.0 
4015.0  879.0 
4016.1  4036.1 
4016.2  4036.2 
4016.3  4036.3 
4016.4  4036.4 
4016.5  4036.5 
4016.6  4036.6 
4016.7  4036.7 
4017.0  881.0 
4018.1  4024.0 
4018.1  3543.0 
4018.1  3564.0 
4018.1  3584.0 
4019.1  4023.0 
4019.1  3543.0 
4019.1  3564.0 
4019.1  3584.0 
4020.1  4037.0 
4020.1  3543.0 
4020.1  3564.0 
4020.1  3584.0 
4021.1  4037.0 
4021.1  3543.0 
4021.1  3564.0 
4021.1  3584.0 
4022.1  4037.0 
4022.1  3543.0 
4022.1  3564.0 
4022.1  3584.0 
4023.0  887.0 
4024.0  888.0 
4026.0  890.0 
4027.1  4002.0 
4027.1  3543.0 
4027.1  4003.0 
4027.1  4004.0 
4027.1  3564.0 
4027.1  4005.0 
4027.1  3746.0 
4027.1  4006.0 
4027.1  3548.0 
4027.1  3758.0 
4027.1  4039.0 
4027.1  3584.0 
4027.1  4040.1 
4028.1  4010.0 
4028.1  3543.0 
4028.1  4003.0 
4028.1  4004.0 
4028.1  3746.0 
4028.1  3564.0 
4028.1  4005.0 
4028.1  3548.0 
4028.1  4006.0 
4028.1  3758.0 
4028.1  4042.0 
4028.1  3584.0 
4028.1  4008.1 
4029.1  4010.0 
4029.1  3543.0 
4029.1  4003.0 
4029.1  4004.0 
4029.1  3746.0 
4029.1  3564.0 
4029.1  4005.0 
4029.1  3548.0 
4029.1  4006.0 
4029.1  3758.0 
4029.1  4043.0 
4029.1  3584.0 
4030.0  894.0 
4031.1  4044.0 
4032.1  4045.1 
4033.1  4046.1 
4034.1  4047.1 
4035.0  899.0 
4036.1  4048.0 
4036.1  3543.0 
4036.1  4049.0 
4036.1  3548.0 
4036.1  3564.0 
4036.1  4050.0 
4036.1  3584.0 
4036.1  4051.0 
4036.1  4052.0 
4036.1  3704.0 
4036.1  4053.0 
4036.1  4054.0 
4036.1  4055.0 
4036.1  3589.0 
4036.1  4056.0 
4036.1  4057.0 
4036.1  4058.0 
4036.1  4059.0 
4036.1  4060.0 
4036.1  4061.0 
4036.1  4062.0 
4036.1  4063.0 
4036.1  4064.0 
4036.1  4065.0 
4036.1  4066.0 
4036.1  4067.0 
4036.1  4068.0 
4036.1  4069.0 
4036.1  4070.0 
4036.1  4071.0 
4036.1  4072.0 
4036.1  4073.0 
4036.1  4074.0 
4036.1  4075.0 
4036.1  4076.0 
4036.1  4077.0 
4036.1  4078.0 
4036.1  4079.0 
4036.1  4080.0 
4036.1  4081.0 
4036.1  4082.0 
4036.1  4083.0 
4036.1  4084.0 
4036.1  4085.0 
4036.1  4086.0 
4036.1  4087.0 
4036.1  4088.0 
4036.1  4089.0 
4036.1  4090.0 
4036.1  4091.0 
4036.1  4092.0 
4036.1  4093.0 
4036.1  4094.0 
4036.1  4095.0 
4036.1  4096.0 
4036.1  4097.0 
4036.1  4098.0 
4036.1  4099.0 
4036.1  4100.0 
4036.1  4101.0 
4036.1  4102.0 
4036.1  4103.0 
4036.1  4104.0 
4036.1  4105.0 
4036.1  4106.0 
4036.1  4107.0 
4036.1  4108.0 
4036.1  4109.0 
4036.1  4110.0 
4036.1  4111.0 
4036.1  4112.0 
4036.1  4113.0 
4036.1  4114.0 
4036.1  4115.0 
4036.1  4116.0 
4036.1  4117.0 
4036.1  4118.0 
4036.1  4119.0 
4036.1  4120.0 
4036.1  4121.0 
4036.1  4122.0 
4036.1  4123.0 
4036.1  4124.0 
4036.1  4125.0 
4036.1  4126.0 
4036.1  4127.0 
4036.2  4128.0 
4036.2  4129.0 
4036.2  4130.0 
4036.2  4131.0 
4036.2  4132.0 
4036.2  4133.0 
4036.2  4134.0 
4036.2  4135.0 
4036.2  4136.0 
4036.2  4137.0 
4036.2  4138.0 
4036.2  4139.0 
4036.2  4140.0 
4036.2  4141.0 
4036.2  4142.0 
4036.2  4143.0 
4036.2  4144.0 
4036.2  4145.0 
4036.2  4146.0 
4036.2  4147.0 
4036.2  4148.0 
4036.2  4149.0 
4036.2  4150.0 
4036.2  4151.0 
4036.2  4152.0 
4036.2  4153.0 
4036.2  4154.0 
4036.2  4155.0 
4036.2  4156.0 
4036.2  4157.0 
4036.2  4158.0 
4036.2  4159.0 
4036.2  4160.0 
4036.2  4161.0 
4036.2  4162.0 
4036.2  4163.0 
4036.2  4164.0 
4036.2  4165.0 
4036.2  4166.0 
4036.2  4167.0 
4036.2  4168.0 
4036.2  4169.0 
4036.2  4170.0 
4036.2  4171.0 
4036.2  4172.0 
4036.2  4173.0 
4036.2  4174.0 
4036.2  4175.0 
4036.2  4176.0 
4036.2  4177.0 
4036.2  4178.0 
4036.2  4179.0 
4036.2  4180.0 
4036.2  4181.0 
4036.2  4182.0 
4036.2  4183.0 
4036.2  4184.0 
4036.2  4185.0 
4036.2  4186.0 
4036.2  4187.0 
4036.2  4188.0 
4036.2  4189.0 
4036.2  4190.0 
4036.2  4191.0 
4036.2  4192.0 
4036.2  4193.0 
4036.2  4194.0 
4036.2  4195.0 
4036.2  4196.0 
4036.2  4197.0 
4036.2  4198.0 
4036.2  4199.0 
4036.2  4200.0 
4036.2  4201.0 
4036.2  4202.0 
4036.2  4203.0 
4036.2  4204.0 
4036.2  4205.0 
4036.2  4206.0 
4036.2  4207.0 
4036.2  4208.0 
4036.2  4209.0 
4036.2  4210.0 
4036.2  4211.0 
4036.3  4212.0 
4036.3  4213.0 
4036.3  4214.0 
4036.3  4215.0 
4036.3  4216.0 
4036.3  4217.0 
4036.3  4218.0 
4036.3  4219.0 
4036.3  4220.0 
4036.3  4221.0 
4036.3  4222.0 
4036.3  4223.0 
4036.3  4224.0 
4036.3  4225.0 
4036.3  4226.0 
4036.3  4227.0 
4036.3  4228.0 
4036.3  4229.0 
4036.3  4230.0 
4036.3  4231.0 
4036.3  4232.0 
4036.3  4233.0 
4036.3  4234.0 
4036.3  4235.0 
4036.3  4236.0 
4036.3  4237.0 
4036.3  4238.0 
4036.3  4239.0 
4036.3  4240.0 
4036.3  4241.0 
4036.3  4242.0 
4036.3  4243.0 
4036.3  4244.0 
4036.3  4245.0 
4036.3  4246.0 
4036.3  4247.0 
4036.3  4248.0 
4036.3  4249.0 
4036.3  4250.0 
4036.3  4251.0 
4036.3  4252.0 
4036.3  4253.0 
4036.3  4254.0 
4036.3  4255.0 
4036.3  4256.0 
4036.3  4257.0 
4036.3  4258.0 
4036.3  4259.0 
4036.3  4260.0 
4036.3  4261.0 
4036.3  4262.0 
4036.3  4263.0 
4036.3  4264.0 
4036.3  4265.0 
4036.3  4266.0 
4036.3  4267.0 
4036.3  4268.0 
4036.3  4269.0 
4036.3  4270.0 
4036.3  4271.0 
4036.3  4272.0 
4036.3  4273.0 
4036.3  4274.0 
4036.3  4275.0 
4036.3  4276.0 
4036.3  4277.0 
4036.3  4278.0 
4036.3  4279.0 
4036.3  4280.0 
4036.3  4281.0 
4036.4  4282.0 
4036.4  4283.0 
4036.4  4284.0 
4036.4  4285.0 
4036.4  4286.0 
4036.4  4287.0 
4036.4  4288.0 
4036.4  4289.0 
4036.4  4290.0 
4036.4  4291.0 
4036.4  4292.0 
4036.4  4293.0 
4036.4  4294.0 
4036.4  4295.0 
4036.4  4296.0 
4036.4  4297.0 
4036.4  4298.0 
4036.4  4299.0 
4036.4  4300.0 
4036.4  4301.0 
4036.4  4302.0 
4036.4  4303.0 
4036.4  4304.0 
4036.4  4305.0 
4036.4  4306.0 
4036.4  4307.0 
4036.4  4308.0 
4036.4  4309.0 
4036.4  4310.0 
4036.4  4311.0 
4036.4  4312.0 
4036.4  4313.0 
4036.4  4314.0 
4036.4  4315.0 
4036.4  4316.0 
4036.4  4317.0 
4036.4  4318.0 
4036.4  4319.0 
4036.4  4320.0 
4036.5  4321.0 
4036.5  4322.0 
4036.5  4323.0 
4036.5  4324.0 
4036.5  4325.0 
4036.5  4326.0 
4036.5  4327.0 
4036.5  4328.0 
4036.5  4329.0 
4036.5  4330.0 
4036.5  4331.0 
4036.5  4332.0 
4036.5  4333.0 
4036.5  4334.0 
4036.5  4335.0 
4036.5  4336.0 
4036.5  4337.0 
4036.5  4338.0 
4036.5  4339.0 
4036.5  4340.0 
4036.5  4341.0 
4036.5  4342.0 
4036.5  4343.0 
4036.5  4344.0 
4036.5  4345.0 
4036.5  4346.0 
4036.5  4347.0 
4036.5  4348.0 
4036.5  4349.0 
4036.5  4350.0 
4036.5  4351.0 
4036.5  4352.0 
4036.5  4353.0 
4036.5  4354.0 
4036.5  4355.0 
4036.5  4356.0 
4036.5  4357.0 
4036.5  4358.0 
4036.5  4359.0 
4036.5  4360.0 
4036.5  4361.0 
4036.5  4362.0 
4036.5  4363.0 
4036.5  4364.0 
4036.5  4365.0 
4036.5  4366.0 
4036.5  4367.0 
4036.5  4368.0 
4036.6  4369.0 
4036.6  4370.0 
4036.6  4371.0 
4036.6  4372.0 
4036.6  4373.0 
4036.6  4374.0 
4036.6  4375.0 
4036.6  4376.0 
4036.6  4377.0 
4036.6  4378.0 
4036.6  4379.0 
4036.6  4380.0 
4036.6  4381.0 
4036.6  4382.0 
4036.6  4383.0 
4036.6  4384.0 
4036.6  4385.0 
4036.6  4386.0 
4036.6  4387.0 
4036.6  4388.0 
4036.6  4389.0 
4036.6  4390.0 
4036.6  4391.0 
4036.6  4392.0 
4036.6  4393.0 
4036.6  4394.0 
4036.6  4395.0 
4036.6  4396.0 
4036.6  4397.0 
4036.6  4398.0 
4036.7  4399.0 
4036.7  4400.0 
4036.7  4401.0 
4036.7  4402.0 
4036.7  4403.0 
4036.7  4404.0 
4036.7  4405.0 
4036.7  4406.0 
4036.7  4407.0 
4036.7  4408.0 
4036.7  4409.0 
4036.7  4410.0 
4036.7  4411.0 
4036.7  4412.0 
4036.7  4413.0 
4036.7  4414.0 
4036.7  4415.0 
4036.7  4416.0 
4036.7  4417.0 
4036.7  4418.0 
4036.7  4419.0 
4036.7  4420.0 
4036.7  4421.0 
4036.7  4422.0 
4036.7  4423.0 
4036.7  4424.0 
4036.7  4425.0 
4036.7  4426.0 
4036.7  4427.0 
4036.7  4428.0 
4036.7  4429.0 
4036.7  4430.0 
4036.7  4431.0 
4036.7  4432.0 
4036.7  4433.0 
4036.7  4434.0 
4036.7  4435.0 
4036.7  4436.0 
4036.7  4437.0 
4036.7  4438.0 
4036.7  4439.0 
4036.7  4440.0 
4036.7  4441.0 
4036.7  4442.0 
4036.7  4443.0 
4036.7  4444.0 
4036.7  4445.0 
4036.7  4446.0 
4036.7  4447.0 
4036.7  4448.0 
4036.7  4449.0 
4036.7  4450.0 
4036.7  4451.0 
4037.0  901.0 
4038.1  1317.0 
4038.1  408.0 
4038.1  847.0 
4038.1  413.0 
4038.1  429.0 
4038.1  449.0 
4038.1  569.0 
4038.1  454.0 
4038.1  455.0 
4038.1  456.0 
4038.1  457.0 
4038.1  4453.1 
4038.1  4454.1 
4038.1  448.0 
4038.1  462.0 
4038.1  4455.1 
4040.1  4456.1 
4041.1  865.1 
4045.1  4458.0 
4045.1  3543.0 
4045.1  3564.0 
4045.1  3584.0 
4045.1  3589.0 
4045.1  4459.1 
4046.1  4458.0 
4046.1  3543.0 
4046.1  3564.0 
4046.1  3584.0 
4046.1  3589.0 
4046.1  4461.1 
4047.1  4458.0 
4047.1  3543.0 
4047.1  3564.0 
4047.1  3584.0 
4047.1  3589.0 
4047.1  4463.1 
4048.0  912.0 
4049.0  913.0 
4050.0  914.0 
4052.0  916.0 
4053.0  917.0 
4054.0  918.0 
4055.0  919.0 
4056.0  920.0 
4057.0  921.0 
4058.0  922.0 
4059.0  923.0 
4060.0  924.0 
4061.0  925.0 
4062.0  926.0 
4063.0  927.0 
4064.0  928.0 
4065.0  929.0 
4066.0  930.0 
4067.0  931.0 
4068.0  932.0 
4069.0  933.0 
4070.0  934.0 
4071.0  935.0 
4072.0  936.0 
4073.0  937.0 
4074.0  938.0 
4075.0  939.0 
4076.0  940.0 
4077.0  941.0 
4078.0  942.0 
4079.0  943.0 
4080.0  944.0 
4081.0  945.0 
4082.0  946.0 
4083.0  947.0 
4084.0  948.0 
4085.0  949.0 
4086.0  950.0 
4087.0  951.0 
4088.0  952.0 
4089.0  953.0 
4090.0  954.0 
4091.0  955.0 
4092.0  956.0 
4093.0  957.0 
4094.0  958.0 
4095.0  959.0 
4096.0  960.0 
4097.0  961.0 
4098.0  962.0 
4099.0  963.0 
4100.0  964.0 
4101.0  965.0 
4102.0  966.0 
4103.0  967.0 
4104.0  968.0 
4105.0  969.0 
4106.0  970.0 
4107.0  971.0 
4108.0  972.0 
4109.0  973.0 
4110.0  974.0 
4111.0  975.0 
4112.0  976.0 
4113.0  977.0 
4114.0  978.0 
4115.0  979.0 
4116.0  980.0 
4117.0  981.0 
4118.0  982.0 
4119.0  983.0 
4120.0  984.0 
4121.0  985.0 
4122.0  986.0 
4123.0  987.0 
4124.0  988.0 
4125.0  989.0 
4126.0  990.0 
4127.0  991.0 
4128.0  992.0 
4129.0  993.0 
4130.0  994.0 
4131.0  995.0 
4132.0  996.0 
4133.0  997.0 
4134.0  998.0 
4135.0  999.0 
4136.0  1000.0 
4137.0  1001.0 
4138.0  1002.0 
4139.0  1003.0 
4140.0  1004.0 
4141.0  1005.0 
4142.0  1006.0 
4143.0  1007.0 
4144.0  1008.0 
4145.0  1009.0 
4146.0  1010.0 
4147.0  1011.0 
4148.0  1012.0 
4149.0  1013.0 
4150.0  1014.0 
4151.0  1015.0 
4152.0  1016.0 
4153.0  1017.0 
4154.0  1018.0 
4155.0  1019.0 
4156.0  1020.0 
4157.0  1021.0 
4158.0  1022.0 
4159.0  1023.0 
4160.0  1024.0 
4161.0  1025.0 
4162.0  1026.0 
4163.0  1027.0 
4164.0  1028.0 
4165.0  1029.0 
4166.0  1030.0 
4167.0  1031.0 
4168.0  1032.0 
4169.0  1033.0 
4170.0  1034.0 
4171.0  1035.0 
4172.0  1036.0 
4173.0  1037.0 
4174.0  1038.0 
4175.0  1039.0 
4176.0  1040.0 
4177.0  1041.0 
4178.0  1042.0 
4179.0  1043.0 
4180.0  1044.0 
4181.0  1045.0 
4182.0  1046.0 
4183.0  1047.0 
4184.0  1048.0 
4185.0  1049.0 
4186.0  1050.0 
4187.0  1051.0 
4188.0  1052.0 
4189.0  1053.0 
4190.0  1054.0 
4191.0  1055.0 
4192.0  1056.0 
4193.0  1057.0 
4194.0  1058.0 
4195.0  1059.0 
4196.0  1060.0 
4197.0  1061.0 
4198.0  1062.0 
4199.0  1063.0 
4200.0  1064.0 
4201.0  1065.0 
4202.0  1066.0 
4203.0  1067.0 
4204.0  1068.0 
4205.0  1069.0 
4206.0  1070.0 
4207.0  1071.0 
4208.0  1072.0 
4209.0  1073.0 
4210.0  1074.0 
4211.0  1075.0 
4212.0  1076.0 
4213.0  1077.0 
4214.0  1078.0 
4215.0  1079.0 
4216.0  1080.0 
4217.0  1081.0 
4218.0  1082.0 
4219.0  1083.0 
4220.0  1084.0 
4221.0  1085.0 
4222.0  1086.0 
4223.0  1087.0 
4224.0  1088.0 
4225.0  1089.0 
4226.0  1090.0 
4227.0  1091.0 
4228.0  1092.0 
4229.0  1093.0 
4230.0  1094.0 
4231.0  1095.0 
4232.0  1096.0 
4233.0  1097.0 
4234.0  1098.0 
4235.0  1099.0 
4236.0  1100.0 
4237.0  1101.0 
4238.0  1102.0 
4239.0  1103.0 
4240.0  1104.0 
4241.0  1105.0 
4242.0  1106.0 
4243.0  1107.0 
4244.0  1108.0 
4246.0  1110.0 
4247.0  1111.0 
4248.0  1112.0 
4249.0  1113.0 
4250.0  1114.0 
4251.0  1115.0 
4252.0  1116.0 
4253.0  1117.0 
4254.0  1118.0 
4255.0  1119.0 
4256.0  1120.0 
4257.0  1121.0 
4258.0  1122.0 
4259.0  1123.0 
4260.0  1124.0 
4261.0  1125.0 
4262.0  1126.0 
4263.0  1127.0 
4264.0  1128.0 
4265.0  1129.0 
4266.0  1130.0 
4267.0  1131.0 
4268.0  1132.0 
4269.0  1133.0 
4270.0  1134.0 
4271.0  1135.0 
4272.0  1136.0 
4273.0  1137.0 
4274.0  1138.0 
4275.0  1139.0 
4276.0  1140.0 
4277.0  1141.0 
4278.0  1142.0 
4279.0  1143.0 
4280.0  1144.0 
4281.0  1145.0 
4282.0  1146.0 
4283.0  1147.0 
4284.0  1148.0 
4285.0  1149.0 
4286.0  1150.0 
4287.0  1151.0 
4288.0  1152.0 
4289.0  1153.0 
4290.0  1154.0 
4291.0  1155.0 
4292.0  1156.0 
4293.0  1157.0 
4294.0  1158.0 
4295.0  1159.0 
4296.0  1160.0 
4297.0  1161.0 
4298.0  1162.0 
4299.0  1163.0 
4300.0  1164.0 
4301.0  1165.0 
4302.0  1166.0 
4303.0  1167.0 
4304.0  1168.0 
4305.0  1169.0 
4306.0  1170.0 
4307.0  1171.0 
4308.0  1172.0 
4309.0  1173.0 
4310.0  1174.0 
4311.0  1175.0 
4312.0  1176.0 
4313.0  1177.0 
4314.0  1178.0 
4315.0  1179.0 
4316.0  1180.0 
4317.0  1181.0 
4318.0  1182.0 
4319.0  1183.0 
4320.0  1184.0 
4321.0  1185.0 
4322.0  1186.0 
4323.0  1187.0 
4324.0  1188.0 
4325.0  1189.0 
4326.0  1190.0 
4327.0  1191.0 
4328.0  1192.0 
4329.0  1193.0 
4330.0  1194.0 
4331.0  1195.0 
4332.0  1196.0 
4333.0  1197.0 
4334.0  1198.0 
4335.0  1199.0 
4336.0  1200.0 
4337.0  1201.0 
4338.0  1202.0 
4339.0  1203.0 
4340.0  1204.0 
4341.0  1205.0 
4342.0  1206.0 
4343.0  1207.0 
4344.0  1208.0 
4345.0  1209.0 
4346.0  1210.0 
4347.0  1211.0 
4348.0  1212.0 
4349.0  1213.0 
4350.0  1214.0 
4351.0  1215.0 
4352.0  1216.0 
4353.0  1217.0 
4354.0  1218.0 
4355.0  1219.0 
4356.0  1220.0 
4357.0  1221.0 
4358.0  1222.0 
4359.0  1223.0 
4360.0  1224.0 
4361.0  1225.0 
4362.0  1226.0 
4363.0  1227.0 
4364.0  1228.0 
4365.0  1229.0 
4366.0  1230.0 
4367.0  1231.0 
4368.0  1232.0 
4369.0  1233.0 
4370.0  1234.0 
4371.0  1235.0 
4372.0  1236.0 
4373.0  1237.0 
4374.0  1238.0 
4375.0  1239.0 
4376.0  1240.0 
4377.0  1241.0 
4378.0  1242.0 
4379.0  1243.0 
4380.0  1244.0 
4381.0  1245.0 
4382.0  1246.0 
4383.0  1247.0 
4384.0  1248.0 
4385.0  1249.0 
4386.0  1250.0 
4387.0  1251.0 
4388.0  1252.0 
4389.0  1253.0 
4390.0  1254.0 
4391.0  1255.0 
4392.0  1256.0 
4393.0  1257.0 
4394.0  1258.0 
4395.0  1259.0 
4396.0  1260.0 
4397.0  1261.0 
4398.0  1262.0 
4399.0  1263.0 
4400.0  1264.0 
4401.0  1265.0 
4402.0  1266.0 
4403.0  1267.0 
4404.0  1268.0 
4405.0  1269.0 
4406.0  1270.0 
4407.0  1271.0 
4408.0  1272.0 
4409.0  1273.0 
4410.0  1274.0 
4411.0  1275.0 
4412.0  1276.0 
4413.0  1277.0 
4414.0  1278.0 
4415.0  1279.0 
4416.0  1280.0 
4452.1  866.0 
4452.1  408.0 
4452.1  867.0 
4452.1  868.0 
4452.1  429.0 
4452.1  869.0 
4452.1  611.0 
4452.1  870.0 
4452.1  413.0 
4452.1  623.0 
4452.1  4464.0 
4452.1  449.0 
4452.1  809.3 
4453.1  4465.1 
4454.1  4466.1 
4455.1  4467.1 
4456.1  1334.0 
4456.1  408.0 
4456.1  429.0 
4456.1  4468.3 
4458.0  1323.0 
4459.1  4469.0 
4461.1  4470.0 
4463.1  4471.0 
4465.1  1323.0 
4465.1  408.0 
4465.1  429.0 
4465.1  449.0 
4465.1  454.0 
4465.1  4473.1 
4466.1  1343.0 
4466.1  408.0 
4466.1  429.0 
4466.1  449.0 
4466.1  4474.1 
4467.1  1343.0 
4467.1  408.0 
4467.1  429.0 
4467.1  449.0 
4467.1  4475.1 
4468.3  809.3 
4473.1  4476.0 
4474.1  4477.1 
4475.1  4477.2 
4477.3  873.3 
3537.0  3538.0 
3538.0  3976.0 
3976.0  3987.0 
3983.0  4001.0 
3984.0  4009.0 
3985.0  4009.0 
3986.0  4013.0 
3987.0  4001.0 
3994.0  3538.0 
3995.0  3538.0 
3996.0  4025.0 
4009.0  4029.0 
4013.0  3537.0 
4018.0  3976.0 
4019.0  3976.0 
4020.0  3976.0 
4021.0  3976.0 
4022.0  3976.0 
4025.0  3538.0 
4027.0  4038.0 
4028.0  4041.0 
4029.0  4001.0 
4036.0  4013.0 
4038.0  4452.0 
4044.0  4009.0 
4045.0  4457.0 
4046.0  4460.0 
4047.0  4462.0 
4452.0  4041.0 
4456.0  4038.0 
4457.0  4009.0 
4460.0  4009.0 
4462.0  4009.0 
4465.0  4472.0 
4466.0  4038.0 
4467.0  4038.0 
4469.0  4457.0 
4470.0  4460.0 
4471.0  4462.0 
4472.0  4038.0 
4476.0  4472.0 
3536.1  3537.10 
4478.1  3537.10 
4479.1  3537.10 
