61876.1  61878.0 
61876.1  61879.0 
61876.1  61880.0 
61876.1  61881.0 
61876.1  61882.0 
61876.1  61883.0 
61876.1  61884.0 
61876.1  61885.0 
61876.1  61886.0 
61876.1  61887.0 
61876.1  61888.0 
61876.1  61889.0 
61877.1  61891.0 
61877.1  61879.0 
61877.1  61882.0 
61878.0  60824.0 
61879.0  60825.0 
61880.0  60826.0 
61881.0  60827.0 
61882.0  60828.0 
61883.0  60829.0 
61884.0  60830.0 
61885.0  60831.0 
61888.0  60834.0 
61890.1  61879.0 
61890.1  61892.0 
61890.1  61883.0 
61890.1  61882.0 
61890.1  61888.0 
61890.1  61893.0 
61890.1  61894.0 
61891.0  60837.0 
61892.0  60838.0 
61893.0  60839.0 
61894.0  60840.0 
61875.1  61876.1 
61876.0  61877.0 
61877.0  61890.0 
