64011.1  64013.0 
64011.1  64014.0 
64011.1  64015.0 
64011.1  64016.0 
64011.1  64017.0 
64011.1  64018.0 
64011.1  64019.0 
64011.1  64020.0 
64011.1  64021.0 
64011.1  64022.0 
64011.1  64023.0 
64011.1  64024.0 
64012.1  64026.0 
64012.1  64014.0 
64012.1  64017.0 
64013.0  63080.0 
64014.0  63081.0 
64015.0  63082.0 
64016.0  63083.0 
64017.0  63084.0 
64018.0  63085.0 
64019.0  63086.0 
64020.0  63087.0 
64023.0  63090.0 
64025.1  64014.0 
64025.1  64027.0 
64025.1  64018.0 
64025.1  64017.0 
64025.1  64023.0 
64025.1  64028.0 
64025.1  64029.0 
64026.0  63093.0 
64027.0  63094.0 
64028.0  63095.0 
64029.0  63096.0 
64010.1  64011.1 
64031.1  64033.0 
64031.1  64034.0 
64031.1  64035.0 
64031.1  64036.0 
64031.1  64014.0 
64031.1  64037.0 
64031.1  64038.0 
64031.1  64039.0 
64031.1  64040.0 
64031.1  64018.0 
64031.1  64041.0 
64031.1  64042.0 
64031.1  64043.0 
64031.1  64044.0 
64031.1  64045.0 
64031.1  64046.0 
64031.1  64047.0 
64031.1  64048.0 
64031.1  64049.0 
64031.1  64050.0 
64031.1  64051.0 
64031.1  64052.0 
64031.1  64053.0 
64031.1  64054.0 
64031.1  64055.0 
64031.1  64017.0 
64031.1  64056.0 
64031.1  64057.0 
64031.1  64058.0 
64031.1  64059.0 
64031.1  64060.0 
64031.1  64061.0 
64031.1  64062.0 
64031.1  64063.0 
64031.1  64064.0 
64031.1  64065.0 
64031.1  64066.0 
64031.1  64067.0 
64031.1  64068.0 
64031.1  64069.0 
64031.1  64070.0 
64031.1  64071.0 
64031.1  64072.0 
64031.1  64073.0 
64031.1  64074.0 
64031.1  64023.0 
64031.1  64075.0 
64031.1  64076.0 
64031.1  64077.0 
64031.1  64078.0 
64031.1  64029.0 
64031.1  64079.0 
64031.1  64080.0 
64031.1  64081.0 
64031.1  64082.0 
64031.1  64083.0 
64031.1  64084.0 
64031.1  64085.0 
64031.1  64086.0 
64031.1  64087.0 
64031.1  64088.0 
64031.1  64089.0 
64031.1  64090.0 
64031.1  64091.0 
64031.1  64092.0 
64031.1  64093.0 
64031.1  64094.0 
64031.1  64095.0 
64031.1  64096.0 
64031.1  64097.0 
64031.1  64098.0 
64031.1  64099.0 
64031.1  64100.0 
64031.1  64101.0 
64031.1  64102.0 
64031.1  64103.0 
64031.1  64104.0 
64031.1  64105.0 
64031.1  64106.0 
64031.1  64107.0 
64031.1  64108.0 
64031.1  64109.0 
64031.1  64110.0 
64031.1  64111.0 
64031.1  64112.0 
64031.1  64113.0 
64031.1  64114.0 
64031.1  64115.0 
64031.1  64116.0 
64031.1  64117.0 
64031.1  64118.0 
64031.1  64119.0 
64031.1  64120.0 
64031.1  64121.0 
64031.1  64122.0 
64031.1  64123.0 
64031.1  64124.0 
64031.1  64125.0 
64031.1  64126.0 
64031.1  64127.0 
64031.1  64128.0 
64031.1  64129.0 
64031.1  64130.0 
64031.1  64131.0 
64031.1  64132.0 
64031.1  64133.0 
64031.1  64134.0 
64031.1  64135.0 
64031.1  64136.0 
64031.1  64137.0 
64031.1  64138.0 
64031.1  64139.0 
64031.1  64140.0 
64031.1  64141.0 
64031.1  64142.0 
64031.1  64143.0 
64031.1  64144.0 
64031.1  64145.0 
64031.1  64146.0 
64031.1  64147.0 
64031.1  64148.0 
64031.1  64149.0 
64031.1  64150.0 
64031.1  64151.0 
64031.1  64152.0 
64031.1  64153.0 
64031.1  64154.0 
64031.1  64155.0 
64031.1  64156.0 
64031.1  64157.0 
64031.1  64158.0 
64031.1  64159.0 
64031.1  64160.0 
64031.1  64161.0 
64031.1  64162.0 
64031.1  64163.0 
64031.1  64164.0 
64031.1  64165.0 
64031.1  64166.0 
64031.1  64167.0 
64031.1  64168.0 
64031.1  64169.0 
64031.1  64170.0 
64031.1  64171.0 
64031.1  64172.0 
64031.1  64173.0 
64031.1  64174.0 
64031.1  64175.0 
64031.1  64176.0 
64031.1  64177.0 
64031.1  64178.0 
64031.1  64179.0 
64031.1  64180.0 
64031.1  64181.0 
64031.1  64182.0 
64031.1  64183.0 
64031.1  64184.0 
64031.1  64185.0 
64031.1  64186.0 
64031.1  64187.0 
64031.1  64188.0 
64031.1  64189.0 
64031.1  64190.0 
64031.1  64191.0 
64031.1  64192.0 
64031.1  64028.0 
64031.1  64193.0 
64031.1  64194.0 
64031.1  64195.0 
64031.1  64196.1 
64031.1  64197.0 
64031.1  64198.0 
64031.1  64199.0 
64031.1  64200.0 
64031.1  64201.0 
64031.1  64202.0 
64031.2  64203.0 
64031.2  64204.0 
64031.2  64205.0 
64031.2  64206.0 
64031.2  64207.0 
64031.2  64208.0 
64031.2  64209.0 
64031.2  64210.0 
64031.2  64211.0 
64031.2  64212.0 
64031.2  64213.0 
64031.2  64214.0 
64031.2  64215.0 
64031.2  64216.0 
64031.2  64217.0 
64031.2  64218.0 
64031.2  64219.0 
64031.2  64220.0 
64031.2  64221.0 
64031.2  64222.0 
64031.2  64223.0 
64031.2  64224.0 
64031.2  64225.0 
64031.2  64226.0 
64031.2  64227.0 
64031.2  64228.0 
64031.2  64229.0 
64031.2  64230.0 
64031.2  64231.0 
64031.2  64232.0 
64031.2  64233.0 
64031.2  64015.0 
64031.2  64234.0 
64031.2  64235.0 
64031.2  64236.0 
64031.2  64237.0 
64031.2  64238.0 
64031.2  64239.0 
64031.2  64240.0 
64031.2  64241.0 
64031.2  64242.0 
64031.2  64243.0 
64031.2  64244.0 
64031.2  64020.0 
64031.2  64245.0 
64031.2  64246.0 
64031.2  64247.0 
64031.2  64248.0 
64031.2  64249.0 
64031.2  64250.0 
64031.2  64251.0 
64031.2  64252.0 
64031.2  64253.0 
64031.2  64254.0 
64031.2  64255.0 
64031.2  64256.0 
64031.2  64257.0 
64031.2  64258.0 
64031.2  64259.0 
64031.2  64260.0 
64031.2  64261.0 
64031.2  64262.0 
64031.2  64263.0 
64031.2  64264.0 
64031.2  64265.0 
64031.2  64266.0 
64031.2  64267.0 
64031.2  64268.0 
64031.2  64269.0 
64031.2  64270.0 
64031.2  64271.0 
64031.2  64272.0 
64031.2  64273.0 
64031.2  64274.0 
64031.2  64275.0 
64031.2  64276.0 
64031.2  64277.0 
64031.2  64278.0 
64031.2  64279.0 
64031.2  64280.0 
64031.2  64281.0 
64031.2  64282.0 
64031.2  64283.0 
64031.2  64284.0 
64031.2  64285.0 
64031.2  64286.0 
64031.2  64287.0 
64031.2  64288.0 
64031.2  64289.0 
64031.2  64290.0 
64031.2  64291.0 
64031.2  64292.0 
64031.2  64293.0 
64031.2  64294.0 
64031.2  64295.0 
64031.2  64296.0 
64031.2  64297.0 
64031.2  64298.0 
64031.2  64299.0 
64031.2  64300.0 
64031.2  64301.0 
64031.2  64302.0 
64031.2  64303.0 
64031.2  64304.0 
64031.2  64305.0 
64031.2  64306.0 
64031.2  64307.0 
64031.2  64308.0 
64031.2  64309.0 
64031.2  64310.0 
64031.2  64311.0 
64031.2  64312.0 
64031.2  64313.0 
64031.2  64314.0 
64031.2  64315.0 
64031.2  64316.0 
64031.2  64317.0 
64031.2  64318.0 
64031.2  64319.0 
64031.2  64320.0 
64031.2  64321.0 
64031.2  64322.0 
64031.2  64323.0 
64031.2  64324.0 
64031.2  64325.0 
64031.2  64326.0 
64031.2  64327.0 
64031.2  64328.0 
64031.2  64329.0 
64031.2  64330.0 
64031.2  64331.0 
64031.2  64332.0 
64031.2  64333.0 
64031.2  64334.0 
64031.2  64335.0 
64031.2  64336.0 
64031.2  64337.0 
64031.2  64338.0 
64031.2  64339.0 
64031.2  64340.0 
64031.2  64341.0 
64031.2  64342.0 
64031.2  64343.0 
64031.2  64344.0 
64031.2  64345.0 
64031.2  64346.0 
64031.2  64347.0 
64031.2  64348.0 
64031.2  64349.0 
64031.2  64350.0 
64031.2  64351.0 
64031.2  64352.0 
64031.2  64353.0 
64031.2  64354.0 
64031.2  64355.0 
64031.2  64356.0 
64031.2  64357.0 
64031.2  64358.0 
64031.2  64359.0 
64031.2  64360.0 
64031.2  64361.1 
64031.2  64362.0 
64031.2  64363.0 
64031.2  64364.0 
64031.2  64365.0 
64031.2  64366.0 
64031.2  64367.0 
64031.2  64368.0 
64031.2  64369.0 
64031.2  64370.0 
64031.2  64371.0 
64031.2  64372.0 
64031.2  64373.0 
64031.2  64374.0 
64031.2  64375.0 
64031.2  64376.13 
64031.2  64377.13 
64031.2  64378.0 
64031.2  64379.0 
64031.2  64380.0 
64031.2  64381.0 
64031.2  64382.0 
64031.2  64383.0 
64031.2  64384.0 
64031.2  64385.0 
64031.2  64386.0 
64031.2  64387.0 
64031.2  64388.0 
64031.2  64389.0 
64031.2  64390.0 
64031.3  64391.0 
64031.3  64392.0 
64031.3  64393.0 
64031.3  64394.0 
64031.3  64395.0 
64031.3  64396.0 
64031.3  64397.0 
64031.3  64398.0 
64031.3  64399.2 
64031.3  64400.0 
64031.3  64401.0 
64031.3  64402.0 
64031.3  64403.0 
64031.3  64404.0 
64031.3  64405.0 
64031.4  64406.0 
64031.4  64407.0 
64031.4  64408.0 
64031.4  64409.0 
64031.4  64010.1 
64031.5  64410.0 
64031.5  64411.0 
64031.5  64412.0 
64031.5  64413.0 
64031.5  64414.0 
64031.5  64415.1 
64031.5  64416.0 
64031.5  64417.26 
64031.5  64418.26 
64031.5  64419.0 
64031.5  64420.2 
64031.6  64421.0 
64031.6  64422.0 
64031.6  64423.0 
64031.6  64424.0 
64031.6  64425.0 
64031.6  64426.0 
64031.6  64019.0 
64031.6  64016.0 
64031.6  64427.0 
64031.6  64428.3 
64031.6  64429.0 
64031.6  64430.0 
64031.6  64431.0 
64031.6  64432.0 
64031.6  64433.0 
64031.6  64434.0 
64031.6  64435.0 
64031.6  64436.0 
64031.6  64437.13 
64031.6  64438.0 
64031.6  64439.0 
64031.7  64440.0 
64031.7  64441.0 
64031.7  64442.30 
64031.7  64443.0 
64031.7  64444.0 
64031.7  64445.1 
64031.7  64446.0 
64031.7  64447.0 
64031.7  64448.0 
64031.7  64449.0 
64031.7  64450.0 
64031.8  64451.0 
64031.8  64452.0 
64031.8  64453.0 
64031.8  64454.0 
64031.8  64455.0 
64031.9  64456.0 
64031.9  64457.0 
64031.9  64458.0 
64031.9  64399.5 
64031.10  64459.0 
64031.11  64460.0 
64032.1  64462.0 
64032.1  64014.0 
64032.1  64027.0 
64032.1  64018.0 
64032.1  64017.0 
64032.1  64023.0 
64032.1  64028.0 
64032.1  64029.0 
64032.1  64463.1 
64032.1  64464.1 
64032.1  64465.1 
64033.0  63100.0 
64034.0  63101.0 
64035.0  63102.0 
64036.0  63103.0 
64037.0  63104.0 
64038.0  63105.0 
64039.0  63106.0 
64040.0  63107.0 
64041.0  63108.0 
64042.0  63109.0 
64043.0  63110.0 
64044.0  63111.0 
64045.0  63112.0 
64046.0  63113.0 
64047.0  63114.0 
64048.0  63115.0 
64049.0  63116.0 
64050.0  63117.0 
64051.0  63118.0 
64052.0  63119.0 
64053.0  63120.0 
64054.0  63121.0 
64055.0  63122.0 
64056.0  63123.0 
64057.0  63124.0 
64058.0  63125.0 
64059.0  63126.0 
64060.0  63127.0 
64061.0  63128.0 
64062.0  63129.0 
64063.0  63130.0 
64064.0  63131.0 
64065.0  63132.0 
64066.0  63133.0 
64067.0  63134.0 
64068.0  63135.0 
64069.0  63136.0 
64070.0  63137.0 
64071.0  63138.0 
64072.0  63139.0 
64073.0  63140.0 
64074.0  63141.0 
64075.0  63142.0 
64076.0  63143.0 
64077.0  63144.0 
64078.0  63145.0 
64079.0  63146.0 
64080.0  63147.0 
64081.0  63148.0 
64082.0  63149.0 
64083.0  63150.0 
64084.0  63151.0 
64085.0  63152.0 
64086.0  63153.0 
64087.0  63154.0 
64088.0  63155.0 
64089.0  63156.0 
64090.0  63157.0 
64091.0  63158.0 
64092.0  63159.0 
64093.0  63160.0 
64094.0  63161.0 
64095.0  63162.0 
64096.0  63163.0 
64097.0  63164.0 
64098.0  63165.0 
64099.0  63166.0 
64100.0  63167.0 
64101.0  63168.0 
64102.0  63169.0 
64103.0  63170.0 
64104.0  63171.0 
64105.0  63172.0 
64106.0  63173.0 
64107.0  63174.0 
64108.0  63175.0 
64109.0  63176.0 
64110.0  63177.0 
64111.0  63178.0 
64112.0  63179.0 
64113.0  63180.0 
64114.0  63181.0 
64115.0  63182.0 
64116.0  63183.0 
64117.0  63184.0 
64118.0  63185.0 
64119.0  63186.0 
64120.0  63187.0 
64121.0  63188.0 
64122.0  63189.0 
64123.0  63190.0 
64124.0  63191.0 
64125.0  63192.0 
64126.0  63193.0 
64127.0  63194.0 
64128.0  63195.0 
64129.0  63196.0 
64130.0  63197.0 
64131.0  63198.0 
64132.0  63199.0 
64133.0  63200.0 
64134.0  63201.0 
64135.0  63202.0 
64136.0  63203.0 
64137.0  63204.0 
64138.0  63205.0 
64139.0  63206.0 
64140.0  63207.0 
64141.0  63208.0 
64142.0  63209.0 
64143.0  63210.0 
64144.0  63211.0 
64145.0  63212.0 
64146.0  63213.0 
64147.0  63214.0 
64148.0  63215.0 
64149.0  63216.0 
64150.0  63217.0 
64151.0  63218.0 
64152.0  63219.0 
64153.0  63220.0 
64154.0  63221.0 
64155.0  63222.0 
64156.0  63223.0 
64157.0  63224.0 
64158.0  63225.0 
64159.0  63226.0 
64160.0  63227.0 
64161.0  63228.0 
64162.0  63229.0 
64163.0  63230.0 
64164.0  63231.0 
64165.0  63232.0 
64166.0  63233.0 
64167.0  63234.0 
64168.0  63235.0 
64169.0  63236.0 
64170.0  63237.0 
64171.0  63238.0 
64172.0  63239.0 
64173.0  63240.0 
64174.0  63241.0 
64175.0  63242.0 
64176.0  63243.0 
64177.0  63244.0 
64178.0  63245.0 
64179.0  63246.0 
64180.0  63247.0 
64181.0  63248.0 
64182.0  63249.0 
64183.0  63250.0 
64184.0  63251.0 
64185.0  63252.0 
64186.0  63253.0 
64187.0  63254.0 
64188.0  63255.0 
64189.0  63256.0 
64190.0  63257.0 
64191.0  63258.0 
64192.0  63259.0 
64193.0  63260.0 
64194.0  63261.0 
64195.0  63262.0 
64196.1  64466.13 
64197.0  63264.0 
64198.0  63265.0 
64199.0  63266.0 
64200.0  63267.0 
64201.0  63268.0 
64202.0  63269.0 
64203.0  63270.0 
64204.0  63271.0 
64205.0  63272.0 
64206.0  63273.0 
64207.0  63274.0 
64208.0  63275.0 
64209.0  63276.0 
64210.0  63277.0 
64211.0  63278.0 
64212.0  63279.0 
64213.0  63280.0 
64214.0  63281.0 
64215.0  63282.0 
64216.0  63283.0 
64217.0  63284.0 
64218.0  63285.0 
64219.0  63286.0 
64220.0  63287.0 
64221.0  63288.0 
64222.0  63289.0 
64223.0  63290.0 
64224.0  63291.0 
64225.0  63292.0 
64226.0  63293.0 
64227.0  63294.0 
64228.0  63295.0 
64229.0  63296.0 
64230.0  63297.0 
64231.0  63298.0 
64232.0  63299.0 
64233.0  63300.0 
64234.0  63301.0 
64235.0  63302.0 
64236.0  63303.0 
64237.0  63304.0 
64238.0  63305.0 
64239.0  63306.0 
64240.0  63307.0 
64241.0  63308.0 
64242.0  63309.0 
64243.0  63310.0 
64244.0  63311.0 
64246.0  63313.0 
64247.0  63314.0 
64248.0  63315.0 
64249.0  63316.0 
64250.0  63317.0 
64251.0  63318.0 
64252.0  63319.0 
64253.0  63320.0 
64254.0  63321.0 
64255.0  63322.0 
64256.0  63323.0 
64257.0  63324.0 
64258.0  63326.0 
64259.0  63327.0 
64260.0  63328.0 
64261.0  63329.0 
64262.0  63330.0 
64263.0  63331.0 
64264.0  63332.0 
64265.0  63333.0 
64266.0  63334.0 
64267.0  63335.0 
64268.0  63336.0 
64269.0  63337.0 
64270.0  63338.0 
64271.0  63339.0 
64272.0  63340.0 
64273.0  63341.0 
64274.0  63342.0 
64275.0  63343.0 
64276.0  63344.0 
64277.0  63345.0 
64278.0  63346.0 
64279.0  63347.0 
64280.0  63348.0 
64281.0  63325.0 
64282.0  63349.0 
64283.0  63350.0 
64284.0  63351.0 
64285.0  63352.0 
64286.0  63353.0 
64287.0  63354.0 
64288.0  63355.0 
64289.0  63356.0 
64290.0  63357.0 
64291.0  63358.0 
64292.0  63359.0 
64293.0  63360.0 
64294.0  63361.0 
64295.0  63362.0 
64296.0  63363.0 
64297.0  63364.0 
64298.0  63365.0 
64299.0  63366.0 
64300.0  63367.0 
64301.0  63368.0 
64302.0  63369.0 
64303.0  63370.0 
64304.0  63371.0 
64305.0  63372.0 
64306.0  63373.0 
64307.0  63374.0 
64308.0  63375.0 
64309.0  63376.0 
64310.0  63377.0 
64311.0  63378.0 
64312.0  63379.0 
64313.0  63380.0 
64314.0  63381.0 
64315.0  63382.0 
64316.0  63383.0 
64317.0  63384.0 
64318.0  63385.0 
64319.0  63386.0 
64320.0  63387.0 
64321.0  63388.0 
64322.0  63389.0 
64323.0  63390.0 
64324.0  63391.0 
64325.0  63392.0 
64326.0  63393.0 
64327.0  63394.0 
64328.0  63395.0 
64329.0  63396.0 
64330.0  63397.0 
64331.0  63398.0 
64332.0  63399.0 
64333.0  63400.0 
64334.0  63401.0 
64335.0  63402.0 
64336.0  63403.0 
64337.0  63404.0 
64338.0  63405.0 
64339.0  63406.0 
64340.0  63407.0 
64341.0  63408.0 
64342.0  63409.0 
64343.0  63410.0 
64344.0  63411.0 
64345.0  63412.0 
64346.0  63413.0 
64347.0  63414.0 
64348.0  63415.0 
64349.0  63416.0 
64350.0  63417.0 
64351.0  63418.0 
64352.0  63419.0 
64353.0  63420.0 
64354.0  63421.0 
64355.0  63422.0 
64356.0  63423.0 
64357.0  63424.0 
64358.0  63425.0 
64359.0  63426.0 
64360.0  63427.0 
64361.1  64466.11 
64362.0  63429.0 
64363.0  63430.0 
64364.0  63431.0 
64365.0  63432.0 
64366.0  63433.0 
64367.0  63434.0 
64368.0  63435.0 
64369.0  63436.0 
64370.0  63437.0 
64371.0  63438.0 
64372.0  63439.0 
64373.0  63440.0 
64374.0  63441.0 
64375.0  63442.0 
64376.13  64466.12 
64376.13  63443.13 
64377.13  64466.12 
64377.13  63444.13 
64378.0  63445.0 
64379.0  63446.0 
64380.0  63447.0 
64381.0  63448.0 
64382.0  63449.0 
64383.0  63450.0 
64384.0  63451.0 
64385.0  63452.0 
64386.0  63453.0 
64387.0  63454.0 
64388.0  63455.0 
64389.0  63456.0 
64390.0  63457.0 
64391.0  63458.0 
64392.0  63459.0 
64393.0  63460.0 
64394.0  63461.0 
64395.0  63462.0 
64396.0  63463.0 
64397.0  63464.0 
64398.0  63465.0 
64399.1  64031.1 
64399.2  64031.2 
64399.3  64031.3 
64399.4  64031.4 
64399.5  64031.8 
64399.6  64031.9 
64399.7  64031.10 
64400.0  63467.0 
64401.0  63468.0 
64402.0  63469.0 
64403.0  63470.0 
64404.0  63471.0 
64405.0  63472.0 
64406.0  63473.0 
64407.0  63474.0 
64408.0  63475.0 
64409.0  63476.0 
64410.0  63477.0 
64411.0  63478.0 
64412.0  63479.0 
64413.0  63480.0 
64414.0  63481.0 
64415.1  64466.13 
64416.0  63483.0 
64417.26  64466.13 
64417.26  63484.26 
64417.27  64031.5 
64418.26  64466.13 
64418.26  63485.26 
64418.27  64031.7 
64419.0  63486.0 
64420.2  63487.2 
64421.0  63488.0 
64422.0  63489.0 
64423.0  63490.0 
64424.0  63491.0 
64425.0  63492.0 
64426.0  63493.0 
64427.0  63494.0 
64428.1  64467.1 
64428.2  64468.1 
64428.3  64469.1 
64429.0  63496.0 
64430.0  63497.0 
64431.0  63498.0 
64432.0  63499.0 
64433.0  63500.0 
64434.0  63501.0 
64435.0  63502.0 
64436.0  63503.0 
64437.13  63504.13 
64437.14  64031.6 
64438.0  63505.0 
64439.0  63506.0 
64440.0  63507.0 
64441.0  63508.0 
64442.29  64466.10 
64442.30  64466.12 
64442.30  63509.30 
64443.0  63510.0 
64445.1  64470.1 
64446.0  63513.0 
64447.0  63514.0 
64449.0  63516.0 
64450.0  63517.0 
64451.0  63518.0 
64452.0  63519.0 
64453.0  63520.0 
64454.0  63521.0 
64455.0  63522.0 
64456.0  63523.0 
64457.0  63524.0 
64458.0  63525.0 
64459.0  57504.0 
64460.0  63526.0 
64461.1  64472.0 
64461.1  64014.0 
64461.1  64027.0 
64461.1  64018.0 
64461.1  64017.0 
64461.1  64023.0 
64461.1  64028.0 
64461.1  64029.0 
64461.1  64473.1 
64461.1  64474.1 
64461.1  64475.1 
64461.1  64476.1 
64461.1  64477.1 
64462.0  63528.0 
64463.1  64478.1 
64464.1  64479.1 
64465.1  64480.1 
64466.11  64481.0 
64466.12  63509.29 
64466.13  64482.1 
64466.14  63466.7 
64466.14  63098.14 
64467.1  64483.0 
64467.1  64014.0 
64467.1  64484.0 
64467.1  64485.0 
64467.1  64017.0 
64467.1  64486.0 
64467.1  64015.0 
64467.1  64487.0 
64467.1  64018.0 
64467.1  64020.0 
64467.1  64488.0 
64467.1  64023.0 
64467.1  64489.2 
64468.1  64491.0 
64468.1  64014.0 
64468.1  64484.0 
64468.1  64485.0 
64468.1  64015.0 
64468.1  64017.0 
64468.1  64486.0 
64468.1  64018.0 
64468.1  64487.0 
64468.1  64020.0 
64468.1  64492.0 
64468.1  64023.0 
64468.1  64428.1 
64469.1  64493.0 
64469.1  64014.0 
64469.1  64017.0 
64469.1  64428.2 
64470.1  64495.0 
64470.1  64014.0 
64470.1  64496.0 
64470.1  64017.0 
64470.1  64023.0 
64470.1  64029.0 
64470.1  64074.0 
64470.1  64497.3 
64470.1  64497.4 
64470.1  64497.5 
64470.1  64497.6 
64470.1  64497.7 
64471.1  64026.0 
64471.1  64014.0 
64471.1  64017.0 
64472.0  63538.0 
64473.1  64498.1 
64474.1  64499.1 
64475.1  64500.1 
64476.1  64501.1 
64477.1  64502.1 
64478.1  64503.0 
64478.1  64014.0 
64478.1  64017.0 
64478.1  64023.0 
64479.1  64504.0 
64479.1  64014.0 
64479.1  64017.0 
64479.1  64023.0 
64480.1  64506.0 
64480.1  64014.0 
64480.1  64017.0 
64481.0  62398.0 
64482.1  64466.10 
64483.0  63548.0 
64484.0  63549.0 
64485.0  63550.0 
64486.0  63551.0 
64487.0  63552.0 
64489.1  64507.1 
64489.2  64508.1 
64490.1  64510.0 
64490.1  64014.0 
64490.1  64027.0 
64490.1  64018.0 
64490.1  64017.0 
64490.1  64023.0 
64490.1  64028.0 
64490.1  64029.0 
64490.1  64079.0 
64490.1  64080.0 
64490.1  64081.0 
64490.1  64511.1 
64490.1  64512.1 
64490.2  64513.1 
64490.3  64514.1 
64491.0  63556.0 
64493.0  63558.0 
64494.1  64515.0 
64494.1  64014.0 
64494.1  64027.0 
64494.1  64018.0 
64494.1  64017.0 
64494.1  64023.0 
64494.1  64028.0 
64494.1  64029.0 
64495.0  63560.0 
64496.0  63561.0 
64497.1  64516.1 
64497.2  64516.2 
64497.3  64516.3 
64497.4  64516.4 
64497.5  64516.5 
64497.6  64516.6 
64497.7  64516.7 
64498.1  64504.0 
64498.1  64014.0 
64498.1  64017.0 
64498.1  64023.0 
64499.1  64503.0 
64499.1  64014.0 
64499.1  64017.0 
64499.1  64023.0 
64500.1  64517.0 
64500.1  64014.0 
64500.1  64017.0 
64500.1  64023.0 
64501.1  64517.0 
64501.1  64014.0 
64501.1  64017.0 
64501.1  64023.0 
64502.1  64517.0 
64502.1  64014.0 
64502.1  64017.0 
64502.1  64023.0 
64503.0  63568.0 
64504.0  63569.0 
64506.0  63571.0 
64507.1  64483.0 
64507.1  64014.0 
64507.1  64484.0 
64507.1  64485.0 
64507.1  64017.0 
64507.1  64486.0 
64507.1  64015.0 
64507.1  64487.0 
64507.1  64018.0 
64507.1  64020.0 
64507.1  64519.0 
64507.1  64023.0 
64507.1  64520.1 
64508.1  64491.0 
64508.1  64014.0 
64508.1  64484.0 
64508.1  64485.0 
64508.1  64015.0 
64508.1  64017.0 
64508.1  64486.0 
64508.1  64018.0 
64508.1  64487.0 
64508.1  64020.0 
64508.1  64522.0 
64508.1  64023.0 
64508.1  64489.1 
64509.1  64491.0 
64509.1  64014.0 
64509.1  64484.0 
64509.1  64485.0 
64509.1  64015.0 
64509.1  64017.0 
64509.1  64486.0 
64509.1  64018.0 
64509.1  64487.0 
64509.1  64020.0 
64509.1  64523.0 
64509.1  64023.0 
64510.0  63575.0 
64511.1  64524.0 
64512.1  64525.1 
64513.1  64526.1 
64514.1  64527.1 
64515.0  63580.0 
64516.1  64528.0 
64516.1  64014.0 
64516.1  64529.0 
64516.1  64018.0 
64516.1  64017.0 
64516.1  64530.0 
64516.1  64023.0 
64516.1  64531.0 
64516.1  64532.0 
64516.1  64028.0 
64516.1  64533.0 
64516.1  64534.0 
64516.1  64535.0 
64516.1  64029.0 
64516.1  64536.0 
64516.1  64537.0 
64516.1  64538.0 
64516.1  64539.0 
64516.1  64540.0 
64516.1  64541.0 
64516.1  64542.0 
64516.1  64543.0 
64516.1  64544.0 
64516.1  64545.0 
64516.1  64546.0 
64516.1  64547.0 
64516.1  64548.0 
64516.1  64549.0 
64516.1  64550.0 
64516.1  64551.0 
64516.1  64552.0 
64516.1  64553.0 
64516.1  64554.0 
64516.1  64555.0 
64516.1  64556.0 
64516.1  64557.0 
64516.1  64558.0 
64516.1  64559.0 
64516.1  64560.0 
64516.1  64561.0 
64516.1  64562.0 
64516.1  64563.0 
64516.1  64564.0 
64516.1  64565.0 
64516.1  64566.0 
64516.1  64567.0 
64516.1  64568.0 
64516.1  64569.0 
64516.1  64570.0 
64516.1  64571.0 
64516.1  64572.0 
64516.1  64573.0 
64516.1  64574.0 
64516.1  64575.0 
64516.1  64576.0 
64516.1  64577.0 
64516.1  64578.0 
64516.1  64579.0 
64516.1  64580.0 
64516.1  64581.0 
64516.1  64582.0 
64516.1  64583.0 
64516.1  64584.0 
64516.1  64585.0 
64516.1  64586.0 
64516.1  64587.0 
64516.1  64588.0 
64516.1  64589.0 
64516.1  64590.0 
64516.1  64591.0 
64516.1  64592.0 
64516.1  64593.0 
64516.1  64594.0 
64516.1  64595.0 
64516.1  64596.0 
64516.1  64597.0 
64516.1  64598.0 
64516.1  64599.0 
64516.1  64600.0 
64516.1  64601.0 
64516.1  64602.0 
64516.1  64603.0 
64516.1  64604.0 
64516.1  64605.0 
64516.1  64606.0 
64516.1  64607.0 
64516.2  64608.0 
64516.2  64609.0 
64516.2  64610.0 
64516.2  64611.0 
64516.2  64612.0 
64516.2  64613.0 
64516.2  64614.0 
64516.2  64615.0 
64516.2  64616.0 
64516.2  64617.0 
64516.2  64618.0 
64516.2  64619.0 
64516.2  64620.0 
64516.2  64621.0 
64516.2  64622.0 
64516.2  64623.0 
64516.2  64624.0 
64516.2  64625.0 
64516.2  64626.0 
64516.2  64627.0 
64516.2  64628.0 
64516.2  64629.0 
64516.2  64630.0 
64516.2  64631.0 
64516.2  64632.0 
64516.2  64633.0 
64516.2  64634.0 
64516.2  64635.0 
64516.2  64636.0 
64516.2  64637.0 
64516.2  64638.0 
64516.2  64639.0 
64516.2  64640.0 
64516.2  64641.0 
64516.2  64642.0 
64516.2  64643.0 
64516.2  64644.0 
64516.2  64645.0 
64516.2  64646.0 
64516.2  64647.0 
64516.2  64648.0 
64516.2  64649.0 
64516.2  64650.0 
64516.2  64651.0 
64516.2  64652.0 
64516.2  64653.0 
64516.2  64654.0 
64516.2  64655.0 
64516.2  64656.0 
64516.2  64657.0 
64516.2  64658.0 
64516.2  64659.0 
64516.2  64660.0 
64516.2  64661.0 
64516.2  64662.0 
64516.2  64663.0 
64516.2  64664.0 
64516.2  64665.0 
64516.2  64666.0 
64516.2  64667.0 
64516.2  64668.0 
64516.2  64669.0 
64516.2  64670.0 
64516.2  64671.0 
64516.2  64672.0 
64516.2  64673.0 
64516.2  64674.0 
64516.2  64675.0 
64516.2  64676.0 
64516.2  64677.0 
64516.2  64678.0 
64516.2  64679.0 
64516.2  64680.0 
64516.2  64681.0 
64516.2  64682.0 
64516.2  64683.0 
64516.2  64684.0 
64516.2  64685.0 
64516.3  64686.0 
64516.3  64687.0 
64516.3  64688.0 
64516.3  64689.0 
64516.3  64690.0 
64516.3  64691.0 
64516.3  64692.0 
64516.3  64693.0 
64516.3  64694.0 
64516.3  64695.0 
64516.3  64696.0 
64516.3  64697.0 
64516.3  64698.0 
64516.3  64699.0 
64516.3  64700.0 
64516.3  64701.0 
64516.3  64702.0 
64516.3  64703.0 
64516.3  64704.0 
64516.3  64705.0 
64516.3  64706.0 
64516.3  64707.0 
64516.3  64708.0 
64516.3  64709.0 
64516.3  64710.0 
64516.3  64711.0 
64516.3  64712.0 
64516.3  64713.0 
64516.3  64714.0 
64516.3  64715.0 
64516.3  64716.0 
64516.3  64717.0 
64516.3  64718.0 
64516.3  64719.0 
64516.3  64720.0 
64516.3  64721.0 
64516.3  64722.0 
64516.3  64723.0 
64516.3  64724.0 
64516.3  64725.0 
64516.3  64726.0 
64516.3  64727.0 
64516.3  64728.0 
64516.3  64729.0 
64516.3  64730.0 
64516.3  64731.0 
64516.3  64732.0 
64516.3  64733.0 
64516.3  64734.0 
64516.3  64735.0 
64516.3  64736.0 
64516.3  64737.0 
64516.3  64738.0 
64516.3  64739.0 
64516.3  64740.0 
64516.3  64741.0 
64516.3  64742.0 
64516.3  64743.0 
64516.3  64744.0 
64516.3  64745.0 
64516.3  64746.0 
64516.3  64747.0 
64516.3  64748.0 
64516.3  64749.0 
64516.3  64750.0 
64516.3  64751.0 
64516.3  64752.0 
64516.3  64753.0 
64516.3  64754.0 
64516.3  64755.0 
64516.3  64756.0 
64516.3  64757.0 
64516.3  64758.0 
64516.3  64759.0 
64516.3  64760.0 
64516.3  64761.0 
64516.3  64762.0 
64516.3  64763.0 
64516.3  64764.0 
64516.4  64765.0 
64516.4  64766.0 
64516.4  64767.0 
64516.4  64768.0 
64516.4  64769.0 
64516.4  64770.0 
64516.4  64771.0 
64516.4  64772.0 
64516.4  64773.0 
64516.4  64774.0 
64516.4  64775.0 
64516.4  64776.0 
64516.4  64777.0 
64516.4  64778.0 
64516.4  64779.0 
64516.4  64780.0 
64516.4  64781.0 
64516.4  64782.0 
64516.4  64783.0 
64516.4  64784.0 
64516.4  64785.0 
64516.4  64786.0 
64516.4  64787.0 
64516.4  64788.0 
64516.4  64789.0 
64516.4  64790.0 
64516.4  64791.0 
64516.4  64792.0 
64516.4  64793.0 
64516.4  64794.0 
64516.4  64795.0 
64516.4  64796.0 
64516.4  64797.0 
64516.4  64798.0 
64516.4  64799.0 
64516.4  64800.0 
64516.4  64801.0 
64516.4  64802.0 
64516.4  64803.0 
64516.5  64804.0 
64516.5  64805.0 
64516.5  64806.0 
64516.5  64807.0 
64516.5  64808.0 
64516.5  64809.0 
64516.5  64810.0 
64516.5  64811.0 
64516.5  64812.0 
64516.5  64813.0 
64516.5  64814.0 
64516.5  64815.0 
64516.5  64816.0 
64516.5  64817.0 
64516.5  64818.0 
64516.5  64819.0 
64516.5  64820.0 
64516.5  64821.0 
64516.5  64822.0 
64516.5  64823.0 
64516.5  64824.0 
64516.5  64825.0 
64516.5  64826.0 
64516.5  64827.0 
64516.5  64828.0 
64516.5  64829.0 
64516.5  64830.0 
64516.5  64831.0 
64516.5  64832.0 
64516.5  64833.0 
64516.5  64834.0 
64516.5  64835.0 
64516.5  64836.0 
64516.5  64837.0 
64516.5  64838.0 
64516.5  64839.0 
64516.5  64840.0 
64516.5  64841.0 
64516.5  64842.0 
64516.5  64843.0 
64516.5  64844.0 
64516.5  64845.0 
64516.5  64846.0 
64516.5  64847.0 
64516.5  64848.0 
64516.5  64849.0 
64516.5  64850.0 
64516.5  64851.0 
64516.6  64852.0 
64516.6  64853.0 
64516.6  64854.0 
64516.6  64855.0 
64516.6  64856.0 
64516.6  64857.0 
64516.6  64858.0 
64516.6  64859.0 
64516.6  64860.0 
64516.6  64861.0 
64516.6  64862.0 
64516.6  64863.0 
64516.6  64864.0 
64516.6  64865.0 
64516.6  64866.0 
64516.6  64867.0 
64516.6  64868.0 
64516.6  64869.0 
64516.6  64870.0 
64516.6  64871.0 
64516.6  64872.0 
64516.6  64873.0 
64516.6  64874.0 
64516.6  64875.0 
64516.6  64876.0 
64516.6  64877.0 
64516.6  64878.0 
64516.7  64879.0 
64516.7  64880.0 
64516.7  64881.0 
64516.7  64882.0 
64516.7  64883.0 
64516.7  64884.0 
64516.7  64885.0 
64516.7  64886.0 
64516.7  64887.0 
64516.7  64888.0 
64516.7  64889.0 
64516.7  64890.0 
64516.7  64891.0 
64516.7  64892.0 
64516.7  64893.0 
64516.7  64894.0 
64516.7  64895.0 
64516.7  64896.0 
64516.7  64897.0 
64516.7  64898.0 
64516.7  64899.0 
64516.7  64900.0 
64516.7  64901.0 
64516.7  64902.0 
64516.7  64903.0 
64516.7  64904.0 
64516.7  64905.0 
64516.7  64906.0 
64516.7  64907.0 
64516.7  64908.0 
64516.7  64909.0 
64516.7  64910.0 
64516.7  64911.0 
64516.7  64912.0 
64516.7  64913.0 
64516.7  64914.0 
64516.7  64915.0 
64516.7  64916.0 
64516.7  64917.0 
64516.7  64918.0 
64516.7  64919.0 
64517.0  63582.0 
64518.1  64921.0 
64518.1  63081.0 
64518.1  63094.0 
64518.1  63085.0 
64518.1  63084.0 
64518.1  63090.0 
64518.1  63095.0 
64518.1  63096.0 
64518.1  63146.0 
64518.1  63147.0 
64518.1  63148.0 
64518.1  64922.1 
64518.1  64923.1 
64518.1  63141.0 
64518.1  63153.0 
64518.1  64924.1 
64520.1  64925.1 
64521.1  63092.1 
64525.1  64927.0 
64525.1  64014.0 
64525.1  64017.0 
64525.1  64023.0 
64525.1  64029.0 
64525.1  64928.1 
64526.1  64927.0 
64526.1  64014.0 
64526.1  64017.0 
64526.1  64023.0 
64526.1  64029.0 
64526.1  64930.1 
64527.1  64927.0 
64527.1  64014.0 
64527.1  64017.0 
64527.1  64023.0 
64527.1  64029.0 
64527.1  64932.1 
64528.0  63593.0 
64529.0  63594.0 
64530.0  63595.0 
64532.0  63597.0 
64533.0  63598.0 
64534.0  63599.0 
64535.0  63600.0 
64536.0  63601.0 
64537.0  63602.0 
64538.0  63603.0 
64539.0  63604.0 
64540.0  63605.0 
64541.0  63606.0 
64542.0  63607.0 
64543.0  63608.0 
64544.0  63609.0 
64545.0  63610.0 
64546.0  63611.0 
64547.0  63612.0 
64548.0  63613.0 
64549.0  63614.0 
64550.0  63615.0 
64551.0  63616.0 
64552.0  63617.0 
64553.0  63618.0 
64554.0  63619.0 
64555.0  63620.0 
64556.0  63621.0 
64557.0  63622.0 
64558.0  63623.0 
64559.0  63624.0 
64560.0  63625.0 
64561.0  63626.0 
64562.0  63627.0 
64563.0  63628.0 
64564.0  63629.0 
64565.0  63630.0 
64566.0  63631.0 
64567.0  63632.0 
64568.0  63633.0 
64569.0  63634.0 
64570.0  63635.0 
64571.0  63636.0 
64572.0  63637.0 
64573.0  63638.0 
64574.0  63639.0 
64575.0  63640.0 
64576.0  63641.0 
64577.0  63642.0 
64578.0  63643.0 
64579.0  63644.0 
64580.0  63645.0 
64581.0  63646.0 
64582.0  63647.0 
64583.0  63648.0 
64584.0  63649.0 
64585.0  63650.0 
64586.0  63651.0 
64587.0  63652.0 
64588.0  63653.0 
64589.0  63654.0 
64590.0  63655.0 
64591.0  63656.0 
64592.0  63657.0 
64593.0  63658.0 
64594.0  63659.0 
64595.0  63660.0 
64596.0  63661.0 
64597.0  63662.0 
64598.0  63663.0 
64599.0  63664.0 
64600.0  63665.0 
64601.0  63666.0 
64602.0  63667.0 
64603.0  63668.0 
64604.0  63669.0 
64605.0  63670.0 
64606.0  63671.0 
64607.0  63672.0 
64608.0  63673.0 
64609.0  63674.0 
64610.0  63675.0 
64611.0  63676.0 
64612.0  63677.0 
64613.0  63678.0 
64614.0  63679.0 
64615.0  63680.0 
64616.0  63681.0 
64617.0  63682.0 
64618.0  63683.0 
64619.0  63684.0 
64620.0  63685.0 
64621.0  63686.0 
64622.0  63687.0 
64623.0  63688.0 
64624.0  63689.0 
64625.0  63690.0 
64626.0  63691.0 
64627.0  63692.0 
64628.0  63693.0 
64629.0  63694.0 
64630.0  63695.0 
64631.0  63696.0 
64632.0  63697.0 
64633.0  63698.0 
64634.0  63699.0 
64635.0  63700.0 
64636.0  63701.0 
64637.0  63702.0 
64638.0  63703.0 
64639.0  63704.0 
64640.0  63705.0 
64641.0  63706.0 
64642.0  63707.0 
64643.0  63708.0 
64644.0  63709.0 
64645.0  63710.0 
64646.0  63711.0 
64647.0  63712.0 
64648.0  63713.0 
64649.0  63714.0 
64650.0  63715.0 
64651.0  63716.0 
64652.0  63717.0 
64653.0  63718.0 
64654.0  63719.0 
64655.0  63720.0 
64656.0  63721.0 
64657.0  63722.0 
64658.0  63723.0 
64659.0  63724.0 
64660.0  63725.0 
64661.0  63726.0 
64662.0  63727.0 
64663.0  63728.0 
64664.0  63729.0 
64665.0  63730.0 
64666.0  63731.0 
64667.0  63732.0 
64668.0  63733.0 
64669.0  63734.0 
64670.0  63735.0 
64671.0  63736.0 
64672.0  63737.0 
64673.0  63738.0 
64674.0  63739.0 
64675.0  63740.0 
64676.0  63741.0 
64677.0  63742.0 
64678.0  63743.0 
64679.0  63744.0 
64680.0  63745.0 
64681.0  63746.0 
64682.0  63747.0 
64683.0  63748.0 
64684.0  63749.0 
64685.0  63750.0 
64686.0  63751.0 
64687.0  63752.0 
64688.0  63753.0 
64689.0  63754.0 
64690.0  63755.0 
64691.0  63756.0 
64692.0  63757.0 
64693.0  63758.0 
64694.0  63759.0 
64695.0  63760.0 
64696.0  63761.0 
64697.0  63762.0 
64698.0  63763.0 
64699.0  63764.0 
64700.0  63765.0 
64701.0  63766.0 
64702.0  63767.0 
64703.0  63768.0 
64704.0  63769.0 
64705.0  63770.0 
64706.0  63771.0 
64707.0  63772.0 
64708.0  63773.0 
64709.0  63774.0 
64710.0  63775.0 
64711.0  63776.0 
64712.0  63777.0 
64713.0  63778.0 
64714.0  63779.0 
64715.0  63780.0 
64716.0  63781.0 
64717.0  63782.0 
64718.0  63783.0 
64719.0  63784.0 
64720.0  63785.0 
64721.0  63786.0 
64722.0  63787.0 
64723.0  63788.0 
64724.0  63789.0 
64725.0  63790.0 
64726.0  63791.0 
64727.0  63792.0 
64728.0  63793.0 
64729.0  63794.0 
64730.0  63795.0 
64731.0  63796.0 
64732.0  63797.0 
64733.0  63798.0 
64735.0  63800.0 
64736.0  63801.0 
64737.0  63802.0 
64738.0  63803.0 
64739.0  63804.0 
64740.0  63805.0 
64741.0  63806.0 
64742.0  63807.0 
64743.0  63808.0 
64744.0  63809.0 
64745.0  63810.0 
64746.0  63811.0 
64747.0  63812.0 
64748.0  63813.0 
64749.0  63814.0 
64750.0  63815.0 
64751.0  63816.0 
64752.0  63817.0 
64753.0  63818.0 
64754.0  63819.0 
64755.0  63820.0 
64756.0  63821.0 
64757.0  63822.0 
64758.0  63823.0 
64759.0  63824.0 
64760.0  63825.0 
64761.0  63826.0 
64762.0  63827.0 
64763.0  63828.0 
64764.0  63829.0 
64765.0  63830.0 
64766.0  63831.0 
64767.0  63832.0 
64768.0  63833.0 
64769.0  63834.0 
64770.0  63835.0 
64771.0  63836.0 
64772.0  63837.0 
64773.0  63838.0 
64774.0  63839.0 
64775.0  63840.0 
64776.0  63841.0 
64777.0  63842.0 
64778.0  63843.0 
64779.0  63844.0 
64780.0  63845.0 
64781.0  63846.0 
64782.0  63847.0 
64783.0  63848.0 
64784.0  63849.0 
64785.0  63850.0 
64786.0  63851.0 
64787.0  63852.0 
64788.0  63853.0 
64789.0  63854.0 
64790.0  63855.0 
64791.0  63856.0 
64792.0  63857.0 
64793.0  63858.0 
64794.0  63859.0 
64795.0  63860.0 
64796.0  63861.0 
64797.0  63862.0 
64798.0  63863.0 
64799.0  63864.0 
64800.0  63865.0 
64801.0  63866.0 
64802.0  63867.0 
64803.0  63868.0 
64804.0  63869.0 
64805.0  63870.0 
64806.0  63871.0 
64807.0  63872.0 
64808.0  63873.0 
64809.0  63874.0 
64810.0  63875.0 
64811.0  63876.0 
64812.0  63877.0 
64813.0  63878.0 
64814.0  63879.0 
64815.0  63880.0 
64816.0  63881.0 
64817.0  63882.0 
64818.0  63883.0 
64819.0  63884.0 
64820.0  63885.0 
64821.0  63886.0 
64822.0  63887.0 
64823.0  63888.0 
64824.0  63889.0 
64825.0  63890.0 
64826.0  63891.0 
64827.0  63892.0 
64828.0  63893.0 
64829.0  63894.0 
64830.0  63895.0 
64831.0  63896.0 
64832.0  63897.0 
64833.0  63898.0 
64834.0  63899.0 
64835.0  63900.0 
64836.0  63901.0 
64837.0  63902.0 
64838.0  63903.0 
64839.0  63904.0 
64840.0  63905.0 
64841.0  63906.0 
64842.0  63907.0 
64843.0  63908.0 
64844.0  63909.0 
64845.0  63910.0 
64846.0  63911.0 
64847.0  63912.0 
64848.0  63913.0 
64849.0  63914.0 
64850.0  63915.0 
64851.0  63916.0 
64852.0  63917.0 
64853.0  63918.0 
64854.0  63919.0 
64855.0  63920.0 
64856.0  63921.0 
64857.0  63922.0 
64858.0  63923.0 
64859.0  63924.0 
64860.0  63925.0 
64861.0  63926.0 
64862.0  63927.0 
64863.0  63928.0 
64864.0  63929.0 
64865.0  63930.0 
64866.0  63931.0 
64867.0  63932.0 
64868.0  63933.0 
64869.0  63934.0 
64870.0  63935.0 
64871.0  63936.0 
64872.0  63937.0 
64873.0  63938.0 
64874.0  63939.0 
64875.0  63940.0 
64876.0  63941.0 
64877.0  63942.0 
64878.0  63943.0 
64879.0  63944.0 
64880.0  63945.0 
64881.0  63946.0 
64882.0  63947.0 
64883.0  63948.0 
64884.0  63949.0 
64885.0  63950.0 
64886.0  63951.0 
64887.0  63952.0 
64888.0  63953.0 
64889.0  63954.0 
64890.0  63955.0 
64920.1  63548.0 
64920.1  63081.0 
64920.1  63549.0 
64920.1  63550.0 
64920.1  63084.0 
64920.1  63551.0 
64920.1  63082.0 
64920.1  63552.0 
64920.1  63085.0 
64920.1  63087.0 
64920.1  64933.0 
64920.1  63090.0 
64920.1  63495.3 
64921.0  62926.0 
64922.1  64934.1 
64923.1  64935.1 
64924.1  64936.1 
64925.1  64937.0 
64925.1  63081.0 
64925.1  63084.0 
64925.1  64938.3 
64927.0  63991.0 
64928.1  64939.0 
64930.1  64940.0 
64932.1  64941.0 
64934.1  63991.0 
64934.1  63081.0 
64934.1  63084.0 
64934.1  63090.0 
64934.1  63096.0 
64934.1  64943.1 
64935.1  64944.0 
64935.1  63081.0 
64935.1  63084.0 
64935.1  63090.0 
64935.1  64945.22 
64936.1  64944.0 
64936.1  63081.0 
64936.1  63084.0 
64936.1  63090.0 
64936.1  64946.22 
64937.0  63023.0 
64938.3  63495.3 
64943.1  64947.0 
64944.0  63051.0 
64945.21  63052.21 
64945.22  64948.1 
64945.23  64490.1 
64946.21  63053.21 
64946.22  64948.2 
64946.23  64490.2 
64948.3  63555.3 
64011.0  64012.0 
64012.0  64025.0 
64031.0  64032.0 
64032.0  64461.0 
64461.0  64471.0 
64467.0  64025.0 
64468.0  64490.0 
64469.0  64490.0 
64470.0  64494.0 
64471.0  64025.0 
64478.0  64032.0 
64479.0  64032.0 
64480.0  64505.0 
64490.0  64509.0 
64494.0  64031.0 
64498.0  64461.0 
64499.0  64461.0 
64500.0  64461.0 
64501.0  64461.0 
64502.0  64461.0 
64505.0  64032.0 
64507.0  64518.0 
64508.0  64521.0 
64509.0  64025.0 
64516.0  64494.0 
64518.0  64920.0 
64524.0  64490.0 
64525.0  64926.0 
64526.0  64929.0 
64527.0  64931.0 
64920.0  64521.0 
64925.0  64518.0 
64926.0  64490.0 
64929.0  64490.0 
64931.0  64490.0 
64934.0  64942.0 
64935.0  64518.0 
64936.0  64518.0 
64939.0  64926.0 
64940.0  64929.0 
64941.0  64931.0 
64942.0  64518.0 
64947.0  64942.0 
64030.1  64031.11 
