38157.1  38159.0 
38157.1  38160.0 
38157.1  38161.0 
38157.1  38162.0 
38157.1  38163.0 
38157.1  38164.0 
38157.1  38165.0 
38157.1  38166.0 
38157.1  38167.0 
38157.1  38168.0 
38157.1  38169.0 
38157.1  38170.0 
38158.1  38172.0 
38158.1  38160.0 
38158.1  38163.0 
38159.0  37219.0 
38160.0  37220.0 
38161.0  37221.0 
38162.0  37222.0 
38163.0  37223.0 
38164.0  37224.0 
38165.0  37225.0 
38166.0  37226.0 
38169.0  37229.0 
38170.0  395.0 
38171.1  38160.0 
38171.1  38173.0 
38171.1  38164.0 
38171.1  38163.0 
38171.1  38169.0 
38171.1  38174.0 
38171.1  38175.0 
38172.0  37232.0 
38173.0  37233.0 
38174.0  37234.0 
38175.0  37235.0 
38156.1  38157.1 
38177.1  38179.0 
38177.1  38180.0 
38177.1  38181.0 
38177.1  38182.0 
38177.1  38160.0 
38177.1  38183.0 
38177.1  38184.0 
38177.1  38185.0 
38177.1  38186.0 
38177.1  38164.0 
38177.1  38187.0 
38177.1  38188.0 
38177.1  38189.0 
38177.1  38190.0 
38177.1  38191.0 
38177.1  38192.0 
38177.1  38193.0 
38177.1  38194.0 
38177.1  38195.0 
38177.1  38196.0 
38177.1  38197.0 
38177.1  38198.0 
38177.1  38199.0 
38177.1  38200.0 
38177.1  38201.0 
38177.1  38163.0 
38177.1  38202.0 
38177.1  38203.0 
38177.1  38204.0 
38177.1  38205.0 
38177.1  38206.0 
38177.1  38207.0 
38177.1  38208.0 
38177.1  38209.0 
38177.1  38210.0 
38177.1  38211.0 
38177.1  38212.0 
38177.1  38213.0 
38177.1  38214.0 
38177.1  38215.0 
38177.1  38216.0 
38177.1  38217.0 
38177.1  38218.0 
38177.1  38219.0 
38177.1  38220.0 
38177.1  38169.0 
38177.1  38221.0 
38177.1  38222.0 
38177.1  38223.0 
38177.1  38224.0 
38177.1  38175.0 
38177.1  38225.0 
38177.1  38226.0 
38177.1  38227.0 
38177.1  38228.0 
38177.1  38229.0 
38177.1  38230.0 
38177.1  38231.0 
38177.1  38232.0 
38177.1  38233.0 
38177.1  38234.0 
38177.1  38235.0 
38177.1  38236.0 
38177.1  38237.0 
38177.1  38238.0 
38177.1  38239.0 
38177.1  38240.0 
38177.1  38241.0 
38177.1  38242.0 
38177.1  38243.0 
38177.1  38244.0 
38177.1  38245.0 
38177.1  38246.0 
38177.1  38247.0 
38177.1  38248.0 
38177.1  38249.0 
38177.1  38250.0 
38177.1  38251.0 
38177.1  38252.0 
38177.1  38253.0 
38177.1  38254.0 
38177.1  38255.0 
38177.1  38256.0 
38177.1  38257.0 
38177.1  38258.0 
38177.1  38259.0 
38177.1  38260.0 
38177.1  38261.0 
38177.1  38262.0 
38177.1  38263.0 
38177.1  38264.0 
38177.1  38265.0 
38177.1  38266.0 
38177.1  38267.0 
38177.1  38268.0 
38177.1  38269.0 
38177.1  38270.0 
38177.1  38271.0 
38177.1  38272.0 
38177.1  38273.0 
38177.1  38274.0 
38177.1  38275.0 
38177.1  38276.0 
38177.1  38277.0 
38177.1  38278.0 
38177.1  38279.0 
38177.1  38280.0 
38177.1  38281.0 
38177.1  38282.0 
38177.1  38283.0 
38177.1  38284.0 
38177.1  38285.0 
38177.1  38286.0 
38177.1  38287.0 
38177.1  38288.0 
38177.1  38289.0 
38177.1  38290.0 
38177.1  38291.0 
38177.1  38292.0 
38177.1  38293.0 
38177.1  38294.0 
38177.1  38295.0 
38177.1  38296.0 
38177.1  38297.0 
38177.1  38298.0 
38177.1  38299.0 
38177.1  38300.0 
38177.1  38301.0 
38177.1  38302.0 
38177.1  38303.0 
38177.1  38304.0 
38177.1  38305.0 
38177.1  38306.0 
38177.1  38307.0 
38177.1  38308.0 
38177.1  38309.0 
38177.1  38310.0 
38177.1  38311.0 
38177.1  38312.0 
38177.1  38313.0 
38177.1  38314.0 
38177.1  38315.0 
38177.1  38316.0 
38177.1  38317.0 
38177.1  38318.0 
38177.1  38319.0 
38177.1  38320.0 
38177.1  38321.0 
38177.1  38322.0 
38177.1  38323.0 
38177.1  38324.0 
38177.1  38325.0 
38177.1  38326.0 
38177.1  38327.0 
38177.1  38328.0 
38177.1  38329.0 
38177.1  38330.0 
38177.1  38331.0 
38177.1  38332.0 
38177.1  38333.0 
38177.1  38334.0 
38177.1  38335.0 
38177.1  38336.0 
38177.1  38337.0 
38177.1  38338.0 
38177.1  38174.0 
38177.1  38339.0 
38177.1  38340.0 
38177.1  38341.0 
38177.1  38342.1 
38177.1  38343.0 
38177.1  38344.0 
38177.1  38345.0 
38177.1  38346.0 
38177.1  38347.0 
38177.1  38348.0 
38177.2  38349.0 
38177.2  38350.0 
38177.2  38351.0 
38177.2  38352.0 
38177.2  38353.0 
38177.2  38354.0 
38177.2  38355.0 
38177.2  38356.0 
38177.2  38357.0 
38177.2  38358.0 
38177.2  38359.0 
38177.2  38360.0 
38177.2  38361.0 
38177.2  38362.0 
38177.2  38363.0 
38177.2  38364.0 
38177.2  38365.0 
38177.2  38366.0 
38177.2  38367.0 
38177.2  38368.0 
38177.2  38369.0 
38177.2  38370.0 
38177.2  38371.0 
38177.2  38372.0 
38177.2  38373.0 
38177.2  38374.0 
38177.2  38375.0 
38177.2  38376.0 
38177.2  38377.0 
38177.2  38378.0 
38177.2  38379.0 
38177.2  38161.0 
38177.2  38380.0 
38177.2  38381.0 
38177.2  38382.0 
38177.2  38383.0 
38177.2  38384.0 
38177.2  38385.0 
38177.2  38386.0 
38177.2  38387.0 
38177.2  38388.0 
38177.2  38389.0 
38177.2  38390.0 
38177.2  38166.0 
38177.2  38391.0 
38177.2  38392.0 
38177.2  38393.0 
38177.2  38394.0 
38177.2  38395.0 
38177.2  38396.0 
38177.2  38397.0 
38177.2  38398.0 
38177.2  38399.0 
38177.2  38400.0 
38177.2  38401.0 
38177.2  38402.0 
38177.2  38403.0 
38177.2  38404.0 
38177.2  38405.0 
38177.2  38406.0 
38177.2  38407.0 
38177.2  38408.0 
38177.2  38409.0 
38177.2  38410.0 
38177.2  38411.0 
38177.2  38412.0 
38177.2  38413.0 
38177.2  38414.0 
38177.2  38415.0 
38177.2  38416.0 
38177.2  38417.0 
38177.2  38418.0 
38177.2  38419.0 
38177.2  38420.0 
38177.2  38421.0 
38177.2  38422.0 
38177.2  38423.0 
38177.2  38424.0 
38177.2  38425.0 
38177.2  38426.0 
38177.2  38427.0 
38177.2  38428.0 
38177.2  38429.0 
38177.2  38430.0 
38177.2  38431.0 
38177.2  38432.0 
38177.2  38433.0 
38177.2  38434.0 
38177.2  38435.0 
38177.2  38436.0 
38177.2  38437.0 
38177.2  38438.0 
38177.2  38439.0 
38177.2  38440.0 
38177.2  38441.0 
38177.2  38442.0 
38177.2  38443.0 
38177.2  38444.0 
38177.2  38445.0 
38177.2  38446.0 
38177.2  38447.0 
38177.2  38448.0 
38177.2  38449.0 
38177.2  38450.0 
38177.2  38451.0 
38177.2  38452.0 
38177.2  38453.0 
38177.2  38454.0 
38177.2  38455.0 
38177.2  38456.0 
38177.2  38457.0 
38177.2  38458.0 
38177.2  38459.0 
38177.2  38460.0 
38177.2  38461.0 
38177.2  38462.0 
38177.2  38463.0 
38177.2  38464.0 
38177.2  38465.0 
38177.2  38466.0 
38177.2  38467.0 
38177.2  38468.0 
38177.2  38469.0 
38177.2  38470.0 
38177.2  38471.0 
38177.2  38472.0 
38177.2  38473.0 
38177.2  38474.0 
38177.2  38475.0 
38177.2  38476.0 
38177.2  38477.0 
38177.2  38478.0 
38177.2  38479.0 
38177.2  38480.0 
38177.2  38481.0 
38177.2  38482.0 
38177.2  38483.0 
38177.2  38484.0 
38177.2  38485.0 
38177.2  38486.0 
38177.2  38487.0 
38177.2  38488.0 
38177.2  38489.0 
38177.2  38490.0 
38177.2  38491.0 
38177.2  38492.0 
38177.2  38493.0 
38177.2  38494.0 
38177.2  38495.0 
38177.2  38496.0 
38177.2  38497.0 
38177.2  38498.0 
38177.2  38499.0 
38177.2  38500.0 
38177.2  38501.0 
38177.2  38502.0 
38177.2  38503.0 
38177.2  38504.0 
38177.2  38505.0 
38177.2  38506.0 
38177.2  38507.1 
38177.2  38508.0 
38177.2  38509.0 
38177.2  38510.0 
38177.2  38511.0 
38177.2  38512.0 
38177.2  38513.0 
38177.2  38514.0 
38177.2  38515.0 
38177.2  38516.0 
38177.2  38517.0 
38177.2  38518.0 
38177.2  38519.0 
38177.2  38520.0 
38177.2  38521.0 
38177.2  38522.41 
38177.2  38523.41 
38177.2  38524.0 
38177.2  38525.0 
38177.2  38526.0 
38177.2  38527.0 
38177.2  38528.0 
38177.2  38529.0 
38177.2  38530.0 
38177.2  38531.0 
38177.2  38532.0 
38177.2  38533.0 
38177.2  38534.0 
38177.2  38535.0 
38177.2  38536.0 
38177.3  38537.0 
38177.3  38538.0 
38177.3  38539.0 
38177.3  38540.0 
38177.3  38541.0 
38177.3  38542.0 
38177.3  38543.0 
38177.3  38544.0 
38177.3  38545.2 
38177.3  38546.0 
38177.3  38547.0 
38177.3  38548.0 
38177.3  38549.0 
38177.3  38550.0 
38177.3  38551.0 
38177.4  38552.0 
38177.4  38553.0 
38177.4  38554.0 
38177.4  38555.0 
38177.4  38156.1 
38177.5  38556.0 
38177.5  38557.0 
38177.5  38558.0 
38177.5  38559.0 
38177.5  38560.0 
38177.5  38561.1 
38177.5  38562.0 
38177.5  38563.82 
38177.5  38564.82 
38177.5  38565.0 
38177.5  38566.0 
38177.6  38567.0 
38177.6  38568.0 
38177.6  38569.0 
38177.6  38570.0 
38177.6  38571.0 
38177.6  38572.0 
38177.6  38165.0 
38177.6  38162.0 
38177.6  38573.0 
38177.6  38574.3 
38177.6  38575.0 
38177.6  38576.0 
38177.6  38577.0 
38177.6  38578.0 
38177.6  38579.0 
38177.6  38580.0 
38177.6  38581.0 
38177.6  38582.0 
38177.6  38583.41 
38177.6  38584.0 
38177.6  38585.0 
38177.7  38586.0 
38177.7  38587.0 
38177.7  38588.98 
38177.7  38589.0 
38177.7  38590.0 
38177.7  38591.1 
38177.7  38592.0 
38177.7  38593.0 
38177.7  38594.0 
38177.7  38595.0 
38177.7  38596.0 
38177.8  38597.0 
38177.8  38598.0 
38177.8  38599.0 
38177.8  38600.0 
38177.8  38601.0 
38177.9  38602.0 
38177.9  38603.0 
38177.9  38604.0 
38177.9  38605.0 
38177.10  38606.0 
38177.10  38607.0 
38177.10  38608.0 
38177.11  38609.0 
38178.1  38611.0 
38178.1  38160.0 
38178.1  38173.0 
38178.1  38164.0 
38178.1  38163.0 
38178.1  38169.0 
38178.1  38174.0 
38178.1  38175.0 
38178.1  38612.1 
38178.1  38613.1 
38178.1  38614.1 
38179.0  37239.0 
38180.0  37240.0 
38181.0  37241.0 
38182.0  37242.0 
38183.0  37243.0 
38184.0  37244.0 
38185.0  37245.0 
38186.0  37246.0 
38187.0  37247.0 
38188.0  37248.0 
38189.0  37249.0 
38190.0  37250.0 
38191.0  37251.0 
38192.0  37252.0 
38193.0  37253.0 
38194.0  37254.0 
38195.0  37255.0 
38196.0  37256.0 
38197.0  37257.0 
38198.0  37258.0 
38199.0  37259.0 
38200.0  37260.0 
38201.0  37261.0 
38202.0  37262.0 
38203.0  37263.0 
38204.0  37264.0 
38205.0  37265.0 
38206.0  37266.0 
38207.0  37267.0 
38208.0  37268.0 
38209.0  37269.0 
38210.0  37270.0 
38211.0  37271.0 
38212.0  37272.0 
38213.0  37273.0 
38214.0  37274.0 
38215.0  37275.0 
38216.0  37276.0 
38217.0  37277.0 
38218.0  37278.0 
38219.0  37279.0 
38220.0  37280.0 
38221.0  37281.0 
38222.0  37282.0 
38223.0  37283.0 
38224.0  37284.0 
38225.0  37285.0 
38226.0  37286.0 
38227.0  37287.0 
38228.0  37288.0 
38229.0  37289.0 
38230.0  37290.0 
38231.0  37291.0 
38232.0  37292.0 
38233.0  37293.0 
38234.0  37294.0 
38235.0  37295.0 
38236.0  37296.0 
38237.0  37297.0 
38238.0  37298.0 
38239.0  37299.0 
38240.0  37300.0 
38241.0  37301.0 
38242.0  37302.0 
38243.0  37303.0 
38244.0  37304.0 
38245.0  37305.0 
38246.0  37306.0 
38247.0  37307.0 
38248.0  37308.0 
38249.0  37309.0 
38250.0  37310.0 
38251.0  37311.0 
38252.0  37312.0 
38253.0  37313.0 
38254.0  37314.0 
38255.0  37315.0 
38256.0  37316.0 
38257.0  37317.0 
38258.0  37318.0 
38259.0  37319.0 
38260.0  37320.0 
38261.0  37321.0 
38262.0  37322.0 
38263.0  37323.0 
38264.0  37324.0 
38265.0  37325.0 
38266.0  37326.0 
38267.0  37327.0 
38268.0  37328.0 
38269.0  37329.0 
38270.0  37330.0 
38271.0  37331.0 
38272.0  37332.0 
38273.0  37333.0 
38274.0  37334.0 
38275.0  37335.0 
38276.0  37336.0 
38277.0  37337.0 
38278.0  37338.0 
38279.0  37339.0 
38280.0  37340.0 
38281.0  37341.0 
38282.0  37342.0 
38283.0  37343.0 
38284.0  37344.0 
38285.0  37345.0 
38286.0  37346.0 
38287.0  37347.0 
38288.0  37348.0 
38289.0  37349.0 
38290.0  37350.0 
38291.0  37351.0 
38292.0  37352.0 
38293.0  37353.0 
38294.0  37354.0 
38295.0  37355.0 
38296.0  37356.0 
38297.0  37357.0 
38298.0  37358.0 
38299.0  37359.0 
38300.0  37360.0 
38301.0  37361.0 
38302.0  37362.0 
38303.0  37363.0 
38304.0  37364.0 
38305.0  37365.0 
38306.0  37366.0 
38307.0  37367.0 
38308.0  37368.0 
38309.0  37369.0 
38310.0  37370.0 
38311.0  37371.0 
38312.0  37372.0 
38313.0  37373.0 
38314.0  37374.0 
38315.0  37375.0 
38316.0  37376.0 
38317.0  37377.0 
38318.0  37378.0 
38319.0  37379.0 
38320.0  37380.0 
38321.0  37381.0 
38322.0  37382.0 
38323.0  37383.0 
38324.0  37384.0 
38325.0  37385.0 
38326.0  37386.0 
38327.0  37387.0 
38328.0  37388.0 
38329.0  37389.0 
38330.0  37390.0 
38331.0  37391.0 
38332.0  37392.0 
38333.0  37393.0 
38334.0  37394.0 
38335.0  37395.0 
38336.0  37396.0 
38337.0  37397.0 
38338.0  37398.0 
38339.0  37399.0 
38340.0  37400.0 
38341.0  37401.0 
38342.1  38615.16 
38343.0  37403.0 
38344.0  37404.0 
38345.0  37405.0 
38346.0  37406.0 
38347.0  37407.0 
38348.0  37408.0 
38349.0  37409.0 
38350.0  37410.0 
38351.0  37411.0 
38352.0  37412.0 
38353.0  37413.0 
38354.0  37414.0 
38355.0  37415.0 
38356.0  37416.0 
38357.0  37417.0 
38358.0  37418.0 
38359.0  37419.0 
38360.0  37420.0 
38361.0  37421.0 
38362.0  37422.0 
38363.0  37423.0 
38364.0  37424.0 
38365.0  37425.0 
38366.0  37426.0 
38367.0  37427.0 
38368.0  37428.0 
38369.0  37429.0 
38370.0  37430.0 
38371.0  37431.0 
38372.0  37432.0 
38373.0  37433.0 
38374.0  37434.0 
38375.0  37435.0 
38376.0  37436.0 
38377.0  37437.0 
38378.0  37438.0 
38379.0  37439.0 
38380.0  37440.0 
38381.0  37441.0 
38382.0  37442.0 
38383.0  37443.0 
38384.0  37444.0 
38385.0  37445.0 
38386.0  37446.0 
38387.0  37447.0 
38388.0  37448.0 
38389.0  37449.0 
38390.0  37450.0 
38392.0  37452.0 
38393.0  37453.0 
38394.0  37454.0 
38395.0  37455.0 
38396.0  37456.0 
38397.0  37457.0 
38398.0  37458.0 
38399.0  37459.0 
38400.0  37460.0 
38401.0  37461.0 
38402.0  37462.0 
38403.0  37463.0 
38404.0  37464.0 
38405.0  37465.0 
38406.0  37466.0 
38407.0  37467.0 
38408.0  37468.0 
38409.0  37469.0 
38410.0  37470.0 
38411.0  37471.0 
38412.0  37472.0 
38413.0  37473.0 
38414.0  37474.0 
38415.0  37475.0 
38416.0  37476.0 
38417.0  37477.0 
38418.0  37478.0 
38419.0  37479.0 
38420.0  37480.0 
38421.0  37481.0 
38422.0  37482.0 
38423.0  37483.0 
38424.0  37484.0 
38425.0  37485.0 
38426.0  37486.0 
38427.0  37487.0 
38428.0  37488.0 
38429.0  37489.0 
38430.0  37490.0 
38431.0  37491.0 
38432.0  37492.0 
38433.0  37493.0 
38434.0  37494.0 
38435.0  37495.0 
38436.0  37496.0 
38437.0  37497.0 
38438.0  37498.0 
38439.0  37499.0 
38440.0  37500.0 
38441.0  37501.0 
38442.0  37502.0 
38443.0  37503.0 
38444.0  37504.0 
38445.0  37505.0 
38446.0  37506.0 
38447.0  37507.0 
38448.0  37508.0 
38449.0  37509.0 
38450.0  37510.0 
38451.0  37511.0 
38452.0  37512.0 
38453.0  37513.0 
38454.0  37514.0 
38455.0  37515.0 
38456.0  37516.0 
38457.0  37517.0 
38458.0  37518.0 
38459.0  37519.0 
38460.0  37520.0 
38461.0  37521.0 
38462.0  37522.0 
38463.0  37523.0 
38464.0  37524.0 
38465.0  37525.0 
38466.0  37526.0 
38467.0  37527.0 
38468.0  37528.0 
38469.0  37529.0 
38470.0  37530.0 
38471.0  37531.0 
38472.0  37532.0 
38473.0  37533.0 
38474.0  37534.0 
38475.0  37535.0 
38476.0  37536.0 
38477.0  37537.0 
38478.0  37538.0 
38479.0  37539.0 
38480.0  37540.0 
38481.0  37541.0 
38482.0  37542.0 
38483.0  37543.0 
38484.0  37544.0 
38485.0  37545.0 
38486.0  37546.0 
38487.0  37547.0 
38488.0  37548.0 
38489.0  37549.0 
38490.0  37550.0 
38491.0  37551.0 
38492.0  37552.0 
38493.0  37553.0 
38494.0  37554.0 
38495.0  37555.0 
38496.0  37556.0 
38497.0  37557.0 
38498.0  37558.0 
38499.0  37559.0 
38500.0  37560.0 
38501.0  37561.0 
38502.0  37562.0 
38503.0  37563.0 
38504.0  37564.0 
38505.0  37565.0 
38506.0  37566.0 
38507.1  38615.14 
38508.0  37568.0 
38509.0  37569.0 
38510.0  37570.0 
38511.0  37571.0 
38512.0  37572.0 
38513.0  37573.0 
38514.0  37574.0 
38515.0  37575.0 
38516.0  37576.0 
38517.0  37577.0 
38518.0  37578.0 
38519.0  37579.0 
38520.0  37580.0 
38521.0  37581.0 
38522.41  38615.15 
38522.41  37582.41 
38523.41  38615.15 
38523.41  37583.41 
38524.0  37584.0 
38525.0  37585.0 
38526.0  37586.0 
38527.0  37587.0 
38528.0  37588.0 
38529.0  37589.0 
38530.0  37590.0 
38531.0  37591.0 
38532.0  37592.0 
38533.0  37593.0 
38534.0  37594.0 
38535.0  37595.0 
38536.0  37596.0 
38537.0  37597.0 
38538.0  37598.0 
38539.0  37599.0 
38540.0  37600.0 
38541.0  37601.0 
38542.0  37602.0 
38543.0  37603.0 
38544.0  37604.0 
38545.1  38177.1 
38545.2  38177.2 
38545.3  38177.3 
38545.4  38177.4 
38545.5  38177.8 
38545.6  38177.9 
38545.7  38177.10 
38546.0  37606.0 
38547.0  37607.0 
38548.0  37608.0 
38549.0  37609.0 
38550.0  37610.0 
38551.0  37611.0 
38552.0  37612.0 
38553.0  37613.0 
38554.0  37614.0 
38555.0  37615.0 
38556.0  37616.0 
38557.0  37617.0 
38558.0  37618.0 
38559.0  37619.0 
38560.0  37620.0 
38561.1  38615.16 
38562.0  37622.0 
38563.82  38615.16 
38563.82  37623.82 
38563.83  38177.5 
38564.82  38615.16 
38564.82  37624.82 
38564.83  38177.7 
38565.0  37625.0 
38566.0  37626.0 
38567.0  37627.0 
38568.0  37628.0 
38569.0  37629.0 
38570.0  37630.0 
38571.0  37631.0 
38572.0  37632.0 
38573.0  37633.0 
38574.1  38616.1 
38574.2  38617.1 
38574.3  38618.1 
38575.0  37635.0 
38576.0  37636.0 
38577.0  37637.0 
38578.0  37638.0 
38579.0  37639.0 
38580.0  37640.0 
38581.0  37641.0 
38582.0  37642.0 
38583.41  37643.41 
38583.42  38177.6 
38584.0  37644.0 
38585.0  37645.0 
38586.0  37646.0 
38587.0  37647.0 
38588.96  38615.9 
38588.97  38615.12 
38588.98  38615.15 
38588.98  37648.98 
38589.0  37649.0 
38591.1  38619.1 
38592.0  37652.0 
38593.0  37653.0 
38595.0  37655.0 
38596.0  37656.0 
38597.0  37657.0 
38598.0  37658.0 
38599.0  37659.0 
38600.0  37660.0 
38601.0  37661.0 
38602.0  28975.0 
38603.0  28976.0 
38604.0  28977.0 
38605.1  38177.9 
38606.0  37662.0 
38607.0  37663.0 
38608.0  37664.0 
38609.0  37665.0 
38610.1  38621.0 
38610.1  38160.0 
38610.1  38173.0 
38610.1  38164.0 
38610.1  38163.0 
38610.1  38169.0 
38610.1  38174.0 
38610.1  38175.0 
38610.1  38622.1 
38610.1  38623.1 
38610.1  38624.1 
38610.1  38625.1 
38610.1  38626.1 
38611.0  37667.0 
38612.1  38627.1 
38613.1  38628.1 
38614.1  38629.1 
38615.11  38630.0 
38615.12  37648.96 
38615.13  37605.8 
38615.14  38631.0 
38615.15  37648.97 
38615.16  38632.1 
38615.16  37237.16 
38616.1  38633.0 
38616.1  38160.0 
38616.1  38634.0 
38616.1  38635.0 
38616.1  38163.0 
38616.1  38636.0 
38616.1  38161.0 
38616.1  38637.0 
38616.1  38164.0 
38616.1  38166.0 
38616.1  38638.0 
38616.1  38169.0 
38616.1  38639.2 
38617.1  38641.0 
38617.1  38160.0 
38617.1  38634.0 
38617.1  38635.0 
38617.1  38161.0 
38617.1  38163.0 
38617.1  38636.0 
38617.1  38164.0 
38617.1  38637.0 
38617.1  38166.0 
38617.1  38642.0 
38617.1  38169.0 
38617.1  38574.1 
38618.1  38643.0 
38618.1  38160.0 
38618.1  38163.0 
38618.1  38574.2 
38619.1  38645.0 
38619.1  38160.0 
38619.1  38646.0 
38619.1  38163.0 
38619.1  38169.0 
38619.1  38175.0 
38619.1  38220.0 
38619.1  38647.1 
38619.1  38647.3 
38619.1  38647.4 
38619.1  38647.5 
38619.1  38647.6 
38619.1  38647.7 
38620.1  38172.0 
38620.1  38160.0 
38620.1  38163.0 
38621.0  37677.0 
38622.1  38648.1 
38623.1  38649.1 
38624.1  38650.1 
38625.1  38651.1 
38626.1  38652.1 
38627.1  38653.0 
38627.1  38160.0 
38627.1  38163.0 
38627.1  38169.0 
38628.1  38654.0 
38628.1  38160.0 
38628.1  38163.0 
38628.1  38169.0 
38629.1  38656.0 
38629.1  38160.0 
38629.1  38163.0 
38630.0  36641.0 
38631.0  36642.0 
38632.1  38615.12 
38633.0  37687.0 
38634.0  37688.0 
38635.0  37689.0 
38636.0  37690.0 
38637.0  37691.0 
38639.1  38657.1 
38639.2  38658.1 
38640.1  38660.0 
38640.1  38160.0 
38640.1  38173.0 
38640.1  38164.0 
38640.1  38163.0 
38640.1  38169.0 
38640.1  38174.0 
38640.1  38175.0 
38640.1  38225.0 
38640.1  38226.0 
38640.1  38227.0 
38640.1  38661.1 
38640.1  38662.1 
38640.2  38663.1 
38640.3  38664.1 
38641.0  37695.0 
38643.0  37697.0 
38644.1  38665.0 
38644.1  38160.0 
38644.1  38173.0 
38644.1  38164.0 
38644.1  38163.0 
38644.1  38169.0 
38644.1  38174.0 
38644.1  38175.0 
38645.0  37699.0 
38646.0  37700.0 
38647.1  38666.1 
38647.2  38666.2 
38647.3  38666.3 
38647.4  38666.4 
38647.5  38666.5 
38647.6  38666.6 
38647.7  38666.7 
38648.1  38654.0 
38648.1  38160.0 
38648.1  38163.0 
38648.1  38169.0 
38649.1  38653.0 
38649.1  38160.0 
38649.1  38163.0 
38649.1  38169.0 
38650.1  38667.0 
38650.1  38160.0 
38650.1  38163.0 
38650.1  38169.0 
38651.1  38667.0 
38651.1  38160.0 
38651.1  38163.0 
38651.1  38169.0 
38652.1  38667.0 
38652.1  38160.0 
38652.1  38163.0 
38652.1  38169.0 
38653.0  37707.0 
38654.0  37708.0 
38656.0  37710.0 
38657.1  38633.0 
38657.1  38160.0 
38657.1  38634.0 
38657.1  38635.0 
38657.1  38163.0 
38657.1  38636.0 
38657.1  38161.0 
38657.1  38637.0 
38657.1  38164.0 
38657.1  38166.0 
38657.1  38669.0 
38657.1  38169.0 
38657.1  38670.1 
38658.1  38641.0 
38658.1  38160.0 
38658.1  38634.0 
38658.1  38635.0 
38658.1  38161.0 
38658.1  38163.0 
38658.1  38636.0 
38658.1  38164.0 
38658.1  38637.0 
38658.1  38166.0 
38658.1  38672.0 
38658.1  38169.0 
38658.1  38639.1 
38659.1  38641.0 
38659.1  38160.0 
38659.1  38634.0 
38659.1  38635.0 
38659.1  38161.0 
38659.1  38163.0 
38659.1  38636.0 
38659.1  38164.0 
38659.1  38637.0 
38659.1  38166.0 
38659.1  38673.0 
38659.1  38169.0 
38660.0  37714.0 
38661.1  38674.0 
38662.1  38675.1 
38663.1  38676.1 
38664.1  38677.1 
38665.0  37719.0 
38666.1  38678.0 
38666.1  38160.0 
38666.1  38679.0 
38666.1  38164.0 
38666.1  38163.0 
38666.1  38680.0 
38666.1  38169.0 
38666.1  38681.0 
38666.1  38682.0 
38666.1  38174.0 
38666.1  38683.0 
38666.1  38684.0 
38666.1  38685.0 
38666.1  38175.0 
38666.1  38686.0 
38666.1  38687.0 
38666.1  38688.0 
38666.1  38689.0 
38666.1  38690.0 
38666.1  38691.0 
38666.1  38692.0 
38666.1  38693.0 
38666.1  38694.0 
38666.1  38695.0 
38666.1  38696.0 
38666.1  38697.0 
38666.1  38698.0 
38666.1  38699.0 
38666.1  38700.0 
38666.1  38701.0 
38666.1  38702.0 
38666.1  38703.0 
38666.1  38704.0 
38666.1  38705.0 
38666.1  38706.0 
38666.1  38707.0 
38666.1  38708.0 
38666.1  38709.0 
38666.1  38710.0 
38666.1  38711.0 
38666.1  38712.0 
38666.1  38713.0 
38666.1  38714.0 
38666.1  38715.0 
38666.1  38716.0 
38666.1  38717.0 
38666.1  38718.0 
38666.1  38719.0 
38666.1  38720.0 
38666.1  38721.0 
38666.1  38722.0 
38666.1  38723.0 
38666.1  38724.0 
38666.1  38725.0 
38666.1  38726.0 
38666.1  38727.0 
38666.1  38728.0 
38666.1  38729.0 
38666.1  38730.0 
38666.1  38731.0 
38666.1  38732.0 
38666.1  38733.0 
38666.1  38734.0 
38666.1  38735.0 
38666.1  38736.0 
38666.1  38737.0 
38666.1  38738.0 
38666.1  38739.0 
38666.1  38740.0 
38666.1  38741.0 
38666.1  38742.0 
38666.1  38743.0 
38666.1  38744.0 
38666.1  38745.0 
38666.1  38746.0 
38666.1  38747.0 
38666.1  38748.0 
38666.1  38749.0 
38666.1  38750.0 
38666.1  38751.0 
38666.1  38752.0 
38666.1  38753.0 
38666.1  38754.0 
38666.1  38755.0 
38666.1  38756.0 
38666.1  38757.0 
38666.2  38758.0 
38666.2  38759.0 
38666.2  38760.0 
38666.2  38761.0 
38666.2  38762.0 
38666.2  38763.0 
38666.2  38764.0 
38666.2  38765.0 
38666.2  38766.0 
38666.2  38767.0 
38666.2  38768.0 
38666.2  38769.0 
38666.2  38770.0 
38666.2  38771.0 
38666.2  38772.0 
38666.2  38773.0 
38666.2  38774.0 
38666.2  38775.0 
38666.2  38776.0 
38666.2  38777.0 
38666.2  38778.0 
38666.2  38779.0 
38666.2  38780.0 
38666.2  38781.0 
38666.2  38782.0 
38666.2  38783.0 
38666.2  38784.0 
38666.2  38785.0 
38666.2  38786.0 
38666.2  38787.0 
38666.2  38788.0 
38666.2  38789.0 
38666.2  38790.0 
38666.2  38791.0 
38666.2  38792.0 
38666.2  38793.0 
38666.2  38794.0 
38666.2  38795.0 
38666.2  38796.0 
38666.2  38797.0 
38666.2  38798.0 
38666.2  38799.0 
38666.2  38800.0 
38666.2  38801.0 
38666.2  38802.0 
38666.2  38803.0 
38666.2  38804.0 
38666.2  38805.0 
38666.2  38806.0 
38666.2  38807.0 
38666.2  38808.0 
38666.2  38809.0 
38666.2  38810.0 
38666.2  38811.0 
38666.2  38812.0 
38666.2  38813.0 
38666.2  38814.0 
38666.2  38815.0 
38666.2  38816.0 
38666.2  38817.0 
38666.2  38818.0 
38666.2  38819.0 
38666.2  38820.0 
38666.2  38821.0 
38666.2  38822.0 
38666.2  38823.0 
38666.2  38824.0 
38666.2  38825.0 
38666.2  38826.0 
38666.2  38827.0 
38666.2  38828.0 
38666.2  38829.0 
38666.2  38830.0 
38666.2  38831.0 
38666.2  38832.0 
38666.2  38833.0 
38666.2  38834.0 
38666.2  38835.0 
38666.2  38836.0 
38666.2  38837.0 
38666.2  38838.0 
38666.2  38839.0 
38666.2  38840.0 
38666.2  38841.0 
38666.3  38842.0 
38666.3  38843.0 
38666.3  38844.0 
38666.3  38845.0 
38666.3  38846.0 
38666.3  38847.0 
38666.3  38848.0 
38666.3  38849.0 
38666.3  38850.0 
38666.3  38851.0 
38666.3  38852.0 
38666.3  38853.0 
38666.3  38854.0 
38666.3  38855.0 
38666.3  38856.0 
38666.3  38857.0 
38666.3  38858.0 
38666.3  38859.0 
38666.3  38860.0 
38666.3  38861.0 
38666.3  38862.0 
38666.3  38863.0 
38666.3  38864.0 
38666.3  38865.0 
38666.3  38866.0 
38666.3  38867.0 
38666.3  38868.0 
38666.3  38869.0 
38666.3  38870.0 
38666.3  38871.0 
38666.3  38872.0 
38666.3  38873.0 
38666.3  38874.0 
38666.3  38875.0 
38666.3  38876.0 
38666.3  38877.0 
38666.3  38878.0 
38666.3  38879.0 
38666.3  38880.0 
38666.3  38881.0 
38666.3  38882.0 
38666.3  38883.0 
38666.3  38884.0 
38666.3  38885.0 
38666.3  38886.0 
38666.3  38887.0 
38666.3  38888.0 
38666.3  38889.0 
38666.3  38890.0 
38666.3  38891.0 
38666.3  38892.0 
38666.3  38893.0 
38666.3  38894.0 
38666.3  38895.0 
38666.3  38896.0 
38666.3  38897.0 
38666.3  38898.0 
38666.3  38899.0 
38666.3  38900.0 
38666.3  38901.0 
38666.3  38902.0 
38666.3  38903.0 
38666.3  38904.0 
38666.3  38905.0 
38666.3  38906.0 
38666.3  38907.0 
38666.3  38908.0 
38666.3  38909.0 
38666.3  38910.0 
38666.3  38911.0 
38666.4  38912.0 
38666.4  38913.0 
38666.4  38914.0 
38666.4  38915.0 
38666.4  38916.0 
38666.4  38917.0 
38666.4  38918.0 
38666.4  38919.0 
38666.4  38920.0 
38666.4  38921.0 
38666.4  38922.0 
38666.4  38923.0 
38666.4  38924.0 
38666.4  38925.0 
38666.4  38926.0 
38666.4  38927.0 
38666.4  38928.0 
38666.4  38929.0 
38666.4  38930.0 
38666.4  38931.0 
38666.4  38932.0 
38666.4  38933.0 
38666.4  38934.0 
38666.4  38935.0 
38666.4  38936.0 
38666.4  38937.0 
38666.4  38938.0 
38666.4  38939.0 
38666.4  38940.0 
38666.4  38941.0 
38666.4  38942.0 
38666.4  38943.0 
38666.4  38944.0 
38666.4  38945.0 
38666.4  38946.0 
38666.4  38947.0 
38666.4  38948.0 
38666.4  38949.0 
38666.4  38950.0 
38666.5  38951.0 
38666.5  38952.0 
38666.5  38953.0 
38666.5  38954.0 
38666.5  38955.0 
38666.5  38956.0 
38666.5  38957.0 
38666.5  38958.0 
38666.5  38959.0 
38666.5  38960.0 
38666.5  38961.0 
38666.5  38962.0 
38666.5  38963.0 
38666.5  38964.0 
38666.5  38965.0 
38666.5  38966.0 
38666.5  38967.0 
38666.5  38968.0 
38666.5  38969.0 
38666.5  38970.0 
38666.5  38971.0 
38666.5  38972.0 
38666.5  38973.0 
38666.5  38974.0 
38666.5  38975.0 
38666.5  38976.0 
38666.5  38977.0 
38666.5  38978.0 
38666.5  38979.0 
38666.5  38980.0 
38666.5  38981.0 
38666.5  38982.0 
38666.5  38983.0 
38666.5  38984.0 
38666.5  38985.0 
38666.5  38986.0 
38666.5  38987.0 
38666.5  38988.0 
38666.5  38989.0 
38666.5  38990.0 
38666.5  38991.0 
38666.5  38992.0 
38666.5  38993.0 
38666.5  38994.0 
38666.5  38995.0 
38666.5  38996.0 
38666.5  38997.0 
38666.5  38998.0 
38666.6  38999.0 
38666.6  39000.0 
38666.6  39001.0 
38666.6  39002.0 
38666.6  39003.0 
38666.6  39004.0 
38666.6  39005.0 
38666.6  39006.0 
38666.6  39007.0 
38666.6  39008.0 
38666.6  39009.0 
38666.6  39010.0 
38666.6  39011.0 
38666.6  39012.0 
38666.6  39013.0 
38666.6  39014.0 
38666.6  39015.0 
38666.6  39016.0 
38666.6  39017.0 
38666.6  39018.0 
38666.6  39019.0 
38666.6  39020.0 
38666.6  39021.0 
38666.6  39022.0 
38666.6  39023.0 
38666.6  39024.0 
38666.6  39025.0 
38666.6  39026.0 
38666.6  39027.0 
38666.6  39028.0 
38666.7  39029.0 
38666.7  39030.0 
38666.7  39031.0 
38666.7  39032.0 
38666.7  39033.0 
38666.7  39034.0 
38666.7  39035.0 
38666.7  39036.0 
38666.7  39037.0 
38666.7  39038.0 
38666.7  39039.0 
38666.7  39040.0 
38666.7  39041.0 
38666.7  39042.0 
38666.7  39043.0 
38666.7  39044.0 
38666.7  39045.0 
38666.7  39046.0 
38666.7  39047.0 
38666.7  39048.0 
38666.7  39049.0 
38666.7  39050.0 
38666.7  39051.0 
38666.7  39052.0 
38666.7  39053.0 
38666.7  39054.0 
38666.7  39055.0 
38666.7  39056.0 
38666.7  39057.0 
38666.7  39058.0 
38666.7  39059.0 
38666.7  39060.0 
38666.7  39061.0 
38666.7  39062.0 
38666.7  39063.0 
38666.7  39064.0 
38666.7  39065.0 
38666.7  39066.0 
38666.7  39067.0 
38666.7  39068.0 
38666.7  39069.0 
38666.7  39070.0 
38666.7  39071.0 
38666.7  39072.0 
38666.7  39073.0 
38666.7  39074.0 
38666.7  39075.0 
38667.0  37721.0 
38668.1  39077.0 
38668.1  37220.0 
38668.1  37233.0 
38668.1  37224.0 
38668.1  37223.0 
38668.1  37229.0 
38668.1  37234.0 
38668.1  37235.0 
38668.1  37285.0 
38668.1  37286.0 
38668.1  37287.0 
38668.1  39078.1 
38668.1  39079.1 
38668.1  37280.0 
38668.1  37292.0 
38668.1  39080.1 
38670.1  39081.1 
38671.1  37231.1 
38675.1  39083.0 
38675.1  38160.0 
38675.1  38163.0 
38675.1  38169.0 
38675.1  38175.0 
38675.1  39084.1 
38676.1  39083.0 
38676.1  38160.0 
38676.1  38163.0 
38676.1  38169.0 
38676.1  38175.0 
38676.1  39086.1 
38677.1  39083.0 
38677.1  38160.0 
38677.1  38163.0 
38677.1  38169.0 
38677.1  38175.0 
38677.1  39088.1 
38678.0  37732.0 
38679.0  37733.0 
38680.0  37734.0 
38682.0  37736.0 
38683.0  37737.0 
38684.0  37738.0 
38685.0  37739.0 
38686.0  37740.0 
38687.0  37741.0 
38688.0  37742.0 
38689.0  37743.0 
38690.0  37744.0 
38691.0  37745.0 
38692.0  37746.0 
38693.0  37747.0 
38694.0  37748.0 
38695.0  37749.0 
38696.0  37750.0 
38697.0  37751.0 
38698.0  37752.0 
38699.0  37753.0 
38700.0  37754.0 
38701.0  37755.0 
38702.0  37756.0 
38703.0  37757.0 
38704.0  37758.0 
38705.0  37759.0 
38706.0  37760.0 
38707.0  37761.0 
38708.0  37762.0 
38709.0  37763.0 
38710.0  37764.0 
38711.0  37765.0 
38712.0  37766.0 
38713.0  37767.0 
38714.0  37768.0 
38715.0  37769.0 
38716.0  37770.0 
38717.0  37771.0 
38718.0  37772.0 
38719.0  37773.0 
38720.0  37774.0 
38721.0  37775.0 
38722.0  37776.0 
38723.0  37777.0 
38724.0  37778.0 
38725.0  37779.0 
38726.0  37780.0 
38727.0  37781.0 
38728.0  37782.0 
38729.0  37783.0 
38730.0  37784.0 
38731.0  37785.0 
38732.0  37786.0 
38733.0  37787.0 
38734.0  37788.0 
38735.0  37789.0 
38736.0  37790.0 
38737.0  37791.0 
38738.0  37792.0 
38739.0  37793.0 
38740.0  37794.0 
38741.0  37795.0 
38742.0  37796.0 
38743.0  37797.0 
38744.0  37798.0 
38745.0  37799.0 
38746.0  37800.0 
38747.0  37801.0 
38748.0  37802.0 
38749.0  37803.0 
38750.0  37804.0 
38751.0  37805.0 
38752.0  37806.0 
38753.0  37807.0 
38754.0  37808.0 
38755.0  37809.0 
38756.0  37810.0 
38757.0  37811.0 
38758.0  37812.0 
38759.0  37813.0 
38760.0  37814.0 
38761.0  37815.0 
38762.0  37816.0 
38763.0  37817.0 
38764.0  37818.0 
38765.0  37819.0 
38766.0  37820.0 
38767.0  37821.0 
38768.0  37822.0 
38769.0  37823.0 
38770.0  37824.0 
38771.0  37825.0 
38772.0  37826.0 
38773.0  37827.0 
38774.0  37828.0 
38775.0  37829.0 
38776.0  37830.0 
38777.0  37831.0 
38778.0  37832.0 
38779.0  37833.0 
38780.0  37834.0 
38781.0  37835.0 
38782.0  37836.0 
38783.0  37837.0 
38784.0  37838.0 
38785.0  37839.0 
38786.0  37840.0 
38787.0  37841.0 
38788.0  37842.0 
38789.0  37843.0 
38790.0  37844.0 
38791.0  37845.0 
38792.0  37846.0 
38793.0  37847.0 
38794.0  37848.0 
38795.0  37849.0 
38796.0  37850.0 
38797.0  37851.0 
38798.0  37852.0 
38799.0  37853.0 
38800.0  37854.0 
38801.0  37855.0 
38802.0  37856.0 
38803.0  37857.0 
38804.0  37858.0 
38805.0  37859.0 
38806.0  37860.0 
38807.0  37861.0 
38808.0  37862.0 
38809.0  37863.0 
38810.0  37864.0 
38811.0  37865.0 
38812.0  37866.0 
38813.0  37867.0 
38814.0  37868.0 
38815.0  37869.0 
38816.0  37870.0 
38817.0  37871.0 
38818.0  37872.0 
38819.0  37873.0 
38820.0  37874.0 
38821.0  37875.0 
38822.0  37876.0 
38823.0  37877.0 
38824.0  37878.0 
38825.0  37879.0 
38826.0  37880.0 
38827.0  37881.0 
38828.0  37882.0 
38829.0  37883.0 
38830.0  37884.0 
38831.0  37885.0 
38832.0  37886.0 
38833.0  37887.0 
38834.0  37888.0 
38835.0  37889.0 
38836.0  37890.0 
38837.0  37891.0 
38838.0  37892.0 
38839.0  37893.0 
38840.0  37894.0 
38841.0  37895.0 
38842.0  37896.0 
38843.0  37897.0 
38844.0  37898.0 
38845.0  37899.0 
38846.0  37900.0 
38847.0  37901.0 
38848.0  37902.0 
38849.0  37903.0 
38850.0  37904.0 
38851.0  37905.0 
38852.0  37906.0 
38853.0  37907.0 
38854.0  37908.0 
38855.0  37909.0 
38856.0  37910.0 
38857.0  37911.0 
38858.0  37912.0 
38859.0  37913.0 
38860.0  37914.0 
38861.0  37915.0 
38862.0  37916.0 
38863.0  37917.0 
38864.0  37918.0 
38865.0  37919.0 
38866.0  37920.0 
38867.0  37921.0 
38868.0  37922.0 
38869.0  37923.0 
38870.0  37924.0 
38871.0  37925.0 
38872.0  37926.0 
38873.0  37927.0 
38874.0  37928.0 
38876.0  37930.0 
38877.0  37931.0 
38878.0  37932.0 
38879.0  37933.0 
38880.0  37934.0 
38881.0  37935.0 
38882.0  37936.0 
38883.0  37937.0 
38884.0  37938.0 
38885.0  37939.0 
38886.0  37940.0 
38887.0  37941.0 
38888.0  37942.0 
38889.0  37943.0 
38890.0  37944.0 
38891.0  37945.0 
38892.0  37946.0 
38893.0  37947.0 
38894.0  37948.0 
38895.0  37949.0 
38896.0  37950.0 
38897.0  37951.0 
38898.0  37952.0 
38899.0  37953.0 
38900.0  37954.0 
38901.0  37955.0 
38902.0  37956.0 
38903.0  37957.0 
38904.0  37958.0 
38905.0  37959.0 
38906.0  37960.0 
38907.0  37961.0 
38908.0  37962.0 
38909.0  37963.0 
38910.0  37964.0 
38911.0  37965.0 
38912.0  37966.0 
38913.0  37967.0 
38914.0  37968.0 
38915.0  37969.0 
38916.0  37970.0 
38917.0  37971.0 
38918.0  37972.0 
38919.0  37973.0 
38920.0  37974.0 
38921.0  37975.0 
38922.0  37976.0 
38923.0  37977.0 
38924.0  37978.0 
38925.0  37979.0 
38926.0  37980.0 
38927.0  37981.0 
38928.0  37982.0 
38929.0  37983.0 
38930.0  37984.0 
38931.0  37985.0 
38932.0  37986.0 
38933.0  37987.0 
38934.0  37988.0 
38935.0  37989.0 
38936.0  37990.0 
38937.0  37991.0 
38938.0  37992.0 
38939.0  37993.0 
38940.0  37994.0 
38941.0  37995.0 
38942.0  37996.0 
38943.0  37997.0 
38944.0  37998.0 
38945.0  37999.0 
38946.0  38000.0 
38947.0  38001.0 
38948.0  38002.0 
38949.0  38003.0 
38950.0  38004.0 
38951.0  38005.0 
38952.0  38006.0 
38953.0  38007.0 
38954.0  38008.0 
38955.0  38009.0 
38956.0  38010.0 
38957.0  38011.0 
38958.0  38012.0 
38959.0  38013.0 
38960.0  38014.0 
38961.0  38015.0 
38962.0  38016.0 
38963.0  38017.0 
38964.0  38018.0 
38965.0  38019.0 
38966.0  38020.0 
38967.0  38021.0 
38968.0  38022.0 
38969.0  38023.0 
38970.0  38024.0 
38971.0  38025.0 
38972.0  38026.0 
38973.0  38027.0 
38974.0  38028.0 
38975.0  38029.0 
38976.0  38030.0 
38977.0  38031.0 
38978.0  38032.0 
38979.0  38033.0 
38980.0  38034.0 
38981.0  38035.0 
38982.0  38036.0 
38983.0  38037.0 
38984.0  38038.0 
38985.0  38039.0 
38986.0  38040.0 
38987.0  38041.0 
38988.0  38042.0 
38989.0  38043.0 
38990.0  38044.0 
38991.0  38045.0 
38992.0  38046.0 
38993.0  38047.0 
38994.0  38048.0 
38995.0  38049.0 
38996.0  38050.0 
38997.0  38051.0 
38998.0  38052.0 
38999.0  38053.0 
39000.0  38054.0 
39001.0  38055.0 
39002.0  38056.0 
39003.0  38057.0 
39004.0  38058.0 
39005.0  38059.0 
39006.0  38060.0 
39007.0  38061.0 
39008.0  38062.0 
39009.0  38063.0 
39010.0  38064.0 
39011.0  38065.0 
39012.0  38066.0 
39013.0  38067.0 
39014.0  38068.0 
39015.0  38069.0 
39016.0  38070.0 
39017.0  38071.0 
39018.0  38072.0 
39019.0  38073.0 
39020.0  38074.0 
39021.0  38075.0 
39022.0  38076.0 
39023.0  38077.0 
39024.0  38078.0 
39025.0  38079.0 
39026.0  38080.0 
39027.0  38081.0 
39028.0  38082.0 
39029.0  38083.0 
39030.0  38084.0 
39031.0  38085.0 
39032.0  38086.0 
39033.0  38087.0 
39034.0  38088.0 
39035.0  38089.0 
39036.0  38090.0 
39037.0  38091.0 
39038.0  38092.0 
39039.0  38093.0 
39040.0  38094.0 
39041.0  38095.0 
39042.0  38096.0 
39043.0  38097.0 
39044.0  38098.0 
39045.0  38099.0 
39046.0  38100.0 
39076.1  37687.0 
39076.1  37220.0 
39076.1  37688.0 
39076.1  37689.0 
39076.1  37223.0 
39076.1  37690.0 
39076.1  37221.0 
39076.1  37691.0 
39076.1  37224.0 
39076.1  37226.0 
39076.1  39089.0 
39076.1  37229.0 
39076.1  37634.3 
39077.0  37126.0 
39078.1  39090.1 
39079.1  39091.1 
39080.1  39092.1 
39081.1  39093.0 
39081.1  37220.0 
39081.1  37223.0 
39081.1  39094.3 
39083.0  38136.0 
39084.1  39095.0 
39086.1  39096.0 
39088.1  39097.0 
39090.1  38136.0 
39090.1  37220.0 
39090.1  37223.0 
39090.1  37229.0 
39090.1  37235.0 
39090.1  39099.1 
39091.1  39100.0 
39091.1  37220.0 
39091.1  37223.0 
39091.1  37229.0 
39091.1  39101.43 
39092.1  39100.0 
39092.1  37220.0 
39092.1  37223.0 
39092.1  37229.0 
39092.1  39102.8 
39093.0  37183.0 
39094.3  37634.3 
39099.1  39103.0 
39100.0  37200.0 
39101.42  37201.42 
39101.43  39104.1 
39101.44  38640.1 
39102.7  37202.7 
39102.8  39104.2 
39102.9  38640.2 
39104.3  37694.3 
38177.12  39105.0 
39105.0  38154.0 
38177.13  38588.99 
38177.14  38545.9 
38177.15  38631.0 
38177.16  38588.100 
38177.17  39107.1 
39107.1  38177.13 
38157.0  38158.0 
38158.0  38171.0 
38177.0  38178.0 
38178.0  38610.0 
38610.0  38620.0 
38616.0  38171.0 
38617.0  38640.0 
38618.0  38640.0 
38619.0  38644.0 
38620.0  38171.0 
38627.0  38178.0 
38628.0  38178.0 
38629.0  38655.0 
38640.0  38659.0 
38644.0  38177.0 
38648.0  38610.0 
38649.0  38610.0 
38650.0  38610.0 
38651.0  38610.0 
38652.0  38610.0 
38655.0  38178.0 
38657.0  38668.0 
38658.0  38671.0 
38659.0  38171.0 
38666.0  38644.0 
38668.0  39076.0 
38674.0  38640.0 
38675.0  39082.0 
38676.0  39085.0 
38677.0  39087.0 
39076.0  38671.0 
39081.0  38668.0 
39082.0  38640.0 
39085.0  38640.0 
39087.0  38640.0 
39090.0  39098.0 
39091.0  38668.0 
39092.0  38668.0 
39095.0  39082.0 
39096.0  39085.0 
39097.0  39087.0 
39098.0  38668.0 
39103.0  39098.0 
38176.1  38177.11 
39106.1  38177.12 
38176.2  38177.12 
39106.2  38177.17 
