49679.1  49681.0 
49679.1  49682.0 
49679.1  49683.0 
49679.1  49684.0 
49679.1  49685.0 
49679.1  49686.0 
49679.1  49687.0 
49679.1  49688.0 
49679.1  49689.0 
49679.1  49690.0 
49679.1  49691.0 
49679.1  49692.0 
49679.1  49693.0 
49679.1  49694.0 
49679.1  49695.0 
49679.1  49696.0 
49679.1  49697.0 
49679.1  49698.0 
49679.1  49699.0 
49679.1  49700.0 
49679.1  49701.0 
49679.1  49702.0 
49679.1  49703.0 
49679.1  49704.0 
49679.1  49705.0 
49679.1  49706.0 
49679.1  49707.0 
49679.1  49708.0 
49679.1  49709.0 
49679.1  49710.0 
49679.1  49711.0 
49679.1  49712.0 
49679.1  49713.0 
49679.1  49714.0 
49679.1  49715.0 
49679.1  49716.0 
49679.1  49717.0 
49679.1  49718.0 
49679.1  49719.0 
49679.1  49720.0 
49679.1  49721.0 
49679.1  49722.0 
49679.1  49723.0 
49679.1  49724.0 
49679.1  49725.0 
49679.1  49726.0 
49679.1  49727.0 
49679.1  49728.0 
49679.1  49729.0 
49679.1  49730.0 
49679.1  49731.0 
49679.1  49732.0 
49679.1  49733.0 
49679.1  49734.0 
49679.1  49735.0 
49679.1  49736.0 
49679.1  49737.0 
49679.1  49738.0 
49679.1  49739.0 
49679.1  49740.0 
49679.1  49741.0 
49679.1  49742.0 
49679.1  49743.0 
49679.1  49744.0 
49679.1  49745.0 
49679.1  49746.0 
49679.1  49747.0 
49679.1  49748.0 
49679.1  49749.0 
49679.1  49750.0 
49679.1  49751.0 
49679.1  49752.0 
49679.1  49753.0 
49679.1  49754.0 
49679.1  49755.0 
49679.1  49756.0 
49679.1  49757.0 
49679.1  49758.0 
49679.1  49759.0 
49679.1  49760.0 
49679.1  49761.0 
49679.1  49762.0 
49679.1  49763.0 
49679.1  49764.0 
49679.1  49765.0 
49679.1  49766.0 
49679.1  49767.0 
49679.1  49768.0 
49679.1  49769.0 
49679.1  49770.0 
49679.1  49771.0 
49679.1  49772.0 
49679.1  49773.0 
49679.1  49774.0 
49679.1  49775.0 
49679.1  49776.0 
49679.1  49777.0 
49679.1  49778.0 
49679.1  49779.0 
49679.1  49780.0 
49679.1  49781.0 
49679.1  49782.0 
49679.1  49783.0 
49679.1  49784.0 
49679.1  49785.0 
49679.1  49786.0 
49679.1  49787.0 
49679.1  49788.0 
49679.1  49789.0 
49679.1  49790.0 
49679.1  49791.0 
49679.1  49792.0 
49679.1  49793.0 
49679.1  49794.0 
49679.1  49795.0 
49679.1  49796.0 
49679.1  49797.0 
49679.1  49798.0 
49679.1  49799.0 
49679.1  49800.0 
49679.1  49801.0 
49679.1  49802.0 
49679.1  49803.0 
49679.1  49804.0 
49679.1  49805.0 
49679.1  49806.0 
49679.1  49807.0 
49679.1  49808.0 
49679.1  49809.0 
49679.1  49810.0 
49679.1  49811.0 
49679.1  49812.0 
49679.1  49813.0 
49679.1  49814.0 
49679.1  49815.0 
49679.1  49816.0 
49679.1  49817.0 
49679.1  49818.0 
49679.1  49819.0 
49679.1  49820.0 
49679.1  49821.0 
49679.1  49822.0 
49679.1  49823.0 
49679.1  49824.0 
49679.1  49825.0 
49679.1  49826.0 
49679.1  49827.0 
49679.1  49828.0 
49679.1  49829.0 
49679.1  49830.0 
49679.1  49831.0 
49679.1  49832.0 
49679.1  49833.0 
49679.1  49834.0 
49679.1  49835.0 
49679.1  49836.0 
49679.1  49837.0 
49679.1  49838.0 
49679.1  49839.0 
49679.1  49840.0 
49679.1  49841.0 
49679.1  49842.0 
49679.1  49843.0 
49679.1  49844.0 
49679.1  49845.0 
49679.1  49846.0 
49679.1  49847.0 
49679.1  49848.0 
49679.1  49849.0 
49679.1  49850.1 
49679.1  49851.0 
49679.1  49852.0 
49679.1  49853.0 
49679.1  49854.0 
49679.1  49855.0 
49679.1  49856.0 
49679.2  49857.0 
49679.2  49858.0 
49679.2  49859.0 
49679.2  49860.0 
49679.2  49861.0 
49679.2  49862.0 
49679.2  49863.0 
49679.2  49864.0 
49679.2  49865.0 
49679.2  49866.0 
49679.2  49867.0 
49679.2  49868.0 
49679.2  49869.0 
49679.2  49870.0 
49679.2  49871.0 
49679.2  49872.0 
49679.2  49873.0 
49679.2  49874.0 
49679.2  49875.0 
49679.2  49876.0 
49679.2  49877.0 
49679.2  49878.0 
49679.2  49879.0 
49679.2  49880.0 
49679.2  49881.0 
49679.2  49882.0 
49679.2  49883.0 
49679.2  49884.0 
49679.2  49885.0 
49679.2  49886.0 
49679.2  49887.0 
49679.2  49888.0 
49679.2  49889.0 
49679.2  49890.0 
49679.2  49891.0 
49679.2  49892.0 
49679.2  49893.0 
49679.2  49894.0 
49679.2  49895.0 
49679.2  49896.0 
49679.2  49897.0 
49679.2  49898.0 
49679.2  49899.0 
49679.2  49900.0 
49679.2  49901.0 
49679.2  49902.0 
49679.2  49903.0 
49679.2  49904.0 
49679.2  49905.0 
49679.2  49906.0 
49679.2  49907.0 
49679.2  49908.0 
49679.2  49909.0 
49679.2  49910.0 
49679.2  49911.0 
49679.2  49912.0 
49679.2  49913.0 
49679.2  49914.0 
49679.2  49915.0 
49679.2  49916.0 
49679.2  49917.0 
49679.2  49918.0 
49679.2  49919.0 
49679.2  49920.0 
49679.2  49921.0 
49679.2  49922.0 
49679.2  49923.0 
49679.2  49924.0 
49679.2  49925.0 
49679.2  49926.0 
49679.2  49927.0 
49679.2  49928.0 
49679.2  49929.0 
49679.2  49930.0 
49679.2  49931.0 
49679.2  49932.0 
49679.2  49933.0 
49679.2  49934.0 
49679.2  49935.0 
49679.2  49936.0 
49679.2  49937.0 
49679.2  49938.0 
49679.2  49939.0 
49679.2  49940.0 
49679.2  49941.0 
49679.2  49942.0 
49679.2  49943.0 
49679.2  49944.0 
49679.2  49945.0 
49679.2  49946.0 
49679.2  49947.0 
49679.2  49948.0 
49679.2  49949.0 
49679.2  49950.0 
49679.2  49951.0 
49679.2  49952.0 
49679.2  49953.0 
49679.2  49954.0 
49679.2  49955.0 
49679.2  49956.0 
49679.2  49957.0 
49679.2  49958.0 
49679.2  49959.0 
49679.2  49960.0 
49679.2  49961.0 
49679.2  49962.0 
49679.2  49963.0 
49679.2  49964.0 
49679.2  49965.0 
49679.2  49966.0 
49679.2  49967.0 
49679.2  49968.0 
49679.2  49969.0 
49679.2  49970.0 
49679.2  49971.0 
49679.2  49972.0 
49679.2  49973.0 
49679.2  49974.0 
49679.2  49975.0 
49679.2  49976.0 
49679.2  49977.0 
49679.2  49978.0 
49679.2  49979.0 
49679.2  49980.0 
49679.2  49981.0 
49679.2  49982.0 
49679.2  49983.0 
49679.2  49984.0 
49679.2  49985.0 
49679.2  49986.0 
49679.2  49987.0 
49679.2  49988.0 
49679.2  49989.0 
49679.2  49990.0 
49679.2  49991.0 
49679.2  49992.0 
49679.2  49993.0 
49679.2  49994.0 
49679.2  49995.0 
49679.2  49996.0 
49679.2  49997.0 
49679.2  49998.0 
49679.2  49999.0 
49679.2  50000.0 
49679.2  50001.0 
49679.2  50002.0 
49679.2  50003.0 
49679.2  50004.0 
49679.2  50005.0 
49679.2  50006.0 
49679.2  50007.0 
49679.2  50008.0 
49679.2  50009.0 
49679.2  50010.0 
49679.2  50011.0 
49679.2  50012.0 
49679.2  50013.0 
49679.2  50014.0 
49679.2  50015.0 
49679.2  50016.0 
49679.2  50017.1 
49679.2  50018.0 
49679.2  50019.0 
49679.2  50020.0 
49679.2  50021.0 
49679.2  50022.0 
49679.2  50023.0 
49679.2  50024.0 
49679.2  50025.0 
49679.2  50026.0 
49679.2  50027.0 
49679.2  50028.0 
49679.2  50029.0 
49679.2  50030.0 
49679.2  50031.0 
49679.2  50032.60 
49679.2  50033.60 
49679.2  50034.0 
49679.2  50035.0 
49679.2  50036.0 
49679.2  50037.0 
49679.2  50038.0 
49679.2  50039.0 
49679.2  50040.0 
49679.2  50041.0 
49679.2  50042.0 
49679.2  50043.0 
49679.2  50044.0 
49679.2  50045.0 
49679.2  50046.0 
49679.3  50047.0 
49679.3  50048.0 
49679.3  50049.0 
49679.3  50050.0 
49679.3  50051.0 
49679.3  50052.0 
49679.3  50053.0 
49679.3  50054.0 
49679.3  50055.2 
49679.3  50056.0 
49679.3  50057.0 
49679.3  50058.0 
49679.3  50059.0 
49679.3  50060.0 
49679.3  50061.0 
49679.4  50062.0 
49679.4  50063.0 
49679.4  50064.0 
49679.4  50065.0 
49679.4  36160.1 
49679.5  50066.0 
49679.5  50067.0 
49679.5  50068.0 
49679.5  50069.0 
49679.5  50070.0 
49679.5  50071.1 
49679.5  50072.0 
49679.5  50073.120 
49679.5  50074.120 
49679.5  50075.0 
49679.5  50076.0 
49679.6  50077.0 
49679.6  50078.0 
49679.6  50079.0 
49679.6  50080.0 
49679.6  50081.0 
49679.6  50082.0 
49679.6  50083.0 
49679.6  50084.0 
49679.6  50085.0 
49679.6  50086.3 
49679.6  50087.0 
49679.6  50088.0 
49679.6  50089.0 
49679.6  50090.0 
49679.6  50091.0 
49679.6  50092.0 
49679.6  50093.0 
49679.6  50094.0 
49679.6  50095.58 
49679.6  50096.0 
49679.6  50097.0 
49679.7  50098.0 
49679.7  50099.0 
49679.7  50100.139 
49679.7  50101.0 
49679.7  50102.0 
49679.7  50103.1 
49679.7  50104.0 
49679.7  50105.0 
49679.7  50106.0 
49679.7  50107.0 
49679.7  50108.0 
49679.8  50109.0 
49679.8  50110.0 
49679.8  50111.0 
49679.8  50112.0 
49679.8  50113.0 
49679.9  50114.0 
49679.9  50115.0 
49679.9  50116.0 
49679.9  50055.5 
49679.10  50117.0 
49679.11  50118.0 
49680.1  50120.0 
49680.1  49685.0 
49680.1  50121.0 
49680.1  49690.0 
49680.1  49706.0 
49680.1  49726.0 
49680.1  49846.0 
49680.1  49731.0 
49680.1  50122.1 
49680.1  50123.1 
49680.1  50124.1 
49681.0  48742.0 
49682.0  48743.0 
49683.0  48744.0 
49684.0  48745.0 
49685.0  48746.0 
49686.0  48747.0 
49687.0  48748.0 
49688.0  48749.0 
49689.0  48750.0 
49690.0  48751.0 
49691.0  48752.0 
49692.0  48753.0 
49693.0  48754.0 
49694.0  48755.0 
49695.0  48756.0 
49696.0  48757.0 
49697.0  48758.0 
49698.0  48759.0 
49699.0  48760.0 
49700.0  48761.0 
49701.0  48762.0 
49702.0  48763.0 
49703.0  48764.0 
49704.0  48765.0 
49705.0  48766.0 
49706.0  48767.0 
49707.0  48768.0 
49708.0  48769.0 
49709.0  48770.0 
49710.0  48771.0 
49711.0  48772.0 
49712.0  48773.0 
49713.0  48774.0 
49714.0  48775.0 
49715.0  48776.0 
49716.0  48777.0 
49717.0  48778.0 
49718.0  48779.0 
49719.0  48780.0 
49720.0  48781.0 
49721.0  48782.0 
49722.0  48783.0 
49723.0  48784.0 
49724.0  48785.0 
49725.0  48786.0 
49726.0  48787.0 
49727.0  48788.0 
49728.0  48789.0 
49729.0  48790.0 
49730.0  48791.0 
49731.0  48792.0 
49732.0  48793.0 
49733.0  48794.0 
49734.0  48795.0 
49735.0  48796.0 
49736.0  48797.0 
49737.0  48798.0 
49738.0  48799.0 
49739.0  48800.0 
49740.0  48801.0 
49741.0  48802.0 
49742.0  48803.0 
49743.0  48804.0 
49744.0  48805.0 
49745.0  48806.0 
49746.0  48807.0 
49747.0  48808.0 
49748.0  48809.0 
49749.0  48810.0 
49750.0  48811.0 
49751.0  48812.0 
49752.0  48813.0 
49753.0  48814.0 
49754.0  48815.0 
49755.0  48816.0 
49756.0  48817.0 
49757.0  48818.0 
49758.0  48819.0 
49759.0  48820.0 
49760.0  48821.0 
49761.0  48822.0 
49762.0  48823.0 
49763.0  48824.0 
49764.0  48825.0 
49765.0  48826.0 
49766.0  48827.0 
49767.0  48828.0 
49768.0  48829.0 
49769.0  48830.0 
49770.0  48831.0 
49771.0  48832.0 
49772.0  48833.0 
49773.0  48834.0 
49774.0  48835.0 
49775.0  48836.0 
49776.0  48837.0 
49777.0  48838.0 
49778.0  48839.0 
49779.0  48840.0 
49780.0  48841.0 
49781.0  48842.0 
49782.0  48843.0 
49783.0  48844.0 
49784.0  48845.0 
49785.0  48846.0 
49786.0  48847.0 
49787.0  48848.0 
49788.0  48849.0 
49789.0  48850.0 
49790.0  48851.0 
49791.0  48852.0 
49792.0  48853.0 
49793.0  48854.0 
49794.0  48855.0 
49795.0  48856.0 
49796.0  48857.0 
49797.0  48858.0 
49798.0  48859.0 
49799.0  48860.0 
49800.0  48861.0 
49801.0  48862.0 
49802.0  48863.0 
49803.0  48864.0 
49804.0  48865.0 
49805.0  48866.0 
49806.0  48867.0 
49807.0  48868.0 
49808.0  48869.0 
49809.0  48870.0 
49810.0  48871.0 
49811.0  48872.0 
49812.0  48873.0 
49813.0  48874.0 
49814.0  48875.0 
49815.0  48876.0 
49816.0  48877.0 
49817.0  48878.0 
49818.0  48879.0 
49819.0  48880.0 
49820.0  48881.0 
49821.0  48882.0 
49822.0  48883.0 
49823.0  48884.0 
49824.0  48885.0 
49825.0  48886.0 
49826.0  48887.0 
49827.0  48888.0 
49828.0  48889.0 
49829.0  48890.0 
49830.0  48891.0 
49831.0  48892.0 
49832.0  48893.0 
49833.0  48894.0 
49834.0  48895.0 
49835.0  48896.0 
49836.0  48897.0 
49837.0  48898.0 
49838.0  48899.0 
49839.0  48900.0 
49840.0  48901.0 
49841.0  48902.0 
49842.0  48903.0 
49843.0  48904.0 
49844.0  48905.0 
49845.0  48906.0 
49846.0  48907.0 
49847.0  48908.0 
49848.0  48909.0 
49849.0  48910.0 
49850.1  50125.17 
49851.0  48912.0 
49852.0  48913.0 
49853.0  48914.0 
49854.0  48915.0 
49855.0  48916.0 
49856.0  48917.0 
49857.0  48918.0 
49858.0  48919.0 
49859.0  48920.0 
49860.0  48921.0 
49861.0  48922.0 
49862.0  48923.0 
49863.0  48924.0 
49864.0  48925.0 
49865.0  48926.0 
49866.0  48927.0 
49867.0  48928.0 
49868.0  48929.0 
49869.0  48930.0 
49870.0  48931.0 
49871.0  48932.0 
49872.0  48933.0 
49873.0  48934.0 
49874.0  48935.0 
49875.0  48936.0 
49876.0  48937.0 
49877.0  48938.0 
49878.0  48939.0 
49879.0  48940.0 
49880.0  48941.0 
49881.0  48942.0 
49882.0  48943.0 
49883.0  48944.0 
49884.0  48945.0 
49885.0  48946.0 
49886.0  48947.0 
49887.0  48948.0 
49888.0  48949.0 
49889.0  48950.0 
49890.0  48951.0 
49891.0  48952.0 
49892.0  48953.0 
49893.0  48954.0 
49894.0  48955.0 
49895.0  48956.0 
49896.0  48957.0 
49897.0  48958.0 
49898.0  48959.0 
49899.0  48960.0 
49900.0  48961.0 
49902.0  48963.0 
49903.0  48964.0 
49904.0  48965.0 
49905.0  48966.0 
49906.0  48967.0 
49907.0  48968.0 
49908.0  48969.0 
49909.0  48970.0 
49910.0  48971.0 
49911.0  48972.0 
49912.0  48973.0 
49913.0  48974.0 
49914.0  48975.0 
49915.0  48976.0 
49916.0  48977.0 
49917.0  48978.0 
49918.0  48979.0 
49919.0  48980.0 
49920.0  48981.0 
49921.0  48982.0 
49922.0  48983.0 
49923.0  48984.0 
49924.0  48985.0 
49925.0  48986.0 
49926.0  48987.0 
49927.0  48988.0 
49928.0  48989.0 
49929.0  48990.0 
49930.0  48991.0 
49931.0  48992.0 
49932.0  48993.0 
49933.0  48994.0 
49934.0  48995.0 
49935.0  48996.0 
49936.0  48997.0 
49937.0  48998.0 
49938.0  48999.0 
49939.0  49000.0 
49940.0  49001.0 
49941.0  49002.0 
49942.0  49003.0 
49943.0  49004.0 
49944.0  49005.0 
49945.0  49006.0 
49946.0  49007.0 
49947.0  49008.0 
49948.0  49009.0 
49949.0  49010.0 
49950.0  49011.0 
49951.0  49012.0 
49952.0  49013.0 
49953.0  49014.0 
49954.0  49015.0 
49955.0  49016.0 
49956.0  49017.0 
49957.0  49018.0 
49958.0  49019.0 
49959.0  49020.0 
49960.0  49021.0 
49961.0  49022.0 
49962.0  49023.0 
49963.0  49024.0 
49964.0  49025.0 
49965.0  49026.0 
49966.0  49027.0 
49967.0  49028.0 
49968.0  49029.0 
49969.0  49030.0 
49970.0  49031.0 
49971.0  49032.0 
49972.0  49033.0 
49973.0  49034.0 
49974.0  49035.0 
49975.0  49036.0 
49976.0  49037.0 
49977.0  49038.0 
49978.0  49039.0 
49979.0  49040.0 
49980.0  49041.0 
49981.0  49042.0 
49982.0  49043.0 
49983.0  49044.0 
49984.0  49045.0 
49985.0  49046.0 
49986.0  49047.0 
49987.0  49048.0 
49988.0  49049.0 
49989.0  49050.0 
49990.0  49051.0 
49991.0  49052.0 
49992.0  49053.0 
49993.0  49054.0 
49994.0  49055.0 
49995.0  49056.0 
49996.0  49057.0 
49997.0  49058.0 
49998.0  49059.0 
49999.0  49060.0 
50000.0  49061.0 
50001.0  49062.0 
50002.0  49063.0 
50003.0  49064.0 
50004.0  49065.0 
50005.0  49066.0 
50006.0  49067.0 
50007.0  49068.0 
50008.0  49069.0 
50009.0  49070.0 
50010.0  49071.0 
50011.0  49072.0 
50012.0  49073.0 
50013.0  49074.0 
50014.0  49075.0 
50015.0  49076.0 
50016.0  49077.0 
50017.1  50125.15 
50018.0  49079.0 
50019.0  49080.0 
50020.0  49081.0 
50021.0  49082.0 
50022.0  49083.0 
50023.0  49084.0 
50024.0  49085.0 
50025.0  49086.0 
50026.0  49087.0 
50027.0  49088.0 
50028.0  49089.0 
50029.0  49090.0 
50030.0  49091.0 
50031.0  49092.0 
50032.60  50125.16 
50032.60  49093.60 
50033.60  50125.16 
50033.60  49094.60 
50034.0  49095.0 
50035.0  49096.0 
50036.0  49097.0 
50037.0  49098.0 
50038.0  49099.0 
50039.0  49100.0 
50040.0  49101.0 
50041.0  49102.0 
50042.0  49103.0 
50043.0  49104.0 
50044.0  49105.0 
50045.0  49106.0 
50046.0  49107.0 
50047.0  49108.0 
50048.0  49109.0 
50049.0  49110.0 
50050.0  49111.0 
50051.0  49112.0 
50052.0  49113.0 
50053.0  49114.0 
50054.0  49115.0 
50055.1  49679.1 
50055.2  49679.2 
50055.3  49679.3 
50055.4  49679.4 
50055.5  49679.8 
50055.6  49679.9 
50055.7  49679.10 
50056.0  49117.0 
50057.0  49118.0 
50058.0  49119.0 
50059.0  49120.0 
50060.0  49121.0 
50061.0  49122.0 
50062.0  49123.0 
50063.0  49124.0 
50064.0  49125.0 
50065.0  49126.0 
50066.0  49127.0 
50067.0  49128.0 
50068.0  49129.0 
50069.0  49130.0 
50070.0  49131.0 
50071.1  50125.17 
50072.0  49133.0 
50073.120  50125.17 
50073.120  49134.120 
50073.121  49679.5 
50074.120  50125.17 
50074.120  49135.120 
50074.121  49679.7 
50075.0  49136.0 
50076.0  49137.0 
50077.0  49138.0 
50078.0  49139.0 
50079.0  49140.0 
50080.0  49141.0 
50081.0  49142.0 
50082.0  49143.0 
50083.0  49144.0 
50084.0  49145.0 
50085.0  49146.0 
50086.1  50126.1 
50086.2  50127.1 
50086.3  50128.1 
50087.0  49148.0 
50088.0  49149.0 
50089.0  49150.0 
50090.0  49151.0 
50091.0  49152.0 
50092.0  49153.0 
50093.0  49154.0 
50094.0  49155.0 
50095.58  49156.58 
50095.59  49679.6 
50096.0  49157.0 
50097.0  49158.0 
50098.0  49159.0 
50099.0  49160.0 
50100.137  50125.11 
50100.138  50125.13 
50100.139  50125.16 
50100.139  49161.139 
50101.0  49162.0 
50103.1  50129.1 
50104.0  49165.0 
50105.0  49166.0 
50107.0  49168.0 
50108.0  49169.0 
50109.0  49170.0 
50110.0  49171.0 
50111.0  49172.0 
50112.0  49173.0 
50113.0  49174.0 
50114.0  49176.0 
50115.0  49177.0 
50116.0  49178.0 
50117.0  49175.0 
50118.0  49179.0 
50119.1  50131.0 
50119.1  49685.0 
50119.1  50121.0 
50119.1  49690.0 
50119.1  49706.0 
50119.1  49726.0 
50119.1  49846.0 
50119.1  49731.0 
50119.1  50132.1 
50119.1  50133.1 
50119.1  50134.1 
50119.1  50135.1 
50119.1  50136.1 
50120.0  49181.0 
50121.0  49182.0 
50122.1  50137.1 
50123.1  50138.1 
50124.1  50139.1 
50125.13  49161.137 
50125.14  49116.9 
50125.15  50140.0 
50125.16  49161.138 
50125.17  50141.1 
50125.17  48740.17 
50126.1  50143.0 
50126.1  49685.0 
50126.1  50144.0 
50126.1  50145.0 
50126.1  49706.0 
50126.1  50146.0 
50126.1  49888.0 
50126.1  50147.0 
50126.1  49690.0 
50126.1  49900.0 
50126.1  50148.0 
50126.1  49726.0 
50126.1  50149.2 
50127.1  50151.0 
50127.1  49685.0 
50127.1  50144.0 
50127.1  50145.0 
50127.1  49888.0 
50127.1  49706.0 
50127.1  50146.0 
50127.1  49690.0 
50127.1  50147.0 
50127.1  49900.0 
50127.1  50152.0 
50127.1  49726.0 
50127.1  50086.1 
50128.1  50153.0 
50128.1  49685.0 
50128.1  49706.0 
50128.1  50086.2 
50129.1  50155.0 
50129.1  49685.0 
50129.1  50156.0 
50129.1  49706.0 
50129.1  49726.0 
50129.1  49731.0 
50129.1  49725.0 
50129.1  50157.1 
50129.1  50157.2 
50129.1  50157.3 
50129.1  50157.4 
50129.1  50157.5 
50129.1  50157.6 
50129.1  50157.7 
50130.1  50158.0 
50130.1  49685.0 
50130.1  49706.0 
50131.0  49192.0 
50132.1  50159.1 
50133.1  50160.1 
50134.1  50161.1 
50135.1  50162.1 
50136.1  50163.1 
50137.1  50164.0 
50137.1  49685.0 
50137.1  49706.0 
50137.1  49726.0 
50138.1  50165.0 
50138.1  49685.0 
50138.1  49706.0 
50138.1  49726.0 
50139.1  50167.0 
50139.1  49685.0 
50139.1  49706.0 
50140.0  48050.0 
50141.1  50125.13 
50142.1  49685.0 
50142.1  50121.0 
50142.1  49690.0 
50142.1  49706.0 
50142.1  49726.0 
50142.1  49846.0 
50142.1  49731.0 
50143.0  49203.0 
50144.0  49204.0 
50145.0  49205.0 
50146.0  49206.0 
50147.0  49207.0 
50149.1  50168.1 
50149.2  50169.1 
50150.1  50171.0 
50150.1  49685.0 
50150.1  50121.0 
50150.1  49690.0 
50150.1  49706.0 
50150.1  49726.0 
50150.1  49846.0 
50150.1  49731.0 
50150.1  49732.0 
50150.1  49733.0 
50150.1  49734.0 
50150.1  50172.1 
50150.1  50173.1 
50150.2  50174.1 
50150.3  50175.1 
50151.0  49211.0 
50153.0  49213.0 
50154.1  50176.0 
50154.1  49685.0 
50154.1  50121.0 
50154.1  49690.0 
50154.1  49706.0 
50154.1  49726.0 
50154.1  49846.0 
50154.1  49731.0 
50155.0  49215.0 
50156.0  49216.0 
50157.1  50177.1 
50157.2  50177.2 
50157.3  50177.3 
50157.4  50177.4 
50157.5  50177.5 
50157.6  50177.6 
50157.7  50177.7 
50158.0  49218.0 
50159.1  50165.0 
50159.1  49685.0 
50159.1  49706.0 
50159.1  49726.0 
50160.1  50164.0 
50160.1  49685.0 
50160.1  49706.0 
50160.1  49726.0 
50161.1  50178.0 
50161.1  49685.0 
50161.1  49706.0 
50161.1  49726.0 
50162.1  50178.0 
50162.1  49685.0 
50162.1  49706.0 
50162.1  49726.0 
50163.1  50178.0 
50163.1  49685.0 
50163.1  49706.0 
50163.1  49726.0 
50164.0  49224.0 
50165.0  49225.0 
50167.0  49227.0 
50168.1  50143.0 
50168.1  49685.0 
50168.1  50144.0 
50168.1  50145.0 
50168.1  49706.0 
50168.1  50146.0 
50168.1  49888.0 
50168.1  50147.0 
50168.1  49690.0 
50168.1  49900.0 
50168.1  50180.0 
50168.1  49726.0 
50168.1  50181.1 
50169.1  50151.0 
50169.1  49685.0 
50169.1  50144.0 
50169.1  50145.0 
50169.1  49888.0 
50169.1  49706.0 
50169.1  50146.0 
50169.1  49690.0 
50169.1  50147.0 
50169.1  49900.0 
50169.1  50183.0 
50169.1  49726.0 
50169.1  50149.1 
50170.1  50151.0 
50170.1  49685.0 
50170.1  50144.0 
50170.1  50145.0 
50170.1  49888.0 
50170.1  49706.0 
50170.1  50146.0 
50170.1  49690.0 
50170.1  50147.0 
50170.1  49900.0 
50170.1  50184.0 
50170.1  49726.0 
50171.0  49231.0 
50172.1  50185.0 
50173.1  50186.1 
50174.1  50187.1 
50175.1  50188.1 
50176.0  49236.0 
50177.1  50189.0 
50177.1  49685.0 
50177.1  50190.0 
50177.1  49690.0 
50177.1  49706.0 
50177.1  50191.0 
50177.1  49726.0 
50177.1  50192.0 
50177.1  50193.0 
50177.1  49846.0 
50177.1  50194.0 
50177.1  50195.0 
50177.1  50196.0 
50177.1  49731.0 
50177.1  50197.0 
50177.1  50198.0 
50177.1  50199.0 
50177.1  50200.0 
50177.1  50201.0 
50177.1  50202.0 
50177.1  50203.0 
50177.1  50204.0 
50177.1  50205.0 
50177.1  50206.0 
50177.1  50207.0 
50177.1  50208.0 
50177.1  50209.0 
50177.1  50210.0 
50177.1  50211.0 
50177.1  50212.0 
50177.1  50213.0 
50177.1  50214.0 
50177.1  50215.0 
50177.1  50216.0 
50177.1  50217.0 
50177.1  50218.0 
50177.1  50219.0 
50177.1  50220.0 
50177.1  50221.0 
50177.1  50222.0 
50177.1  50223.0 
50177.1  50224.0 
50177.1  50225.0 
50177.1  50226.0 
50177.1  50227.0 
50177.1  50228.0 
50177.1  50229.0 
50177.1  50230.0 
50177.1  50231.0 
50177.1  50232.0 
50177.1  50233.0 
50177.1  50234.0 
50177.1  50235.0 
50177.1  50236.0 
50177.1  50237.0 
50177.1  50238.0 
50177.1  50239.0 
50177.1  50240.0 
50177.1  50241.0 
50177.1  50242.0 
50177.1  50243.0 
50177.1  50244.0 
50177.1  50245.0 
50177.1  50246.0 
50177.1  50247.0 
50177.1  50248.0 
50177.1  50249.0 
50177.1  50250.0 
50177.1  50251.0 
50177.1  50252.0 
50177.1  50253.0 
50177.1  50254.0 
50177.1  50255.0 
50177.1  50256.0 
50177.1  50257.0 
50177.1  50258.0 
50177.1  50259.0 
50177.1  50260.0 
50177.1  50261.0 
50177.1  50262.0 
50177.1  50263.0 
50177.1  50264.0 
50177.1  50265.0 
50177.1  50266.0 
50177.1  50267.0 
50177.1  50268.0 
50177.2  50269.0 
50177.2  50270.0 
50177.2  50271.0 
50177.2  50272.0 
50177.2  50273.0 
50177.2  50274.0 
50177.2  50275.0 
50177.2  50276.0 
50177.2  50277.0 
50177.2  50278.0 
50177.2  50279.0 
50177.2  50280.0 
50177.2  50281.0 
50177.2  50282.0 
50177.2  50283.0 
50177.2  50284.0 
50177.2  50285.0 
50177.2  50286.0 
50177.2  50287.0 
50177.2  50288.0 
50177.2  50289.0 
50177.2  50290.0 
50177.2  50291.0 
50177.2  50292.0 
50177.2  50293.0 
50177.2  50294.0 
50177.2  50295.0 
50177.2  50296.0 
50177.2  50297.0 
50177.2  50298.0 
50177.2  50299.0 
50177.2  50300.0 
50177.2  50301.0 
50177.2  50302.0 
50177.2  50303.0 
50177.2  50304.0 
50177.2  50305.0 
50177.2  50306.0 
50177.2  50307.0 
50177.2  50308.0 
50177.2  50309.0 
50177.2  50310.0 
50177.2  50311.0 
50177.2  50312.0 
50177.2  50313.0 
50177.2  50314.0 
50177.2  50315.0 
50177.2  50316.0 
50177.2  50317.0 
50177.2  50318.0 
50177.2  50319.0 
50177.2  50320.0 
50177.2  50321.0 
50177.2  50322.0 
50177.2  50323.0 
50177.2  50324.0 
50177.2  50325.0 
50177.2  50326.0 
50177.2  50327.0 
50177.2  50328.0 
50177.2  50329.0 
50177.2  50330.0 
50177.2  50331.0 
50177.2  50332.0 
50177.2  50333.0 
50177.2  50334.0 
50177.2  50335.0 
50177.2  50336.0 
50177.2  50337.0 
50177.2  50338.0 
50177.2  50339.0 
50177.2  50340.0 
50177.2  50341.0 
50177.2  50342.0 
50177.2  50343.0 
50177.2  50344.0 
50177.2  50345.0 
50177.2  50346.0 
50177.2  50347.0 
50177.2  50348.0 
50177.2  50349.0 
50177.2  50350.0 
50177.2  50351.0 
50177.2  50352.0 
50177.3  50353.0 
50177.3  50354.0 
50177.3  50355.0 
50177.3  50356.0 
50177.3  50357.0 
50177.3  50358.0 
50177.3  50359.0 
50177.3  50360.0 
50177.3  50361.0 
50177.3  50362.0 
50177.3  50363.0 
50177.3  50364.0 
50177.3  50365.0 
50177.3  50366.0 
50177.3  50367.0 
50177.3  50368.0 
50177.3  50369.0 
50177.3  50370.0 
50177.3  50371.0 
50177.3  50372.0 
50177.3  50373.0 
50177.3  50374.0 
50177.3  50375.0 
50177.3  50376.0 
50177.3  50377.0 
50177.3  50378.0 
50177.3  50379.0 
50177.3  50380.0 
50177.3  50381.0 
50177.3  50382.0 
50177.3  50383.0 
50177.3  50384.0 
50177.3  50385.0 
50177.3  50386.0 
50177.3  50387.0 
50177.3  50388.0 
50177.3  50389.0 
50177.3  50390.0 
50177.3  50391.0 
50177.3  50392.0 
50177.3  50393.0 
50177.3  50394.0 
50177.3  50395.0 
50177.3  50396.0 
50177.3  50397.0 
50177.3  50398.0 
50177.3  50399.0 
50177.3  50400.0 
50177.3  50401.0 
50177.3  50402.0 
50177.3  50403.0 
50177.3  50404.0 
50177.3  50405.0 
50177.3  50406.0 
50177.3  50407.0 
50177.3  50408.0 
50177.3  50409.0 
50177.3  50410.0 
50177.3  50411.0 
50177.3  50412.0 
50177.3  50413.0 
50177.3  50414.0 
50177.3  50415.0 
50177.3  50416.0 
50177.3  50417.0 
50177.3  50418.0 
50177.3  50419.0 
50177.3  50420.0 
50177.3  50421.0 
50177.3  50422.0 
50177.4  50423.0 
50177.4  50424.0 
50177.4  50425.0 
50177.4  50426.0 
50177.4  50427.0 
50177.4  50428.0 
50177.4  50429.0 
50177.4  50430.0 
50177.4  50431.0 
50177.4  50432.0 
50177.4  50433.0 
50177.4  50434.0 
50177.4  50435.0 
50177.4  50436.0 
50177.4  50437.0 
50177.4  50438.0 
50177.4  50439.0 
50177.4  50440.0 
50177.4  50441.0 
50177.4  50442.0 
50177.4  50443.0 
50177.4  50444.0 
50177.4  50445.0 
50177.4  50446.0 
50177.4  50447.0 
50177.4  50448.0 
50177.4  50449.0 
50177.4  50450.0 
50177.4  50451.0 
50177.4  50452.0 
50177.4  50453.0 
50177.4  50454.0 
50177.4  50455.0 
50177.4  50456.0 
50177.4  50457.0 
50177.4  50458.0 
50177.4  50459.0 
50177.4  50460.0 
50177.4  50461.0 
50177.5  50462.0 
50177.5  50463.0 
50177.5  50464.0 
50177.5  50465.0 
50177.5  50466.0 
50177.5  50467.0 
50177.5  50468.0 
50177.5  50469.0 
50177.5  50470.0 
50177.5  50471.0 
50177.5  50472.0 
50177.5  50473.0 
50177.5  50474.0 
50177.5  50475.0 
50177.5  50476.0 
50177.5  50477.0 
50177.5  50478.0 
50177.5  50479.0 
50177.5  50480.0 
50177.5  50481.0 
50177.5  50482.0 
50177.5  50483.0 
50177.5  50484.0 
50177.5  50485.0 
50177.5  50486.0 
50177.5  50487.0 
50177.5  50488.0 
50177.5  50489.0 
50177.5  50490.0 
50177.5  50491.0 
50177.5  50492.0 
50177.5  50493.0 
50177.5  50494.0 
50177.5  50495.0 
50177.5  50496.0 
50177.5  50497.0 
50177.5  50498.0 
50177.5  50499.0 
50177.5  50500.0 
50177.5  50501.0 
50177.5  50502.0 
50177.5  50503.0 
50177.5  50504.0 
50177.5  50505.0 
50177.5  50506.0 
50177.5  50507.0 
50177.5  50508.0 
50177.5  50509.0 
50177.6  50510.0 
50177.6  50511.0 
50177.6  50512.0 
50177.6  50513.0 
50177.6  50514.0 
50177.6  50515.0 
50177.6  50516.0 
50177.6  50517.0 
50177.6  50518.0 
50177.6  50519.0 
50177.6  50520.0 
50177.6  50521.0 
50177.6  50522.0 
50177.6  50523.0 
50177.6  50524.0 
50177.6  50525.0 
50177.6  50526.0 
50177.6  50527.0 
50177.6  50528.0 
50177.6  50529.0 
50177.6  50530.0 
50177.6  50531.0 
50177.6  50532.0 
50177.6  50533.0 
50177.6  50534.0 
50177.6  50535.0 
50177.6  50536.0 
50177.6  50537.0 
50177.6  50538.0 
50177.6  50539.0 
50177.7  50540.0 
50177.7  50541.0 
50177.7  50542.0 
50177.7  50543.0 
50177.7  50544.0 
50177.7  50545.0 
50177.7  50546.0 
50177.7  50547.0 
50177.7  50548.0 
50177.7  50549.0 
50177.7  50550.0 
50177.7  50551.0 
50177.7  50552.0 
50177.7  50553.0 
50177.7  50554.0 
50177.7  50555.0 
50177.7  50556.0 
50177.7  50557.0 
50177.7  50558.0 
50177.7  50559.0 
50177.7  50560.0 
50177.7  50561.0 
50177.7  50562.0 
50177.7  50563.0 
50177.7  50564.0 
50177.7  50565.0 
50177.7  50566.0 
50177.7  50567.0 
50177.7  50568.0 
50177.7  50569.0 
50177.7  50570.0 
50177.7  50571.0 
50177.7  50572.0 
50177.7  50573.0 
50177.7  50574.0 
50177.7  50575.0 
50177.7  50576.0 
50177.7  50577.0 
50177.7  50578.0 
50177.7  50579.0 
50177.7  50580.0 
50177.7  50581.0 
50177.7  50582.0 
50177.7  50583.0 
50177.7  50584.0 
50177.7  50585.0 
50177.7  50586.0 
50177.7  50587.0 
50177.7  50588.0 
50177.7  50589.0 
50178.0  49238.0 
50179.1  50591.0 
50179.1  48746.0 
50179.1  49182.0 
50179.1  48751.0 
50179.1  48767.0 
50179.1  48787.0 
50179.1  48907.0 
50179.1  48792.0 
50179.1  48793.0 
50179.1  48794.0 
50179.1  48795.0 
50179.1  50592.1 
50179.1  50593.1 
50179.1  48786.0 
50179.1  48800.0 
50179.1  50594.1 
50181.1  50595.1 
50182.1  49202.1 
50186.1  50597.0 
50186.1  49685.0 
50186.1  49706.0 
50186.1  49726.0 
50186.1  49731.0 
50186.1  50598.1 
50187.1  50597.0 
50187.1  49685.0 
50187.1  49706.0 
50187.1  49726.0 
50187.1  49731.0 
50187.1  50600.1 
50188.1  50597.0 
50188.1  49685.0 
50188.1  49706.0 
50188.1  49726.0 
50188.1  49731.0 
50188.1  50602.1 
50189.0  49249.0 
50190.0  49250.0 
50191.0  49251.0 
50193.0  49253.0 
50194.0  49254.0 
50195.0  49255.0 
50196.0  49256.0 
50197.0  49257.0 
50198.0  49258.0 
50199.0  49259.0 
50200.0  49260.0 
50201.0  49261.0 
50202.0  49262.0 
50203.0  49263.0 
50204.0  49264.0 
50205.0  49265.0 
50206.0  49266.0 
50207.0  49267.0 
50208.0  49268.0 
50209.0  49269.0 
50210.0  49270.0 
50211.0  49271.0 
50212.0  49272.0 
50213.0  49273.0 
50214.0  49274.0 
50215.0  49275.0 
50216.0  49276.0 
50217.0  49277.0 
50218.0  49278.0 
50219.0  49279.0 
50220.0  49280.0 
50221.0  49281.0 
50222.0  49282.0 
50223.0  49283.0 
50224.0  49284.0 
50225.0  49285.0 
50226.0  49286.0 
50227.0  49287.0 
50228.0  49288.0 
50229.0  49289.0 
50230.0  49290.0 
50231.0  49291.0 
50232.0  49292.0 
50233.0  49293.0 
50234.0  49294.0 
50235.0  49295.0 
50236.0  49296.0 
50237.0  49297.0 
50238.0  49298.0 
50239.0  49299.0 
50240.0  49300.0 
50241.0  49301.0 
50242.0  49302.0 
50243.0  49303.0 
50244.0  49304.0 
50245.0  49305.0 
50246.0  49306.0 
50247.0  49307.0 
50248.0  49308.0 
50249.0  49309.0 
50250.0  49310.0 
50251.0  49311.0 
50252.0  49312.0 
50253.0  49313.0 
50254.0  49314.0 
50255.0  49315.0 
50256.0  49316.0 
50257.0  49317.0 
50258.0  49318.0 
50259.0  49319.0 
50260.0  49320.0 
50261.0  49321.0 
50262.0  49322.0 
50263.0  49323.0 
50264.0  49324.0 
50265.0  49325.0 
50266.0  49326.0 
50267.0  49327.0 
50268.0  49328.0 
50269.0  49329.0 
50270.0  49330.0 
50271.0  49331.0 
50272.0  49332.0 
50273.0  49333.0 
50274.0  49334.0 
50275.0  49335.0 
50276.0  49336.0 
50277.0  49337.0 
50278.0  49338.0 
50279.0  49339.0 
50280.0  49340.0 
50281.0  49341.0 
50282.0  49342.0 
50283.0  49343.0 
50284.0  49344.0 
50285.0  49345.0 
50286.0  49346.0 
50287.0  49347.0 
50288.0  49348.0 
50289.0  49349.0 
50290.0  49350.0 
50291.0  49351.0 
50292.0  49352.0 
50293.0  49353.0 
50294.0  49354.0 
50295.0  49355.0 
50296.0  49356.0 
50297.0  49357.0 
50298.0  49358.0 
50299.0  49359.0 
50300.0  49360.0 
50301.0  49361.0 
50302.0  49362.0 
50303.0  49363.0 
50304.0  49364.0 
50305.0  49365.0 
50306.0  49366.0 
50307.0  49367.0 
50308.0  49368.0 
50309.0  49369.0 
50310.0  49370.0 
50311.0  49371.0 
50312.0  49372.0 
50313.0  49373.0 
50314.0  49374.0 
50315.0  49375.0 
50316.0  49376.0 
50317.0  49377.0 
50318.0  49378.0 
50319.0  49379.0 
50320.0  49380.0 
50321.0  49381.0 
50322.0  49382.0 
50323.0  49383.0 
50324.0  49384.0 
50325.0  49385.0 
50326.0  49386.0 
50327.0  49387.0 
50328.0  49388.0 
50329.0  49389.0 
50330.0  49390.0 
50331.0  49391.0 
50332.0  49392.0 
50333.0  49393.0 
50334.0  49394.0 
50335.0  49395.0 
50336.0  49396.0 
50337.0  49397.0 
50338.0  49398.0 
50339.0  49399.0 
50340.0  49400.0 
50341.0  49401.0 
50342.0  49402.0 
50343.0  49403.0 
50344.0  49404.0 
50345.0  49405.0 
50346.0  49406.0 
50347.0  49407.0 
50348.0  49408.0 
50349.0  49409.0 
50350.0  49410.0 
50351.0  49411.0 
50352.0  49412.0 
50353.0  49413.0 
50354.0  49414.0 
50355.0  49415.0 
50356.0  49416.0 
50357.0  49417.0 
50358.0  49418.0 
50359.0  49419.0 
50360.0  49420.0 
50361.0  49421.0 
50362.0  49422.0 
50363.0  49423.0 
50364.0  49424.0 
50365.0  49425.0 
50366.0  49426.0 
50367.0  49427.0 
50368.0  49428.0 
50369.0  49429.0 
50370.0  49430.0 
50371.0  49431.0 
50372.0  49432.0 
50373.0  49433.0 
50374.0  49434.0 
50375.0  49435.0 
50376.0  49436.0 
50377.0  49437.0 
50378.0  49438.0 
50379.0  49439.0 
50380.0  49440.0 
50381.0  49441.0 
50382.0  49442.0 
50383.0  49443.0 
50384.0  49444.0 
50385.0  49445.0 
50387.0  49447.0 
50388.0  49448.0 
50389.0  49449.0 
50390.0  49450.0 
50391.0  49451.0 
50392.0  49452.0 
50393.0  49453.0 
50394.0  49454.0 
50395.0  49455.0 
50396.0  49456.0 
50397.0  49457.0 
50398.0  49458.0 
50399.0  49459.0 
50400.0  49460.0 
50401.0  49461.0 
50402.0  49462.0 
50403.0  49463.0 
50404.0  49464.0 
50405.0  49465.0 
50406.0  49466.0 
50407.0  49467.0 
50408.0  49468.0 
50409.0  49469.0 
50410.0  49470.0 
50411.0  49471.0 
50412.0  49472.0 
50413.0  49473.0 
50414.0  49474.0 
50415.0  49475.0 
50416.0  49476.0 
50417.0  49477.0 
50418.0  49478.0 
50419.0  49479.0 
50420.0  49480.0 
50421.0  49481.0 
50422.0  49482.0 
50423.0  49483.0 
50424.0  49484.0 
50425.0  49485.0 
50426.0  49486.0 
50427.0  49487.0 
50428.0  49488.0 
50429.0  49489.0 
50430.0  49490.0 
50431.0  49491.0 
50432.0  49492.0 
50433.0  49493.0 
50434.0  49494.0 
50435.0  49495.0 
50436.0  49496.0 
50437.0  49497.0 
50438.0  49498.0 
50439.0  49499.0 
50440.0  49500.0 
50441.0  49501.0 
50442.0  49502.0 
50443.0  49503.0 
50444.0  49504.0 
50445.0  49505.0 
50446.0  49506.0 
50447.0  49507.0 
50448.0  49508.0 
50449.0  49509.0 
50450.0  49510.0 
50451.0  49511.0 
50452.0  49512.0 
50453.0  49513.0 
50454.0  49514.0 
50455.0  49515.0 
50456.0  49516.0 
50457.0  49517.0 
50458.0  49518.0 
50459.0  49519.0 
50460.0  49520.0 
50461.0  49521.0 
50462.0  49522.0 
50463.0  49523.0 
50464.0  49524.0 
50465.0  49525.0 
50466.0  49526.0 
50467.0  49527.0 
50468.0  49528.0 
50469.0  49529.0 
50470.0  49530.0 
50471.0  49531.0 
50472.0  49532.0 
50473.0  49533.0 
50474.0  49534.0 
50475.0  49535.0 
50476.0  49536.0 
50477.0  49537.0 
50478.0  49538.0 
50479.0  49539.0 
50480.0  49540.0 
50481.0  49541.0 
50482.0  49542.0 
50483.0  49543.0 
50484.0  49544.0 
50485.0  49545.0 
50486.0  49546.0 
50487.0  49547.0 
50488.0  49548.0 
50489.0  49549.0 
50490.0  49550.0 
50491.0  49551.0 
50492.0  49552.0 
50493.0  49553.0 
50494.0  49554.0 
50495.0  49555.0 
50496.0  49556.0 
50497.0  49557.0 
50498.0  49558.0 
50499.0  49559.0 
50500.0  49560.0 
50501.0  49561.0 
50502.0  49562.0 
50503.0  49563.0 
50504.0  49564.0 
50505.0  49565.0 
50506.0  49566.0 
50507.0  49567.0 
50508.0  49568.0 
50509.0  49569.0 
50510.0  49570.0 
50511.0  49571.0 
50512.0  49572.0 
50513.0  49573.0 
50514.0  49574.0 
50515.0  49575.0 
50516.0  49576.0 
50517.0  49577.0 
50518.0  49578.0 
50519.0  49579.0 
50520.0  49580.0 
50521.0  49581.0 
50522.0  49582.0 
50523.0  49583.0 
50524.0  49584.0 
50525.0  49585.0 
50526.0  49586.0 
50527.0  49587.0 
50528.0  49588.0 
50529.0  49589.0 
50530.0  49590.0 
50531.0  49591.0 
50532.0  49592.0 
50533.0  49593.0 
50534.0  49594.0 
50535.0  49595.0 
50536.0  49596.0 
50537.0  49597.0 
50538.0  49598.0 
50539.0  49599.0 
50540.0  49600.0 
50541.0  49601.0 
50542.0  49602.0 
50543.0  49603.0 
50544.0  49604.0 
50545.0  49605.0 
50546.0  49606.0 
50547.0  49607.0 
50548.0  49608.0 
50549.0  49609.0 
50550.0  49610.0 
50551.0  49611.0 
50552.0  49612.0 
50553.0  49613.0 
50554.0  49614.0 
50555.0  49615.0 
50556.0  49616.0 
50557.0  49617.0 
50590.1  49203.0 
50590.1  48746.0 
50590.1  49204.0 
50590.1  49205.0 
50590.1  48767.0 
50590.1  49206.0 
50590.1  48949.0 
50590.1  49207.0 
50590.1  48751.0 
50590.1  48961.0 
50590.1  50603.0 
50590.1  48787.0 
50590.1  49147.3 
50591.0  48585.0 
50592.1  50604.1 
50593.1  50605.1 
50594.1  50606.1 
50595.1  50607.0 
50595.1  48746.0 
50595.1  48767.0 
50595.1  50608.3 
50597.0  49653.0 
50598.1  50609.0 
50600.1  50610.0 
50602.1  50611.0 
50604.1  49653.0 
50604.1  48746.0 
50604.1  48767.0 
50604.1  48787.0 
50604.1  48792.0 
50604.1  50613.1 
50605.1  50614.0 
50605.1  48746.0 
50605.1  48767.0 
50605.1  48787.0 
50605.1  50615.61 
50606.1  50614.0 
50606.1  48746.0 
50606.1  48767.0 
50606.1  48787.0 
50606.1  50616.26 
50607.0  48685.0 
50608.3  49147.3 
50613.1  50617.0 
50614.0  48713.0 
50615.60  48714.60 
50615.61  50618.1 
50615.62  50150.1 
50616.25  48715.25 
50616.26  50618.2 
50616.27  50150.2 
50618.3  49210.3 
49679.0  49680.0 
49680.0  50119.0 
50119.0  50130.0 
50126.0  50142.0 
50127.0  50150.0 
50128.0  50150.0 
50129.0  50154.0 
50130.0  50142.0 
50137.0  49680.0 
50138.0  49680.0 
50139.0  50166.0 
50150.0  50170.0 
50154.0  49679.0 
50159.0  50119.0 
50160.0  50119.0 
50161.0  50119.0 
50162.0  50119.0 
50163.0  50119.0 
50166.0  49680.0 
50168.0  50179.0 
50169.0  50182.0 
50170.0  50142.0 
50177.0  50154.0 
50179.0  50590.0 
50185.0  50150.0 
50186.0  50596.0 
50187.0  50599.0 
50188.0  50601.0 
50590.0  50182.0 
50595.0  50179.0 
50596.0  50150.0 
50599.0  50150.0 
50601.0  50150.0 
50604.0  50612.0 
50605.0  50179.0 
50606.0  50179.0 
50609.0  50596.0 
50610.0  50599.0 
50611.0  50601.0 
50612.0  50179.0 
50617.0  50612.0 
49678.1  49679.11 
