53827.1  53829.0 
53827.1  53830.0 
53827.1  53831.0 
53827.1  53832.0 
53827.1  53833.0 
53827.1  53834.0 
53827.1  53835.0 
53827.1  53836.0 
53827.1  53837.0 
53827.1  53838.0 
53827.1  53839.0 
53827.1  53840.0 
53828.1  53842.0 
53828.1  53830.0 
53828.1  53833.0 
53841.1  53830.0 
53841.1  53843.0 
53841.1  53834.0 
53841.1  53833.0 
53841.1  53839.0 
53841.1  53844.0 
53841.1  53845.0 
53826.1  53827.1 
53847.1  53849.0 
53847.1  53850.0 
53847.1  53851.0 
53847.1  53852.0 
53847.1  53830.0 
53847.1  53853.0 
53847.1  53854.0 
53847.1  53855.0 
53847.1  53856.0 
53847.1  53834.0 
53847.1  53857.0 
53847.1  53858.0 
53847.1  53859.0 
53847.1  53860.0 
53847.1  53861.0 
53847.1  53862.0 
53847.1  53863.0 
53847.1  53864.0 
53847.1  53865.0 
53847.1  53866.0 
53847.1  53867.0 
53847.1  53868.0 
53847.1  53869.0 
53847.1  53870.0 
53847.1  53871.0 
53847.1  53833.0 
53847.1  53872.0 
53847.1  53873.0 
53847.1  53874.0 
53847.1  53875.0 
53847.1  53876.0 
53847.1  53877.0 
53847.1  53878.0 
53847.1  53879.0 
53847.1  53880.0 
53847.1  53881.0 
53847.1  53882.0 
53847.1  53883.0 
53847.1  53884.0 
53847.1  53885.0 
53847.1  53886.0 
53847.1  53887.0 
53847.1  53888.0 
53847.1  53889.0 
53847.1  53890.0 
53847.1  53839.0 
53847.1  53891.0 
53847.1  53892.0 
53847.1  53893.0 
53847.1  53894.0 
53847.1  53845.0 
53847.1  53895.0 
53847.1  53896.0 
53847.1  53897.0 
53847.1  53898.0 
53847.1  53899.0 
53847.1  53900.0 
53847.1  53901.0 
53847.1  53902.0 
53847.1  53903.0 
53847.1  53904.0 
53847.1  53905.0 
53847.1  53906.0 
53847.1  53907.0 
53847.1  53908.0 
53847.1  53909.0 
53847.1  53910.0 
53847.1  53911.0 
53847.1  53912.0 
53847.1  53913.0 
53847.1  53914.0 
53847.1  53915.0 
53847.1  53916.0 
53847.1  53917.0 
53847.1  53918.0 
53847.1  53919.0 
53847.1  53920.0 
53847.1  53921.0 
53847.1  53922.0 
53847.1  53923.0 
53847.1  53924.0 
53847.1  53925.0 
53847.1  53926.0 
53847.1  53927.0 
53847.1  53928.0 
53847.1  53929.0 
53847.1  53930.0 
53847.1  53931.0 
53847.1  53932.0 
53847.1  53933.0 
53847.1  53934.0 
53847.1  53935.0 
53847.1  53936.0 
53847.1  53937.0 
53847.1  53938.0 
53847.1  53939.0 
53847.1  53940.0 
53847.1  53941.0 
53847.1  53942.0 
53847.1  53943.0 
53847.1  53944.0 
53847.1  53945.0 
53847.1  53946.0 
53847.1  53947.0 
53847.1  53948.0 
53847.1  53949.0 
53847.1  53950.0 
53847.1  53951.0 
53847.1  53952.0 
53847.1  53953.0 
53847.1  53954.0 
53847.1  53955.0 
53847.1  53956.0 
53847.1  53957.0 
53847.1  53958.0 
53847.1  53959.0 
53847.1  53960.0 
53847.1  53961.0 
53847.1  53962.0 
53847.1  53963.0 
53847.1  53964.0 
53847.1  53965.0 
53847.1  53966.0 
53847.1  53967.0 
53847.1  53968.0 
53847.1  53969.0 
53847.1  53970.0 
53847.1  53971.0 
53847.1  53972.0 
53847.1  53973.0 
53847.1  53974.0 
53847.1  53975.0 
53847.1  53976.0 
53847.1  53977.0 
53847.1  53978.0 
53847.1  53979.0 
53847.1  53980.0 
53847.1  53981.0 
53847.1  53982.0 
53847.1  53983.0 
53847.1  53984.0 
53847.1  53985.0 
53847.1  53986.0 
53847.1  53987.0 
53847.1  53988.0 
53847.1  53989.0 
53847.1  53990.0 
53847.1  53991.0 
53847.1  53992.0 
53847.1  53993.0 
53847.1  53994.0 
53847.1  53995.0 
53847.1  53996.0 
53847.1  53997.0 
53847.1  53998.0 
53847.1  53999.0 
53847.1  54000.0 
53847.1  54001.0 
53847.1  54002.0 
53847.1  54003.0 
53847.1  54004.0 
53847.1  54005.0 
53847.1  54006.0 
53847.1  54007.0 
53847.1  54008.0 
53847.1  53844.0 
53847.1  54009.0 
53847.1  54010.0 
53847.1  54011.0 
53847.1  54012.0 
53847.1  54013.0 
53847.1  54014.0 
53847.1  54015.0 
53847.1  54016.0 
53847.1  54017.0 
53847.1  54018.0 
53847.2  54019.0 
53847.2  54020.0 
53847.2  54021.0 
53847.2  54022.0 
53847.2  54023.0 
53847.2  54024.0 
53847.2  54025.0 
53847.2  54026.0 
53847.2  54027.0 
53847.2  54028.0 
53847.2  54029.0 
53847.2  54030.0 
53847.2  54031.0 
53847.2  54032.0 
53847.2  54033.0 
53847.2  54034.0 
53847.2  54035.0 
53847.2  54036.0 
53847.2  54037.0 
53847.2  54038.0 
53847.2  54039.0 
53847.2  54040.0 
53847.2  54041.0 
53847.2  54042.0 
53847.2  54043.0 
53847.2  54044.0 
53847.2  54045.0 
53847.2  54046.0 
53847.2  54047.0 
53847.2  54048.0 
53847.2  54049.0 
53847.2  53831.0 
53847.2  54050.0 
53847.2  54051.0 
53847.2  54052.0 
53847.2  54053.0 
53847.2  54054.0 
53847.2  54055.0 
53847.2  54056.0 
53847.2  54057.0 
53847.2  54058.0 
53847.2  54059.0 
53847.2  54060.0 
53847.2  53836.0 
53847.2  54061.0 
53847.2  54062.0 
53847.2  54063.0 
53847.2  54064.0 
53847.2  54065.0 
53847.2  54066.0 
53847.2  54067.0 
53847.2  54068.0 
53847.2  54069.0 
53847.2  54070.0 
53847.2  54071.0 
53847.2  54072.0 
53847.2  54073.0 
53847.2  54074.0 
53847.2  54075.0 
53847.2  54076.0 
53847.2  54077.0 
53847.2  54078.0 
53847.2  54079.0 
53847.2  54080.0 
53847.2  54081.0 
53847.2  54082.0 
53847.2  54083.0 
53847.2  54084.0 
53847.2  54085.0 
53847.2  54086.0 
53847.2  54087.0 
53847.2  54088.0 
53847.2  54089.0 
53847.2  54090.0 
53847.2  54091.0 
53847.2  54092.0 
53847.2  54093.0 
53847.2  54094.0 
53847.2  54095.0 
53847.2  54096.0 
53847.2  54097.0 
53847.2  54098.0 
53847.2  54099.0 
53847.2  54100.0 
53847.2  54101.0 
53847.2  54102.0 
53847.2  54103.0 
53847.2  54104.0 
53847.2  54105.0 
53847.2  54106.0 
53847.2  54107.0 
53847.2  54108.0 
53847.2  54109.0 
53847.2  54110.0 
53847.2  54111.0 
53847.2  54112.0 
53847.2  54113.0 
53847.2  54114.0 
53847.2  54115.0 
53847.2  54116.0 
53847.2  54117.0 
53847.2  54118.0 
53847.2  54119.0 
53847.2  54120.0 
53847.2  54121.0 
53847.2  54122.0 
53847.2  54123.0 
53847.2  54124.0 
53847.2  54125.0 
53847.2  54126.0 
53847.2  54127.0 
53847.2  54128.0 
53847.2  54129.0 
53847.2  54130.0 
53847.2  54131.0 
53847.2  54132.0 
53847.2  54133.0 
53847.2  54134.0 
53847.2  54135.0 
53847.2  54136.0 
53847.2  54137.0 
53847.2  54138.0 
53847.2  54139.0 
53847.2  54140.0 
53847.2  54141.0 
53847.2  54142.0 
53847.2  54143.0 
53847.2  54144.0 
53847.2  54145.0 
53847.2  54146.0 
53847.2  54147.0 
53847.2  54148.0 
53847.2  54149.0 
53847.2  54150.0 
53847.2  54151.0 
53847.2  54152.0 
53847.2  54153.0 
53847.2  54154.0 
53847.2  54155.0 
53847.2  54156.0 
53847.2  54157.0 
53847.2  54158.0 
53847.2  54159.0 
53847.2  54160.0 
53847.2  54161.0 
53847.2  54162.0 
53847.2  54163.0 
53847.2  54164.0 
53847.2  54165.0 
53847.2  54166.0 
53847.2  54167.0 
53847.2  54168.0 
53847.2  54169.0 
53847.2  54170.0 
53847.2  54171.0 
53847.2  54172.0 
53847.2  54173.0 
53847.2  54174.0 
53847.2  54175.0 
53847.2  54176.0 
53847.2  54177.0 
53847.2  54178.0 
53847.2  54179.0 
53847.2  54180.0 
53847.2  54181.0 
53847.2  54182.0 
53847.2  54183.0 
53847.2  54184.0 
53847.2  54185.0 
53847.2  54186.0 
53847.2  54187.0 
53847.2  54188.0 
53847.2  54189.0 
53847.2  54190.0 
53847.2  54191.0 
53847.2  54192.0 
53847.2  54193.0 
53847.2  54194.0 
53847.2  54195.0 
53847.2  54196.0 
53847.2  54197.0 
53847.2  54198.0 
53847.2  54199.0 
53847.2  54200.0 
53847.2  54201.0 
53847.2  54202.0 
53847.2  54203.0 
53847.2  54204.0 
53847.2  54205.0 
53847.2  54206.0 
53847.3  54207.0 
53847.3  54208.0 
53847.3  54209.0 
53847.3  54210.0 
53847.3  54211.0 
53847.3  54212.0 
53847.3  54213.0 
53847.3  54214.0 
53847.3  54215.2 
53847.3  54216.0 
53847.3  54217.0 
53847.3  54218.0 
53847.3  54219.0 
53847.3  54220.0 
53847.3  54221.0 
53847.4  54222.0 
53847.4  54223.0 
53847.4  54224.0 
53847.4  54225.0 
53847.4  53826.1 
53847.5  54226.0 
53847.5  54227.0 
53847.5  54228.0 
53847.5  54229.0 
53847.5  54230.0 
53847.5  54231.0 
53847.5  54232.0 
53847.5  54233.0 
53847.5  54234.0 
53847.5  54235.0 
53847.5  54236.0 
53847.6  54237.0 
53848.1  54239.0 
53848.1  53830.0 
53848.1  53843.0 
53848.1  53834.0 
53848.1  53833.0 
53848.1  53839.0 
53848.1  53844.0 
53848.1  53845.0 
53848.1  54240.1 
53848.1  54241.1 
53848.1  54242.1 
54215.1  53847.1 
54215.2  53847.2 
54215.3  53847.3 
54215.4  53847.4 
54233.1  53847.5 
54238.1  54244.0 
54238.1  53830.0 
54238.1  53843.0 
54238.1  53834.0 
54238.1  53833.0 
54238.1  53839.0 
54238.1  53844.0 
54238.1  53845.0 
54238.1  54245.1 
54238.1  54246.1 
54238.1  54247.1 
54238.1  54248.1 
54238.1  54249.1 
54240.1  54250.1 
54241.1  54251.1 
54242.1  54252.1 
54243.1  53842.0 
54243.1  53830.0 
54243.1  53833.0 
54245.1  54253.1 
54246.1  54254.1 
54247.1  54255.1 
54248.1  54256.1 
54249.1  54257.1 
54250.1  54258.0 
54250.1  53830.0 
54250.1  53833.0 
54250.1  53839.0 
54251.1  54259.0 
54251.1  53830.0 
54251.1  53833.0 
54251.1  53839.0 
54252.1  54261.0 
54252.1  53830.0 
54252.1  53833.0 
54253.1  54259.0 
54253.1  53830.0 
54253.1  53833.0 
54253.1  53839.0 
54254.1  54258.0 
54254.1  53830.0 
54254.1  53833.0 
54254.1  53839.0 
54255.1  54262.0 
54255.1  53830.0 
54255.1  53833.0 
54255.1  53839.0 
54256.1  54262.0 
54256.1  53830.0 
54256.1  53833.0 
54256.1  53839.0 
54257.1  54262.0 
54257.1  53830.0 
54257.1  53833.0 
54257.1  53839.0 
53847.7  54263.0 
53847.7  54264.0 
53847.7  54265.0 
53847.7  54266.0 
53847.7  54267.0 
53847.7  54268.0 
53847.7  53835.0 
53847.7  53832.0 
53847.7  54269.0 
53847.7  54270.3 
53847.7  54271.0 
53847.7  54272.0 
53847.7  54273.0 
53847.7  54274.0 
53847.7  54275.0 
53847.7  54276.0 
53847.7  54277.0 
53847.7  54278.0 
53847.7  54279.0 
53847.7  54280.0 
53847.7  54281.0 
54270.1  54282.1 
54270.2  54283.1 
54270.3  54284.1 
54279.1  53847.7 
54282.1  54285.0 
54282.1  53830.0 
54282.1  54286.0 
54282.1  54287.0 
54282.1  53833.0 
54282.1  54288.0 
54282.1  53831.0 
54282.1  54289.0 
54282.1  53834.0 
54282.1  53836.0 
54282.1  54290.0 
54282.1  53839.0 
54282.1  54291.2 
54283.1  54293.0 
54283.1  53830.0 
54283.1  54286.0 
54283.1  54287.0 
54283.1  53831.0 
54283.1  53833.0 
54283.1  54288.0 
54283.1  53834.0 
54283.1  54289.0 
54283.1  53836.0 
54283.1  54294.0 
54283.1  53839.0 
54283.1  54270.1 
54284.1  54295.0 
54284.1  53830.0 
54284.1  53833.0 
54284.1  54270.2 
54291.1  54296.1 
54291.2  54297.1 
54292.1  54299.0 
54292.1  53830.0 
54292.1  53843.0 
54292.1  53834.0 
54292.1  53833.0 
54292.1  53839.0 
54292.1  53844.0 
54292.1  53845.0 
54292.1  53895.0 
54292.1  53896.0 
54292.1  53897.0 
54292.1  54300.1 
54292.1  54301.1 
54292.2  54302.1 
54292.3  54303.1 
54296.1  54285.0 
54296.1  53830.0 
54296.1  54286.0 
54296.1  54287.0 
54296.1  53833.0 
54296.1  54288.0 
54296.1  53831.0 
54296.1  54289.0 
54296.1  53834.0 
54296.1  53836.0 
54296.1  54305.0 
54296.1  53839.0 
54296.1  54306.1 
54297.1  54293.0 
54297.1  53830.0 
54297.1  54286.0 
54297.1  54287.0 
54297.1  53831.0 
54297.1  53833.0 
54297.1  54288.0 
54297.1  53834.0 
54297.1  54289.0 
54297.1  53836.0 
54297.1  54308.0 
54297.1  53839.0 
54297.1  54291.1 
54298.1  54293.0 
54298.1  53830.0 
54298.1  54286.0 
54298.1  54287.0 
54298.1  53831.0 
54298.1  53833.0 
54298.1  54288.0 
54298.1  53834.0 
54298.1  54289.0 
54298.1  53836.0 
54298.1  54309.0 
54298.1  53839.0 
54300.1  54310.0 
54301.1  54311.1 
54302.1  54312.1 
54303.1  54313.1 
54304.1  54315.0 
54304.1  53830.0 
54304.1  53843.0 
54304.1  53834.0 
54304.1  53833.0 
54304.1  53839.0 
54304.1  53844.0 
54304.1  53845.0 
54304.1  53895.0 
54304.1  53896.0 
54304.1  53897.0 
54304.1  54316.1 
54304.1  54317.1 
54304.1  53890.0 
54304.1  53902.0 
54304.1  54318.1 
54306.1  54319.1 
54307.1  53830.0 
54307.1  53843.0 
54307.1  53834.0 
54307.1  53833.0 
54307.1  53839.0 
54307.1  53844.0 
54307.1  53845.0 
54311.1  54321.0 
54311.1  53830.0 
54311.1  53833.0 
54311.1  53839.0 
54311.1  53845.0 
54311.1  54322.1 
54312.1  54321.0 
54312.1  53830.0 
54312.1  53833.0 
54312.1  53839.0 
54312.1  53845.0 
54312.1  54324.1 
54313.1  54321.0 
54313.1  53830.0 
54313.1  53833.0 
54313.1  53839.0 
54313.1  53845.0 
54313.1  54326.1 
54314.1  54285.0 
54314.1  53830.0 
54314.1  54286.0 
54314.1  54287.0 
54314.1  53833.0 
54314.1  54288.0 
54314.1  53831.0 
54314.1  54289.0 
54314.1  53834.0 
54314.1  53836.0 
54314.1  54327.0 
54314.1  53839.0 
54314.1  54328.3 
54316.1  54329.1 
54317.1  54330.1 
54318.1  54331.1 
54319.1  54332.0 
54319.1  53830.0 
54319.1  53833.0 
54319.1  54328.3 
54322.1  54333.0 
54324.1  54334.0 
54326.1  54335.0 
54328.1  54336.1 
54328.2  54337.1 
54328.3  54338.1 
54329.1  54321.0 
54329.1  53830.0 
54329.1  53833.0 
54329.1  53839.0 
54329.1  53845.0 
54329.1  54340.1 
54330.1  54341.0 
54330.1  53830.0 
54330.1  53833.0 
54330.1  53839.0 
54330.1  54342.9 
54331.1  54341.0 
54331.1  53830.0 
54331.1  53833.0 
54331.1  53839.0 
54331.1  54343.9 
54336.1  54285.0 
54336.1  53830.0 
54336.1  54286.0 
54336.1  54287.0 
54336.1  53833.0 
54336.1  54288.0 
54336.1  53831.0 
54336.1  54289.0 
54336.1  53834.0 
54336.1  53836.0 
54336.1  54344.0 
54336.1  53839.0 
54336.1  54345.2 
54337.1  54293.0 
54337.1  53830.0 
54337.1  54286.0 
54337.1  54287.0 
54337.1  53831.0 
54337.1  53833.0 
54337.1  54288.0 
54337.1  53834.0 
54337.1  54289.0 
54337.1  53836.0 
54337.1  54347.0 
54337.1  53839.0 
54337.1  54328.1 
54338.1  54295.0 
54338.1  53830.0 
54338.1  53833.0 
54338.1  54328.2 
54340.1  54348.0 
54342.1  54349.1 
54342.2  54350.1 
54342.3  54351.1 
54342.4  54352.1 
54342.5  54353.1 
54342.6  54354.1 
54342.7  54355.1 
54342.8  54356.1 
54342.9  54346.1 
54342.10  54292.1 
54343.1  54349.2 
54343.2  54350.2 
54343.3  54351.2 
54343.4  54352.2 
54343.5  54353.2 
54343.6  54354.2 
54343.7  54355.2 
54343.8  54356.2 
54343.9  54346.2 
54343.10  54292.2 
54345.1  54357.1 
54345.2  54358.1 
54346.1  54299.0 
54346.1  53830.0 
54346.1  53843.0 
54346.1  53834.0 
54346.1  53833.0 
54346.1  53839.0 
54346.1  53844.0 
54346.1  53845.0 
54346.1  53895.0 
54346.1  53896.0 
54346.1  53897.0 
54346.1  54360.1 
54346.1  54361.1 
54346.2  54362.1 
54346.3  54363.1 
54349.1  54299.0 
54349.1  53830.0 
54349.1  53843.0 
54349.1  53834.0 
54349.1  53833.0 
54349.1  53839.0 
54349.1  53844.0 
54349.1  53845.0 
54349.1  53895.0 
54349.1  53896.0 
54349.1  53897.0 
54349.1  54365.1 
54349.1  54366.1 
54349.2  54367.1 
54349.3  54368.1 
54350.1  54299.0 
54350.1  53830.0 
54350.1  53843.0 
54350.1  53834.0 
54350.1  53833.0 
54350.1  53839.0 
54350.1  53844.0 
54350.1  53845.0 
54350.1  53895.0 
54350.1  53896.0 
54350.1  53897.0 
54350.1  54370.1 
54350.1  54371.1 
54350.2  54372.1 
54350.3  54373.1 
54351.1  54299.0 
54351.1  53830.0 
54351.1  53843.0 
54351.1  53834.0 
54351.1  53833.0 
54351.1  53839.0 
54351.1  53844.0 
54351.1  53845.0 
54351.1  53895.0 
54351.1  53896.0 
54351.1  53897.0 
54351.1  54375.1 
54351.1  54376.1 
54351.2  54377.1 
54351.3  54378.1 
54352.1  54299.0 
54352.1  53830.0 
54352.1  53843.0 
54352.1  53834.0 
54352.1  53833.0 
54352.1  53839.0 
54352.1  53844.0 
54352.1  53845.0 
54352.1  53895.0 
54352.1  53896.0 
54352.1  53897.0 
54352.1  54380.1 
54352.1  54381.1 
54352.2  54382.1 
54352.3  54383.1 
54353.1  54299.0 
54353.1  53830.0 
54353.1  53843.0 
54353.1  53834.0 
54353.1  53833.0 
54353.1  53839.0 
54353.1  53844.0 
54353.1  53845.0 
54353.1  53895.0 
54353.1  53896.0 
54353.1  53897.0 
54353.1  54385.1 
54353.1  54386.1 
54353.2  54387.1 
54353.3  54388.1 
54354.1  54299.0 
54354.1  53830.0 
54354.1  53843.0 
54354.1  53834.0 
54354.1  53833.0 
54354.1  53839.0 
54354.1  53844.0 
54354.1  53845.0 
54354.1  53895.0 
54354.1  53896.0 
54354.1  53897.0 
54354.1  54390.1 
54354.1  54391.1 
54354.2  54392.1 
54354.3  54393.1 
54355.1  54299.0 
54355.1  53830.0 
54355.1  53843.0 
54355.1  53834.0 
54355.1  53833.0 
54355.1  53839.0 
54355.1  53844.0 
54355.1  53845.0 
54355.1  53895.0 
54355.1  53896.0 
54355.1  53897.0 
54355.1  54395.1 
54355.1  54396.1 
54355.2  54397.1 
54355.3  54398.1 
54356.1  54299.0 
54356.1  53830.0 
54356.1  53843.0 
54356.1  53834.0 
54356.1  53833.0 
54356.1  53839.0 
54356.1  53844.0 
54356.1  53845.0 
54356.1  53895.0 
54356.1  53896.0 
54356.1  53897.0 
54356.1  54400.1 
54356.1  54401.1 
54356.2  54402.1 
54356.3  54403.1 
54357.1  54285.0 
54357.1  53830.0 
54357.1  54286.0 
54357.1  54287.0 
54357.1  53833.0 
54357.1  54288.0 
54357.1  53831.0 
54357.1  54289.0 
54357.1  53834.0 
54357.1  53836.0 
54357.1  54405.0 
54357.1  53839.0 
54357.1  54406.1 
54358.1  54293.0 
54358.1  53830.0 
54358.1  54286.0 
54358.1  54287.0 
54358.1  53831.0 
54358.1  53833.0 
54358.1  54288.0 
54358.1  53834.0 
54358.1  54289.0 
54358.1  53836.0 
54358.1  54408.0 
54358.1  53839.0 
54358.1  54345.1 
54359.1  54293.0 
54359.1  53830.0 
54359.1  54286.0 
54359.1  54287.0 
54359.1  53831.0 
54359.1  53833.0 
54359.1  54288.0 
54359.1  53834.0 
54359.1  54289.0 
54359.1  53836.0 
54359.1  54409.0 
54359.1  53839.0 
54360.1  54410.0 
54361.1  54411.1 
54362.1  54412.1 
54363.1  54413.1 
54364.1  54293.0 
54364.1  53830.0 
54364.1  54286.0 
54364.1  54287.0 
54364.1  53831.0 
54364.1  53833.0 
54364.1  54288.0 
54364.1  53834.0 
54364.1  54289.0 
54364.1  53836.0 
54364.1  54415.0 
54364.1  53839.0 
54365.1  54416.0 
54366.1  54417.1 
54367.1  54418.1 
54368.1  54419.1 
54369.1  54293.0 
54369.1  53830.0 
54369.1  54286.0 
54369.1  54287.0 
54369.1  53831.0 
54369.1  53833.0 
54369.1  54288.0 
54369.1  53834.0 
54369.1  54289.0 
54369.1  53836.0 
54369.1  54421.0 
54369.1  53839.0 
54370.1  54422.0 
54371.1  54423.1 
54372.1  54424.1 
54373.1  54425.1 
54374.1  54293.0 
54374.1  53830.0 
54374.1  54286.0 
54374.1  54287.0 
54374.1  53831.0 
54374.1  53833.0 
54374.1  54288.0 
54374.1  53834.0 
54374.1  54289.0 
54374.1  53836.0 
54374.1  54427.0 
54374.1  53839.0 
54375.1  54428.0 
54376.1  54429.1 
54377.1  54430.1 
54378.1  54431.1 
54379.1  54293.0 
54379.1  53830.0 
54379.1  54286.0 
54379.1  54287.0 
54379.1  53831.0 
54379.1  53833.0 
54379.1  54288.0 
54379.1  53834.0 
54379.1  54289.0 
54379.1  53836.0 
54379.1  54433.0 
54379.1  53839.0 
54380.1  54434.0 
54381.1  54435.1 
54382.1  54436.1 
54383.1  54437.1 
54384.1  54293.0 
54384.1  53830.0 
54384.1  54286.0 
54384.1  54287.0 
54384.1  53831.0 
54384.1  53833.0 
54384.1  54288.0 
54384.1  53834.0 
54384.1  54289.0 
54384.1  53836.0 
54384.1  54439.0 
54384.1  53839.0 
54385.1  54440.0 
54386.1  54441.1 
54387.1  54442.1 
54388.1  54443.1 
54389.1  54293.0 
54389.1  53830.0 
54389.1  54286.0 
54389.1  54287.0 
54389.1  53831.0 
54389.1  53833.0 
54389.1  54288.0 
54389.1  53834.0 
54389.1  54289.0 
54389.1  53836.0 
54389.1  54445.0 
54389.1  53839.0 
54390.1  54446.0 
54391.1  54447.1 
54392.1  54448.1 
54393.1  54449.1 
54394.1  54293.0 
54394.1  53830.0 
54394.1  54286.0 
54394.1  54287.0 
54394.1  53831.0 
54394.1  53833.0 
54394.1  54288.0 
54394.1  53834.0 
54394.1  54289.0 
54394.1  53836.0 
54394.1  54451.0 
54394.1  53839.0 
54395.1  54452.0 
54396.1  54453.1 
54397.1  54454.1 
54398.1  54455.1 
54399.1  54293.0 
54399.1  53830.0 
54399.1  54286.0 
54399.1  54287.0 
54399.1  53831.0 
54399.1  53833.0 
54399.1  54288.0 
54399.1  53834.0 
54399.1  54289.0 
54399.1  53836.0 
54399.1  54456.0 
54399.1  53839.0 
54400.1  54457.0 
54401.1  54458.1 
54402.1  54459.1 
54403.1  54460.1 
54404.1  54315.0 
54404.1  53830.0 
54404.1  53843.0 
54404.1  53834.0 
54404.1  53833.0 
54404.1  53839.0 
54404.1  53844.0 
54404.1  53845.0 
54404.1  53895.0 
54404.1  53896.0 
54404.1  53897.0 
54404.1  54462.1 
54404.1  54463.1 
54404.1  53890.0 
54404.1  53902.0 
54404.1  54464.1 
54406.1  54465.1 
54407.1  53830.0 
54407.1  53843.0 
54407.1  53834.0 
54407.1  53833.0 
54407.1  53839.0 
54407.1  53844.0 
54407.1  53845.0 
54411.1  54321.0 
54411.1  53830.0 
54411.1  53833.0 
54411.1  53839.0 
54411.1  53845.0 
54411.1  54467.1 
54412.1  54321.0 
54412.1  53830.0 
54412.1  53833.0 
54412.1  53839.0 
54412.1  53845.0 
54412.1  54469.1 
54413.1  54321.0 
54413.1  53830.0 
54413.1  53833.0 
54413.1  53839.0 
54413.1  53845.0 
54413.1  54471.1 
54414.1  53830.0 
54414.1  53843.0 
54414.1  53834.0 
54414.1  53833.0 
54414.1  53839.0 
54414.1  53844.0 
54414.1  53845.0 
54417.1  54321.0 
54417.1  53830.0 
54417.1  53833.0 
54417.1  53839.0 
54417.1  53845.0 
54417.1  54473.1 
54418.1  54321.0 
54418.1  53830.0 
54418.1  53833.0 
54418.1  53839.0 
54418.1  53845.0 
54418.1  54475.1 
54419.1  54321.0 
54419.1  53830.0 
54419.1  53833.0 
54419.1  53839.0 
54419.1  53845.0 
54419.1  54477.1 
54420.1  53830.0 
54420.1  53843.0 
54420.1  53834.0 
54420.1  53833.0 
54420.1  53839.0 
54420.1  53844.0 
54420.1  53845.0 
54423.1  54321.0 
54423.1  53830.0 
54423.1  53833.0 
54423.1  53839.0 
54423.1  53845.0 
54423.1  54479.1 
54424.1  54321.0 
54424.1  53830.0 
54424.1  53833.0 
54424.1  53839.0 
54424.1  53845.0 
54424.1  54481.1 
54425.1  54321.0 
54425.1  53830.0 
54425.1  53833.0 
54425.1  53839.0 
54425.1  53845.0 
54425.1  54483.1 
54426.1  53830.0 
54426.1  53843.0 
54426.1  53834.0 
54426.1  53833.0 
54426.1  53839.0 
54426.1  53844.0 
54426.1  53845.0 
54429.1  54321.0 
54429.1  53830.0 
54429.1  53833.0 
54429.1  53839.0 
54429.1  53845.0 
54429.1  54485.1 
54430.1  54321.0 
54430.1  53830.0 
54430.1  53833.0 
54430.1  53839.0 
54430.1  53845.0 
54430.1  54487.1 
54431.1  54321.0 
54431.1  53830.0 
54431.1  53833.0 
54431.1  53839.0 
54431.1  53845.0 
54431.1  54489.1 
54432.1  53830.0 
54432.1  53843.0 
54432.1  53834.0 
54432.1  53833.0 
54432.1  53839.0 
54432.1  53844.0 
54432.1  53845.0 
54435.1  54321.0 
54435.1  53830.0 
54435.1  53833.0 
54435.1  53839.0 
54435.1  53845.0 
54435.1  54491.1 
54436.1  54321.0 
54436.1  53830.0 
54436.1  53833.0 
54436.1  53839.0 
54436.1  53845.0 
54436.1  54493.1 
54437.1  54321.0 
54437.1  53830.0 
54437.1  53833.0 
54437.1  53839.0 
54437.1  53845.0 
54437.1  54495.1 
54438.1  53830.0 
54438.1  53843.0 
54438.1  53834.0 
54438.1  53833.0 
54438.1  53839.0 
54438.1  53844.0 
54438.1  53845.0 
54441.1  54321.0 
54441.1  53830.0 
54441.1  53833.0 
54441.1  53839.0 
54441.1  53845.0 
54441.1  54497.1 
54442.1  54321.0 
54442.1  53830.0 
54442.1  53833.0 
54442.1  53839.0 
54442.1  53845.0 
54442.1  54499.1 
54443.1  54321.0 
54443.1  53830.0 
54443.1  53833.0 
54443.1  53839.0 
54443.1  53845.0 
54443.1  54501.1 
54444.1  53830.0 
54444.1  53843.0 
54444.1  53834.0 
54444.1  53833.0 
54444.1  53839.0 
54444.1  53844.0 
54444.1  53845.0 
54447.1  54321.0 
54447.1  53830.0 
54447.1  53833.0 
54447.1  53839.0 
54447.1  53845.0 
54447.1  54503.1 
54448.1  54321.0 
54448.1  53830.0 
54448.1  53833.0 
54448.1  53839.0 
54448.1  53845.0 
54448.1  54505.1 
54449.1  54321.0 
54449.1  53830.0 
54449.1  53833.0 
54449.1  53839.0 
54449.1  53845.0 
54449.1  54507.1 
54450.1  53830.0 
54450.1  53843.0 
54450.1  53834.0 
54450.1  53833.0 
54450.1  53839.0 
54450.1  53844.0 
54450.1  53845.0 
54453.1  54321.0 
54453.1  53830.0 
54453.1  53833.0 
54453.1  53839.0 
54453.1  53845.0 
54453.1  54509.1 
54454.1  54321.0 
54454.1  53830.0 
54454.1  53833.0 
54454.1  53839.0 
54454.1  53845.0 
54454.1  54511.1 
54455.1  54321.0 
54455.1  53830.0 
54455.1  53833.0 
54455.1  53839.0 
54455.1  53845.0 
54455.1  54513.1 
54458.1  54321.0 
54458.1  53830.0 
54458.1  53833.0 
54458.1  53839.0 
54458.1  53845.0 
54458.1  54515.1 
54459.1  54321.0 
54459.1  53830.0 
54459.1  53833.0 
54459.1  53839.0 
54459.1  53845.0 
54459.1  54517.1 
54460.1  54321.0 
54460.1  53830.0 
54460.1  53833.0 
54460.1  53839.0 
54460.1  53845.0 
54460.1  54519.1 
54461.1  54285.0 
54461.1  53830.0 
54461.1  54286.0 
54461.1  54287.0 
54461.1  53833.0 
54461.1  54288.0 
54461.1  53831.0 
54461.1  54289.0 
54461.1  53834.0 
54461.1  53836.0 
54461.1  54520.0 
54461.1  53839.0 
54461.1  54521.3 
54462.1  54522.1 
54463.1  54523.1 
54464.1  54524.1 
54465.1  54332.0 
54465.1  53830.0 
54465.1  53833.0 
54465.1  54521.3 
54467.1  54525.0 
54469.1  54526.0 
54471.1  54527.0 
54473.1  54528.0 
54475.1  54529.0 
54477.1  54530.0 
54479.1  54531.0 
54481.1  54532.0 
54483.1  54533.0 
54485.1  54534.0 
54487.1  54535.0 
54489.1  54536.0 
54491.1  54537.0 
54493.1  54538.0 
54495.1  54539.0 
54497.1  54540.0 
54499.1  54541.0 
54501.1  54542.0 
54503.1  54543.0 
54505.1  54544.0 
54507.1  54545.0 
54509.1  54546.0 
54511.1  54547.0 
54513.1  54548.0 
54515.1  54549.0 
54517.1  54550.0 
54519.1  54551.0 
54521.1  54552.1 
54521.2  54553.1 
54521.3  54554.1 
54522.1  54321.0 
54522.1  53830.0 
54522.1  53833.0 
54522.1  53839.0 
54522.1  53845.0 
54522.1  54556.1 
54523.1  54341.0 
54523.1  53830.0 
54523.1  53833.0 
54523.1  53839.0 
54523.1  54342.8 
54524.1  54341.0 
54524.1  53830.0 
54524.1  53833.0 
54524.1  53839.0 
54524.1  54343.8 
54552.1  54285.0 
54552.1  53830.0 
54552.1  54286.0 
54552.1  54287.0 
54552.1  53833.0 
54552.1  54288.0 
54552.1  53831.0 
54552.1  54289.0 
54552.1  53834.0 
54552.1  53836.0 
54552.1  54557.0 
54552.1  53839.0 
54552.1  54558.2 
54553.1  54293.0 
54553.1  53830.0 
54553.1  54286.0 
54553.1  54287.0 
54553.1  53831.0 
54553.1  53833.0 
54553.1  54288.0 
54553.1  53834.0 
54553.1  54289.0 
54553.1  53836.0 
54553.1  54559.0 
54553.1  53839.0 
54553.1  54521.1 
54554.1  54295.0 
54554.1  53830.0 
54554.1  53833.0 
54554.1  54521.2 
54556.1  54560.0 
54558.1  54561.1 
54558.2  54562.1 
54561.1  54285.0 
54561.1  53830.0 
54561.1  54286.0 
54561.1  54287.0 
54561.1  53833.0 
54561.1  54288.0 
54561.1  53831.0 
54561.1  54289.0 
54561.1  53834.0 
54561.1  53836.0 
54561.1  54564.0 
54561.1  53839.0 
54561.1  54565.1 
54562.1  54293.0 
54562.1  53830.0 
54562.1  54286.0 
54562.1  54287.0 
54562.1  53831.0 
54562.1  53833.0 
54562.1  54288.0 
54562.1  53834.0 
54562.1  54289.0 
54562.1  53836.0 
54562.1  54566.0 
54562.1  53839.0 
54562.1  54558.1 
54563.1  54315.0 
54563.1  53830.0 
54563.1  53843.0 
54563.1  53834.0 
54563.1  53833.0 
54563.1  53839.0 
54563.1  53844.0 
54563.1  53845.0 
54563.1  53895.0 
54563.1  53896.0 
54563.1  53897.0 
54563.1  54568.1 
54563.1  54569.1 
54563.1  53890.0 
54563.1  53902.0 
54563.1  54570.1 
54565.1  54571.1 
54567.1  54285.0 
54567.1  53830.0 
54567.1  54286.0 
54567.1  54287.0 
54567.1  53833.0 
54567.1  54288.0 
54567.1  53831.0 
54567.1  54289.0 
54567.1  53834.0 
54567.1  53836.0 
54567.1  54572.0 
54567.1  53839.0 
54567.1  54573.3 
54568.1  54574.1 
54569.1  54575.1 
54570.1  54576.1 
54571.1  54332.0 
54571.1  53830.0 
54571.1  53833.0 
54571.1  54573.3 
54573.1  54577.1 
54573.2  54578.1 
54573.3  54579.1 
54574.1  54321.0 
54574.1  53830.0 
54574.1  53833.0 
54574.1  53839.0 
54574.1  53845.0 
54574.1  54581.1 
54575.1  54341.0 
54575.1  53830.0 
54575.1  53833.0 
54575.1  53839.0 
54575.1  54342.7 
54576.1  54341.0 
54576.1  53830.0 
54576.1  53833.0 
54576.1  53839.0 
54576.1  54343.7 
54577.1  54285.0 
54577.1  53830.0 
54577.1  54286.0 
54577.1  54287.0 
54577.1  53833.0 
54577.1  54288.0 
54577.1  53831.0 
54577.1  54289.0 
54577.1  53834.0 
54577.1  53836.0 
54577.1  54582.0 
54577.1  53839.0 
54577.1  54583.2 
54578.1  54293.0 
54578.1  53830.0 
54578.1  54286.0 
54578.1  54287.0 
54578.1  53831.0 
54578.1  53833.0 
54578.1  54288.0 
54578.1  53834.0 
54578.1  54289.0 
54578.1  53836.0 
54578.1  54584.0 
54578.1  53839.0 
54578.1  54573.1 
54579.1  54295.0 
54579.1  53830.0 
54579.1  53833.0 
54579.1  54573.2 
54581.1  54585.0 
54583.1  54586.1 
54583.2  54587.1 
54586.1  54285.0 
54586.1  53830.0 
54586.1  54286.0 
54586.1  54287.0 
54586.1  53833.0 
54586.1  54288.0 
54586.1  53831.0 
54586.1  54289.0 
54586.1  53834.0 
54586.1  53836.0 
54586.1  54589.0 
54586.1  53839.0 
54586.1  54590.1 
54587.1  54293.0 
54587.1  53830.0 
54587.1  54286.0 
54587.1  54287.0 
54587.1  53831.0 
54587.1  53833.0 
54587.1  54288.0 
54587.1  53834.0 
54587.1  54289.0 
54587.1  53836.0 
54587.1  54591.0 
54587.1  53839.0 
54587.1  54583.1 
54588.1  54315.0 
54588.1  53830.0 
54588.1  53843.0 
54588.1  53834.0 
54588.1  53833.0 
54588.1  53839.0 
54588.1  53844.0 
54588.1  53845.0 
54588.1  53895.0 
54588.1  53896.0 
54588.1  53897.0 
54588.1  54593.1 
54588.1  54594.1 
54588.1  53890.0 
54588.1  53902.0 
54588.1  54595.1 
54590.1  54596.1 
54592.1  54285.0 
54592.1  53830.0 
54592.1  54286.0 
54592.1  54287.0 
54592.1  53833.0 
54592.1  54288.0 
54592.1  53831.0 
54592.1  54289.0 
54592.1  53834.0 
54592.1  53836.0 
54592.1  54597.0 
54592.1  53839.0 
54592.1  54598.3 
54593.1  54599.1 
54594.1  54600.1 
54595.1  54601.1 
54596.1  54332.0 
54596.1  53830.0 
54596.1  53833.0 
54596.1  54598.3 
54598.1  54602.1 
54598.2  54603.1 
54598.3  54604.1 
54599.1  54321.0 
54599.1  53830.0 
54599.1  53833.0 
54599.1  53839.0 
54599.1  53845.0 
54599.1  54606.1 
54600.1  54341.0 
54600.1  53830.0 
54600.1  53833.0 
54600.1  53839.0 
54600.1  54342.6 
54601.1  54341.0 
54601.1  53830.0 
54601.1  53833.0 
54601.1  53839.0 
54601.1  54343.6 
54602.1  54285.0 
54602.1  53830.0 
54602.1  54286.0 
54602.1  54287.0 
54602.1  53833.0 
54602.1  54288.0 
54602.1  53831.0 
54602.1  54289.0 
54602.1  53834.0 
54602.1  53836.0 
54602.1  54607.0 
54602.1  53839.0 
54602.1  54608.2 
54603.1  54293.0 
54603.1  53830.0 
54603.1  54286.0 
54603.1  54287.0 
54603.1  53831.0 
54603.1  53833.0 
54603.1  54288.0 
54603.1  53834.0 
54603.1  54289.0 
54603.1  53836.0 
54603.1  54609.0 
54603.1  53839.0 
54603.1  54598.1 
54604.1  54295.0 
54604.1  53830.0 
54604.1  53833.0 
54604.1  54598.2 
54606.1  54610.0 
54608.1  54611.1 
54608.2  54612.1 
54611.1  54285.0 
54611.1  53830.0 
54611.1  54286.0 
54611.1  54287.0 
54611.1  53833.0 
54611.1  54288.0 
54611.1  53831.0 
54611.1  54289.0 
54611.1  53834.0 
54611.1  53836.0 
54611.1  54614.0 
54611.1  53839.0 
54611.1  54615.1 
54612.1  54293.0 
54612.1  53830.0 
54612.1  54286.0 
54612.1  54287.0 
54612.1  53831.0 
54612.1  53833.0 
54612.1  54288.0 
54612.1  53834.0 
54612.1  54289.0 
54612.1  53836.0 
54612.1  54616.0 
54612.1  53839.0 
54612.1  54608.1 
54613.1  54315.0 
54613.1  53830.0 
54613.1  53843.0 
54613.1  53834.0 
54613.1  53833.0 
54613.1  53839.0 
54613.1  53844.0 
54613.1  53845.0 
54613.1  53895.0 
54613.1  53896.0 
54613.1  53897.0 
54613.1  54618.1 
54613.1  54619.1 
54613.1  53890.0 
54613.1  53902.0 
54613.1  54620.1 
54615.1  54621.1 
54617.1  54285.0 
54617.1  53830.0 
54617.1  54286.0 
54617.1  54287.0 
54617.1  53833.0 
54617.1  54288.0 
54617.1  53831.0 
54617.1  54289.0 
54617.1  53834.0 
54617.1  53836.0 
54617.1  54622.0 
54617.1  53839.0 
54617.1  54623.3 
54618.1  54624.1 
54619.1  54625.1 
54620.1  54626.1 
54621.1  54332.0 
54621.1  53830.0 
54621.1  53833.0 
54621.1  54623.3 
54623.1  54627.1 
54623.2  54628.1 
54623.3  54629.1 
54624.1  54321.0 
54624.1  53830.0 
54624.1  53833.0 
54624.1  53839.0 
54624.1  53845.0 
54624.1  54631.1 
54625.1  54341.0 
54625.1  53830.0 
54625.1  53833.0 
54625.1  53839.0 
54625.1  54342.5 
54626.1  54341.0 
54626.1  53830.0 
54626.1  53833.0 
54626.1  53839.0 
54626.1  54343.5 
54627.1  54285.0 
54627.1  53830.0 
54627.1  54286.0 
54627.1  54287.0 
54627.1  53833.0 
54627.1  54288.0 
54627.1  53831.0 
54627.1  54289.0 
54627.1  53834.0 
54627.1  53836.0 
54627.1  54632.0 
54627.1  53839.0 
54627.1  54633.2 
54628.1  54293.0 
54628.1  53830.0 
54628.1  54286.0 
54628.1  54287.0 
54628.1  53831.0 
54628.1  53833.0 
54628.1  54288.0 
54628.1  53834.0 
54628.1  54289.0 
54628.1  53836.0 
54628.1  54634.0 
54628.1  53839.0 
54628.1  54623.1 
54629.1  54295.0 
54629.1  53830.0 
54629.1  53833.0 
54629.1  54623.2 
54631.1  54635.0 
54633.1  54636.1 
54633.2  54637.1 
54636.1  54285.0 
54636.1  53830.0 
54636.1  54286.0 
54636.1  54287.0 
54636.1  53833.0 
54636.1  54288.0 
54636.1  53831.0 
54636.1  54289.0 
54636.1  53834.0 
54636.1  53836.0 
54636.1  54639.0 
54636.1  53839.0 
54636.1  54640.1 
54637.1  54293.0 
54637.1  53830.0 
54637.1  54286.0 
54637.1  54287.0 
54637.1  53831.0 
54637.1  53833.0 
54637.1  54288.0 
54637.1  53834.0 
54637.1  54289.0 
54637.1  53836.0 
54637.1  54641.0 
54637.1  53839.0 
54637.1  54633.1 
54638.1  54315.0 
54638.1  53830.0 
54638.1  53843.0 
54638.1  53834.0 
54638.1  53833.0 
54638.1  53839.0 
54638.1  53844.0 
54638.1  53845.0 
54638.1  53895.0 
54638.1  53896.0 
54638.1  53897.0 
54638.1  54643.1 
54638.1  54644.1 
54638.1  53890.0 
54638.1  53902.0 
54638.1  54645.1 
54640.1  54646.1 
54642.1  54285.0 
54642.1  53830.0 
54642.1  54286.0 
54642.1  54287.0 
54642.1  53833.0 
54642.1  54288.0 
54642.1  53831.0 
54642.1  54289.0 
54642.1  53834.0 
54642.1  53836.0 
54642.1  54647.0 
54642.1  53839.0 
54642.1  54648.3 
54643.1  54649.1 
54644.1  54650.1 
54645.1  54651.1 
54646.1  54332.0 
54646.1  53830.0 
54646.1  53833.0 
54646.1  54648.3 
54648.1  54652.1 
54648.2  54653.1 
54648.3  54654.1 
54649.1  54321.0 
54649.1  53830.0 
54649.1  53833.0 
54649.1  53839.0 
54649.1  53845.0 
54649.1  54656.1 
54650.1  54341.0 
54650.1  53830.0 
54650.1  53833.0 
54650.1  53839.0 
54650.1  54342.4 
54651.1  54341.0 
54651.1  53830.0 
54651.1  53833.0 
54651.1  53839.0 
54651.1  54343.4 
54652.1  54285.0 
54652.1  53830.0 
54652.1  54286.0 
54652.1  54287.0 
54652.1  53833.0 
54652.1  54288.0 
54652.1  53831.0 
54652.1  54289.0 
54652.1  53834.0 
54652.1  53836.0 
54652.1  54657.0 
54652.1  53839.0 
54652.1  54658.2 
54653.1  54293.0 
54653.1  53830.0 
54653.1  54286.0 
54653.1  54287.0 
54653.1  53831.0 
54653.1  53833.0 
54653.1  54288.0 
54653.1  53834.0 
54653.1  54289.0 
54653.1  53836.0 
54653.1  54659.0 
54653.1  53839.0 
54653.1  54648.1 
54654.1  54295.0 
54654.1  53830.0 
54654.1  53833.0 
54654.1  54648.2 
54656.1  54660.0 
54658.1  54661.1 
54658.2  54662.1 
54661.1  54285.0 
54661.1  53830.0 
54661.1  54286.0 
54661.1  54287.0 
54661.1  53833.0 
54661.1  54288.0 
54661.1  53831.0 
54661.1  54289.0 
54661.1  53834.0 
54661.1  53836.0 
54661.1  54664.0 
54661.1  53839.0 
54661.1  54665.1 
54662.1  54293.0 
54662.1  53830.0 
54662.1  54286.0 
54662.1  54287.0 
54662.1  53831.0 
54662.1  53833.0 
54662.1  54288.0 
54662.1  53834.0 
54662.1  54289.0 
54662.1  53836.0 
54662.1  54666.0 
54662.1  53839.0 
54662.1  54658.1 
54663.1  54315.0 
54663.1  53830.0 
54663.1  53843.0 
54663.1  53834.0 
54663.1  53833.0 
54663.1  53839.0 
54663.1  53844.0 
54663.1  53845.0 
54663.1  53895.0 
54663.1  53896.0 
54663.1  53897.0 
54663.1  54668.1 
54663.1  54669.1 
54663.1  53890.0 
54663.1  53902.0 
54663.1  54670.1 
54665.1  54671.1 
54667.1  54285.0 
54667.1  53830.0 
54667.1  54286.0 
54667.1  54287.0 
54667.1  53833.0 
54667.1  54288.0 
54667.1  53831.0 
54667.1  54289.0 
54667.1  53834.0 
54667.1  53836.0 
54667.1  54672.0 
54667.1  53839.0 
54667.1  54673.3 
54668.1  54674.1 
54669.1  54675.1 
54670.1  54676.1 
54671.1  54332.0 
54671.1  53830.0 
54671.1  53833.0 
54671.1  54673.3 
54673.1  54677.1 
54673.2  54678.1 
54673.3  54679.1 
54674.1  54321.0 
54674.1  53830.0 
54674.1  53833.0 
54674.1  53839.0 
54674.1  53845.0 
54674.1  54681.1 
54675.1  54341.0 
54675.1  53830.0 
54675.1  53833.0 
54675.1  53839.0 
54675.1  54342.3 
54676.1  54341.0 
54676.1  53830.0 
54676.1  53833.0 
54676.1  53839.0 
54676.1  54343.3 
54677.1  54285.0 
54677.1  53830.0 
54677.1  54286.0 
54677.1  54287.0 
54677.1  53833.0 
54677.1  54288.0 
54677.1  53831.0 
54677.1  54289.0 
54677.1  53834.0 
54677.1  53836.0 
54677.1  54682.0 
54677.1  53839.0 
54677.1  54683.2 
54678.1  54293.0 
54678.1  53830.0 
54678.1  54286.0 
54678.1  54287.0 
54678.1  53831.0 
54678.1  53833.0 
54678.1  54288.0 
54678.1  53834.0 
54678.1  54289.0 
54678.1  53836.0 
54678.1  54684.0 
54678.1  53839.0 
54678.1  54673.1 
54679.1  54295.0 
54679.1  53830.0 
54679.1  53833.0 
54679.1  54673.2 
54681.1  54685.0 
54683.1  54686.1 
54683.2  54687.1 
54686.1  54285.0 
54686.1  53830.0 
54686.1  54286.0 
54686.1  54287.0 
54686.1  53833.0 
54686.1  54288.0 
54686.1  53831.0 
54686.1  54289.0 
54686.1  53834.0 
54686.1  53836.0 
54686.1  54689.0 
54686.1  53839.0 
54686.1  54690.1 
54687.1  54293.0 
54687.1  53830.0 
54687.1  54286.0 
54687.1  54287.0 
54687.1  53831.0 
54687.1  53833.0 
54687.1  54288.0 
54687.1  53834.0 
54687.1  54289.0 
54687.1  53836.0 
54687.1  54691.0 
54687.1  53839.0 
54687.1  54683.1 
54688.1  54315.0 
54688.1  53830.0 
54688.1  53843.0 
54688.1  53834.0 
54688.1  53833.0 
54688.1  53839.0 
54688.1  53844.0 
54688.1  53845.0 
54688.1  53895.0 
54688.1  53896.0 
54688.1  53897.0 
54688.1  54693.1 
54688.1  54694.1 
54688.1  53890.0 
54688.1  53902.0 
54688.1  54695.1 
54690.1  54696.1 
54692.1  54285.0 
54692.1  53830.0 
54692.1  54286.0 
54692.1  54287.0 
54692.1  53833.0 
54692.1  54288.0 
54692.1  53831.0 
54692.1  54289.0 
54692.1  53834.0 
54692.1  53836.0 
54692.1  54697.0 
54692.1  53839.0 
54692.1  54698.3 
54693.1  54699.1 
54694.1  54700.1 
54695.1  54701.1 
54696.1  54332.0 
54696.1  53830.0 
54696.1  53833.0 
54696.1  54698.3 
54698.1  54702.1 
54698.2  54703.1 
54698.3  54704.1 
54699.1  54321.0 
54699.1  53830.0 
54699.1  53833.0 
54699.1  53839.0 
54699.1  53845.0 
54699.1  54706.1 
54700.1  54341.0 
54700.1  53830.0 
54700.1  53833.0 
54700.1  53839.0 
54700.1  54342.2 
54701.1  54341.0 
54701.1  53830.0 
54701.1  53833.0 
54701.1  53839.0 
54701.1  54343.2 
54702.1  54285.0 
54702.1  53830.0 
54702.1  54286.0 
54702.1  54287.0 
54702.1  53833.0 
54702.1  54288.0 
54702.1  53831.0 
54702.1  54289.0 
54702.1  53834.0 
54702.1  53836.0 
54702.1  54707.0 
54702.1  53839.0 
54702.1  54708.2 
54703.1  54293.0 
54703.1  53830.0 
54703.1  54286.0 
54703.1  54287.0 
54703.1  53831.0 
54703.1  53833.0 
54703.1  54288.0 
54703.1  53834.0 
54703.1  54289.0 
54703.1  53836.0 
54703.1  54709.0 
54703.1  53839.0 
54703.1  54698.1 
54704.1  54295.0 
54704.1  53830.0 
54704.1  53833.0 
54704.1  54698.2 
54706.1  54710.0 
54708.1  54711.1 
54708.2  54712.1 
54711.1  54285.0 
54711.1  53830.0 
54711.1  54286.0 
54711.1  54287.0 
54711.1  53833.0 
54711.1  54288.0 
54711.1  53831.0 
54711.1  54289.0 
54711.1  53834.0 
54711.1  53836.0 
54711.1  54714.0 
54711.1  53839.0 
54711.1  54715.1 
54712.1  54293.0 
54712.1  53830.0 
54712.1  54286.0 
54712.1  54287.0 
54712.1  53831.0 
54712.1  53833.0 
54712.1  54288.0 
54712.1  53834.0 
54712.1  54289.0 
54712.1  53836.0 
54712.1  54716.0 
54712.1  53839.0 
54712.1  54708.1 
54713.1  54315.0 
54713.1  53830.0 
54713.1  53843.0 
54713.1  53834.0 
54713.1  53833.0 
54713.1  53839.0 
54713.1  53844.0 
54713.1  53845.0 
54713.1  53895.0 
54713.1  53896.0 
54713.1  53897.0 
54713.1  54718.1 
54713.1  54719.1 
54713.1  53890.0 
54713.1  53902.0 
54713.1  54720.1 
54715.1  54721.1 
54717.1  54285.0 
54717.1  53830.0 
54717.1  54286.0 
54717.1  54287.0 
54717.1  53833.0 
54717.1  54288.0 
54717.1  53831.0 
54717.1  54289.0 
54717.1  53834.0 
54717.1  53836.0 
54717.1  54722.0 
54717.1  53839.0 
54717.1  54723.3 
54718.1  54724.1 
54719.1  54725.1 
54720.1  54726.1 
54721.1  54332.0 
54721.1  53830.0 
54721.1  53833.0 
54721.1  54723.3 
54723.1  54727.1 
54723.2  54728.1 
54723.3  54729.1 
54724.1  54321.0 
54724.1  53830.0 
54724.1  53833.0 
54724.1  53839.0 
54724.1  53845.0 
54724.1  54731.1 
54725.1  54341.0 
54725.1  53830.0 
54725.1  53833.0 
54725.1  53839.0 
54725.1  54342.1 
54726.1  54341.0 
54726.1  53830.0 
54726.1  53833.0 
54726.1  53839.0 
54726.1  54343.1 
54727.1  54285.0 
54727.1  53830.0 
54727.1  54286.0 
54727.1  54287.0 
54727.1  53833.0 
54727.1  54288.0 
54727.1  53831.0 
54727.1  54289.0 
54727.1  53834.0 
54727.1  53836.0 
54727.1  54732.0 
54727.1  53839.0 
54727.1  54733.2 
54728.1  54293.0 
54728.1  53830.0 
54728.1  54286.0 
54728.1  54287.0 
54728.1  53831.0 
54728.1  53833.0 
54728.1  54288.0 
54728.1  53834.0 
54728.1  54289.0 
54728.1  53836.0 
54728.1  54734.0 
54728.1  53839.0 
54728.1  54723.1 
54729.1  54295.0 
54729.1  53830.0 
54729.1  53833.0 
54729.1  54723.2 
54731.1  54735.0 
54733.1  54736.1 
54733.2  54737.1 
54736.1  54285.0 
54736.1  53830.0 
54736.1  54286.0 
54736.1  54287.0 
54736.1  53833.0 
54736.1  54288.0 
54736.1  53831.0 
54736.1  54289.0 
54736.1  53834.0 
54736.1  53836.0 
54736.1  54739.0 
54736.1  53839.0 
54736.1  54740.1 
54737.1  53830.0 
54737.1  54286.0 
54737.1  54287.0 
54737.1  53831.0 
54737.1  53833.0 
54737.1  54288.0 
54737.1  53834.0 
54737.1  54289.0 
54737.1  53836.0 
54737.1  54741.0 
54737.1  53839.0 
54737.1  54733.1 
54738.1  54315.0 
54738.1  53830.0 
54738.1  53843.0 
54738.1  53834.0 
54738.1  53833.0 
54738.1  53839.0 
54738.1  53844.0 
54738.1  53845.0 
54738.1  53895.0 
54738.1  53896.0 
54738.1  53897.0 
54738.1  54743.1 
54738.1  54744.1 
54738.1  53890.0 
54738.1  53902.0 
54738.1  54745.1 
54740.1  54746.1 
54742.1  53830.0 
54742.1  54286.0 
54742.1  54287.0 
54742.1  53833.0 
54742.1  54288.0 
54742.1  53831.0 
54742.1  54289.0 
54742.1  53834.0 
54742.1  53836.0 
54742.1  54747.0 
54742.1  53839.0 
54742.1  54748.0 
54743.1  54749.1 
54744.1  54750.1 
54745.1  54751.1 
54746.1  54332.0 
54746.1  53830.0 
54746.1  53833.0 
54746.1  54748.0 
54749.1  54321.0 
54749.1  53830.0 
54749.1  53833.0 
54749.1  53839.0 
54749.1  53845.0 
54749.1  54753.1 
54750.1  54341.0 
54750.1  53830.0 
54750.1  53833.0 
54750.1  53839.0 
54750.1  54342.0 
54751.1  54341.0 
54751.1  53830.0 
54751.1  53833.0 
54751.1  53839.0 
54751.1  54343.0 
54753.1  54754.0 
53847.8  54756.0 
53847.8  54757.0 
53847.8  54758.0 
53847.8  54759.0 
53847.8  54760.0 
53847.8  54761.1 
53847.8  54762.0 
53847.8  54763.0 
53847.8  54764.0 
53847.8  54765.0 
53847.8  54766.0 
53847.8  54767.0 
53847.8  54768.0 
53847.8  54769.0 
53847.8  54770.0 
53847.9  54771.0 
53847.9  54772.0 
53847.9  54773.0 
54761.1  54774.1 
54770.1  53847.8 
54774.1  54776.0 
54774.1  53830.0 
54774.1  54777.0 
54774.1  53833.0 
54774.1  53839.0 
54774.1  53845.0 
54774.1  53890.0 
54774.1  54778.1 
54774.1  54778.2 
54774.1  54778.3 
54774.1  54778.4 
54774.1  54778.5 
54774.1  54778.6 
54774.1  54778.7 
54775.1  54779.0 
54775.1  53830.0 
54775.1  53843.0 
54775.1  53834.0 
54775.1  53833.0 
54775.1  53839.0 
54775.1  53844.0 
54775.1  53845.0 
54778.1  54780.1 
54778.2  54780.2 
54778.3  54780.3 
54778.4  54780.4 
54778.5  54780.5 
54778.6  54780.6 
54778.7  54780.7 
54780.1  54781.0 
54780.1  53830.0 
54780.1  54782.0 
54780.1  53834.0 
54780.1  53833.0 
54780.1  54783.0 
54780.1  53839.0 
54780.1  54784.0 
54780.1  54785.0 
54780.1  53844.0 
54780.1  54786.0 
54780.1  54787.0 
54780.1  54788.0 
54780.1  53845.0 
54780.1  54789.0 
54780.1  54790.0 
54780.1  54791.0 
54780.1  54792.0 
54780.1  54793.0 
54780.1  54794.0 
54780.1  54795.0 
54780.1  54796.0 
54780.1  54797.0 
54780.1  54798.0 
54780.1  54799.0 
54780.1  54800.0 
54780.1  54801.0 
54780.1  54802.0 
54780.1  54803.0 
54780.1  54804.0 
54780.1  54805.0 
54780.1  54806.0 
54780.1  54807.0 
54780.1  54808.0 
54780.1  54809.0 
54780.1  54810.0 
54780.1  54811.0 
54780.1  54812.0 
54780.1  54813.0 
54780.1  54814.0 
54780.1  54815.0 
54780.1  54816.0 
54780.1  54817.0 
54780.1  54818.0 
54780.1  54819.0 
54780.1  54820.0 
54780.1  54821.0 
54780.1  54822.0 
54780.1  54823.0 
54780.1  54824.0 
54780.1  54825.0 
54780.1  54826.0 
54780.1  54827.0 
54780.1  54828.0 
54780.1  54829.0 
54780.1  54830.0 
54780.1  54831.0 
54780.1  54832.0 
54780.1  54833.0 
54780.1  54834.0 
54780.1  54835.0 
54780.1  54836.0 
54780.1  54837.0 
54780.1  54838.0 
54780.1  54839.0 
54780.1  54840.0 
54780.1  54841.0 
54780.1  54842.0 
54780.1  54843.0 
54780.1  54844.0 
54780.1  54845.0 
54780.1  54846.0 
54780.1  54847.0 
54780.1  54848.0 
54780.1  54849.0 
54780.1  54850.0 
54780.1  54851.0 
54780.1  54852.0 
54780.1  54853.0 
54780.1  54854.0 
54780.1  54855.0 
54780.1  54856.0 
54780.1  54857.0 
54780.1  54858.0 
54780.1  54859.0 
54780.1  54860.0 
54780.2  54861.0 
54780.2  54862.0 
54780.2  54863.0 
54780.2  54864.0 
54780.2  54865.0 
54780.2  54866.0 
54780.2  54867.0 
54780.2  54868.0 
54780.2  54869.0 
54780.2  54870.0 
54780.2  54871.0 
54780.2  54872.0 
54780.2  54873.0 
54780.2  54874.0 
54780.2  54875.0 
54780.2  54876.0 
54780.2  54877.0 
54780.2  54878.0 
54780.2  54879.0 
54780.2  54880.0 
54780.2  54881.0 
54780.2  54882.0 
54780.2  54883.0 
54780.2  54884.0 
54780.2  54885.0 
54780.2  54886.0 
54780.2  54887.0 
54780.2  54888.0 
54780.2  54889.0 
54780.2  54890.0 
54780.2  54891.0 
54780.2  54892.0 
54780.2  54893.0 
54780.2  54894.0 
54780.2  54895.0 
54780.2  54896.0 
54780.2  54897.0 
54780.2  54898.0 
54780.2  54899.0 
54780.2  54900.0 
54780.2  54901.0 
54780.2  54902.0 
54780.2  54903.0 
54780.2  54904.0 
54780.2  54905.0 
54780.2  54906.0 
54780.2  54907.0 
54780.2  54908.0 
54780.2  54909.0 
54780.2  54910.0 
54780.2  54911.0 
54780.2  54912.0 
54780.2  54913.0 
54780.2  54914.0 
54780.2  54915.0 
54780.2  54916.0 
54780.2  54917.0 
54780.2  54918.0 
54780.2  54919.0 
54780.2  54920.0 
54780.2  54921.0 
54780.2  54922.0 
54780.2  54923.0 
54780.2  54924.0 
54780.2  54925.0 
54780.2  54926.0 
54780.2  54927.0 
54780.2  54928.0 
54780.2  54929.0 
54780.2  54930.0 
54780.2  54931.0 
54780.2  54932.0 
54780.2  54933.0 
54780.2  54934.0 
54780.2  54935.0 
54780.2  54936.0 
54780.2  54937.0 
54780.2  54938.0 
54780.3  54939.0 
54780.3  54940.0 
54780.3  54941.0 
54780.3  54942.0 
54780.3  54943.0 
54780.3  54944.0 
54780.3  54945.0 
54780.3  54946.0 
54780.3  54947.0 
54780.3  54948.0 
54780.3  54949.0 
54780.3  54950.0 
54780.3  54951.0 
54780.3  54952.0 
54780.3  54953.0 
54780.3  54954.0 
54780.3  54955.0 
54780.3  54956.0 
54780.3  54957.0 
54780.3  54958.0 
54780.3  54959.0 
54780.3  54960.0 
54780.3  54961.0 
54780.3  54962.0 
54780.3  54963.0 
54780.3  54964.0 
54780.3  54965.0 
54780.3  54966.0 
54780.3  54967.0 
54780.3  54968.0 
54780.3  54969.0 
54780.3  54970.0 
54780.3  54971.0 
54780.3  54972.0 
54780.3  54973.0 
54780.3  54974.0 
54780.3  54975.0 
54780.3  54976.0 
54780.3  54977.0 
54780.3  54978.0 
54780.3  54979.0 
54780.3  54980.0 
54780.3  54981.0 
54780.3  54982.0 
54780.3  54983.0 
54780.3  54984.0 
54780.3  54985.0 
54780.3  54986.0 
54780.3  54987.0 
54780.3  54988.0 
54780.3  54989.0 
54780.3  54990.0 
54780.3  54991.0 
54780.3  54992.0 
54780.3  54993.0 
54780.3  54994.0 
54780.3  54995.0 
54780.3  54996.0 
54780.3  54997.0 
54780.3  54998.0 
54780.3  54999.0 
54780.3  55000.0 
54780.3  55001.0 
54780.3  55002.0 
54780.3  55003.0 
54780.3  55004.0 
54780.3  55005.0 
54780.3  55006.0 
54780.3  55007.0 
54780.3  55008.0 
54780.3  55009.0 
54780.3  55010.0 
54780.3  55011.0 
54780.3  55012.0 
54780.3  55013.0 
54780.3  55014.0 
54780.3  55015.0 
54780.3  55016.0 
54780.3  55017.0 
54780.4  55018.0 
54780.4  55019.0 
54780.4  55020.0 
54780.4  55021.0 
54780.4  55022.0 
54780.4  55023.0 
54780.4  55024.0 
54780.4  55025.0 
54780.4  55026.0 
54780.4  55027.0 
54780.4  55028.0 
54780.4  55029.0 
54780.4  55030.0 
54780.4  55031.0 
54780.4  55032.0 
54780.4  55033.0 
54780.4  55034.0 
54780.4  55035.0 
54780.4  55036.0 
54780.4  55037.0 
54780.4  55038.0 
54780.4  55039.0 
54780.4  55040.0 
54780.4  55041.0 
54780.4  55042.0 
54780.4  55043.0 
54780.4  55044.0 
54780.4  55045.0 
54780.4  55046.0 
54780.4  55047.0 
54780.4  55048.0 
54780.4  55049.0 
54780.4  55050.0 
54780.4  55051.0 
54780.4  55052.0 
54780.4  55053.0 
54780.4  55054.0 
54780.4  55055.0 
54780.4  55056.0 
54780.5  55057.0 
54780.5  55058.0 
54780.5  55059.0 
54780.5  55060.0 
54780.5  55061.0 
54780.5  55062.0 
54780.5  55063.0 
54780.5  55064.0 
54780.5  55065.0 
54780.5  55066.0 
54780.5  55067.0 
54780.5  55068.0 
54780.5  55069.0 
54780.5  55070.0 
54780.5  55071.0 
54780.5  55072.0 
54780.5  55073.0 
54780.5  55074.0 
54780.5  55075.0 
54780.5  55076.0 
54780.5  55077.0 
54780.5  55078.0 
54780.5  55079.0 
54780.5  55080.0 
54780.5  55081.0 
54780.5  55082.0 
54780.5  55083.0 
54780.5  55084.0 
54780.5  55085.0 
54780.5  55086.0 
54780.5  55087.0 
54780.5  55088.0 
54780.5  55089.0 
54780.5  55090.0 
54780.5  55091.0 
54780.5  55092.0 
54780.5  55093.0 
54780.5  55094.0 
54780.5  55095.0 
54780.5  55096.0 
54780.5  55097.0 
54780.5  55098.0 
54780.5  55099.0 
54780.5  55100.0 
54780.5  55101.0 
54780.5  55102.0 
54780.5  55103.0 
54780.5  55104.0 
54780.6  55105.0 
54780.6  55106.0 
54780.6  55107.0 
54780.6  55108.0 
54780.6  55109.0 
54780.6  55110.0 
54780.6  55111.0 
54780.6  55112.0 
54780.6  55113.0 
54780.6  55114.0 
54780.6  55115.0 
54780.6  55116.0 
54780.6  55117.0 
54780.6  55118.0 
54780.6  55119.0 
54780.6  55120.0 
54780.6  55121.0 
54780.6  55122.0 
54780.6  55123.0 
54780.6  55124.0 
54780.6  55125.0 
54780.6  55126.0 
54780.6  55127.0 
54780.6  55128.0 
54780.6  55129.0 
54780.6  55130.0 
54780.6  55131.0 
54780.7  55132.0 
54780.7  55133.0 
54780.7  55134.0 
54780.7  55135.0 
54780.7  55136.0 
54780.7  55137.0 
54780.7  55138.0 
54780.7  55139.0 
54780.7  55140.0 
54780.7  55141.0 
54780.7  55142.0 
54780.7  55143.0 
54780.7  55144.0 
54780.7  55145.0 
54780.7  55146.0 
54780.7  55147.0 
54780.7  55148.0 
54780.7  55149.0 
54780.7  55150.0 
54780.7  55151.0 
54780.7  55152.0 
54780.7  55153.0 
54780.7  55154.0 
54780.7  55155.0 
54780.7  55156.0 
54780.7  55157.0 
54780.7  55158.0 
54780.7  55159.0 
54780.7  55160.0 
54780.7  55161.0 
54780.7  55162.0 
54780.7  55163.0 
54780.7  55164.0 
54780.7  55165.0 
54780.7  55166.0 
54780.7  55167.0 
54780.7  55168.0 
54780.7  55169.0 
54780.7  55170.0 
54780.7  55171.0 
54780.7  55172.0 
53847.10  55176.0 
53847.10  55177.0 
53847.10  55178.0 
53847.10  55179.0 
53847.10  55180.0 
53847.10  54215.4 
53827.0  53828.0 
53828.0  53841.0 
53847.0  53848.0 
53848.0  54238.0 
54238.0  54243.0 
54243.0  53841.0 
54250.0  53848.0 
54251.0  53848.0 
54252.0  54260.0 
54253.0  54238.0 
54254.0  54238.0 
54255.0  54238.0 
54256.0  54238.0 
54257.0  54238.0 
54260.0  53848.0 
54282.0  53841.0 
54283.0  54292.0 
54284.0  54292.0 
54292.0  54298.0 
54296.0  54304.0 
54297.0  54307.0 
54298.0  53841.0 
54304.0  54314.0 
54310.0  54292.0 
54311.0  54320.0 
54312.0  54323.0 
54313.0  54325.0 
54314.0  54307.0 
54319.0  54304.0 
54320.0  54292.0 
54323.0  54292.0 
54325.0  54292.0 
54329.0  54339.0 
54330.0  54304.0 
54331.0  54304.0 
54333.0  54320.0 
54334.0  54323.0 
54335.0  54325.0 
54336.0  54307.0 
54337.0  54346.0 
54338.0  54346.0 
54339.0  54304.0 
54346.0  54359.0 
54348.0  54339.0 
54349.0  54364.0 
54350.0  54369.0 
54351.0  54374.0 
54352.0  54379.0 
54353.0  54384.0 
54354.0  54389.0 
54355.0  54394.0 
54356.0  54399.0 
54357.0  54404.0 
54358.0  54407.0 
54359.0  54307.0 
54364.0  54414.0 
54369.0  54420.0 
54374.0  54426.0 
54379.0  54432.0 
54384.0  54438.0 
54389.0  54444.0 
54394.0  54450.0 
54399.0  54407.0 
54404.0  54461.0 
54410.0  54346.0 
54411.0  54466.0 
54412.0  54468.0 
54413.0  54470.0 
54416.0  54349.0 
54417.0  54472.0 
54418.0  54474.0 
54419.0  54476.0 
54422.0  54350.0 
54423.0  54478.0 
54424.0  54480.0 
54425.0  54482.0 
54428.0  54351.0 
54429.0  54484.0 
54430.0  54486.0 
54431.0  54488.0 
54434.0  54352.0 
54435.0  54490.0 
54436.0  54492.0 
54437.0  54494.0 
54440.0  54353.0 
54441.0  54496.0 
54442.0  54498.0 
54443.0  54500.0 
54446.0  54354.0 
54447.0  54502.0 
54448.0  54504.0 
54449.0  54506.0 
54452.0  54355.0 
54453.0  54508.0 
54454.0  54510.0 
54455.0  54512.0 
54457.0  54356.0 
54458.0  54514.0 
54459.0  54516.0 
54460.0  54518.0 
54461.0  54407.0 
54465.0  54404.0 
54466.0  54346.0 
54468.0  54346.0 
54470.0  54346.0 
54472.0  54349.0 
54474.0  54349.0 
54476.0  54349.0 
54478.0  54350.0 
54480.0  54350.0 
54482.0  54350.0 
54484.0  54351.0 
54486.0  54351.0 
54488.0  54351.0 
54490.0  54352.0 
54492.0  54352.0 
54494.0  54352.0 
54496.0  54353.0 
54498.0  54353.0 
54500.0  54353.0 
54502.0  54354.0 
54504.0  54354.0 
54506.0  54354.0 
54508.0  54355.0 
54510.0  54355.0 
54512.0  54355.0 
54514.0  54356.0 
54516.0  54356.0 
54518.0  54356.0 
54522.0  54555.0 
54523.0  54404.0 
54524.0  54404.0 
54525.0  54466.0 
54526.0  54468.0 
54527.0  54470.0 
54528.0  54472.0 
54529.0  54474.0 
54530.0  54476.0 
54531.0  54478.0 
54532.0  54480.0 
54533.0  54482.0 
54534.0  54484.0 
54535.0  54486.0 
54536.0  54488.0 
54537.0  54490.0 
54538.0  54492.0 
54539.0  54494.0 
54540.0  54496.0 
54541.0  54498.0 
54542.0  54500.0 
54543.0  54502.0 
54544.0  54504.0 
54545.0  54506.0 
54546.0  54508.0 
54547.0  54510.0 
54548.0  54512.0 
54549.0  54514.0 
54550.0  54516.0 
54551.0  54518.0 
54552.0  54407.0 
54553.0  54356.0 
54554.0  54356.0 
54555.0  54404.0 
54560.0  54555.0 
54561.0  54563.0 
54562.0  54450.0 
54563.0  54567.0 
54567.0  54450.0 
54571.0  54563.0 
54574.0  54580.0 
54575.0  54563.0 
54576.0  54563.0 
54577.0  54450.0 
54578.0  54355.0 
54579.0  54355.0 
54580.0  54563.0 
54585.0  54580.0 
54586.0  54588.0 
54587.0  54444.0 
54588.0  54592.0 
54592.0  54444.0 
54596.0  54588.0 
54599.0  54605.0 
54600.0  54588.0 
54601.0  54588.0 
54602.0  54444.0 
54603.0  54354.0 
54604.0  54354.0 
54605.0  54588.0 
54610.0  54605.0 
54611.0  54613.0 
54612.0  54438.0 
54613.0  54617.0 
54617.0  54438.0 
54621.0  54613.0 
54624.0  54630.0 
54625.0  54613.0 
54626.0  54613.0 
54627.0  54438.0 
54628.0  54353.0 
54629.0  54353.0 
54630.0  54613.0 
54635.0  54630.0 
54636.0  54638.0 
54637.0  54432.0 
54638.0  54642.0 
54642.0  54432.0 
54646.0  54638.0 
54649.0  54655.0 
54650.0  54638.0 
54651.0  54638.0 
54652.0  54432.0 
54653.0  54352.0 
54654.0  54352.0 
54655.0  54638.0 
54660.0  54655.0 
54661.0  54663.0 
54662.0  54426.0 
54663.0  54667.0 
54667.0  54426.0 
54671.0  54663.0 
54674.0  54680.0 
54675.0  54663.0 
54676.0  54663.0 
54677.0  54426.0 
54678.0  54351.0 
54679.0  54351.0 
54680.0  54663.0 
54685.0  54680.0 
54686.0  54688.0 
54687.0  54420.0 
54688.0  54692.0 
54692.0  54420.0 
54696.0  54688.0 
54699.0  54705.0 
54700.0  54688.0 
54701.0  54688.0 
54702.0  54420.0 
54703.0  54350.0 
54704.0  54350.0 
54705.0  54688.0 
54710.0  54705.0 
54711.0  54713.0 
54712.0  54414.0 
54713.0  54717.0 
54717.0  54414.0 
54721.0  54713.0 
54724.0  54730.0 
54725.0  54713.0 
54726.0  54713.0 
54727.0  54414.0 
54728.0  54349.0 
54729.0  54349.0 
54730.0  54713.0 
54735.0  54730.0 
54736.0  54738.0 
54738.0  54742.0 
54746.0  54738.0 
54749.0  54752.0 
54750.0  54738.0 
54751.0  54738.0 
54752.0  54738.0 
54754.0  54752.0 
54774.0  54775.0 
54775.0  53847.0 
54780.0  54775.0 
53846.1  53847.6 
54755.1  53847.9 
55173.1  53847.9 
55174.1  53847.9 
55175.1  53847.10 
55181.1  53847.10 
53846.2  53847.7 
