282.1  284.0 
282.1  285.0 
282.1  286.0 
282.1  287.0 
282.1  288.0 
282.1  289.0 
282.1  290.0 
282.1  291.0 
282.1  292.0 
282.1  293.0 
282.1  294.0 
282.1  295.0 
283.1  297.0 
283.1  285.0 
283.1  288.0 
284.0  264.0 
285.0  265.0 
286.0  266.0 
287.0  267.0 
288.0  268.0 
289.0  269.0 
290.0  270.0 
291.0  271.0 
294.0  274.0 
295.0  290.0 
296.1  285.0 
296.1  298.0 
296.1  289.0 
296.1  288.0 
296.1  294.0 
296.1  299.0 
296.1  300.0 
297.0  277.0 
298.0  278.0 
299.0  279.0 
300.0  280.0 
281.1  282.1 
282.0  283.0 
283.0  296.0 
