33319.1  33321.0 
33319.1  33322.0 
33319.1  33323.0 
33319.1  33324.0 
33319.1  33325.0 
33319.1  33326.0 
33319.1  33327.0 
33319.1  33328.0 
33319.1  33329.0 
33319.1  33330.0 
33319.1  33331.0 
33319.1  33332.0 
33320.1  33334.0 
33320.1  33322.0 
33320.1  33325.0 
33321.0  32376.0 
33322.0  32377.0 
33323.0  32378.0 
33324.0  32379.0 
33325.0  32380.0 
33326.0  32381.0 
33327.0  32382.0 
33328.0  32383.0 
33331.0  32386.0 
33332.0  275.0 
33333.1  33322.0 
33333.1  33335.0 
33333.1  33326.0 
33333.1  33325.0 
33333.1  33331.0 
33333.1  33336.0 
33333.1  33337.0 
33334.0  32389.0 
33335.0  32390.0 
33336.0  32391.0 
33337.0  32392.0 
33318.1  33319.1 
33339.1  33341.0 
33339.1  33342.0 
33339.1  33343.0 
33339.1  33344.0 
33339.1  33322.0 
33339.1  33345.0 
33339.1  33346.0 
33339.1  33347.0 
33339.1  33348.0 
33339.1  33326.0 
33339.1  33349.0 
33339.1  33350.0 
33339.1  33351.0 
33339.1  33352.0 
33339.1  33353.0 
33339.1  33354.0 
33339.1  33355.0 
33339.1  33356.0 
33339.1  33357.0 
33339.1  33358.0 
33339.1  33359.0 
33339.1  33360.0 
33339.1  33361.0 
33339.1  33362.0 
33339.1  33363.0 
33339.1  33325.0 
33339.1  33364.0 
33339.1  33365.0 
33339.1  33366.0 
33339.1  33367.0 
33339.1  33368.0 
33339.1  33369.0 
33339.1  33370.0 
33339.1  33371.0 
33339.1  33372.0 
33339.1  33373.0 
33339.1  33374.0 
33339.1  33375.0 
33339.1  33376.0 
33339.1  33377.0 
33339.1  33378.0 
33339.1  33379.0 
33339.1  33380.0 
33339.1  33381.0 
33339.1  33382.0 
33339.1  33331.0 
33339.1  33383.0 
33339.1  33384.0 
33339.1  33385.0 
33339.1  33386.0 
33339.1  33337.0 
33339.1  33387.0 
33339.1  33388.0 
33339.1  33389.0 
33339.1  33390.0 
33339.1  33391.0 
33339.1  33392.0 
33339.1  33393.0 
33339.1  33394.0 
33339.1  33395.0 
33339.1  33396.0 
33339.1  33397.0 
33339.1  33398.0 
33339.1  33399.0 
33339.1  33400.0 
33339.1  33401.0 
33339.1  33402.0 
33339.1  33403.0 
33339.1  33404.0 
33339.1  33405.0 
33339.1  33406.0 
33339.1  33407.0 
33339.1  33408.0 
33339.1  33409.0 
33339.1  33410.0 
33339.1  33411.0 
33339.1  33412.0 
33339.1  33413.0 
33339.1  33414.0 
33339.1  33415.0 
33339.1  33416.0 
33339.1  33417.0 
33339.1  33418.0 
33339.1  33419.0 
33339.1  33420.0 
33339.1  33421.0 
33339.1  33422.0 
33339.1  33423.0 
33339.1  33424.0 
33339.1  33425.0 
33339.1  33426.0 
33339.1  33427.0 
33339.1  33428.0 
33339.1  33429.0 
33339.1  33430.0 
33339.1  33431.0 
33339.1  33432.0 
33339.1  33433.0 
33339.1  33434.0 
33339.1  33435.0 
33339.1  33436.0 
33339.1  33437.0 
33339.1  33438.0 
33339.1  33439.0 
33339.1  33440.0 
33339.1  33441.0 
33339.1  33442.0 
33339.1  33443.0 
33339.1  33444.0 
33339.1  33445.0 
33339.1  33446.0 
33339.1  33447.0 
33339.1  33448.0 
33339.1  33449.0 
33339.1  33450.0 
33339.1  33451.0 
33339.1  33452.0 
33339.1  33453.0 
33339.1  33454.0 
33339.1  33455.0 
33339.1  33456.0 
33339.1  33457.0 
33339.1  33458.0 
33339.1  33459.0 
33339.1  33460.0 
33339.1  33461.0 
33339.1  33462.0 
33339.1  33463.0 
33339.1  33464.0 
33339.1  33465.0 
33339.1  33466.0 
33339.1  33467.0 
33339.1  33468.0 
33339.1  33469.0 
33339.1  33470.0 
33339.1  33471.0 
33339.1  33472.0 
33339.1  33473.0 
33339.1  33474.0 
33339.1  33475.0 
33339.1  33476.0 
33339.1  33477.0 
33339.1  33478.0 
33339.1  33479.0 
33339.1  33480.0 
33339.1  33481.0 
33339.1  33482.0 
33339.1  33483.0 
33339.1  33484.0 
33339.1  33485.0 
33339.1  33486.0 
33339.1  33487.0 
33339.1  33488.0 
33339.1  33489.0 
33339.1  33490.0 
33339.1  33491.0 
33339.1  33492.0 
33339.1  33493.0 
33339.1  33494.0 
33339.1  33495.0 
33339.1  33496.0 
33339.1  33497.0 
33339.1  33498.0 
33339.1  33499.0 
33339.1  33500.0 
33339.1  33336.0 
33339.1  33501.0 
33339.1  33502.0 
33339.1  33503.0 
33339.1  33504.1 
33339.1  33505.0 
33339.1  33506.0 
33339.1  33507.0 
33339.1  33508.0 
33339.1  33509.0 
33339.1  33510.0 
33339.2  33511.0 
33339.2  33512.0 
33339.2  33513.0 
33339.2  33514.0 
33339.2  33515.0 
33339.2  33516.0 
33339.2  33517.0 
33339.2  33518.0 
33339.2  33519.0 
33339.2  33520.0 
33339.2  33521.0 
33339.2  33522.0 
33339.2  33523.0 
33339.2  33524.0 
33339.2  33525.0 
33339.2  33526.0 
33339.2  33527.0 
33339.2  33528.0 
33339.2  33529.0 
33339.2  33530.0 
33339.2  33531.0 
33339.2  33532.0 
33339.2  33533.0 
33339.2  33534.0 
33339.2  33535.0 
33339.2  33536.0 
33339.2  33537.0 
33339.2  33538.0 
33339.2  33539.0 
33339.2  33540.0 
33339.2  33541.0 
33339.2  33323.0 
33339.2  33542.0 
33339.2  33543.0 
33339.2  33544.0 
33339.2  33545.0 
33339.2  33546.0 
33339.2  33547.0 
33339.2  33548.0 
33339.2  33549.0 
33339.2  33550.0 
33339.2  33551.0 
33339.2  33552.0 
33339.2  33328.0 
33339.2  33553.0 
33339.2  33554.0 
33339.2  33555.0 
33339.2  33556.0 
33339.2  33557.0 
33339.2  33558.0 
33339.2  33559.0 
33339.2  33560.0 
33339.2  33561.0 
33339.2  33562.0 
33339.2  33563.0 
33339.2  33564.0 
33339.2  33565.0 
33339.2  33566.0 
33339.2  33567.0 
33339.2  33568.0 
33339.2  33569.0 
33339.2  33570.0 
33339.2  33571.0 
33339.2  33572.0 
33339.2  33573.0 
33339.2  33574.0 
33339.2  33575.0 
33339.2  33576.0 
33339.2  33577.0 
33339.2  33578.0 
33339.2  33579.0 
33339.2  33580.0 
33339.2  33581.0 
33339.2  33582.0 
33339.2  33583.0 
33339.2  33584.0 
33339.2  33585.0 
33339.2  33586.0 
33339.2  33587.0 
33339.2  33588.0 
33339.2  33589.0 
33339.2  33590.0 
33339.2  33591.0 
33339.2  33592.0 
33339.2  33593.0 
33339.2  33594.0 
33339.2  33595.0 
33339.2  33596.0 
33339.2  33597.0 
33339.2  33598.0 
33339.2  33599.0 
33339.2  33600.0 
33339.2  33601.0 
33339.2  33602.0 
33339.2  33603.0 
33339.2  33604.0 
33339.2  33605.0 
33339.2  33606.0 
33339.2  33607.0 
33339.2  33608.0 
33339.2  33609.0 
33339.2  33610.0 
33339.2  33611.0 
33339.2  33612.0 
33339.2  33613.0 
33339.2  33614.0 
33339.2  33615.0 
33339.2  33616.0 
33339.2  33617.0 
33339.2  33618.0 
33339.2  33619.0 
33339.2  33620.0 
33339.2  33621.0 
33339.2  33622.0 
33339.2  33623.0 
33339.2  33624.0 
33339.2  33625.0 
33339.2  33626.0 
33339.2  33627.0 
33339.2  33628.0 
33339.2  33629.0 
33339.2  33630.0 
33339.2  33631.0 
33339.2  33632.0 
33339.2  33633.0 
33339.2  33634.0 
33339.2  33635.0 
33339.2  33636.0 
33339.2  33637.0 
33339.2  33638.0 
33339.2  33639.0 
33339.2  33640.0 
33339.2  33641.0 
33339.2  33642.0 
33339.2  33643.0 
33339.2  33644.0 
33339.2  33645.0 
33339.2  33646.0 
33339.2  33647.0 
33339.2  33648.0 
33339.2  33649.0 
33339.2  33650.0 
33339.2  33651.0 
33339.2  33652.0 
33339.2  33653.0 
33339.2  33654.0 
33339.2  33655.0 
33339.2  33656.0 
33339.2  33657.0 
33339.2  33658.0 
33339.2  33659.0 
33339.2  33660.0 
33339.2  33661.0 
33339.2  33662.0 
33339.2  33663.0 
33339.2  33664.0 
33339.2  33665.0 
33339.2  33666.0 
33339.2  33667.0 
33339.2  33668.0 
33339.2  33669.1 
33339.2  33670.0 
33339.2  33671.0 
33339.2  33672.0 
33339.2  33673.0 
33339.2  33674.0 
33339.2  33675.0 
33339.2  33676.0 
33339.2  33677.0 
33339.2  33678.0 
33339.2  33679.0 
33339.2  33680.0 
33339.2  33681.0 
33339.2  33682.0 
33339.2  33683.0 
33339.2  33684.35 
33339.2  33685.35 
33339.2  33686.0 
33339.2  33687.0 
33339.2  33688.0 
33339.2  33689.0 
33339.2  33690.0 
33339.2  33691.0 
33339.2  33692.0 
33339.2  33693.0 
33339.2  33694.0 
33339.2  33695.0 
33339.2  33696.0 
33339.2  33697.0 
33339.2  33698.0 
33339.3  33699.0 
33339.3  33700.0 
33339.3  33701.0 
33339.3  33702.0 
33339.3  33703.0 
33339.3  33704.0 
33339.3  33705.0 
33339.3  33706.0 
33339.3  33707.2 
33339.3  33708.0 
33339.3  33709.0 
33339.3  33710.0 
33339.3  33711.0 
33339.3  33712.0 
33339.3  33713.0 
33339.4  33714.0 
33339.4  33715.0 
33339.4  33716.0 
33339.4  33717.0 
33339.4  33318.1 
33339.5  33718.0 
33339.5  33719.0 
33339.5  33720.0 
33339.5  33721.0 
33339.5  33722.0 
33339.5  33723.1 
33339.5  33724.0 
33339.5  33725.70 
33339.5  33726.70 
33339.5  33727.0 
33339.5  33728.0 
33339.6  33729.0 
33339.6  33730.0 
33339.6  33731.0 
33339.6  33732.0 
33339.6  33733.0 
33339.6  33734.0 
33339.6  33327.0 
33339.6  33324.0 
33339.6  33735.0 
33339.6  33736.3 
33339.6  33737.0 
33339.6  33738.0 
33339.6  33739.0 
33339.6  33740.0 
33339.6  33741.0 
33339.6  33742.0 
33339.6  33743.0 
33339.6  33744.0 
33339.6  33745.35 
33339.6  33746.0 
33339.6  33747.0 
33339.7  33748.0 
33339.7  33749.0 
33339.7  33750.84 
33339.7  33751.0 
33339.7  33752.0 
33339.7  33753.1 
33339.7  33754.0 
33339.7  33755.0 
33339.7  33756.0 
33339.7  33757.0 
33339.7  33758.0 
33339.8  33759.0 
33339.8  33760.0 
33339.8  33761.0 
33339.8  33762.0 
33339.8  33763.0 
33339.9  33764.0 
33339.9  33765.0 
33339.9  33766.0 
33339.9  33707.5 
33339.10  33767.0 
33340.1  33769.0 
33340.1  33322.0 
33340.1  33335.0 
33340.1  33326.0 
33340.1  33325.0 
33340.1  33331.0 
33340.1  33336.0 
33340.1  33337.0 
33340.1  33770.1 
33340.1  33771.1 
33340.1  33772.1 
33341.0  32396.0 
33342.0  32397.0 
33343.0  32398.0 
33344.0  32399.0 
33345.0  32400.0 
33346.0  32401.0 
33347.0  32402.0 
33348.0  32403.0 
33349.0  32404.0 
33350.0  32405.0 
33351.0  32406.0 
33352.0  32407.0 
33353.0  32408.0 
33354.0  32409.0 
33355.0  32410.0 
33356.0  32411.0 
33357.0  32412.0 
33358.0  32413.0 
33359.0  32414.0 
33360.0  32415.0 
33361.0  32416.0 
33362.0  32417.0 
33363.0  32418.0 
33364.0  32419.0 
33365.0  32420.0 
33366.0  32421.0 
33367.0  32422.0 
33368.0  32423.0 
33369.0  32424.0 
33370.0  32425.0 
33371.0  32426.0 
33372.0  32427.0 
33373.0  32428.0 
33374.0  32429.0 
33375.0  32430.0 
33376.0  32431.0 
33377.0  32432.0 
33378.0  32433.0 
33379.0  32434.0 
33380.0  32435.0 
33381.0  32436.0 
33382.0  32437.0 
33383.0  32438.0 
33384.0  32439.0 
33385.0  32440.0 
33386.0  32441.0 
33387.0  32442.0 
33388.0  32443.0 
33389.0  32444.0 
33390.0  32445.0 
33391.0  32446.0 
33392.0  32447.0 
33393.0  32448.0 
33394.0  32449.0 
33395.0  32450.0 
33396.0  32451.0 
33397.0  32452.0 
33398.0  32453.0 
33399.0  32454.0 
33400.0  32455.0 
33401.0  32456.0 
33402.0  32457.0 
33403.0  32458.0 
33404.0  32459.0 
33405.0  32460.0 
33406.0  32461.0 
33407.0  32462.0 
33408.0  32463.0 
33409.0  32464.0 
33410.0  32465.0 
33411.0  32466.0 
33412.0  32467.0 
33413.0  32468.0 
33414.0  32469.0 
33415.0  32470.0 
33416.0  32471.0 
33417.0  32472.0 
33418.0  32473.0 
33419.0  32474.0 
33420.0  32475.0 
33421.0  32476.0 
33422.0  32477.0 
33423.0  32478.0 
33424.0  32479.0 
33425.0  32480.0 
33426.0  32481.0 
33427.0  32482.0 
33428.0  32483.0 
33429.0  32484.0 
33430.0  32485.0 
33431.0  32486.0 
33432.0  32487.0 
33433.0  32488.0 
33434.0  32489.0 
33435.0  32490.0 
33436.0  32491.0 
33437.0  32492.0 
33438.0  32493.0 
33439.0  32494.0 
33440.0  32495.0 
33441.0  32496.0 
33442.0  32497.0 
33443.0  32498.0 
33444.0  32499.0 
33445.0  32500.0 
33446.0  32501.0 
33447.0  32502.0 
33448.0  32503.0 
33449.0  32504.0 
33450.0  32505.0 
33451.0  32506.0 
33452.0  32507.0 
33453.0  32508.0 
33454.0  32509.0 
33455.0  32510.0 
33456.0  32511.0 
33457.0  32512.0 
33458.0  32513.0 
33459.0  32514.0 
33460.0  32515.0 
33461.0  32516.0 
33462.0  32517.0 
33463.0  32518.0 
33464.0  32519.0 
33465.0  32520.0 
33466.0  32521.0 
33467.0  32522.0 
33468.0  32523.0 
33469.0  32524.0 
33470.0  32525.0 
33471.0  32526.0 
33472.0  32527.0 
33473.0  32528.0 
33474.0  32529.0 
33475.0  32530.0 
33476.0  32531.0 
33477.0  32532.0 
33478.0  32533.0 
33479.0  32534.0 
33480.0  32535.0 
33481.0  32536.0 
33482.0  32537.0 
33483.0  32538.0 
33484.0  32539.0 
33485.0  32540.0 
33486.0  32541.0 
33487.0  32542.0 
33488.0  32543.0 
33489.0  32544.0 
33490.0  32545.0 
33491.0  32546.0 
33492.0  32547.0 
33493.0  32548.0 
33494.0  32549.0 
33495.0  32550.0 
33496.0  32551.0 
33497.0  32552.0 
33498.0  32553.0 
33499.0  32554.0 
33500.0  32555.0 
33501.0  32556.0 
33502.0  32557.0 
33503.0  32558.0 
33504.1  33773.16 
33505.0  32560.0 
33506.0  32561.0 
33507.0  32562.0 
33508.0  32563.0 
33509.0  32564.0 
33510.0  32565.0 
33511.0  32566.0 
33512.0  32567.0 
33513.0  32568.0 
33514.0  32569.0 
33515.0  32570.0 
33516.0  32571.0 
33517.0  32572.0 
33518.0  32573.0 
33519.0  32574.0 
33520.0  32575.0 
33521.0  32576.0 
33522.0  32577.0 
33523.0  32578.0 
33524.0  32579.0 
33525.0  32580.0 
33526.0  32581.0 
33527.0  32582.0 
33528.0  32583.0 
33529.0  32584.0 
33530.0  32585.0 
33531.0  32586.0 
33532.0  32587.0 
33533.0  32588.0 
33534.0  32589.0 
33535.0  32590.0 
33536.0  32591.0 
33537.0  32592.0 
33538.0  32593.0 
33539.0  32594.0 
33540.0  32595.0 
33541.0  32596.0 
33542.0  32597.0 
33543.0  32598.0 
33544.0  32599.0 
33545.0  32600.0 
33546.0  32601.0 
33547.0  32602.0 
33548.0  32603.0 
33549.0  32604.0 
33550.0  32605.0 
33551.0  32606.0 
33552.0  32607.0 
33554.0  32609.0 
33555.0  32610.0 
33556.0  32611.0 
33557.0  32612.0 
33558.0  32613.0 
33559.0  32614.0 
33560.0  32615.0 
33561.0  32616.0 
33562.0  32617.0 
33563.0  32618.0 
33564.0  32619.0 
33565.0  32620.0 
33566.0  32621.0 
33567.0  32622.0 
33568.0  32623.0 
33569.0  32624.0 
33570.0  32625.0 
33571.0  32626.0 
33572.0  32627.0 
33573.0  32628.0 
33574.0  32629.0 
33575.0  32630.0 
33576.0  32631.0 
33577.0  32632.0 
33578.0  32633.0 
33579.0  32634.0 
33580.0  32635.0 
33581.0  32636.0 
33582.0  32637.0 
33583.0  32638.0 
33584.0  32639.0 
33585.0  32640.0 
33586.0  32641.0 
33587.0  32642.0 
33588.0  32643.0 
33589.0  32644.0 
33590.0  32645.0 
33591.0  32646.0 
33592.0  32647.0 
33593.0  32648.0 
33594.0  32649.0 
33595.0  32650.0 
33596.0  32651.0 
33597.0  32652.0 
33598.0  32653.0 
33599.0  32654.0 
33600.0  32655.0 
33601.0  32656.0 
33602.0  32657.0 
33603.0  32658.0 
33604.0  32659.0 
33605.0  32660.0 
33606.0  32661.0 
33607.0  32662.0 
33608.0  32663.0 
33609.0  32664.0 
33610.0  32665.0 
33611.0  32666.0 
33612.0  32667.0 
33613.0  32668.0 
33614.0  32669.0 
33615.0  32670.0 
33616.0  32671.0 
33617.0  32672.0 
33618.0  32673.0 
33619.0  32674.0 
33620.0  32675.0 
33621.0  32676.0 
33622.0  32677.0 
33623.0  32678.0 
33624.0  32679.0 
33625.0  32680.0 
33626.0  32681.0 
33627.0  32682.0 
33628.0  32683.0 
33629.0  32684.0 
33630.0  32685.0 
33631.0  32686.0 
33632.0  32687.0 
33633.0  32688.0 
33634.0  32689.0 
33635.0  32690.0 
33636.0  32691.0 
33637.0  32692.0 
33638.0  32693.0 
33639.0  32694.0 
33640.0  32695.0 
33641.0  32696.0 
33642.0  32697.0 
33643.0  32698.0 
33644.0  32699.0 
33645.0  32700.0 
33646.0  32701.0 
33647.0  32702.0 
33648.0  32703.0 
33649.0  32704.0 
33650.0  32705.0 
33651.0  32706.0 
33652.0  32707.0 
33653.0  32708.0 
33654.0  32709.0 
33655.0  32710.0 
33656.0  32711.0 
33657.0  32712.0 
33658.0  32713.0 
33659.0  32714.0 
33660.0  32715.0 
33661.0  32716.0 
33662.0  32717.0 
33663.0  32718.0 
33664.0  32719.0 
33665.0  32720.0 
33666.0  32721.0 
33667.0  32722.0 
33668.0  32723.0 
33669.1  33773.14 
33670.0  32725.0 
33671.0  32726.0 
33672.0  32727.0 
33673.0  32728.0 
33674.0  32729.0 
33675.0  32730.0 
33676.0  32731.0 
33677.0  32732.0 
33678.0  32733.0 
33679.0  32734.0 
33680.0  32735.0 
33681.0  32736.0 
33682.0  32737.0 
33683.0  32738.0 
33684.35  33773.15 
33684.35  32739.35 
33685.35  33773.15 
33685.35  32740.35 
33686.0  32741.0 
33687.0  32742.0 
33688.0  32743.0 
33689.0  32744.0 
33690.0  32745.0 
33691.0  32746.0 
33692.0  32747.0 
33693.0  32748.0 
33694.0  32749.0 
33695.0  32750.0 
33696.0  32751.0 
33697.0  32752.0 
33698.0  32753.0 
33699.0  32754.0 
33700.0  32755.0 
33701.0  32756.0 
33702.0  32757.0 
33703.0  32758.0 
33704.0  32759.0 
33705.0  32760.0 
33706.0  32761.0 
33707.1  33339.1 
33707.2  33339.2 
33707.3  33339.3 
33707.4  33339.4 
33707.5  33339.8 
33707.6  33339.9 
33708.0  32763.0 
33709.0  32764.0 
33710.0  32765.0 
33711.0  32766.0 
33712.0  32767.0 
33713.0  32768.0 
33714.0  32769.0 
33715.0  32770.0 
33716.0  32771.0 
33717.0  32772.0 
33718.0  32773.0 
33719.0  32774.0 
33720.0  32775.0 
33721.0  32776.0 
33722.0  32777.0 
33723.1  33773.16 
33724.0  32779.0 
33725.70  33773.16 
33725.70  32780.70 
33725.71  33339.5 
33726.70  33773.16 
33726.70  32781.70 
33726.71  33339.7 
33727.0  32782.0 
33728.0  32783.0 
33729.0  32784.0 
33730.0  32785.0 
33731.0  32786.0 
33732.0  32787.0 
33733.0  32788.0 
33734.0  32789.0 
33735.0  32790.0 
33736.1  33774.1 
33736.2  33775.1 
33736.3  33776.1 
33737.0  32792.0 
33738.0  32793.0 
33739.0  32794.0 
33740.0  32795.0 
33741.0  32796.0 
33742.0  32797.0 
33743.0  32798.0 
33744.0  32799.0 
33745.35  32800.35 
33745.36  33339.6 
33746.0  32801.0 
33747.0  32802.0 
33748.0  32803.0 
33749.0  32804.0 
33750.82  33773.10 
33750.83  33773.12 
33750.84  33773.15 
33750.84  32805.84 
33751.0  32806.0 
33753.1  33777.1 
33754.0  32809.0 
33755.0  32810.0 
33757.0  32812.0 
33758.0  32813.0 
33759.0  32814.0 
33760.0  32815.0 
33761.0  32816.0 
33762.0  32817.0 
33763.0  32818.0 
33764.0  32819.0 
33765.0  32820.0 
33766.0  32821.0 
33767.0  32822.0 
33768.1  33779.0 
33768.1  33322.0 
33768.1  33335.0 
33768.1  33326.0 
33768.1  33325.0 
33768.1  33331.0 
33768.1  33336.0 
33768.1  33337.0 
33768.1  33780.1 
33768.1  33781.1 
33768.1  33782.1 
33768.1  33783.1 
33768.1  33784.1 
33769.0  32824.0 
33770.1  33785.1 
33771.1  33786.1 
33772.1  33787.1 
33773.11  33788.0 
33773.12  32805.82 
33773.13  32762.8 
33773.14  32844.0 
33773.15  32805.83 
33773.16  33789.1 
33773.16  32394.16 
33774.1  33790.0 
33774.1  33322.0 
33774.1  33791.0 
33774.1  33792.0 
33774.1  33325.0 
33774.1  33793.0 
33774.1  33323.0 
33774.1  33794.0 
33774.1  33326.0 
33774.1  33328.0 
33774.1  33795.0 
33774.1  33331.0 
33774.1  33796.2 
33775.1  33798.0 
33775.1  33322.0 
33775.1  33791.0 
33775.1  33792.0 
33775.1  33323.0 
33775.1  33325.0 
33775.1  33793.0 
33775.1  33326.0 
33775.1  33794.0 
33775.1  33328.0 
33775.1  33799.0 
33775.1  33331.0 
33775.1  33736.1 
33776.1  33800.0 
33776.1  33322.0 
33776.1  33325.0 
33776.1  33736.2 
33777.1  33802.0 
33777.1  33322.0 
33777.1  33803.0 
33777.1  33325.0 
33777.1  33331.0 
33777.1  33337.0 
33777.1  33382.0 
33777.1  33804.4 
33777.1  33804.5 
33777.1  33804.6 
33777.1  33804.7 
33778.1  33334.0 
33778.1  33322.0 
33778.1  33325.0 
33779.0  32834.0 
33780.1  33805.1 
33781.1  33806.1 
33782.1  33807.1 
33783.1  33808.1 
33784.1  33809.1 
33785.1  33810.0 
33785.1  33322.0 
33785.1  33325.0 
33785.1  33331.0 
33786.1  33811.0 
33786.1  33322.0 
33786.1  33325.0 
33786.1  33331.0 
33787.1  33813.0 
33787.1  33322.0 
33787.1  33325.0 
33788.0  29477.0 
33789.1  33773.12 
33790.0  32846.0 
33791.0  32847.0 
33792.0  32848.0 
33793.0  32849.0 
33794.0  32850.0 
33796.1  33814.1 
33796.2  33815.1 
33797.1  33817.0 
33797.1  33322.0 
33797.1  33335.0 
33797.1  33326.0 
33797.1  33325.0 
33797.1  33331.0 
33797.1  33336.0 
33797.1  33337.0 
33797.1  33387.0 
33797.1  33388.0 
33797.1  33389.0 
33797.1  33818.1 
33797.1  33819.1 
33797.2  33820.1 
33797.3  33821.1 
33798.0  32854.0 
33800.0  32856.0 
33801.1  33822.0 
33801.1  33322.0 
33801.1  33335.0 
33801.1  33326.0 
33801.1  33325.0 
33801.1  33331.0 
33801.1  33336.0 
33801.1  33337.0 
33802.0  32858.0 
33803.0  32859.0 
33804.1  33823.1 
33804.2  33823.2 
33804.3  33823.3 
33804.4  33823.4 
33804.5  33823.5 
33804.6  33823.6 
33804.7  33823.7 
33805.1  33811.0 
33805.1  33322.0 
33805.1  33325.0 
33805.1  33331.0 
33806.1  33810.0 
33806.1  33322.0 
33806.1  33325.0 
33806.1  33331.0 
33807.1  33824.0 
33807.1  33322.0 
33807.1  33325.0 
33807.1  33331.0 
33808.1  33824.0 
33808.1  33322.0 
33808.1  33325.0 
33808.1  33331.0 
33809.1  33824.0 
33809.1  33322.0 
33809.1  33325.0 
33809.1  33331.0 
33810.0  32866.0 
33811.0  32867.0 
33813.0  32869.0 
33814.1  33790.0 
33814.1  33322.0 
33814.1  33791.0 
33814.1  33792.0 
33814.1  33325.0 
33814.1  33793.0 
33814.1  33323.0 
33814.1  33794.0 
33814.1  33326.0 
33814.1  33328.0 
33814.1  33826.0 
33814.1  33331.0 
33814.1  33827.1 
33815.1  33798.0 
33815.1  33322.0 
33815.1  33791.0 
33815.1  33792.0 
33815.1  33323.0 
33815.1  33325.0 
33815.1  33793.0 
33815.1  33326.0 
33815.1  33794.0 
33815.1  33328.0 
33815.1  33829.0 
33815.1  33331.0 
33815.1  33796.1 
33816.1  33798.0 
33816.1  33322.0 
33816.1  33791.0 
33816.1  33792.0 
33816.1  33323.0 
33816.1  33325.0 
33816.1  33793.0 
33816.1  33326.0 
33816.1  33794.0 
33816.1  33328.0 
33816.1  33830.0 
33816.1  33331.0 
33817.0  32873.0 
33818.1  33831.0 
33819.1  33832.1 
33820.1  33833.1 
33821.1  33834.1 
33822.0  32878.0 
33823.1  33835.0 
33823.1  33322.0 
33823.1  33836.0 
33823.1  33326.0 
33823.1  33325.0 
33823.1  33837.0 
33823.1  33331.0 
33823.1  33838.0 
33823.1  33839.0 
33823.1  33336.0 
33823.1  33840.0 
33823.1  33841.0 
33823.1  33842.0 
33823.1  33337.0 
33823.1  33843.0 
33823.1  33844.0 
33823.1  33845.0 
33823.1  33846.0 
33823.1  33847.0 
33823.1  33848.0 
33823.1  33849.0 
33823.1  33850.0 
33823.1  33851.0 
33823.1  33852.0 
33823.1  33853.0 
33823.1  33854.0 
33823.1  33855.0 
33823.1  33856.0 
33823.1  33857.0 
33823.1  33858.0 
33823.1  33859.0 
33823.1  33860.0 
33823.1  33861.0 
33823.1  33862.0 
33823.1  33863.0 
33823.1  33864.0 
33823.1  33865.0 
33823.1  33866.0 
33823.1  33867.0 
33823.1  33868.0 
33823.1  33869.0 
33823.1  33870.0 
33823.1  33871.0 
33823.1  33872.0 
33823.1  33873.0 
33823.1  33874.0 
33823.1  33875.0 
33823.1  33876.0 
33823.1  33877.0 
33823.1  33878.0 
33823.1  33879.0 
33823.1  33880.0 
33823.1  33881.0 
33823.1  33882.0 
33823.1  33883.0 
33823.1  33884.0 
33823.1  33885.0 
33823.1  33886.0 
33823.1  33887.0 
33823.1  33888.0 
33823.1  33889.0 
33823.1  33890.0 
33823.1  33891.0 
33823.1  33892.0 
33823.1  33893.0 
33823.1  33894.0 
33823.1  33895.0 
33823.1  33896.0 
33823.1  33897.0 
33823.1  33898.0 
33823.1  33899.0 
33823.1  33900.0 
33823.1  33901.0 
33823.1  33902.0 
33823.1  33903.0 
33823.1  33904.0 
33823.1  33905.0 
33823.1  33906.0 
33823.1  33907.0 
33823.1  33908.0 
33823.1  33909.0 
33823.1  33910.0 
33823.1  33911.0 
33823.1  33912.0 
33823.1  33913.0 
33823.1  33914.0 
33823.2  33915.0 
33823.2  33916.0 
33823.2  33917.0 
33823.2  33918.0 
33823.2  33919.0 
33823.2  33920.0 
33823.2  33921.0 
33823.2  33922.0 
33823.2  33923.0 
33823.2  33924.0 
33823.2  33925.0 
33823.2  33926.0 
33823.2  33927.0 
33823.2  33928.0 
33823.2  33929.0 
33823.2  33930.0 
33823.2  33931.0 
33823.2  33932.0 
33823.2  33933.0 
33823.2  33934.0 
33823.2  33935.0 
33823.2  33936.0 
33823.2  33937.0 
33823.2  33938.0 
33823.2  33939.0 
33823.2  33940.0 
33823.2  33941.0 
33823.2  33942.0 
33823.2  33943.0 
33823.2  33944.0 
33823.2  33945.0 
33823.2  33946.0 
33823.2  33947.0 
33823.2  33948.0 
33823.2  33949.0 
33823.2  33950.0 
33823.2  33951.0 
33823.2  33952.0 
33823.2  33953.0 
33823.2  33954.0 
33823.2  33955.0 
33823.2  33956.0 
33823.2  33957.0 
33823.2  33958.0 
33823.2  33959.0 
33823.2  33960.0 
33823.2  33961.0 
33823.2  33962.0 
33823.2  33963.0 
33823.2  33964.0 
33823.2  33965.0 
33823.2  33966.0 
33823.2  33967.0 
33823.2  33968.0 
33823.2  33969.0 
33823.2  33970.0 
33823.2  33971.0 
33823.2  33972.0 
33823.2  33973.0 
33823.2  33974.0 
33823.2  33975.0 
33823.2  33976.0 
33823.2  33977.0 
33823.2  33978.0 
33823.2  33979.0 
33823.2  33980.0 
33823.2  33981.0 
33823.2  33982.0 
33823.2  33983.0 
33823.2  33984.0 
33823.2  33985.0 
33823.2  33986.0 
33823.2  33987.0 
33823.2  33988.0 
33823.2  33989.0 
33823.2  33990.0 
33823.2  33991.0 
33823.2  33992.0 
33823.2  33993.0 
33823.2  33994.0 
33823.2  33995.0 
33823.2  33996.0 
33823.2  33997.0 
33823.2  33998.0 
33823.3  33999.0 
33823.3  34000.0 
33823.3  34001.0 
33823.3  34002.0 
33823.3  34003.0 
33823.3  34004.0 
33823.3  34005.0 
33823.3  34006.0 
33823.3  34007.0 
33823.3  34008.0 
33823.3  34009.0 
33823.3  34010.0 
33823.3  34011.0 
33823.3  34012.0 
33823.3  34013.0 
33823.3  34014.0 
33823.3  34015.0 
33823.3  34016.0 
33823.3  34017.0 
33823.3  34018.0 
33823.3  34019.0 
33823.3  34020.0 
33823.3  34021.0 
33823.3  34022.0 
33823.3  34023.0 
33823.3  34024.0 
33823.3  34025.0 
33823.3  34026.0 
33823.3  34027.0 
33823.3  34028.0 
33823.3  34029.0 
33823.3  34030.0 
33823.3  34031.0 
33823.3  34032.0 
33823.3  34033.0 
33823.3  34034.0 
33823.3  34035.0 
33823.3  34036.0 
33823.3  34037.0 
33823.3  34038.0 
33823.3  34039.0 
33823.3  34040.0 
33823.3  34041.0 
33823.3  34042.0 
33823.3  34043.0 
33823.3  34044.0 
33823.3  34045.0 
33823.3  34046.0 
33823.3  34047.0 
33823.3  34048.0 
33823.3  34049.0 
33823.3  34050.0 
33823.3  34051.0 
33823.3  34052.0 
33823.3  34053.0 
33823.3  34054.0 
33823.3  34055.0 
33823.3  34056.0 
33823.3  34057.0 
33823.3  34058.0 
33823.3  34059.0 
33823.3  34060.0 
33823.3  34061.0 
33823.3  34062.0 
33823.3  34063.0 
33823.3  34064.0 
33823.3  34065.0 
33823.3  34066.0 
33823.3  34067.0 
33823.3  34068.0 
33823.4  34069.0 
33823.4  34070.0 
33823.4  34071.0 
33823.4  34072.0 
33823.4  34073.0 
33823.4  34074.0 
33823.4  34075.0 
33823.4  34076.0 
33823.4  34077.0 
33823.4  34078.0 
33823.4  34079.0 
33823.4  34080.0 
33823.4  34081.0 
33823.4  34082.0 
33823.4  34083.0 
33823.4  34084.0 
33823.4  34085.0 
33823.4  34086.0 
33823.4  34087.0 
33823.4  34088.0 
33823.4  34089.0 
33823.4  34090.0 
33823.4  34091.0 
33823.4  34092.0 
33823.4  34093.0 
33823.4  34094.0 
33823.4  34095.0 
33823.4  34096.0 
33823.4  34097.0 
33823.4  34098.0 
33823.4  34099.0 
33823.4  34100.0 
33823.4  34101.0 
33823.4  34102.0 
33823.4  34103.0 
33823.4  34104.0 
33823.4  34105.0 
33823.4  34106.0 
33823.4  34107.0 
33823.5  34108.0 
33823.5  34109.0 
33823.5  34110.0 
33823.5  34111.0 
33823.5  34112.0 
33823.5  34113.0 
33823.5  34114.0 
33823.5  34115.0 
33823.5  34116.0 
33823.5  34117.0 
33823.5  34118.0 
33823.5  34119.0 
33823.5  34120.0 
33823.5  34121.0 
33823.5  34122.0 
33823.5  34123.0 
33823.5  34124.0 
33823.5  34125.0 
33823.5  34126.0 
33823.5  34127.0 
33823.5  34128.0 
33823.5  34129.0 
33823.5  34130.0 
33823.5  34131.0 
33823.5  34132.0 
33823.5  34133.0 
33823.5  34134.0 
33823.5  34135.0 
33823.5  34136.0 
33823.5  34137.0 
33823.5  34138.0 
33823.5  34139.0 
33823.5  34140.0 
33823.5  34141.0 
33823.5  34142.0 
33823.5  34143.0 
33823.5  34144.0 
33823.5  34145.0 
33823.5  34146.0 
33823.5  34147.0 
33823.5  34148.0 
33823.5  34149.0 
33823.5  34150.0 
33823.5  34151.0 
33823.5  34152.0 
33823.5  34153.0 
33823.5  34154.0 
33823.5  34155.0 
33823.6  34156.0 
33823.6  34157.0 
33823.6  34158.0 
33823.6  34159.0 
33823.6  34160.0 
33823.6  34161.0 
33823.6  34162.0 
33823.6  34163.0 
33823.6  34164.0 
33823.6  34165.0 
33823.6  34166.0 
33823.6  34167.0 
33823.6  34168.0 
33823.6  34169.0 
33823.6  34170.0 
33823.6  34171.0 
33823.6  34172.0 
33823.6  34173.0 
33823.6  34174.0 
33823.6  34175.0 
33823.6  34176.0 
33823.6  34177.0 
33823.6  34178.0 
33823.6  34179.0 
33823.6  34180.0 
33823.6  34181.0 
33823.6  34182.0 
33823.6  34183.0 
33823.6  34184.0 
33823.6  34185.0 
33823.7  34186.0 
33823.7  34187.0 
33823.7  34188.0 
33823.7  34189.0 
33823.7  34190.0 
33823.7  34191.0 
33823.7  34192.0 
33823.7  34193.0 
33823.7  34194.0 
33823.7  34195.0 
33823.7  34196.0 
33823.7  34197.0 
33823.7  34198.0 
33823.7  34199.0 
33823.7  34200.0 
33823.7  34201.0 
33823.7  34202.0 
33823.7  34203.0 
33823.7  34204.0 
33823.7  34205.0 
33823.7  34206.0 
33823.7  34207.0 
33823.7  34208.0 
33823.7  34209.0 
33823.7  34210.0 
33823.7  34211.0 
33823.7  34212.0 
33823.7  34213.0 
33823.7  34214.0 
33823.7  34215.0 
33823.7  34216.0 
33823.7  34217.0 
33823.7  34218.0 
33823.7  34219.0 
33823.7  34220.0 
33823.7  34221.0 
33823.7  34222.0 
33823.7  34223.0 
33823.7  34224.0 
33823.7  34225.0 
33823.7  34226.0 
33823.7  34227.0 
33823.7  34228.0 
33823.7  34229.0 
33823.7  34230.0 
33823.7  34231.0 
33823.7  34232.0 
33824.0  32880.0 
33825.1  33290.0 
33825.1  32377.0 
33825.1  32390.0 
33825.1  32381.0 
33825.1  32380.0 
33825.1  32386.0 
33825.1  32391.0 
33825.1  32392.0 
33825.1  32442.0 
33825.1  32443.0 
33825.1  32444.0 
33825.1  34234.1 
33825.1  34235.1 
33825.1  32437.0 
33825.1  32449.0 
33825.1  34236.1 
33827.1  34237.1 
33828.1  32388.1 
33832.1  34239.0 
33832.1  33322.0 
33832.1  33325.0 
33832.1  33331.0 
33832.1  33337.0 
33832.1  34240.1 
33833.1  34239.0 
33833.1  33322.0 
33833.1  33325.0 
33833.1  33331.0 
33833.1  33337.0 
33833.1  34242.1 
33834.1  34239.0 
33834.1  33322.0 
33834.1  33325.0 
33834.1  33331.0 
33834.1  33337.0 
33834.1  34244.1 
33835.0  32891.0 
33836.0  32892.0 
33837.0  32893.0 
33839.0  32895.0 
33840.0  32896.0 
33841.0  32897.0 
33842.0  32898.0 
33843.0  32899.0 
33844.0  32900.0 
33845.0  32901.0 
33846.0  32902.0 
33847.0  32903.0 
33848.0  32904.0 
33849.0  32905.0 
33850.0  32906.0 
33851.0  32907.0 
33852.0  32908.0 
33853.0  32909.0 
33854.0  32910.0 
33855.0  32911.0 
33856.0  32912.0 
33857.0  32913.0 
33858.0  32914.0 
33859.0  32915.0 
33860.0  32916.0 
33861.0  32917.0 
33862.0  32918.0 
33863.0  32919.0 
33864.0  32920.0 
33865.0  32921.0 
33866.0  32922.0 
33867.0  32923.0 
33868.0  32924.0 
33869.0  32925.0 
33870.0  32926.0 
33871.0  32927.0 
33872.0  32928.0 
33873.0  32929.0 
33874.0  32930.0 
33875.0  32931.0 
33876.0  32932.0 
33877.0  32933.0 
33878.0  32934.0 
33879.0  32935.0 
33880.0  32936.0 
33881.0  32937.0 
33882.0  32938.0 
33883.0  32939.0 
33884.0  32940.0 
33885.0  32941.0 
33886.0  32942.0 
33887.0  32943.0 
33888.0  32944.0 
33889.0  32945.0 
33890.0  32946.0 
33891.0  32947.0 
33892.0  32948.0 
33893.0  32949.0 
33894.0  32950.0 
33895.0  32951.0 
33896.0  32952.0 
33897.0  32953.0 
33898.0  32954.0 
33899.0  32955.0 
33900.0  32956.0 
33901.0  32957.0 
33902.0  32958.0 
33903.0  32959.0 
33904.0  32960.0 
33905.0  32961.0 
33906.0  32962.0 
33907.0  32963.0 
33908.0  32964.0 
33909.0  32965.0 
33910.0  32966.0 
33911.0  32967.0 
33912.0  32968.0 
33913.0  32969.0 
33914.0  32970.0 
33915.0  32971.0 
33916.0  32972.0 
33917.0  32973.0 
33918.0  32974.0 
33919.0  32975.0 
33920.0  32976.0 
33921.0  32977.0 
33922.0  32978.0 
33923.0  32979.0 
33924.0  32980.0 
33925.0  32981.0 
33926.0  32982.0 
33927.0  32983.0 
33928.0  32984.0 
33929.0  32985.0 
33930.0  32986.0 
33931.0  32987.0 
33932.0  32988.0 
33933.0  32989.0 
33934.0  32990.0 
33935.0  32991.0 
33936.0  32992.0 
33937.0  32993.0 
33938.0  32994.0 
33939.0  32995.0 
33940.0  32996.0 
33941.0  32997.0 
33942.0  32998.0 
33943.0  32999.0 
33944.0  33000.0 
33945.0  33001.0 
33946.0  33002.0 
33947.0  33003.0 
33948.0  33004.0 
33949.0  33005.0 
33950.0  33006.0 
33951.0  33007.0 
33952.0  33008.0 
33953.0  33009.0 
33954.0  33010.0 
33955.0  33011.0 
33956.0  33012.0 
33957.0  33013.0 
33958.0  33014.0 
33959.0  33015.0 
33960.0  33016.0 
33961.0  33017.0 
33962.0  33018.0 
33963.0  33019.0 
33964.0  33020.0 
33965.0  33021.0 
33966.0  33022.0 
33967.0  33023.0 
33968.0  33024.0 
33969.0  33025.0 
33970.0  33026.0 
33971.0  33027.0 
33972.0  33028.0 
33973.0  33029.0 
33974.0  33030.0 
33975.0  33031.0 
33976.0  33032.0 
33977.0  33033.0 
33978.0  33034.0 
33979.0  33035.0 
33980.0  33036.0 
33981.0  33037.0 
33982.0  33038.0 
33983.0  33039.0 
33984.0  33040.0 
33985.0  33041.0 
33986.0  33042.0 
33987.0  33043.0 
33988.0  33044.0 
33989.0  33045.0 
33990.0  33046.0 
33991.0  33047.0 
33992.0  33048.0 
33993.0  33049.0 
33994.0  33050.0 
33995.0  33051.0 
33996.0  33052.0 
33997.0  33053.0 
33998.0  33054.0 
33999.0  33055.0 
34000.0  33056.0 
34001.0  33057.0 
34002.0  33058.0 
34003.0  33059.0 
34004.0  33060.0 
34005.0  33061.0 
34006.0  33062.0 
34007.0  33063.0 
34008.0  33064.0 
34009.0  33065.0 
34010.0  33066.0 
34011.0  33067.0 
34012.0  33068.0 
34013.0  33069.0 
34014.0  33070.0 
34015.0  33071.0 
34016.0  33072.0 
34017.0  33073.0 
34018.0  33074.0 
34019.0  33075.0 
34020.0  33076.0 
34021.0  33077.0 
34022.0  33078.0 
34023.0  33079.0 
34024.0  33080.0 
34025.0  33081.0 
34026.0  33082.0 
34027.0  33083.0 
34028.0  33084.0 
34029.0  33085.0 
34030.0  33086.0 
34031.0  33087.0 
34033.0  33089.0 
34034.0  33090.0 
34035.0  33091.0 
34036.0  33092.0 
34037.0  33093.0 
34038.0  33094.0 
34039.0  33095.0 
34040.0  33096.0 
34041.0  33097.0 
34042.0  33098.0 
34043.0  33099.0 
34044.0  33100.0 
34045.0  33101.0 
34046.0  33102.0 
34047.0  33103.0 
34048.0  33104.0 
34049.0  33105.0 
34050.0  33106.0 
34051.0  33107.0 
34052.0  33108.0 
34053.0  33109.0 
34054.0  33110.0 
34055.0  33111.0 
34056.0  33112.0 
34057.0  33113.0 
34058.0  33114.0 
34059.0  33115.0 
34060.0  33116.0 
34061.0  33117.0 
34062.0  33118.0 
34063.0  33119.0 
34064.0  33120.0 
34065.0  33121.0 
34066.0  33122.0 
34067.0  33123.0 
34068.0  33124.0 
34069.0  33125.0 
34070.0  33126.0 
34071.0  33127.0 
34072.0  33128.0 
34073.0  33129.0 
34074.0  33130.0 
34075.0  33131.0 
34076.0  33132.0 
34077.0  33133.0 
34078.0  33134.0 
34079.0  33135.0 
34080.0  33136.0 
34081.0  33137.0 
34082.0  33138.0 
34083.0  33139.0 
34084.0  33140.0 
34085.0  33141.0 
34086.0  33142.0 
34087.0  33143.0 
34088.0  33144.0 
34089.0  33145.0 
34090.0  33146.0 
34091.0  33147.0 
34092.0  33148.0 
34093.0  33149.0 
34094.0  33150.0 
34095.0  33151.0 
34096.0  33152.0 
34097.0  33153.0 
34098.0  33154.0 
34099.0  33155.0 
34100.0  33156.0 
34101.0  33157.0 
34102.0  33158.0 
34103.0  33159.0 
34104.0  33160.0 
34105.0  33161.0 
34106.0  33162.0 
34107.0  33163.0 
34108.0  33164.0 
34109.0  33165.0 
34110.0  33166.0 
34111.0  33167.0 
34112.0  33168.0 
34113.0  33169.0 
34114.0  33170.0 
34115.0  33171.0 
34116.0  33172.0 
34117.0  33173.0 
34118.0  33174.0 
34119.0  33175.0 
34120.0  33176.0 
34121.0  33177.0 
34122.0  33178.0 
34123.0  33179.0 
34124.0  33180.0 
34125.0  33181.0 
34126.0  33182.0 
34127.0  33183.0 
34128.0  33184.0 
34129.0  33185.0 
34130.0  33186.0 
34131.0  33187.0 
34132.0  33188.0 
34133.0  33189.0 
34134.0  33190.0 
34135.0  33191.0 
34136.0  33192.0 
34137.0  33193.0 
34138.0  33194.0 
34139.0  33195.0 
34140.0  33196.0 
34141.0  33197.0 
34142.0  33198.0 
34143.0  33199.0 
34144.0  33200.0 
34145.0  33201.0 
34146.0  33202.0 
34147.0  33203.0 
34148.0  33204.0 
34149.0  33205.0 
34150.0  33206.0 
34151.0  33207.0 
34152.0  33208.0 
34153.0  33209.0 
34154.0  33210.0 
34155.0  33211.0 
34156.0  33212.0 
34157.0  33213.0 
34158.0  33214.0 
34159.0  33215.0 
34160.0  33216.0 
34161.0  33217.0 
34162.0  33218.0 
34163.0  33219.0 
34164.0  33220.0 
34165.0  33221.0 
34166.0  33222.0 
34167.0  33223.0 
34168.0  33224.0 
34169.0  33225.0 
34170.0  33226.0 
34171.0  33227.0 
34172.0  33228.0 
34173.0  33229.0 
34174.0  33230.0 
34175.0  33231.0 
34176.0  33232.0 
34177.0  33233.0 
34178.0  33234.0 
34179.0  33235.0 
34180.0  33236.0 
34181.0  33237.0 
34182.0  33238.0 
34183.0  33239.0 
34184.0  33240.0 
34185.0  33241.0 
34186.0  33242.0 
34187.0  33243.0 
34188.0  33244.0 
34189.0  33245.0 
34190.0  33246.0 
34191.0  33247.0 
34192.0  33248.0 
34193.0  33249.0 
34194.0  33250.0 
34195.0  33251.0 
34196.0  33252.0 
34197.0  33253.0 
34198.0  33254.0 
34199.0  33255.0 
34200.0  33256.0 
34201.0  33257.0 
34202.0  33258.0 
34203.0  33259.0 
34233.1  32846.0 
34233.1  32377.0 
34233.1  32847.0 
34233.1  32848.0 
34233.1  32380.0 
34233.1  32849.0 
34233.1  32378.0 
34233.1  32850.0 
34233.1  32381.0 
34233.1  32383.0 
34233.1  34245.0 
34233.1  32386.0 
34233.1  32791.3 
34234.1  34246.1 
34235.1  34247.1 
34236.1  34248.1 
34237.1  33306.0 
34237.1  32377.0 
34237.1  32380.0 
34237.1  34249.3 
34239.0  33296.0 
34240.1  34250.0 
34242.1  34251.0 
34244.1  34252.0 
34246.1  33296.0 
34246.1  32377.0 
34246.1  32380.0 
34246.1  32386.0 
34246.1  32392.0 
34246.1  34254.1 
34247.1  33313.0 
34247.1  32377.0 
34247.1  32380.0 
34247.1  32386.0 
34247.1  33314.37 
34248.1  33313.0 
34248.1  32377.0 
34248.1  32380.0 
34248.1  32386.0 
34248.1  33315.2 
34249.3  32791.3 
34254.1  34255.0 
33339.11  33788.0 
33339.12  34257.0 
34257.0  32843.0 
33319.0  33320.0 
33320.0  33333.0 
33339.0  33340.0 
33340.0  33768.0 
33768.0  33778.0 
33774.0  33333.0 
33775.0  33797.0 
33776.0  33797.0 
33777.0  33801.0 
33778.0  33333.0 
33785.0  33340.0 
33786.0  33340.0 
33787.0  33812.0 
33797.0  33816.0 
33801.0  33339.0 
33805.0  33768.0 
33806.0  33768.0 
33807.0  33768.0 
33808.0  33768.0 
33809.0  33768.0 
33812.0  33340.0 
33814.0  33825.0 
33815.0  33828.0 
33816.0  33333.0 
33823.0  33801.0 
33825.0  34233.0 
33831.0  33797.0 
33832.0  34238.0 
33833.0  34241.0 
33834.0  34243.0 
34233.0  33828.0 
34237.0  33825.0 
34238.0  33797.0 
34241.0  33797.0 
34243.0  33797.0 
34246.0  34253.0 
34247.0  33825.0 
34248.0  33825.0 
34250.0  34238.0 
34251.0  34241.0 
34252.0  34243.0 
34253.0  33825.0 
34255.0  34253.0 
33338.1  33339.10 
34256.1  33339.11 
34256.2  33339.12 
