69632.1  69634.0 
69632.1  69635.0 
69632.1  69636.0 
69632.1  69637.0 
69632.1  69638.0 
69632.1  69639.0 
69632.1  69640.0 
69632.1  69641.0 
69632.1  69642.0 
69632.1  69643.0 
69632.1  69644.0 
69632.1  69645.0 
69633.1  69647.0 
69633.1  69635.0 
69633.1  69638.0 
69634.0  68701.0 
69635.0  68702.0 
69636.0  68703.0 
69637.0  68704.0 
69638.0  68705.0 
69639.0  68706.0 
69640.0  68707.0 
69641.0  68708.0 
69644.0  68711.0 
69646.1  69635.0 
69646.1  69648.0 
69646.1  69639.0 
69646.1  69638.0 
69646.1  69644.0 
69646.1  69649.0 
69646.1  69650.0 
69647.0  68714.0 
69648.0  68715.0 
69649.0  68716.0 
69650.0  68717.0 
69631.1  69632.1 
69652.1  69654.0 
69652.1  69655.0 
69652.1  69656.0 
69652.1  69657.0 
69652.1  69635.0 
69652.1  69658.0 
69652.1  69659.0 
69652.1  69660.0 
69652.1  69661.0 
69652.1  69639.0 
69652.1  69662.0 
69652.1  69663.0 
69652.1  69664.0 
69652.1  69665.0 
69652.1  69666.0 
69652.1  69667.0 
69652.1  69668.0 
69652.1  69669.0 
69652.1  69670.0 
69652.1  69671.0 
69652.1  69672.0 
69652.1  69673.0 
69652.1  69674.0 
69652.1  69675.0 
69652.1  69676.0 
69652.1  69638.0 
69652.1  69677.0 
69652.1  69678.0 
69652.1  69679.0 
69652.1  69680.0 
69652.1  69681.0 
69652.1  69682.0 
69652.1  69683.0 
69652.1  69684.0 
69652.1  69685.0 
69652.1  69686.0 
69652.1  69687.0 
69652.1  69688.0 
69652.1  69689.0 
69652.1  69690.0 
69652.1  69691.0 
69652.1  69692.0 
69652.1  69693.0 
69652.1  69694.0 
69652.1  69695.0 
69652.1  69644.0 
69652.1  69696.0 
69652.1  69697.0 
69652.1  69698.0 
69652.1  69699.0 
69652.1  69650.0 
69652.1  69700.0 
69652.1  69701.0 
69652.1  69702.0 
69652.1  69703.0 
69652.1  69704.0 
69652.1  69705.0 
69652.1  69706.0 
69652.1  69707.0 
69652.1  69708.0 
69652.1  69709.0 
69652.1  69710.0 
69652.1  69711.0 
69652.1  69712.0 
69652.1  69713.0 
69652.1  69714.0 
69652.1  69715.0 
69652.1  69716.0 
69652.1  69717.0 
69652.1  69718.0 
69652.1  69719.0 
69652.1  69720.0 
69652.1  69721.0 
69652.1  69722.0 
69652.1  69723.0 
69652.1  69724.0 
69652.1  69725.0 
69652.1  69726.0 
69652.1  69727.0 
69652.1  69728.0 
69652.1  69729.0 
69652.1  69730.0 
69652.1  69731.0 
69652.1  69732.0 
69652.1  69733.0 
69652.1  69734.0 
69652.1  69735.0 
69652.1  69736.0 
69652.1  69737.0 
69652.1  69738.0 
69652.1  69739.0 
69652.1  69740.0 
69652.1  69741.0 
69652.1  69742.0 
69652.1  69743.0 
69652.1  69744.0 
69652.1  69745.0 
69652.1  69746.0 
69652.1  69747.0 
69652.1  69748.0 
69652.1  69749.0 
69652.1  69750.0 
69652.1  69751.0 
69652.1  69752.0 
69652.1  69753.0 
69652.1  69754.0 
69652.1  69755.0 
69652.1  69756.0 
69652.1  69757.0 
69652.1  69758.0 
69652.1  69759.0 
69652.1  69760.0 
69652.1  69761.0 
69652.1  69762.0 
69652.1  69763.0 
69652.1  69764.0 
69652.1  69765.0 
69652.1  69766.0 
69652.1  69767.0 
69652.1  69768.0 
69652.1  69769.0 
69652.1  69770.0 
69652.1  69771.0 
69652.1  69772.0 
69652.1  69773.0 
69652.1  69774.0 
69652.1  69775.0 
69652.1  69776.0 
69652.1  69777.0 
69652.1  69778.0 
69652.1  69779.0 
69652.1  69780.0 
69652.1  69781.0 
69652.1  69782.0 
69652.1  69783.0 
69652.1  69784.0 
69652.1  69785.0 
69652.1  69786.0 
69652.1  69787.0 
69652.1  69788.0 
69652.1  69789.0 
69652.1  69790.0 
69652.1  69791.0 
69652.1  69792.0 
69652.1  69793.0 
69652.1  69794.0 
69652.1  69795.0 
69652.1  69796.0 
69652.1  69797.0 
69652.1  69798.0 
69652.1  69799.0 
69652.1  69800.0 
69652.1  69801.0 
69652.1  69802.0 
69652.1  69803.0 
69652.1  69804.0 
69652.1  69805.0 
69652.1  69806.0 
69652.1  69807.0 
69652.1  69808.0 
69652.1  69809.0 
69652.1  69810.0 
69652.1  69811.0 
69652.1  69812.0 
69652.1  69813.0 
69652.1  69649.0 
69652.1  69814.0 
69652.1  69815.0 
69652.1  69816.0 
69652.1  69817.1 
69652.1  69818.0 
69652.1  69819.0 
69652.1  69820.0 
69652.1  69821.0 
69652.1  69822.0 
69652.1  69823.0 
69652.2  69824.0 
69652.2  69825.0 
69652.2  69826.0 
69652.2  69827.0 
69652.2  69828.0 
69652.2  69829.0 
69652.2  69830.0 
69652.2  69831.0 
69652.2  69832.0 
69652.2  69833.0 
69652.2  69834.0 
69652.2  69835.0 
69652.2  69836.0 
69652.2  69837.0 
69652.2  69838.0 
69652.2  69839.0 
69652.2  69840.0 
69652.2  69841.0 
69652.2  69842.0 
69652.2  69843.0 
69652.2  69844.0 
69652.2  69845.0 
69652.2  69846.0 
69652.2  69847.0 
69652.2  69848.0 
69652.2  69849.0 
69652.2  69850.0 
69652.2  69851.0 
69652.2  69852.0 
69652.2  69853.0 
69652.2  69854.0 
69652.2  69636.0 
69652.2  69855.0 
69652.2  69856.0 
69652.2  69857.0 
69652.2  69858.0 
69652.2  69859.0 
69652.2  69860.0 
69652.2  69861.0 
69652.2  69862.0 
69652.2  69863.0 
69652.2  69864.0 
69652.2  69865.0 
69652.2  69641.0 
69652.2  69866.0 
69652.2  69867.0 
69652.2  69868.0 
69652.2  69869.0 
69652.2  69870.0 
69652.2  69871.0 
69652.2  69872.0 
69652.2  69873.0 
69652.2  69874.0 
69652.2  69875.0 
69652.2  69876.0 
69652.2  69877.0 
69652.2  69878.0 
69652.2  69879.0 
69652.2  69880.0 
69652.2  69881.0 
69652.2  69882.0 
69652.2  69883.0 
69652.2  69884.0 
69652.2  69885.0 
69652.2  69886.0 
69652.2  69887.0 
69652.2  69888.0 
69652.2  69889.0 
69652.2  69890.0 
69652.2  69891.0 
69652.2  69892.0 
69652.2  69893.0 
69652.2  69894.0 
69652.2  69895.0 
69652.2  69896.0 
69652.2  69897.0 
69652.2  69898.0 
69652.2  69899.0 
69652.2  69900.0 
69652.2  69901.0 
69652.2  69902.0 
69652.2  69903.0 
69652.2  69904.0 
69652.2  69905.0 
69652.2  69906.0 
69652.2  69907.0 
69652.2  69908.0 
69652.2  69909.0 
69652.2  69910.0 
69652.2  69911.0 
69652.2  69912.0 
69652.2  69913.0 
69652.2  69914.0 
69652.2  69915.0 
69652.2  69916.0 
69652.2  69917.0 
69652.2  69918.0 
69652.2  69919.0 
69652.2  69920.0 
69652.2  69921.0 
69652.2  69922.0 
69652.2  69923.0 
69652.2  69924.0 
69652.2  69925.0 
69652.2  69926.0 
69652.2  69927.0 
69652.2  69928.0 
69652.2  69929.0 
69652.2  69930.0 
69652.2  69931.0 
69652.2  69932.0 
69652.2  69933.0 
69652.2  69934.0 
69652.2  69935.0 
69652.2  69936.0 
69652.2  69937.0 
69652.2  69938.0 
69652.2  69939.0 
69652.2  69940.0 
69652.2  69941.0 
69652.2  69942.0 
69652.2  69943.0 
69652.2  69944.0 
69652.2  69945.0 
69652.2  69946.0 
69652.2  69947.0 
69652.2  69948.0 
69652.2  69949.0 
69652.2  69950.0 
69652.2  69951.0 
69652.2  69952.0 
69652.2  69953.0 
69652.2  69954.0 
69652.2  69955.0 
69652.2  69956.0 
69652.2  69957.0 
69652.2  69958.0 
69652.2  69959.0 
69652.2  69960.0 
69652.2  69961.0 
69652.2  69962.0 
69652.2  69963.0 
69652.2  69964.0 
69652.2  69965.0 
69652.2  69966.0 
69652.2  69967.0 
69652.2  69968.0 
69652.2  69969.0 
69652.2  69970.0 
69652.2  69971.0 
69652.2  69972.0 
69652.2  69973.0 
69652.2  69974.0 
69652.2  69975.0 
69652.2  69976.0 
69652.2  69977.0 
69652.2  69978.0 
69652.2  69979.0 
69652.2  69980.0 
69652.2  69981.0 
69652.2  69982.1 
69652.2  69983.0 
69652.2  69984.0 
69652.2  69985.0 
69652.2  69986.0 
69652.2  69987.0 
69652.2  69988.0 
69652.2  69989.0 
69652.2  69990.0 
69652.2  69991.0 
69652.2  69992.0 
69652.2  69993.0 
69652.2  69994.0 
69652.2  69995.0 
69652.2  69996.0 
69652.2  69997.19 
69652.2  69998.19 
69652.2  69999.0 
69652.2  70000.0 
69652.2  70001.0 
69652.2  70002.0 
69652.2  70003.0 
69652.2  70004.0 
69652.2  70005.0 
69652.2  70006.0 
69652.2  70007.0 
69652.2  70008.0 
69652.2  70009.0 
69652.2  70010.0 
69652.2  70011.0 
69652.3  70012.0 
69652.3  70013.0 
69652.3  70014.0 
69652.3  70015.0 
69652.3  70016.0 
69652.3  70017.0 
69652.3  70018.0 
69652.3  70019.0 
69652.3  70020.2 
69652.3  70021.0 
69652.3  70022.0 
69652.3  70023.0 
69652.3  70024.0 
69652.3  70025.0 
69652.3  70026.0 
69652.4  70027.0 
69652.4  70028.0 
69652.4  70029.0 
69652.4  70030.0 
69652.4  69631.1 
69652.5  70031.0 
69652.5  70032.0 
69652.5  70033.0 
69652.5  70034.0 
69652.5  70035.0 
69652.5  70036.1 
69652.5  70037.0 
69652.5  70038.38 
69652.5  70039.38 
69652.5  70040.0 
69652.5  70041.2 
69652.6  70042.0 
69652.6  70043.0 
69652.6  70044.0 
69652.6  70045.0 
69652.6  70046.0 
69652.6  70047.0 
69652.6  69640.0 
69652.6  69637.0 
69652.6  70048.0 
69652.6  70049.3 
69652.6  70050.0 
69652.6  70051.0 
69652.6  70052.0 
69652.6  70053.0 
69652.6  70054.0 
69652.6  70055.0 
69652.6  70056.0 
69652.6  70057.0 
69652.6  70058.19 
69652.6  70059.0 
69652.6  70060.0 
69652.7  70061.0 
69652.7  70062.0 
69652.7  70063.46 
69652.7  70064.0 
69652.7  70065.0 
69652.7  70066.1 
69652.7  70067.0 
69652.7  70068.0 
69652.7  70069.0 
69652.7  70070.0 
69652.7  70071.0 
69652.8  70072.0 
69652.8  70073.0 
69652.8  70074.0 
69652.8  70075.0 
69652.8  70076.0 
69652.9  70077.0 
69652.9  70078.0 
69652.9  70079.0 
69652.9  70080.0 
69652.10  70081.0 
69652.10  70082.0 
69652.10  70083.0 
69652.11  70084.0 
69653.1  70086.0 
69653.1  69635.0 
69653.1  69648.0 
69653.1  69639.0 
69653.1  69638.0 
69653.1  69644.0 
69653.1  69649.0 
69653.1  69650.0 
69653.1  70087.1 
69653.1  70088.1 
69653.1  70089.1 
69654.0  68721.0 
69655.0  68722.0 
69656.0  68723.0 
69657.0  68724.0 
69658.0  68725.0 
69659.0  68726.0 
69660.0  68727.0 
69661.0  68728.0 
69662.0  68729.0 
69663.0  68730.0 
69664.0  68731.0 
69665.0  68732.0 
69666.0  68733.0 
69667.0  68734.0 
69668.0  68735.0 
69669.0  68736.0 
69670.0  68737.0 
69671.0  68738.0 
69672.0  68739.0 
69673.0  68740.0 
69674.0  68741.0 
69675.0  68742.0 
69676.0  68743.0 
69677.0  68744.0 
69678.0  68745.0 
69679.0  68746.0 
69680.0  68747.0 
69681.0  68748.0 
69682.0  68749.0 
69683.0  68750.0 
69684.0  68751.0 
69685.0  68752.0 
69686.0  68753.0 
69687.0  68754.0 
69688.0  68755.0 
69689.0  68756.0 
69690.0  68757.0 
69691.0  68758.0 
69692.0  68759.0 
69693.0  68760.0 
69694.0  68761.0 
69695.0  68762.0 
69696.0  68763.0 
69697.0  68764.0 
69698.0  68765.0 
69699.0  68766.0 
69700.0  68767.0 
69701.0  68768.0 
69702.0  68769.0 
69703.0  68770.0 
69704.0  68771.0 
69705.0  68772.0 
69706.0  68773.0 
69707.0  68774.0 
69708.0  68775.0 
69709.0  68776.0 
69710.0  68777.0 
69711.0  68778.0 
69712.0  68779.0 
69713.0  68780.0 
69714.0  68781.0 
69715.0  68782.0 
69716.0  68783.0 
69717.0  68784.0 
69718.0  68785.0 
69719.0  68786.0 
69720.0  68787.0 
69721.0  68788.0 
69722.0  68789.0 
69723.0  68790.0 
69724.0  68791.0 
69725.0  68792.0 
69726.0  68793.0 
69727.0  68794.0 
69728.0  68795.0 
69729.0  68796.0 
69730.0  68797.0 
69731.0  68798.0 
69732.0  68799.0 
69733.0  68800.0 
69734.0  68801.0 
69735.0  68802.0 
69736.0  68803.0 
69737.0  68804.0 
69738.0  68805.0 
69739.0  68806.0 
69740.0  68807.0 
69741.0  68808.0 
69742.0  68809.0 
69743.0  68810.0 
69744.0  68811.0 
69745.0  68812.0 
69746.0  68813.0 
69747.0  68814.0 
69748.0  68815.0 
69749.0  68816.0 
69750.0  68817.0 
69751.0  68818.0 
69752.0  68819.0 
69753.0  68820.0 
69754.0  68821.0 
69755.0  68822.0 
69756.0  68823.0 
69757.0  68824.0 
69758.0  68825.0 
69759.0  68826.0 
69760.0  68827.0 
69761.0  68828.0 
69762.0  68829.0 
69763.0  68830.0 
69764.0  68831.0 
69765.0  68832.0 
69766.0  68833.0 
69767.0  68834.0 
69768.0  68835.0 
69769.0  68836.0 
69770.0  68837.0 
69771.0  68838.0 
69772.0  68839.0 
69773.0  68840.0 
69774.0  68841.0 
69775.0  68842.0 
69776.0  68843.0 
69777.0  68844.0 
69778.0  68845.0 
69779.0  68846.0 
69780.0  68847.0 
69781.0  68848.0 
69782.0  68849.0 
69783.0  68850.0 
69784.0  68851.0 
69785.0  68852.0 
69786.0  68853.0 
69787.0  68854.0 
69788.0  68855.0 
69789.0  68856.0 
69790.0  68857.0 
69791.0  68858.0 
69792.0  68859.0 
69793.0  68860.0 
69794.0  68861.0 
69795.0  68862.0 
69796.0  68863.0 
69797.0  68864.0 
69798.0  68865.0 
69799.0  68866.0 
69800.0  68867.0 
69801.0  68868.0 
69802.0  68869.0 
69803.0  68870.0 
69804.0  68871.0 
69805.0  68872.0 
69806.0  68873.0 
69807.0  68874.0 
69808.0  68875.0 
69809.0  68876.0 
69810.0  68877.0 
69811.0  68878.0 
69812.0  68879.0 
69813.0  68880.0 
69814.0  68881.0 
69815.0  68882.0 
69816.0  68883.0 
69817.1  70090.13 
69818.0  68885.0 
69819.0  68886.0 
69820.0  68887.0 
69821.0  68888.0 
69822.0  68889.0 
69823.0  68890.0 
69824.0  68891.0 
69825.0  68892.0 
69826.0  68893.0 
69827.0  68894.0 
69828.0  68895.0 
69829.0  68896.0 
69830.0  68897.0 
69831.0  68898.0 
69832.0  68899.0 
69833.0  68900.0 
69834.0  68901.0 
69835.0  68902.0 
69836.0  68903.0 
69837.0  68904.0 
69838.0  68905.0 
69839.0  68906.0 
69840.0  68907.0 
69841.0  68908.0 
69842.0  68909.0 
69843.0  68910.0 
69844.0  68911.0 
69845.0  68912.0 
69846.0  68913.0 
69847.0  68914.0 
69848.0  68915.0 
69849.0  68916.0 
69850.0  68917.0 
69851.0  68918.0 
69852.0  68919.0 
69853.0  68920.0 
69854.0  68921.0 
69855.0  68922.0 
69856.0  68923.0 
69857.0  68924.0 
69858.0  68925.0 
69859.0  68926.0 
69860.0  68927.0 
69861.0  68928.0 
69862.0  68929.0 
69863.0  68930.0 
69864.0  68931.0 
69865.0  68932.0 
69867.0  68934.0 
69868.0  68935.0 
69869.0  68936.0 
69870.0  68937.0 
69871.0  68938.0 
69872.0  68939.0 
69873.0  68940.0 
69874.0  68941.0 
69875.0  68942.0 
69876.0  68943.0 
69877.0  68944.0 
69878.0  68945.0 
69879.0  68946.0 
69880.0  68947.0 
69881.0  68948.0 
69882.0  68949.0 
69883.0  68950.0 
69884.0  68951.0 
69885.0  68952.0 
69886.0  68953.0 
69887.0  68954.0 
69888.0  68955.0 
69889.0  68956.0 
69890.0  68957.0 
69891.0  68958.0 
69892.0  68959.0 
69893.0  68960.0 
69894.0  68961.0 
69895.0  68962.0 
69896.0  68963.0 
69897.0  68964.0 
69898.0  68965.0 
69899.0  68966.0 
69900.0  68967.0 
69901.0  68968.0 
69902.0  68969.0 
69903.0  68970.0 
69904.0  68971.0 
69905.0  68972.0 
69906.0  68973.0 
69907.0  68974.0 
69908.0  68975.0 
69909.0  68976.0 
69910.0  68977.0 
69911.0  68978.0 
69912.0  68979.0 
69913.0  68980.0 
69914.0  68981.0 
69915.0  68982.0 
69916.0  68983.0 
69917.0  68984.0 
69918.0  68985.0 
69919.0  68986.0 
69920.0  68987.0 
69921.0  68988.0 
69922.0  68989.0 
69923.0  68990.0 
69924.0  68991.0 
69925.0  68992.0 
69926.0  68993.0 
69927.0  68994.0 
69928.0  68995.0 
69929.0  68996.0 
69930.0  68997.0 
69931.0  68998.0 
69932.0  68999.0 
69933.0  69000.0 
69934.0  69001.0 
69935.0  69002.0 
69936.0  69003.0 
69937.0  69004.0 
69938.0  69005.0 
69939.0  69006.0 
69940.0  69007.0 
69941.0  69008.0 
69942.0  69009.0 
69943.0  69010.0 
69944.0  69011.0 
69945.0  69012.0 
69946.0  69013.0 
69947.0  69014.0 
69948.0  69015.0 
69949.0  69016.0 
69950.0  69017.0 
69951.0  69018.0 
69952.0  69019.0 
69953.0  69020.0 
69954.0  69021.0 
69955.0  69022.0 
69956.0  69023.0 
69957.0  69024.0 
69958.0  69025.0 
69959.0  69026.0 
69960.0  69027.0 
69961.0  69028.0 
69962.0  69029.0 
69963.0  69030.0 
69964.0  69031.0 
69965.0  69032.0 
69966.0  69033.0 
69967.0  69034.0 
69968.0  69035.0 
69969.0  69036.0 
69970.0  69037.0 
69971.0  69038.0 
69972.0  69039.0 
69973.0  69040.0 
69974.0  69041.0 
69975.0  69042.0 
69976.0  69043.0 
69977.0  69044.0 
69978.0  69045.0 
69979.0  69046.0 
69980.0  69047.0 
69981.0  69048.0 
69982.1  70090.11 
69983.0  69050.0 
69984.0  69051.0 
69985.0  69052.0 
69986.0  69053.0 
69987.0  69054.0 
69988.0  69055.0 
69989.0  69056.0 
69990.0  69057.0 
69991.0  69058.0 
69992.0  69059.0 
69993.0  69060.0 
69994.0  69061.0 
69995.0  69062.0 
69996.0  69063.0 
69997.19  70090.12 
69997.19  69064.19 
69998.19  70090.12 
69998.19  69065.19 
69999.0  69066.0 
70000.0  69067.0 
70001.0  69068.0 
70002.0  69069.0 
70003.0  69070.0 
70004.0  69071.0 
70005.0  69072.0 
70006.0  69073.0 
70007.0  69074.0 
70008.0  69075.0 
70009.0  69076.0 
70010.0  69077.0 
70011.0  69078.0 
70012.0  69079.0 
70013.0  69080.0 
70014.0  69081.0 
70015.0  69082.0 
70016.0  69083.0 
70017.0  69084.0 
70018.0  69085.0 
70019.0  69086.0 
70020.1  69652.1 
70020.2  69652.2 
70020.3  69652.3 
70020.4  69652.4 
70020.5  69652.8 
70020.6  69652.9 
70020.7  69652.10 
70021.0  69088.0 
70022.0  69089.0 
70023.0  69090.0 
70024.0  69091.0 
70025.0  69092.0 
70026.0  69093.0 
70027.0  69094.0 
70028.0  69095.0 
70029.0  69096.0 
70030.0  69097.0 
70031.0  69098.0 
70032.0  69099.0 
70033.0  69100.0 
70034.0  69101.0 
70035.0  69102.0 
70036.1  70090.13 
70037.0  69104.0 
70038.38  70090.13 
70038.38  69105.38 
70038.39  69652.5 
70039.38  70090.13 
70039.38  69106.38 
70039.39  69652.7 
70040.0  69107.0 
70041.2  69108.2 
70042.0  69109.0 
70043.0  69110.0 
70044.0  69111.0 
70045.0  69112.0 
70046.0  69113.0 
70047.0  69114.0 
70048.0  69115.0 
70049.1  70091.1 
70049.2  70092.1 
70049.3  70093.1 
70050.0  69117.0 
70051.0  69118.0 
70052.0  69119.0 
70053.0  69120.0 
70054.0  69121.0 
70055.0  69122.0 
70056.0  69123.0 
70057.0  69124.0 
70058.19  69125.19 
70058.20  69652.6 
70059.0  69126.0 
70060.0  69127.0 
70061.0  69128.0 
70062.0  69129.0 
70063.45  70090.10 
70063.46  70090.12 
70063.46  69130.46 
70064.0  69131.0 
70066.1  70094.1 
70067.0  69134.0 
70068.0  69135.0 
70070.0  69137.0 
70071.0  69138.0 
70072.0  69139.0 
70073.0  69140.0 
70074.0  69141.0 
70075.0  69142.0 
70076.0  69143.0 
70077.0  61267.0 
70078.0  61268.0 
70079.0  61269.0 
70080.1  69652.9 
70081.0  69144.0 
70082.0  69145.0 
70083.0  69146.0 
70084.0  69147.0 
70085.1  70096.0 
70085.1  69635.0 
70085.1  69648.0 
70085.1  69639.0 
70085.1  69638.0 
70085.1  69644.0 
70085.1  69649.0 
70085.1  69650.0 
70085.1  70097.1 
70085.1  70098.1 
70085.1  70099.1 
70085.1  70100.1 
70085.1  70101.1 
70086.0  69149.0 
70087.1  70102.1 
70088.1  70103.1 
70089.1  70104.1 
70090.11  70105.0 
70090.12  69130.45 
70090.13  70106.1 
70090.14  69087.7 
70090.14  68719.14 
70091.1  70107.0 
70091.1  69635.0 
70091.1  70108.0 
70091.1  70109.0 
70091.1  69638.0 
70091.1  70110.0 
70091.1  69636.0 
70091.1  70111.0 
70091.1  69639.0 
70091.1  69641.0 
70091.1  70112.0 
70091.1  69644.0 
70091.1  70113.2 
70092.1  70115.0 
70092.1  69635.0 
70092.1  70108.0 
70092.1  70109.0 
70092.1  69636.0 
70092.1  69638.0 
70092.1  70110.0 
70092.1  69639.0 
70092.1  70111.0 
70092.1  69641.0 
70092.1  70116.0 
70092.1  69644.0 
70092.1  70049.1 
70093.1  70117.0 
70093.1  69635.0 
70093.1  69638.0 
70093.1  70049.2 
70094.1  70119.0 
70094.1  69635.0 
70094.1  70120.0 
70094.1  69638.0 
70094.1  69644.0 
70094.1  69650.0 
70094.1  69695.0 
70094.1  70121.2 
70094.1  70121.3 
70094.1  70121.4 
70094.1  70121.5 
70094.1  70121.6 
70094.1  70121.7 
70095.1  69647.0 
70095.1  69635.0 
70095.1  69638.0 
70096.0  69159.0 
70097.1  70122.1 
70098.1  70123.1 
70099.1  70124.1 
70100.1  70125.1 
70101.1  70126.1 
70102.1  70127.0 
70102.1  69635.0 
70102.1  69638.0 
70102.1  69644.0 
70103.1  70128.0 
70103.1  69635.0 
70103.1  69638.0 
70103.1  69644.0 
70104.1  70130.0 
70104.1  69635.0 
70104.1  69638.0 
70105.0  68229.0 
70106.1  70090.10 
70107.0  69169.0 
70108.0  69170.0 
70109.0  69171.0 
70110.0  69172.0 
70111.0  69173.0 
70113.1  70131.1 
70113.2  70132.1 
70114.1  70134.0 
70114.1  69635.0 
70114.1  69648.0 
70114.1  69639.0 
70114.1  69638.0 
70114.1  69644.0 
70114.1  69649.0 
70114.1  69650.0 
70114.1  69700.0 
70114.1  69701.0 
70114.1  69702.0 
70114.1  70135.1 
70114.1  70136.1 
70114.2  70137.1 
70114.3  70138.1 
70115.0  69177.0 
70117.0  69179.0 
70118.1  70139.0 
70118.1  69635.0 
70118.1  69648.0 
70118.1  69639.0 
70118.1  69638.0 
70118.1  69644.0 
70118.1  69649.0 
70118.1  69650.0 
70119.0  69181.0 
70120.0  69182.0 
70121.1  70140.1 
70121.2  70140.2 
70121.3  70140.3 
70121.4  70140.4 
70121.5  70140.5 
70121.6  70140.6 
70121.7  70140.7 
70122.1  70128.0 
70122.1  69635.0 
70122.1  69638.0 
70122.1  69644.0 
70123.1  70127.0 
70123.1  69635.0 
70123.1  69638.0 
70123.1  69644.0 
70124.1  70141.0 
70124.1  69635.0 
70124.1  69638.0 
70124.1  69644.0 
70125.1  70141.0 
70125.1  69635.0 
70125.1  69638.0 
70125.1  69644.0 
70126.1  70141.0 
70126.1  69635.0 
70126.1  69638.0 
70126.1  69644.0 
70127.0  69189.0 
70128.0  69190.0 
70130.0  69192.0 
70131.1  70107.0 
70131.1  69635.0 
70131.1  70108.0 
70131.1  70109.0 
70131.1  69638.0 
70131.1  70110.0 
70131.1  69636.0 
70131.1  70111.0 
70131.1  69639.0 
70131.1  69641.0 
70131.1  70143.0 
70131.1  69644.0 
70131.1  70144.1 
70132.1  70115.0 
70132.1  69635.0 
70132.1  70108.0 
70132.1  70109.0 
70132.1  69636.0 
70132.1  69638.0 
70132.1  70110.0 
70132.1  69639.0 
70132.1  70111.0 
70132.1  69641.0 
70132.1  70146.0 
70132.1  69644.0 
70132.1  70113.1 
70133.1  70115.0 
70133.1  69635.0 
70133.1  70108.0 
70133.1  70109.0 
70133.1  69636.0 
70133.1  69638.0 
70133.1  70110.0 
70133.1  69639.0 
70133.1  70111.0 
70133.1  69641.0 
70133.1  70147.0 
70133.1  69644.0 
70134.0  69196.0 
70135.1  70148.0 
70136.1  70149.1 
70137.1  70150.1 
70138.1  70151.1 
70139.0  69201.0 
70140.1  70152.0 
70140.1  69635.0 
70140.1  70153.0 
70140.1  69639.0 
70140.1  69638.0 
70140.1  70154.0 
70140.1  69644.0 
70140.1  70155.0 
70140.1  70156.0 
70140.1  69649.0 
70140.1  70157.0 
70140.1  70158.0 
70140.1  70159.0 
70140.1  69650.0 
70140.1  70160.0 
70140.1  70161.0 
70140.1  70162.0 
70140.1  70163.0 
70140.1  70164.0 
70140.1  70165.0 
70140.1  70166.0 
70140.1  70167.0 
70140.1  70168.0 
70140.1  70169.0 
70140.1  70170.0 
70140.1  70171.0 
70140.1  70172.0 
70140.1  70173.0 
70140.1  70174.0 
70140.1  70175.0 
70140.1  70176.0 
70140.1  70177.0 
70140.1  70178.0 
70140.1  70179.0 
70140.1  70180.0 
70140.1  70181.0 
70140.1  70182.0 
70140.1  70183.0 
70140.1  70184.0 
70140.1  70185.0 
70140.1  70186.0 
70140.1  70187.0 
70140.1  70188.0 
70140.1  70189.0 
70140.1  70190.0 
70140.1  70191.0 
70140.1  70192.0 
70140.1  70193.0 
70140.1  70194.0 
70140.1  70195.0 
70140.1  70196.0 
70140.1  70197.0 
70140.1  70198.0 
70140.1  70199.0 
70140.1  70200.0 
70140.1  70201.0 
70140.1  70202.0 
70140.1  70203.0 
70140.1  70204.0 
70140.1  70205.0 
70140.1  70206.0 
70140.1  70207.0 
70140.1  70208.0 
70140.1  70209.0 
70140.1  70210.0 
70140.1  70211.0 
70140.1  70212.0 
70140.1  70213.0 
70140.1  70214.0 
70140.1  70215.0 
70140.1  70216.0 
70140.1  70217.0 
70140.1  70218.0 
70140.1  70219.0 
70140.1  70220.0 
70140.1  70221.0 
70140.1  70222.0 
70140.1  70223.0 
70140.1  70224.0 
70140.1  70225.0 
70140.1  70226.0 
70140.1  70227.0 
70140.1  70228.0 
70140.1  70229.0 
70140.1  70230.0 
70140.1  70231.0 
70140.2  70232.0 
70140.2  70233.0 
70140.2  70234.0 
70140.2  70235.0 
70140.2  70236.0 
70140.2  70237.0 
70140.2  70238.0 
70140.2  70239.0 
70140.2  70240.0 
70140.2  70241.0 
70140.2  70242.0 
70140.2  70243.0 
70140.2  70244.0 
70140.2  70245.0 
70140.2  70246.0 
70140.2  70247.0 
70140.2  70248.0 
70140.2  70249.0 
70140.2  70250.0 
70140.2  70251.0 
70140.2  70252.0 
70140.2  70253.0 
70140.2  70254.0 
70140.2  70255.0 
70140.2  70256.0 
70140.2  70257.0 
70140.2  70258.0 
70140.2  70259.0 
70140.2  70260.0 
70140.2  70261.0 
70140.2  70262.0 
70140.2  70263.0 
70140.2  70264.0 
70140.2  70265.0 
70140.2  70266.0 
70140.2  70267.0 
70140.2  70268.0 
70140.2  70269.0 
70140.2  70270.0 
70140.2  70271.0 
70140.2  70272.0 
70140.2  70273.0 
70140.2  70274.0 
70140.2  70275.0 
70140.2  70276.0 
70140.2  70277.0 
70140.2  70278.0 
70140.2  70279.0 
70140.2  70280.0 
70140.2  70281.0 
70140.2  70282.0 
70140.2  70283.0 
70140.2  70284.0 
70140.2  70285.0 
70140.2  70286.0 
70140.2  70287.0 
70140.2  70288.0 
70140.2  70289.0 
70140.2  70290.0 
70140.2  70291.0 
70140.2  70292.0 
70140.2  70293.0 
70140.2  70294.0 
70140.2  70295.0 
70140.2  70296.0 
70140.2  70297.0 
70140.2  70298.0 
70140.2  70299.0 
70140.2  70300.0 
70140.2  70301.0 
70140.2  70302.0 
70140.2  70303.0 
70140.2  70304.0 
70140.2  70305.0 
70140.2  70306.0 
70140.2  70307.0 
70140.2  70308.0 
70140.2  70309.0 
70140.3  70310.0 
70140.3  70311.0 
70140.3  70312.0 
70140.3  70313.0 
70140.3  70314.0 
70140.3  70315.0 
70140.3  70316.0 
70140.3  70317.0 
70140.3  70318.0 
70140.3  70319.0 
70140.3  70320.0 
70140.3  70321.0 
70140.3  70322.0 
70140.3  70323.0 
70140.3  70324.0 
70140.3  70325.0 
70140.3  70326.0 
70140.3  70327.0 
70140.3  70328.0 
70140.3  70329.0 
70140.3  70330.0 
70140.3  70331.0 
70140.3  70332.0 
70140.3  70333.0 
70140.3  70334.0 
70140.3  70335.0 
70140.3  70336.0 
70140.3  70337.0 
70140.3  70338.0 
70140.3  70339.0 
70140.3  70340.0 
70140.3  70341.0 
70140.3  70342.0 
70140.3  70343.0 
70140.3  70344.0 
70140.3  70345.0 
70140.3  70346.0 
70140.3  70347.0 
70140.3  70348.0 
70140.3  70349.0 
70140.3  70350.0 
70140.3  70351.0 
70140.3  70352.0 
70140.3  70353.0 
70140.3  70354.0 
70140.3  70355.0 
70140.3  70356.0 
70140.3  70357.0 
70140.3  70358.0 
70140.3  70359.0 
70140.3  70360.0 
70140.3  70361.0 
70140.3  70362.0 
70140.3  70363.0 
70140.3  70364.0 
70140.3  70365.0 
70140.3  70366.0 
70140.3  70367.0 
70140.3  70368.0 
70140.3  70369.0 
70140.3  70370.0 
70140.3  70371.0 
70140.3  70372.0 
70140.3  70373.0 
70140.3  70374.0 
70140.3  70375.0 
70140.3  70376.0 
70140.3  70377.0 
70140.3  70378.0 
70140.3  70379.0 
70140.3  70380.0 
70140.3  70381.0 
70140.3  70382.0 
70140.3  70383.0 
70140.3  70384.0 
70140.3  70385.0 
70140.3  70386.0 
70140.3  70387.0 
70140.3  70388.0 
70140.4  70389.0 
70140.4  70390.0 
70140.4  70391.0 
70140.4  70392.0 
70140.4  70393.0 
70140.4  70394.0 
70140.4  70395.0 
70140.4  70396.0 
70140.4  70397.0 
70140.4  70398.0 
70140.4  70399.0 
70140.4  70400.0 
70140.4  70401.0 
70140.4  70402.0 
70140.4  70403.0 
70140.4  70404.0 
70140.4  70405.0 
70140.4  70406.0 
70140.4  70407.0 
70140.4  70408.0 
70140.4  70409.0 
70140.4  70410.0 
70140.4  70411.0 
70140.4  70412.0 
70140.4  70413.0 
70140.4  70414.0 
70140.4  70415.0 
70140.4  70416.0 
70140.4  70417.0 
70140.4  70418.0 
70140.4  70419.0 
70140.4  70420.0 
70140.4  70421.0 
70140.4  70422.0 
70140.4  70423.0 
70140.4  70424.0 
70140.4  70425.0 
70140.4  70426.0 
70140.4  70427.0 
70140.5  70428.0 
70140.5  70429.0 
70140.5  70430.0 
70140.5  70431.0 
70140.5  70432.0 
70140.5  70433.0 
70140.5  70434.0 
70140.5  70435.0 
70140.5  70436.0 
70140.5  70437.0 
70140.5  70438.0 
70140.5  70439.0 
70140.5  70440.0 
70140.5  70441.0 
70140.5  70442.0 
70140.5  70443.0 
70140.5  70444.0 
70140.5  70445.0 
70140.5  70446.0 
70140.5  70447.0 
70140.5  70448.0 
70140.5  70449.0 
70140.5  70450.0 
70140.5  70451.0 
70140.5  70452.0 
70140.5  70453.0 
70140.5  70454.0 
70140.5  70455.0 
70140.5  70456.0 
70140.5  70457.0 
70140.5  70458.0 
70140.5  70459.0 
70140.5  70460.0 
70140.5  70461.0 
70140.5  70462.0 
70140.5  70463.0 
70140.5  70464.0 
70140.5  70465.0 
70140.5  70466.0 
70140.5  70467.0 
70140.5  70468.0 
70140.5  70469.0 
70140.5  70470.0 
70140.5  70471.0 
70140.5  70472.0 
70140.5  70473.0 
70140.5  70474.0 
70140.5  70475.0 
70140.6  70476.0 
70140.6  70477.0 
70140.6  70478.0 
70140.6  70479.0 
70140.6  70480.0 
70140.6  70481.0 
70140.6  70482.0 
70140.6  70483.0 
70140.6  70484.0 
70140.6  70485.0 
70140.6  70486.0 
70140.6  70487.0 
70140.6  70488.0 
70140.6  70489.0 
70140.6  70490.0 
70140.6  70491.0 
70140.6  70492.0 
70140.6  70493.0 
70140.6  70494.0 
70140.6  70495.0 
70140.6  70496.0 
70140.6  70497.0 
70140.6  70498.0 
70140.6  70499.0 
70140.6  70500.0 
70140.6  70501.0 
70140.6  70502.0 
70140.7  70503.0 
70140.7  70504.0 
70140.7  70505.0 
70140.7  70506.0 
70140.7  70507.0 
70140.7  70508.0 
70140.7  70509.0 
70140.7  70510.0 
70140.7  70511.0 
70140.7  70512.0 
70140.7  70513.0 
70140.7  70514.0 
70140.7  70515.0 
70140.7  70516.0 
70140.7  70517.0 
70140.7  70518.0 
70140.7  70519.0 
70140.7  70520.0 
70140.7  70521.0 
70140.7  70522.0 
70140.7  70523.0 
70140.7  70524.0 
70140.7  70525.0 
70140.7  70526.0 
70140.7  70527.0 
70140.7  70528.0 
70140.7  70529.0 
70140.7  70530.0 
70140.7  70531.0 
70140.7  70532.0 
70140.7  70533.0 
70140.7  70534.0 
70140.7  70535.0 
70140.7  70536.0 
70140.7  70537.0 
70140.7  70538.0 
70140.7  70539.0 
70140.7  70540.0 
70140.7  70541.0 
70140.7  70542.0 
70140.7  70543.0 
70141.0  69203.0 
70142.1  70545.0 
70142.1  68702.0 
70142.1  68715.0 
70142.1  68706.0 
70142.1  68705.0 
70142.1  68711.0 
70142.1  68716.0 
70142.1  68717.0 
70142.1  68767.0 
70142.1  68768.0 
70142.1  68769.0 
70142.1  70546.1 
70142.1  70547.1 
70142.1  68762.0 
70142.1  68774.0 
70142.1  70548.1 
70144.1  70549.1 
70145.1  68713.1 
70149.1  70551.0 
70149.1  69635.0 
70149.1  69638.0 
70149.1  69644.0 
70149.1  69650.0 
70149.1  70552.1 
70150.1  70551.0 
70150.1  69635.0 
70150.1  69638.0 
70150.1  69644.0 
70150.1  69650.0 
70150.1  70554.1 
70151.1  70551.0 
70151.1  69635.0 
70151.1  69638.0 
70151.1  69644.0 
70151.1  69650.0 
70151.1  70556.1 
70152.0  69214.0 
70153.0  69215.0 
70154.0  69216.0 
70156.0  69218.0 
70157.0  69219.0 
70158.0  69220.0 
70159.0  69221.0 
70160.0  69222.0 
70161.0  69223.0 
70162.0  69224.0 
70163.0  69225.0 
70164.0  69226.0 
70165.0  69227.0 
70166.0  69228.0 
70167.0  69229.0 
70168.0  69230.0 
70169.0  69231.0 
70170.0  69232.0 
70171.0  69233.0 
70172.0  69234.0 
70173.0  69235.0 
70174.0  69236.0 
70175.0  69237.0 
70176.0  69238.0 
70177.0  69239.0 
70178.0  69240.0 
70179.0  69241.0 
70180.0  69242.0 
70181.0  69243.0 
70182.0  69244.0 
70183.0  69245.0 
70184.0  69246.0 
70185.0  69247.0 
70186.0  69248.0 
70187.0  69249.0 
70188.0  69250.0 
70189.0  69251.0 
70190.0  69252.0 
70191.0  69253.0 
70192.0  69254.0 
70193.0  69255.0 
70194.0  69256.0 
70195.0  69257.0 
70196.0  69258.0 
70197.0  69259.0 
70198.0  69260.0 
70199.0  69261.0 
70200.0  69262.0 
70201.0  69263.0 
70202.0  69264.0 
70203.0  69265.0 
70204.0  69266.0 
70205.0  69267.0 
70206.0  69268.0 
70207.0  69269.0 
70208.0  69270.0 
70209.0  69271.0 
70210.0  69272.0 
70211.0  69273.0 
70212.0  69274.0 
70213.0  69275.0 
70214.0  69276.0 
70215.0  69277.0 
70216.0  69278.0 
70217.0  69279.0 
70218.0  69280.0 
70219.0  69281.0 
70220.0  69282.0 
70221.0  69283.0 
70222.0  69284.0 
70223.0  69285.0 
70224.0  69286.0 
70225.0  69287.0 
70226.0  69288.0 
70227.0  69289.0 
70228.0  69290.0 
70229.0  69291.0 
70230.0  69292.0 
70231.0  69293.0 
70232.0  69294.0 
70233.0  69295.0 
70234.0  69296.0 
70235.0  69297.0 
70236.0  69298.0 
70237.0  69299.0 
70238.0  69300.0 
70239.0  69301.0 
70240.0  69302.0 
70241.0  69303.0 
70242.0  69304.0 
70243.0  69305.0 
70244.0  69306.0 
70245.0  69307.0 
70246.0  69308.0 
70247.0  69309.0 
70248.0  69310.0 
70249.0  69311.0 
70250.0  69312.0 
70251.0  69313.0 
70252.0  69314.0 
70253.0  69315.0 
70254.0  69316.0 
70255.0  69317.0 
70256.0  69318.0 
70257.0  69319.0 
70258.0  69320.0 
70259.0  69321.0 
70260.0  69322.0 
70261.0  69323.0 
70262.0  69324.0 
70263.0  69325.0 
70264.0  69326.0 
70265.0  69327.0 
70266.0  69328.0 
70267.0  69329.0 
70268.0  69330.0 
70269.0  69331.0 
70270.0  69332.0 
70271.0  69333.0 
70272.0  69334.0 
70273.0  69335.0 
70274.0  69336.0 
70275.0  69337.0 
70276.0  69338.0 
70277.0  69339.0 
70278.0  69340.0 
70279.0  69341.0 
70280.0  69342.0 
70281.0  69343.0 
70282.0  69344.0 
70283.0  69345.0 
70284.0  69346.0 
70285.0  69347.0 
70286.0  69348.0 
70287.0  69349.0 
70288.0  69350.0 
70289.0  69351.0 
70290.0  69352.0 
70291.0  69353.0 
70292.0  69354.0 
70293.0  69355.0 
70294.0  69356.0 
70295.0  69357.0 
70296.0  69358.0 
70297.0  69359.0 
70298.0  69360.0 
70299.0  69361.0 
70300.0  69362.0 
70301.0  69363.0 
70302.0  69364.0 
70303.0  69365.0 
70304.0  69366.0 
70305.0  69367.0 
70306.0  69368.0 
70307.0  69369.0 
70308.0  69370.0 
70309.0  69371.0 
70310.0  69372.0 
70311.0  69373.0 
70312.0  69374.0 
70313.0  69375.0 
70314.0  69376.0 
70315.0  69377.0 
70316.0  69378.0 
70317.0  69379.0 
70318.0  69380.0 
70319.0  69381.0 
70320.0  69382.0 
70321.0  69383.0 
70322.0  69384.0 
70323.0  69385.0 
70324.0  69386.0 
70325.0  69387.0 
70326.0  69388.0 
70327.0  69389.0 
70328.0  69390.0 
70329.0  69391.0 
70330.0  69392.0 
70331.0  69393.0 
70332.0  69394.0 
70333.0  69395.0 
70334.0  69396.0 
70335.0  69397.0 
70336.0  69398.0 
70337.0  69399.0 
70338.0  69400.0 
70339.0  69401.0 
70340.0  69402.0 
70341.0  69403.0 
70342.0  69404.0 
70343.0  69405.0 
70344.0  69406.0 
70345.0  69407.0 
70346.0  69408.0 
70347.0  69409.0 
70348.0  69410.0 
70349.0  69411.0 
70350.0  69412.0 
70351.0  69413.0 
70352.0  69414.0 
70353.0  69415.0 
70354.0  69416.0 
70355.0  69417.0 
70356.0  69418.0 
70357.0  69419.0 
70359.0  69421.0 
70360.0  69422.0 
70361.0  69423.0 
70362.0  69424.0 
70363.0  69425.0 
70364.0  69426.0 
70365.0  69427.0 
70366.0  69428.0 
70367.0  69429.0 
70368.0  69430.0 
70369.0  69431.0 
70370.0  69432.0 
70371.0  69433.0 
70372.0  69434.0 
70373.0  69435.0 
70374.0  69436.0 
70375.0  69437.0 
70376.0  69438.0 
70377.0  69439.0 
70378.0  69440.0 
70379.0  69441.0 
70380.0  69442.0 
70381.0  69443.0 
70382.0  69444.0 
70383.0  69445.0 
70384.0  69446.0 
70385.0  69447.0 
70386.0  69448.0 
70387.0  69449.0 
70388.0  69450.0 
70389.0  69451.0 
70390.0  69452.0 
70391.0  69453.0 
70392.0  69454.0 
70393.0  69455.0 
70394.0  69456.0 
70395.0  69457.0 
70396.0  69458.0 
70397.0  69459.0 
70398.0  69460.0 
70399.0  69461.0 
70400.0  69462.0 
70401.0  69463.0 
70402.0  69464.0 
70403.0  69465.0 
70404.0  69466.0 
70405.0  69467.0 
70406.0  69468.0 
70407.0  69469.0 
70408.0  69470.0 
70409.0  69471.0 
70410.0  69472.0 
70411.0  69473.0 
70412.0  69474.0 
70413.0  69475.0 
70414.0  69476.0 
70415.0  69477.0 
70416.0  69478.0 
70417.0  69479.0 
70418.0  69480.0 
70419.0  69481.0 
70420.0  69482.0 
70421.0  69483.0 
70422.0  69484.0 
70423.0  69485.0 
70424.0  69486.0 
70425.0  69487.0 
70426.0  69488.0 
70427.0  69489.0 
70428.0  69490.0 
70429.0  69491.0 
70430.0  69492.0 
70431.0  69493.0 
70432.0  69494.0 
70433.0  69495.0 
70434.0  69496.0 
70435.0  69497.0 
70436.0  69498.0 
70437.0  69499.0 
70438.0  69500.0 
70439.0  69501.0 
70440.0  69502.0 
70441.0  69503.0 
70442.0  69504.0 
70443.0  69505.0 
70444.0  69506.0 
70445.0  69507.0 
70446.0  69508.0 
70447.0  69509.0 
70448.0  69510.0 
70449.0  69511.0 
70450.0  69512.0 
70451.0  69513.0 
70452.0  69514.0 
70453.0  69515.0 
70454.0  69516.0 
70455.0  69517.0 
70456.0  69518.0 
70457.0  69519.0 
70458.0  69520.0 
70459.0  69521.0 
70460.0  69522.0 
70461.0  69523.0 
70462.0  69524.0 
70463.0  69525.0 
70464.0  69526.0 
70465.0  69527.0 
70466.0  69528.0 
70467.0  69529.0 
70468.0  69530.0 
70469.0  69531.0 
70470.0  69532.0 
70471.0  69533.0 
70472.0  69534.0 
70473.0  69535.0 
70474.0  69536.0 
70475.0  69537.0 
70476.0  69538.0 
70477.0  69539.0 
70478.0  69540.0 
70479.0  69541.0 
70480.0  69542.0 
70481.0  69543.0 
70482.0  69544.0 
70483.0  69545.0 
70484.0  69546.0 
70485.0  69547.0 
70486.0  69548.0 
70487.0  69549.0 
70488.0  69550.0 
70489.0  69551.0 
70490.0  69552.0 
70491.0  69553.0 
70492.0  69554.0 
70493.0  69555.0 
70494.0  69556.0 
70495.0  69557.0 
70496.0  69558.0 
70497.0  69559.0 
70498.0  69560.0 
70499.0  69561.0 
70500.0  69562.0 
70501.0  69563.0 
70502.0  69564.0 
70503.0  69565.0 
70504.0  69566.0 
70505.0  69567.0 
70506.0  69568.0 
70507.0  69569.0 
70508.0  69570.0 
70509.0  69571.0 
70510.0  69572.0 
70511.0  69573.0 
70512.0  69574.0 
70513.0  69575.0 
70514.0  69576.0 
70544.1  69169.0 
70544.1  68702.0 
70544.1  69170.0 
70544.1  69171.0 
70544.1  68705.0 
70544.1  69172.0 
70544.1  68703.0 
70544.1  69173.0 
70544.1  68706.0 
70544.1  68708.0 
70544.1  70557.0 
70544.1  68711.0 
70544.1  69116.3 
70545.0  68668.0 
70546.1  70558.1 
70547.1  70559.1 
70548.1  70560.1 
70549.1  70561.0 
70549.1  68702.0 
70549.1  68705.0 
70549.1  70562.3 
70551.0  69612.0 
70552.1  70563.0 
70554.1  70564.0 
70556.1  70565.0 
70558.1  69612.0 
70558.1  68702.0 
70558.1  68705.0 
70558.1  68711.0 
70558.1  68717.0 
70558.1  70567.1 
70559.1  70568.0 
70559.1  68702.0 
70559.1  68705.0 
70559.1  68711.0 
70559.1  70569.28 
70560.1  70568.0 
70560.1  68702.0 
70560.1  68705.0 
70560.1  68711.0 
70560.1  70570.28 
70561.0  68684.0 
70562.3  69116.3 
70567.1  70571.0 
70568.0  68691.0 
70569.27  68692.27 
70569.28  70572.1 
70569.29  70114.1 
70570.27  68693.27 
70570.28  70572.2 
70570.29  70114.2 
70572.3  69176.3 
69632.0  69633.0 
69633.0  69646.0 
69652.0  69653.0 
69653.0  70085.0 
70085.0  70095.0 
70091.0  69646.0 
70092.0  70114.0 
70093.0  70114.0 
70094.0  70118.0 
70095.0  69646.0 
70102.0  69653.0 
70103.0  69653.0 
70104.0  70129.0 
70114.0  70133.0 
70118.0  69652.0 
70122.0  70085.0 
70123.0  70085.0 
70124.0  70085.0 
70125.0  70085.0 
70126.0  70085.0 
70129.0  69653.0 
70131.0  70142.0 
70132.0  70145.0 
70133.0  69646.0 
70140.0  70118.0 
70142.0  70544.0 
70148.0  70114.0 
70149.0  70550.0 
70150.0  70553.0 
70151.0  70555.0 
70544.0  70145.0 
70549.0  70142.0 
70550.0  70114.0 
70553.0  70114.0 
70555.0  70114.0 
70558.0  70566.0 
70559.0  70142.0 
70560.0  70142.0 
70563.0  70550.0 
70564.0  70553.0 
70565.0  70555.0 
70566.0  70142.0 
70571.0  70566.0 
69651.1  69652.11 
70573.1  69652.11 
70574.1  69652.11 
